prediction_id	model_id	population	source_axis	target_axis	event_id	carrier	target_tail	true_label	page	physical_folio	paragraph_id	locus	line_number	token_index	section	language	hand	targetfree_line_length_bin	variant	topic_score	topic_known	template_score	template_known	form_score	form_known	slot_score	slot_known	union_nuisance_score	union_nuisance_known	union_augmented_score	union_augmented_known	form_base_score	form_base_known	position_score	position_known	mask_score	mask_known	raw_slot_score	raw_slot_known	nuisance_score	augmented_score	nuisance_without_position_score	nuisance_plus_mask_score	augmented_raw_score
M01_L_TO_L:G808-E1498	M01_L_TO_L	CORE13	L	L	G808-E1498	ch	ol	0	f100r	f100r	G808-P0371	f100r.15	15	5	P	A	1	2	EXACT	-0.0310152668818	15	0	0	0.027603477452	72	-0.130762300323	1	0.0174706680309	87	0.0166644392402	88	0.0357294110095	68	-0.110546640678	4	-0.0479558113019	6	-0.165024529269	1	-0.00341178942978	-0.134174089752	0.00471414412775	-0.0513676007317	-0.168436318699
M01_L_TO_L:G808-E1501	M01_L_TO_L	CORE13	L	L	G808-E1501	ch	eol	1	f100r	f100r	G808-P0372	f100r.24	24	9	P	A	1	3	EXACT	0.305979841178	1	0.00572170345283	1	-0.00651540750896	71	0	0	-0.00262844059569	73	-0.00147467045259	73	-0.0068440179929	67	-0.00101740066993	4	0.0989187706644	6	0	0	0.305186137122	0.305186137122	0.304857526638	0.404104907786	0.305186137122
M01_L_TO_L:G808-E1504	M01_L_TO_L	CORE13	L	L	G808-E1504	ch	ol	0	f100r	f100r	G808-P0372	f100r.26	26	3	P	A	1	3	EXACT	0.305979841178	1	0.392747096591	1	0.00511053294906	72	0	0	0.0138543036798	74	0.0150080738229	74	-0.00210424169463	68	0.12775245424	4	0.0751938373501	6	0	0	0.703837470718	0.703837470718	0.696622696075	0.779031308068	0.703837470718
M01_L_TO_L:G808-E1507	M01_L_TO_L	CORE13	L	L	G808-E1507	ch	ol	0	f100v	f100v	G808-P0373	f100v.16	16	2	P	A	1	3	EXACT	-0.0197244935195	24	-0.0587367239611	2	0.0222997765156	72	0	0	0.010743217547	98	0.0117506170221	98	0.0116982707348	68	0.202516643432	4	0.025315172203	6	-0.0956921238782	1	-0.056161440965	-0.056161440965	-0.0667629467459	-0.0308462687621	-0.151853564843
M01_L_TO_L:G808-E1510	M01_L_TO_L	CORE13	L	L	G808-E1510	ch	ol	0	f100v	f100v	G808-P0373	f100v.17	17	5	P	A	1	2	EXACT	-0.0197244935195	24	0	0	0.00316754244514	72	0	0	-0.00197479831398	96	-0.000967398838906	96	0.00827079197041	68	-0.0835964308421	4	-0.0153074984419	6	0	0	-0.0165569510744	-0.0165569510744	-0.0114537015491	-0.0318644495163	-0.0165569510744
M01_L_TO_L:G808-E1517	M01_L_TO_L	CORE13	L	L	G808-E1517	ch	ol	0	f102r1	f102r	G808-P0374	f102r1.5	5	7	P	A	1	2	EXACT	0.156651394208	5	-0.125373911686	1	-0.00469068418924	72	0	0	0.00057476595217	78	0.00174539390025	78	-0.00160551943163	68	-0.0571475180054	4	-0.0154957858499	6	0	0	0.0265867983325	0.0265867983325	0.0296719630901	0.0110910124826	0.0265867983325
M01_L_TO_L:G808-E1527	M01_L_TO_L	CORE13	L	L	G808-E1527	ch	ol	0	f102r1	f102r	G808-P0376	f102r1.15	15	2	P	A	1	3	EXACT	-0.00684907464316	17	-0.0697118587027	1	0.0337384198283	72	0.00527107095184	1	0.0227574630053	90	0.023463477594	91	0.0240665687573	68	0.198150855098	4	0.0356588273344	6	-0.179113441561	2	-0.0428225135175	-0.0375514425657	-0.0524943645885	-0.00716368618312	-0.221935955078
M01_L_TO_L:G808-E1532	M01_L_TO_L	CORE13	L	L	G808-E1532	ch	eol	1	f102v1	f102v	G808-P0377	f102v1.13	13	5	P	A	1	3	EXACT	0.00674203766597	23	-0.00145534279806	2	0.0280568372345	72	-0.0727955180459	1	0.0222595471951	97	0.0219026470242	98	0.0296651922157	68	0.000706290197445	4	0.00827152292087	6	-0.244663866836	2	0.0333435321024	-0.0394519859435	0.0349518870836	0.0416150550233	-0.211320334734
M01_L_TO_L:G808-E1539	M01_L_TO_L	CORE13	L	L	G808-E1539	ch	eol	1	f102v1	f102v	G808-P0378	f102v1.22	22	4	P	A	1	2	EXACT	0.0110315388501	13	0	0	0.015004228292	72	0	0	0.0141502343614	85	0.0149338327701	85	0.0217087376293	68	-0.0989809427992	4	-0.0472271100252	6	0	0	0.0260357671421	0.0260357671421	0.0327402764794	-0.0211913428831	0.0260357671421
M01_L_TO_L:G808-E1543	M01_L_TO_L	CORE13	L	L	G808-E1543	ch	eol	1	f102v1	f102v	G808-P0378	f102v1.24	24	4	P	A	1	2	EXACT	0.0110315388501	13	0	0	0.0212340256878	72	0	0	0.0194272392143	85	0.020210837623	85	0.0267949105341	68	-0.073309529056	4	-0.0595001159861	6	0	0	0.0322655645379	0.0322655645379	0.0378264493842	-0.0272345514482	0.0322655645379
M01_L_TO_L:G808-E1544	M01_L_TO_L	CORE13	L	L	G808-E1544	ch	eol	1	f102v2	f102v	G808-P0379	f102v2.21	21	6	P	A	1	3	EXACT	0.103784744295	21	0.168303641969	4	-0.00794459837842	70	0	0	0.0237356783827	95	0.0245192767914	95	-0.00846907266516	66	0.000706290197445	4	0.120352350578	6	0	0	0.264143787886	0.264143787886	0.263619313599	0.384496138464	0.264143787886
M01_L_TO_L:G808-E1579	M01_L_TO_L	CORE13	L	L	G808-E1579	ch	eol	1	f103r	f103r	G808-P0394	f103r.41	41	1	S	B	3	3	EXACT	0.0406822641908	6	0.100228069448	5	0.00791892853472	72	0	0	0.0154615993366	83	0.0165084883114	83	0.00562243189334	68	0.0469508052716	4	0.0375639274843	6	0	0	0.148829262173	0.148829262173	0.146532765532	0.186393189658	0.148829262173
M01_L_TO_L:G808-E1587	M01_L_TO_L	CORE13	L	L	G808-E1587	ch	ol	0	f103v	f103v	G808-P0400	f103v.7	7	3	S	B	3	3	EXACT	0.179337589307	11	0.0565012329755	2	0.0346998292066	72	0.162679521661	3	0.0548583009934	85	0.0588016757274	88	0.0301663334414	68	0.111759978975	4	-0.0102947076104	6	0.156446389565	3	0.270538651489	0.433218173149	0.266005155724	0.260243943878	0.426985041053
M01_L_TO_L:G808-E1629	M01_L_TO_L	CORE13	L	L	G808-E1629	ch	eol	1	f104r	f104r	G808-P0420	f104r.32	32	5	S	B	3	3	EXACT	0.155897262555	15	-0.0962513266452	1	0.0109013173758	72	0	0	0.0358242474318	88	0.0368386631973	88	0.0130976935275	68	-0.0264473403723	4	0.0243178638362	6	0.0105527157721	1	0.070547253286	0.070547253286	0.0727436294377	0.0948651171221	0.081099969058
M01_L_TO_L:G808-E1632	M01_L_TO_L	CORE13	L	L	G808-E1632	ch	ol	0	f104r	f104r	G808-P0423	f104r.39	39	6	S	B	3	3	EXACT	0.131530466748	16	0.0787975279302	2	0.0260546293858	72	0.0636460379244	1	0.0473221621166	90	0.0482810798546	91	0.0291423768322	68	-0.0264473403723	4	0.0208338145246	6	0.198128593534	1	0.236382624064	0.300028661988	0.23947037151	0.257216438589	0.434511217598
M01_L_TO_L:G808-E1634	M01_L_TO_L	CORE13	L	L	G808-E1634	ch	eol	1	f104r	f104r	G808-P0424	f104r.44	44	6	S	B	3	3	EXACT	0.138300280252	9	0	0	0.0138936706605	72	-0.101288244654	2	0.0294426150395	81	0.0267918487327	83	0.0150435202389	68	-0.00566403534155	4	-0.0436711917861	6	-0.0592391082064	3	0.152193950913	0.0509057062585	0.153343800491	0.108522759127	0.0929548427065
M01_L_TO_L:G808-E1643	M01_L_TO_L	CORE13	L	L	G808-E1643	ch	eol	1	f104v	f104v	G808-P0428	f104v.12	12	10	S	B	3	3	EXACT	0.229526191166	4	0	0	0.0220629445421	72	0	0	0.0336273061398	76	0.0346911004527	76	0.0276264694471	68	-0.0725268180709	4	-0.00235244192369	6	0.0475609521405	1	0.251589135708	0.251589135708	0.257152660613	0.249236693784	0.299150087848
M01_L_TO_L:G808-E1649	M01_L_TO_L	CORE13	L	L	G808-E1649	ch	eol	1	f104v	f104v	G808-P0429	f104v.17	17	12	S	B	3	3	EXACT	0.00432625740118	10	0.0349626482364	2	0.024220723078	72	0	0	0.0225607208877	84	0.0236245152005	84	0.0245546897239	68	0.0185334508692	4	0.104896976453	6	0.0366986934519	1	0.0635096287155	0.0635096287155	0.0638435953615	0.168406605169	0.100208322167
M01_L_TO_L:G808-E1650	M01_L_TO_L	CORE13	L	L	G808-E1650	ch	ol	0	f104v	f104v	G808-P0430	f104v.19	19	2	S	B	3	3	EXACT	-0.0038871389382	11	0.200298225697	2	0.0148216643562	72	0	0	0.017219602142	85	0.0182833964548	85	0.00425706250592	68	0.194410056584	4	0.0524240080092	6	0	0	0.211232751116	0.211232751116	0.200668149265	0.263656759125	0.211232751116
M01_L_TO_L:G808-E1657	M01_L_TO_L	CORE13	L	L	G808-E1657	ch	ol	0	f104v	f104v	G808-P0433	f104v.31	31	4	S	B	3	3	EXACT	0	0	-0.0127172979703	2	0.0423473128721	72	0	0	0.0412853314127	74	0.0423491257255	74	0.0504139656319	68	-0.0947956232735	4	0.115580807636	6	0.181152199203	1	0.0296300149018	0.0296300149018	0.0376966676616	0.145210822538	0.210782214105
M01_L_TO_L:G808-E1658	M01_L_TO_L	CORE13	L	L	G808-E1658	ch	eol	1	f104v	f104v	G808-P0434	f104v.34	34	7	S	B	3	3	EXACT	0.0585691478857	13	0	0	0.0243716702036	72	0	0	0.0302473870354	85	0.0313111813483	85	0.0256213607336	68	0.00311709196559	4	-0.0852399586834	6	0	0	0.0829408180893	0.0829408180893	0.0841905086193	-0.00229914059411	0.0829408180893
M01_L_TO_L:G808-E1685	M01_L_TO_L	CORE13	L	L	G808-E1685	ch	ol	0	f105r	f105r	G808-P0445	f105r.29	29	6	S	B	3	3	EXACT	0.0232459812583	6	0	0	-0.00920726397481	72	0	0	-0.00667011036434	78	-0.00541096391863	78	-0.00947709840909	68	-0.00463079214783	4	0.0812133973801	6	0.174891995381	1	0.0140387172835	0.0140387172835	0.0137688828492	0.0952521146636	0.188930712665
M01_L_TO_L:G808-E1715	M01_L_TO_L	CORE13	L	L	G808-E1715	ch	ol	0	f106r	f106r	G808-P0460	f106r.9	9	2	S	B	3	2	EXACT	0.012495517838	7	-0.0884049339743	1	0.036272487577	72	-0.0658466420667	1	0.0324821160879	80	0.032093853528	81	0.0267267750158	68	0.198540628583	4	-0.0219235336079	6	-0.0671498263352	1	-0.0396369285593	-0.105483570626	-0.0491826411205	-0.0615604621673	-0.106786754895
M01_L_TO_L:G808-E1718	M01_L_TO_L	CORE13	L	L	G808-E1718	ch	eol	1	f106r	f106r	G808-P0461	f106r.11	11	3	S	B	3	3	EXACT	0.314577928284	5	0.247070762479	2	0.0163396859922	72	0.0266298048839	1	0.0407274956484	79	0.0413732815007	80	0.010171509522	68	0.121189713453	4	-0.0789989241771	6	0.166640153682	1	0.577988376755	0.604618181639	0.571820200285	0.498989452578	0.744628530437
M01_L_TO_L:G808-E1735	M01_L_TO_L	CORE13	L	L	G808-E1735	ch	eol	1	f106r	f106r	G808-P0467	f106r.31	31	5	S	B	3	2	EXACT	0.0467651347256	26	0	0	0.0260392895819	72	0	0	0.0319129937479	98	0.0330319255994	98	0.029423947562	68	-0.0315088686132	4	-0.0867944058058	6	0	0	0.0728044243075	0.0728044243075	0.0761890822876	-0.0139899814982	0.0728044243075
M01_L_TO_L:G808-E1747	M01_L_TO_L	CORE13	L	L	G808-E1747	ch	eol	1	f106v	f106v	G808-P0475	f106v.10	10	2	S	B	3	2	EXACT	-0.0709305666782	5	0	0	0.0147862052832	72	0	0	0.00919319575136	77	0.0102959811869	77	0.00401130250745	68	0.197950353314	4	0.00706985762509	6	-0.0267453350239	2	-0.056144361395	-0.056144361395	-0.0669192641708	-0.0490745037699	-0.082889696419
M01_L_TO_L:G808-E1779	M01_L_TO_L	CORE13	L	L	G808-E1779	ch	ol	0	f107r	f107r	G808-P0501	f107r.50	50	4	S	B	3	3	EXACT	0.0877863181742	14	-0.0977692947811	1	-0.0036253514239	72	0.0537197748654	1	0.00929395056514	87	0.0107722677995	88	-0.00426450313681	68	0.00723132301594	4	-0.00865972150985	6	0.0539490800221	1	-0.0136083280307	0.0401114468347	-0.0142474797436	-0.0222680495406	0.0403407519914
M01_L_TO_L:G808-E1780	M01_L_TO_L	CORE13	L	L	G808-E1780	ch	ol	0	f107r	f107r	G808-P0501	f107r.51	51	3	S	B	3	3	EXACT	0.0877863181742	14	0.16304919929	1	0.0123510186196	72	-0.0548496401142	1	0.0255136877743	87	0.0255739464611	88	0.00735396472544	68	0.09729203014	4	-0.0573438211793	6	-0.14732411171	1	0.263186536083	0.208336895969	0.258189482189	0.205842714904	0.115862424374
M01_L_TO_L:G808-E1794	M01_L_TO_L	CORE13	L	L	G808-E1794	ch	ol	0	f107v	f107v	G808-P0505	f107v.12	12	3	S	B	3	3	EXACT	0.212034371164	20	0.0478535078548	3	0.0261230212212	72	0.00854783034773	2	0.0662681476771	95	0.065660613091	97	0.0210894303566	68	0.111685090497	4	-0.0418008817768	6	0.00820036671588	2	0.28601090024	0.294558730588	0.280977309375	0.244210018463	0.294211266956
M01_L_TO_L:G808-E1799	M01_L_TO_L	CORE13	L	L	G808-E1799	ch	eol	1	f107v	f107v	G808-P0506	f107v.17	17	8	S	B	3	3	EXACT	0.0540331681589	7	-0.124743398496	1	0.0180712201096	72	-0.00550111930658	2	0.0198663790527	80	0.0197453956652	82	0.0233109833411	68	-0.0710137302491	4	-0.0839645088616	6	-0.00584858293842	2	-0.0526390102275	-0.0581401295341	-0.0473992469959	-0.136603519089	-0.0584875931659
M01_L_TO_L:G808-E1800	M01_L_TO_L	CORE13	L	L	G808-E1800	ch	ol	0	f107v	f107v	G808-P0506	f107v.18	18	6	S	B	3	3	EXACT	0.0540331681589	7	-0.281782028178	1	0.000690215473053	72	-0.0973456597945	1	0.00226049200886	80	0.00179944859304	81	0.000351664023753	68	0.00643661468894	4	-0.0106223978515	6	0.0905983262684	2	-0.227058644546	-0.324404304341	-0.227397195995	-0.237681042398	-0.136460318278
M01_L_TO_L:G808-E1802	M01_L_TO_L	CORE13	L	L	G808-E1802	ch	ol	0	f107v	f107v	G808-P0507	f107v.21	21	4	S	B	3	3	EXACT	0	0	0.0248432703774	4	-9.05937658249e-06	71	0.0519658195428	1	0.00133478240272	75	0.00275137273568	76	0.00549124700354	67	-0.0921452270021	4	0.00240091818805	6	0.162519051944	1	0.0248342110008	0.0768000305436	0.030334517381	0.0272351291889	0.187353262945
M01_L_TO_L:G808-E1804	M01_L_TO_L	CORE13	L	L	G808-E1804	ch	ol	0	f107v	f107v	G808-P0507	f107v.22	22	5	S	B	3	2	EXACT	0	0	0	0	0.011014682623	71	-0.0254538822247	1	0.0115196774078	71	0.0117401055046	72	0.0129409386874	67	-0.0212561422146	4	0.0227940686674	6	-0.0258013458565	1	0.011014682623	-0.0144391996017	0.0129409386874	0.0338087512904	-0.0147866632335
M01_L_TO_L:G808-E1805	M01_L_TO_L	CORE13	L	L	G808-E1805	ch	ol	0	f107v	f107v	G808-P0508	f107v.24	24	3	S	B	3	2	EXACT	-0.0305719443874	3	0	0	-0.00408726595687	71	0	0	-0.00463617861692	74	-0.0035898172256	74	0.000914883495983	67	-0.0878793050506	4	-0.0839645088616	6	0	0	-0.0346592103442	-0.0346592103442	-0.0296570608914	-0.118623719206	-0.0346592103442
M01_L_TO_L:G808-E1808	M01_L_TO_L	CORE13	L	L	G808-E1808	ch	eol	1	f107v	f107v	G808-P0509	f107v.28	28	3	S	B	3	2	EXACT	0.0951604987663	15	0	0	0.0198438013	72	0	0	0.0334186223361	87	0.0344649837274	87	0.0261799266487	68	-0.0878793050506	4	0.0475846054795	6	-0.031875345953	2	0.115004300066	0.115004300066	0.121340425415	0.162588905546	0.0831289541133
M01_L_TO_L:G808-E1812	M01_L_TO_L	CORE13	L	L	G808-E1812	ch	ol	0	f107v	f107v	G808-P0510	f107v.30	30	6	S	B	3	3	EXACT	0	0	0.193394302334	3	0.028576984797	72	0	0	0.0353097143391	75	0.0363560757304	75	0.0307086774215	68	-0.00767076524099	4	0.0102665817297	6	0	0	0.221971287131	0.221971287131	0.224102979756	0.232237868861	0.221971287131
M01_L_TO_L:G808-E1813	M01_L_TO_L	CORE13	L	L	G808-E1813	ch	ol	0	f107v	f107v	G808-P0511	f107v.33	33	2	S	B	3	3	EXACT	0.102181349611	10	-0.123055052975	3	0.0283521395679	72	0	0	0.0319345652338	85	0.0329809266251	85	0.0189363613354	68	0.188411394098	4	0.0565695055097	6	0	0	0.00747843620393	0.00747843620393	-0.00193734202855	0.0640479417136	0.00747843620393
M01_L_TO_L:G808-E1829	M01_L_TO_L	CORE13	L	L	G808-E1829	ch	eol	1	f108r	f108r	G808-P0518	f108r.6	6	2	S	B	3	3	EXACT	0.0685263662341	5	-0.0349340778854	2	0.0244116715566	72	0.209561679536	2	0.0243448221219	79	0.029454052899	81	0.0140691532494	68	0.200225344173	4	-0.0213317190816	6	0.195610740593	2	0.0580039599053	0.267565639442	0.0476614415982	0.0366722408237	0.253614700498
M01_L_TO_L:G808-E1867	M01_L_TO_L	CORE13	L	L	G808-E1867	ch	ol	0	f108r	f108r	G808-P0528	f108r.40	40	7	S	B	3	3	EXACT	0.109599107979	11	-0.0573205130209	3	0.00975499196304	72	0	0	0.0190632002784	86	0.0201837688783	86	0.0103102611403	68	0.000306277344319	4	-0.0461811593337	6	0.00140182989636	1	0.0620335869207	0.0620335869207	0.062588856098	0.015852427587	0.0634354168171
M01_L_TO_L:G808-E1893	M01_L_TO_L	CORE13	L	L	G808-E1893	ch	eol	1	f108v	f108v	G808-P0534	f108v.13	13	2	S	B	3	3	EXACT	0.148243286088	6	0.0804505522441	1	0.0206758888111	72	0.138083019642	1	0.0360250695185	79	0.0378757248714	80	0.0101797228462	68	0.199101462562	4	0.0703312933484	6	0.0704760251954	1	0.249369727143	0.387452746785	0.238873561178	0.319701020492	0.319845752339
M01_L_TO_L:G808-E1901	M01_L_TO_L	CORE13	L	L	G808-E1901	ch	eol	1	f108v	f108v	G808-P0536	f108v.26	26	3	S	B	3	3	EXACT	0.0458385365932	38	0.068226792916	4	0.0370290504673	72	0	0	0.0426845850359	114	0.04346372117	114	0.0324587797273	68	0.114714405396	4	0.0151803779843	6	0	0	0.151094379977	0.151094379977	0.146524109236	0.166274757961	0.151094379977
M01_L_TO_L:G808-E1903	M01_L_TO_L	CORE13	L	L	G808-E1903	ch	ol	0	f108v	f108v	G808-P0536	f108v.28	28	12	S	B	3	3	EXACT	0.0458385365932	38	-0.0686789100947	2	0.0280040210717	72	0.146728405754	2	0.0340548602693	112	0.0365241215415	114	0.0337844681057	68	-0.0702728261592	4	0.0357706630916	6	0.20690551892	2	0.00516364757022	0.151892053324	0.0109440946043	0.0409343106619	0.212069166491
M01_L_TO_L:G808-E1904	M01_L_TO_L	CORE13	L	L	G808-E1904	ch	eol	1	f108v	f108v	G808-P0536	f108v.29	29	4	S	B	3	2	EXACT	0.0458385365932	38	0.0973587932087	1	0.0266507545387	72	-0.153186166733	1	0.0356352266252	111	0.0345825966345	112	0.0379269612131	68	-0.165054006579	4	-0.00077132700361	6	-0.0664387106466	1	0.169848084341	0.0166619176073	0.181124291015	0.169076757337	0.103409373694
M01_L_TO_L:G808-E1907	M01_L_TO_L	CORE13	L	L	G808-E1907	ch	eol	1	f108v	f108v	G808-P0537	f108v.31	31	2	S	B	3	3	EXACT	0.0727258067287	61	0.120775546877	2	0.0456480123662	72	0.0436787302783	1	0.0594169403242	135	0.0599602336447	136	0.0366207948457	68	0.199101462562	4	0.0349062610576	6	0.0149526971612	1	0.239149365972	0.282828096251	0.230122148452	0.27405562703	0.254102063134
M01_L_TO_L:G808-E1920	M01_L_TO_L	CORE13	L	L	G808-E1920	ch	eol	1	f108v	f108v	G808-P0537	f108v.43	43	7	S	B	3	3	EXACT	0.0727258067287	61	0	0	0.00792500304705	72	-0.10353644203	1	0.0381341950636	133	0.0377341741103	134	0.0153673876747	68	-0.118604783275	4	-0.0776147699353	6	-0.104410677264	1	0.0806508097758	-0.022885632254	0.0880931944034	0.00303603984043	-0.0237598674879
M01_L_TO_L:G808-E1923	M01_L_TO_L	CORE13	L	L	G808-E1923	ch	eol	1	f108v	f108v	G808-P0537	f108v.49	49	6	S	B	3	3	EXACT	0.0727258067287	61	-0.272762008722	1	0.0189102104734	72	0	0	0.0416860931883	134	0.0424652293224	134	0.0208149446442	68	-0.0134795180812	4	-0.0376956236459	6	0	0	-0.18112599152	-0.18112599152	-0.179221257349	-0.218821615166	-0.18112599152
M01_L_TO_L:G808-E1924	M01_L_TO_L	CORE13	L	L	G808-E1924	ch	eol	1	f108v	f108v	G808-P0537	f108v.50	50	3	S	B	3	3	EXACT	0.0727258067287	61	0.283369623014	3	0.0282635958032	72	0	0	0.0542211937082	136	0.0550003298424	136	0.0231777100829	68	0.114714405396	4	-0.0759085588727	6	0	0	0.384359025546	0.384359025546	0.379273139826	0.308450466673	0.384359025546
M01_L_TO_L:G808-E0104	M01_L_TO_L	CORE13	L	L	G808-E0104	ch	ol	0	f10r	f10r	G808-P0034	f10r.3	3	7	H	A	1	3	EXACT	-0.12402897059	17	-0.149747997765	4	-0.0332788925278	72	-0.00901064419738	2	-0.0547314898387	93	-0.0532120665262	95	-0.0352011406948	68	-0.000609910266217	4	-0.00122036039458	6	-0.0297327982961	2	-0.307055860883	-0.31606650508	-0.30897810905	-0.308276221277	-0.336788659179
M01_L_TO_L:G808-E0105	M01_L_TO_L	CORE13	L	L	G808-E0105	ch	ol	0	f10r	f10r	G808-P0034	f10r.5	5	3	H	A	1	2	EXACT	-0.12402897059	17	0	0	-0.0154457377341	72	-0.240456972873	2	-0.0356491693177	89	-0.0396131674329	91	-0.017095011491	68	0.0125826795546	4	-0.0858031078757	6	-0.240381761115	2	-0.139474708324	-0.379931681197	-0.141123982081	-0.2252778162	-0.379856469439
M01_L_TO_L:G808-E0108	M01_L_TO_L	CORE13	L	L	G808-E0108	ch	ol	0	f10v	f10v	G808-P0036	f10v.3	3	6	H	A	1	2	EXACT	-0.138192220149	12	0	0	-0.0101926335743	72	-0.226850742654	1	-0.027508727469	84	-0.0290654448132	85	-0.00902131957651	68	-0.0301144113675	4	0.0821947920934	6	-0.0384692720271	2	-0.148384853723	-0.375235596377	-0.147213539725	-0.0661900616297	-0.18685412575
M01_L_TO_L:G808-E0109	M01_L_TO_L	CORE13	L	L	G808-E0109	ch	ol	0	f10v	f10v	G808-P0037	f10v.5	5	6	H	A	1	3	EXACT	-0.0453924175642	10	-0.109729372666	3	-0.0320877456098	72	-0.270178346406	2	-0.0357252482347	85	-0.0405734912239	87	-0.0290889907881	68	-0.0830760174095	4	-0.0432107447204	6	-0.211255518581	3	-0.18720953584	-0.457387882246	-0.184210781018	-0.23042028056	-0.39846505442
M01_L_TO_L:G808-E1932	M01_L_TO_L	CORE13	L	L	G808-E1932	ch	ol	0	f111r	f111r	G808-P0539	f111r.7	7	6	S	B	3	3	EXACT	0.0899308617677	92	0.103611049116	5	0.0134193867651	69	0	0	0.0590739786398	166	0.0601050346212	166	0.015042548554	65	-0.0129571527122	4	-0.125234070326	6	0	0	0.206961297649	0.206961297649	0.208584459438	0.0817272273226	0.206961297649
M01_L_TO_L:G808-E1939	M01_L_TO_L	CORE13	L	L	G808-E1939	ch	eol	1	f111r	f111r	G808-P0539	f111r.20	20	6	S	B	3	3	EXACT	0.0899308617677	92	0.0862396795306	5	0.0124083447772	68	0	0	0.0584049757792	165	0.0594360317606	165	0.0139938670363	64	-0.0129571527122	4	-0.0362264266691	6	0	0	0.188578886076	0.188578886076	0.190164408335	0.152352459406	0.188578886076
M01_L_TO_L:G808-E1942	M01_L_TO_L	CORE13	L	L	G808-E1942	ch	ol	0	f111r	f111r	G808-P0540	f111r.37	37	2	S	B	3	3	EXACT	0.138664960005	14	0.175236698211	2	0.0118632877236	72	0.0226683694042	1	0.0360839306707	88	0.0367206808502	89	0.000947196703765	68	0.197427617459	4	0.0360682138088	6	0.0599238008988	1	0.325764945939	0.348433315344	0.31484885492	0.361833159748	0.385688746838
M01_L_TO_L:G808-E1947	M01_L_TO_L	CORE13	L	L	G808-E1947	ch	eol	1	f111v	f111v	G808-P0544	f111v.2	2	2	S	B	3	3	EXACT	0.0537108649071	67	-0.353729500407	1	0.020620038584	72	0	0	0.033945459929	140	0.0348100652117	140	0.0101218691898	68	0.199079700683	4	0.0592914426709	6	0	0	-0.279398596916	-0.279398596916	-0.28989676631	-0.220107154245	-0.279398596916
M01_L_TO_L:G808-E1954	M01_L_TO_L	CORE13	L	L	G808-E1954	ch	ol	0	f111v	f111v	G808-P0544	f111v.6	6	7	S	B	3	3	EXACT	0.0537108649071	67	0	0	0.0221965296059	72	-0.036355302294	1	0.0375801647086	139	0.0377863001082	140	0.0231593361781	68	0.00581960027488	4	-0.0268757873721	6	-0.0374108291389	1	0.075907394513	0.039552092219	0.0768702010852	0.0490316071409	0.038496565374
M01_L_TO_L:G808-E1955	M01_L_TO_L	CORE13	L	L	G808-E1955	ch	eol	1	f111v	f111v	G808-P0544	f111v.8	8	3	S	B	3	3	EXACT	0.0537108649071	67	-0.0128271695749	4	0.0225588265246	72	-0.0217282842074	1	0.0362395314163	143	0.0365748441139	144	0.0166417801931	68	0.123139396558	4	-0.00656867992454	6	-0.0227838110524	1	0.0634425218568	0.0417142376494	0.0575254755253	0.0568738419323	0.0406587108044
M01_L_TO_L:G808-E1958	M01_L_TO_L	CORE13	L	L	G808-E1958	ch	eol	1	f111v	f111v	G808-P0544	f111v.13	13	4	S	B	3	3	EXACT	0.0537108649071	67	-0.0579284603125	1	-0.00112321004347	72	0	0	0.0248760823498	140	0.0257406876325	140	0.00401675070342	68	-0.0885117603431	4	0.0249509973945	6	0.28179012907	1	-0.00534080544889	-0.00534080544889	-0.000200844702	0.0196101919456	0.276449323621
M01_L_TO_L:G808-E1963	M01_L_TO_L	CORE13	L	L	G808-E1963	ch	eol	1	f111v	f111v	G808-P0544	f111v.23	23	9	S	B	3	3	EXACT	0.0537108649071	67	-0.135384910872	2	0.0225531725532	72	-0.362982724777	1	0.0352515465535	141	0.0331831617802	142	0.0312734307636	68	-0.125700434628	4	-0.0584407656534	6	-0.0401711587942	2	-0.0591208734118	-0.422103598189	-0.0504006152013	-0.117561639065	-0.099292032206
M01_L_TO_L:G808-E1973	M01_L_TO_L	CORE13	L	L	G808-E1973	ch	ol	0	f112r	f112r	G808-P0552	f112r.2	2	7	S	B	3	3	EXACT	0.137310400796	26	0	0	0.00594455488994	72	-0.00361256094409	2	0.0414077176464	98	0.0411048149538	100	0.0061858507198	68	0.00183330817986	4	-0.0859824862703	6	0.0485828003965	2	0.143254955686	0.139642394742	0.143496251516	0.0572724694156	0.191837756082
M01_L_TO_L:G808-E1974	M01_L_TO_L	CORE13	L	L	G808-E1974	ch	ol	0	f112r	f112r	G808-P0552	f112r.8	8	4	S	B	3	2	EXACT	0.137310400796	26	0	0	-0.000692997619144	72	0	0	0.0365311484561	98	0.0375622044375	98	0.00471570365136	68	-0.0926501368201	4	0.0505483149478	6	0	0	0.136617403177	0.136617403177	0.142026104447	0.187165718125	0.136617403177
M01_L_TO_L:G808-E1980	M01_L_TO_L	CORE13	L	L	G808-E1980	ch	eol	1	f112r	f112r	G808-P0555	f112r.20	20	4	S	B	3	3	EXACT	0.120657398815	16	0.36338603372	3	0.0140469230853	72	-0.0121037466106	3	0.0445618793212	91	0.0430926178225	94	0.0203226785149	68	-0.0926501368201	4	-0.0664254521837	6	0.0575981088014	4	0.49809035562	0.485986609009	0.50436611105	0.431664903436	0.555688464422
M01_L_TO_L:G808-E2012	M01_L_TO_L	CORE13	L	L	G808-E2012	ch	ol	0	f112v	f112v	G808-P0571	f112v.33	33	10	S	B	3	3	EXACT	0.101364269684	12	-0.0933727753974	2	0.013440253966	72	0	0	0.0224171403281	86	0.0235465407772	86	0.0133712130032	68	0.0146047137546	4	0.00767398865816	6	0	0	0.0214317482525	0.0214317482525	0.0213627072898	0.0291057369107	0.0214317482525
M01_L_TO_L:G808-E2015	M01_L_TO_L	CORE13	L	L	G808-E2015	ch	ol	0	f112v	f112v	G808-P0572	f112v.37	37	9	S	B	3	3	EXACT	0.268810550911	5	0.122429734118	1	0.0220251652997	72	0	0	0.038086194683	78	0.0392155951321	78	0.0306484386505	68	-0.124579718242	4	-0.0596058537906	6	0	0	0.413265450329	0.413265450329	0.421888723679	0.353659596538	0.413265450329
M01_L_TO_L:G808-E2018	M01_L_TO_L	CORE13	L	L	G808-E2018	ch	ol	0	f112v	f112v	G808-P0573	f112v.41	41	4	S	B	3	2	EXACT	-0.0681705141668	6	0	0	0.0228782486908	72	0.0722880796296	1	0.0149833837607	78	0.0165292710393	79	0.0274153209304	68	-0.0542612159594	4	0.00604391360377	6	0.0729857424906	1	-0.0452922654759	0.0269958141536	-0.0407551932364	-0.0392483518722	0.0276934770146
M01_L_TO_L:G808-E2020	M01_L_TO_L	CORE13	L	L	G808-E2020	ch	ol	0	f112v	f112v	G808-P0574	f112v.43	43	5	S	B	3	3	EXACT	0.111685236797	6	0	0	0.0125142960978	72	0	0	0.0192517160567	78	0.0203811165058	78	0.0148919801246	68	-0.0279155689368	4	-0.032938597058	6	0	0	0.124199532895	0.124199532895	0.126577216922	0.0912609358371	0.124199532895
M01_L_TO_L:G808-E2036	M01_L_TO_L	CORE13	L	L	G808-E2036	ch	ol	0	f113r	f113r	G808-P0580	f113r.15	15	1	S	B	3	2	EXACT	0	0	0.0122727198652	1	0.0195703128263	72	0.123378536711	1	0.0205394753985	73	0.022638520151	74	0.0178080893618	68	0.0495192062958	4	0.0576861904186	6	0.200432573574	1	0.0318430326915	0.155221569402	0.030080809227	0.0895292231101	0.232275606265
M01_L_TO_L:G808-E2039	M01_L_TO_L	CORE13	L	L	G808-E2039	ch	eol	1	f113r	f113r	G808-P0581	f113r.19	19	5	S	B	3	2	EXACT	0.150909620719	6	0	0	0.0200872699614	72	0	0	0.031194474079	78	0.0321910655302	78	0.0199530874724	68	0.0223594668477	4	0.0754026601469	6	0	0	0.170996890681	0.170996890681	0.170862708192	0.246399550828	0.170996890681
M01_L_TO_L:G808-E2044	M01_L_TO_L	CORE13	L	L	G808-E2044	ch	ol	0	f113r	f113r	G808-P0585	f113r.27	27	2	S	B	3	3	EXACT	-0.0617001533014	6	-0.15485636116	2	0.0284673854582	72	0	0	0.018005484172	80	0.0190020756232	80	0.0189635835746	68	0.190023112053	4	-0.0147149962005	6	-0.210629955593	1	-0.188089129004	-0.188089129004	-0.197592930887	-0.202804125204	-0.398719084596
M01_L_TO_L:G808-E2046	M01_L_TO_L	CORE13	L	L	G808-E2046	ch	ol	0	f113r	f113r	G808-P0585	f113r.28	28	10	S	B	3	3	EXACT	-0.0617001533014	6	0.0708391569631	1	0.0222448895825	72	0	0	0.0174472722387	79	0.0184438636898	79	0.0286345656769	68	-0.0863885094499	4	0.0314002888184	6	0	0	0.0313838932442	0.0313838932442	0.0377735693386	0.0627841820626	0.0313838932442
M01_L_TO_L:G808-E2054	M01_L_TO_L	CORE13	L	L	G808-E2054	ch	eol	1	f113r	f113r	G808-P0590	f113r.42	42	6	S	B	3	3	EXACT	0	0	0	0	0.0326864352938	72	0	0	0.033844908316	72	0.0348414997671	72	0.0345353392174	68	0.00124616316493	4	-0.0808543906996	6	-0.102710138349	1	0.0326864352938	0.0326864352938	0.0345353392174	-0.0481679554058	-0.0700237030554
M01_L_TO_L:G808-E2070	M01_L_TO_L	CORE13	L	L	G808-E2070	ch	eol	1	f113v	f113v	G808-P0598	f113v.21	21	6	S	B	3	3	EXACT	0.328830884052	3	0	0	0.0183035226266	72	0.0116300802847	1	0.0307992819901	75	0.0312682576537	76	0.0213303248774	68	-0.0331608176954	4	-0.0746264157745	6	0.0153560425906	1	0.347134406679	0.358764486963	0.350161208929	0.272507990904	0.362490449269
M01_L_TO_L:G808-E2080	M01_L_TO_L	CORE13	L	L	G808-E2080	ch	eol	1	f113v	f113v	G808-P0600	f113v.31	31	2	S	B	3	3	EXACT	0.0406915536741	22	-0.199188477394	1	0.0153455029141	71	0	0	0.0193669204208	94	0.0203696485451	94	0.00466034510925	67	0.194316012044	4	0.0559690599347	6	0	0	-0.143151420805	-0.143151420805	-0.15383657861	-0.0871823608706	-0.143151420805
M01_L_TO_L:G808-E2083	M01_L_TO_L	CORE13	L	L	G808-E2083	ch	eol	1	f113v	f113v	G808-P0603	f113v.39	39	2	S	B	3	3	EXACT	0.125077253735	14	0.00420616897324	2	0.0126591948676	72	0	0	0.0304094060146	88	0.0314121341389	88	0.00197298785386	68	0.194316012044	4	0.0633722253702	6	-0.0359372517969	1	0.141942617576	0.141942617576	0.131256410562	0.205314842946	0.106005365779
M01_L_TO_L:G808-E2092	M01_L_TO_L	CORE13	L	L	G808-E2092	ch	eol	1	f114r	f114r	G808-P0608	f114r.7	7	1	S	B	3	2	EXACT	0	0	0.00874764479522	1	0.0368341656097	72	0	0	0.036958678886	73	0.0380020459951	73	0.0363393082651	68	0.0452372786156	4	0.054795685701	6	0	0	0.0455818104049	0.0455818104049	0.0450869530604	0.100377496106	0.0455818104049
M01_L_TO_L:G808-E2108	M01_L_TO_L	CORE13	L	L	G808-E2108	ch	ol	0	f114r	f114r	G808-P0617	f114r.38	38	9	S	B	3	3	EXACT	-0.000114531356896	23	-0.0326394191875	2	0.0369445052142	72	0.0473662445614	1	0.0272114440388	97	0.0282374309559	98	0.0383150596787	68	0.0136356174667	4	0.0227289905374	6	0.190284858959	1	0.00419055466985	0.0515567992313	0.00556110913428	0.0269195452072	0.194475413629
M01_L_TO_L:G808-E2128	M01_L_TO_L	CORE13	L	L	G808-E2128	ch	ol	0	f114v	f114v	G808-P0624	f114v.16	16	11	S	B	3	3	EXACT	0.0363005994762	8	-0.114298173537	3	0.0206561788122	72	-0.105715442684	1	0.017281496768	83	0.0165893081549	84	0.0219911292298	68	-0.00204750573219	4	-0.091196143394	6	-0.12107976485	1	-0.0573413952482	-0.163056837932	-0.0560064448306	-0.148537538642	-0.178421160098
M01_L_TO_L:G808-E2140	M01_L_TO_L	CORE13	L	L	G808-E2140	ch	eol	1	f115r	f115r	G808-P0634	f115r.8	8	2	S	B	@	3	EXACT	0	0	0.204379946339	5	0.00143534925721	70	0	0	0.0144827832894	75	0.0155505638208	75	-0.010228465562	66	0.19388389031	4	0.0200874411445	6	0	0	0.205815295596	0.205815295596	0.194151480777	0.225902736741	0.205815295596
M01_L_TO_L:G808-E2145	M01_L_TO_L	CORE13	L	L	G808-E2145	ch	ol	0	f115r	f115r	G808-P0636	f115r.17	17	9	S	B	@	3	EXACT	0.104542723174	21	-0.0191450437594	3	-0.00816280133457	70	-0.056106106519	1	0.0168888042099	94	0.0169514229976	95	-0.00160480625334	66	-0.116374123639	4	-0.0797317702009	6	-0.0567223517157	1	0.0772348780802	0.0211287715612	0.0837928731614	-0.00249689212068	0.0205125263645
M01_L_TO_L:G808-E2146	M01_L_TO_L	CORE13	L	L	G808-E2146	ch	ol	0	f115r	f115r	G808-P0637	f115r.19	19	6	S	B	@	3	EXACT	0	0	0	0	-0.00443991146419	70	0	0	-0.0041802719744	70	-0.00311249144298	70	-0.00463185603458	66	-0.00127722951719	4	-0.0797317702009	6	0	0	-0.00443991146419	-0.00443991146419	-0.00463185603458	-0.0841716816651	-0.00443991146419
M01_L_TO_L:G808-E2156	M01_L_TO_L	CORE13	L	L	G808-E2156	ch	eol	1	f115r	f115r	G808-P0642	f115r.38	38	2	S	B	@	3	EXACT	0.0941180739103	6	-0.123565483012	3	-0.0108559039869	70	0	0	-0.00721788878022	79	-0.0061501082488	79	-0.0232646432452	66	0.19388389031	4	0.00185406290645	6	0	0	-0.0403033130881	-0.0403033130881	-0.0527120523464	-0.0384492501817	-0.0403033130881
M01_L_TO_L:G808-E2174	M01_L_TO_L	CORE13	L	L	G808-E2174	ch	ol	0	f115v	f115v	G808-P0649	f115v.15	15	2	S	B	3	3	EXACT	0.0512309397335	22	0.245993367122	2	0.0173351694007	72	-0.14150679265	1	0.0302875113381	96	0.0293403411916	97	0.00693996005395	68	0.194045044659	4	0.0549023116043	6	-0.142220690093	1	0.314559476256	0.173052683606	0.304164266909	0.36946178786	0.172338786163
M01_L_TO_L:G808-E2203	M01_L_TO_L	CORE13	L	L	G808-E2203	ch	ol	0	f116r	f116r	G808-P0663	f116r.25	25	1	S	B	3	3	EXACT	0.104588883011	60	0.148819159076	4	0.000241667860784	72	0	0	0.051111430515	136	0.0521424864964	136	-0.00245754805971	68	0.0461191209068	4	0.0506453843196	6	0.0685758190161	1	0.253649709948	0.253649709948	0.250950494028	0.304295094268	0.322225528964
M01_L_TO_L:G808-E0113	M01_L_TO_L	CORE13	L	L	G808-E0113	ch	ol	0	f11r	f11r	G808-P0038	f11r.3	3	2	H	A	1	3	EXACT	-0.127438316135	12	-0.166218461941	2	-0.0240936370993	72	-0.14882771103	2	-0.0407264801075	86	-0.042699593559	88	-0.0371278699555	68	0.19746700025	4	0.0536193029548	6	-0.14904377637	2	-0.317750415175	-0.466578126205	-0.330784648031	-0.26413111222	-0.466794191545
M01_L_TO_L:G808-E0121	M01_L_TO_L	CORE13	L	L	G808-E0121	ch	ol	0	f13r	f13r	G808-P0041	f13r.2	2	2	H	A	1	3	EXACT	-0.220454001626	16	-0.141950357082	4	0.00536673341178	72	0	0	-0.0399908348542	92	-0.0389681423601	92	-0.00576913172439	68	0.194667223124	4	0.0387846447517	6	0	0	-0.357037625297	-0.357037625297	-0.368173490433	-0.318252980545	-0.357037625297
M01_L_TO_L:G808-E0124	M01_L_TO_L	CORE13	L	L	G808-E0124	ch	ol	0	f13r	f13r	G808-P0042	f13r.7	7	3	H	A	1	3	EXACT	-0.212139033765	17	0	0	-0.0315704185844	72	-0.0905593131317	2	-0.0653285972129	89	-0.0653350399404	91	-0.0403801429962	68	0.118185678814	4	-0.0551328551099	6	-0.0736764280426	2	-0.24370945235	-0.334268765482	-0.252519176762	-0.29884230746	-0.317385880392
M01_L_TO_L:G808-E0136	M01_L_TO_L	CORE13	L	L	G808-E0136	ch	ol	0	f14v	f14v	G808-P0047	f14v.2	2	9	H	A	1	3	EXACT	-0.146485840199	33	-0.183686854518	1	-0.0460090315302	72	-0.370420063742	1	-0.0780485393753	106	-0.0799357282876	107	-0.0494708493814	68	0.0128323713504	4	0.0015502045752	6	-0.36863027061	1	-0.376181726247	-0.746601789989	-0.379643544098	-0.374631521672	-0.744811996857
M01_L_TO_L:G808-E0137	M01_L_TO_L	CORE13	L	L	G808-E0137	ch	ol	0	f15r	f15r	G808-P0048	f15r.3	3	5	H	A	1	2	EXACT	-0.0868187945884	46	-0.125338440488	2	-0.03470978281	72	-0.0486044784309	2	-0.0558211372898	120	-0.0550046763163	122	-0.0353245489755	68	-0.0242679755998	4	0.0646283746154	6	-0.0830530754606	2	-0.246867017886	-0.295471496317	-0.247481784051	-0.182238643271	-0.329920093347
M01_L_TO_L:G808-E0138	M01_L_TO_L	CORE13	L	L	G808-E0138	ch	ol	0	f15r	f15r	G808-P0048	f15r.14	14	3	H	A	1	2	EXACT	-0.0868187945884	46	0	0	-0.0139607482259	72	-0.365954611499	1	-0.0418264879082	118	-0.0436721414713	119	-0.016307771629	68	0.0259294320247	4	-0.0510261546048	6	-0.112070398339	2	-0.100779542814	-0.466734154313	-0.103126566217	-0.151805697419	-0.212849941153
M01_L_TO_L:G808-E0142	M01_L_TO_L	CORE13	L	L	G808-E0142	ch	ol	0	f15v	f15v	G808-P0049	f15v.11	11	4	H	A	1	2	EXACT	-0.0898639302861	34	0.0268007268491	1	-0.0300160346891	72	-0.19479271177	2	-0.0479746108597	107	-0.0500479822549	109	-0.0203629085263	68	-0.194128457696	4	0.0749679911549	6	-0.13570501981	3	-0.0930792381261	-0.287871949896	-0.0834261119632	-0.0181112469712	-0.228784257936
M01_L_TO_L:G808-E0143	M01_L_TO_L	CORE13	L	L	G808-E0143	ch	ol	0	f15v	f15v	G808-P0049	f15v.12	12	3	H	A	1	2	EXACT	-0.0898639302861	34	0	0	-0.0181969535972	72	-0.0188525146715	3	-0.0405692385156	106	-0.0395472850483	109	-0.0200527178999	68	0.0133417613096	4	-0.0846455490873	6	-0.0339735727311	3	-0.108060883883	-0.126913398555	-0.109916648186	-0.192706432971	-0.142034456614
M01_L_TO_L:G808-E0148	M01_L_TO_L	CORE13	L	L	G808-E0148	ch	ol	0	f16v	f16v	G808-P0053	f16v.5	5	4	H	A	1	2	EXACT	-0.111241538822	14	0	0	-0.0630463082965	72	-0.132415521689	1	-0.0703500707334	86	-0.0702815791895	87	-0.0552829811151	68	-0.195032087982	4	-0.0804523187626	6	-0.165955466992	1	-0.174287847119	-0.306703368808	-0.166524519937	-0.254740165881	-0.34024331411
M01_L_TO_L:G808-E0149	M01_L_TO_L	CORE13	L	L	G808-E0149	ch	ol	0	f16v	f16v	G808-P0053	f16v.6	6	6	H	A	1	2	EXACT	-0.111241538822	14	-0.0267269997712	1	-0.0328326891932	72	0	0	-0.0449429214148	87	-0.0439118654334	87	-0.0331137160703	68	-0.0280644498847	4	0.00854178329885	6	0	0	-0.170801227787	-0.170801227787	-0.171082254664	-0.162259444488	-0.170801227787
M01_L_TO_L:G808-E0150	M01_L_TO_L	CORE13	L	L	G808-E0150	ch	ol	0	f16v	f16v	G808-P0054	f16v.8	8	2	H	A	1	3	EXACT	-0.261989034194	16	0	0	-0.0424913092802	72	-0.106169937026	2	-0.0818452019812	88	-0.0818364213366	90	-0.0566047295355	68	0.197427617459	4	0.0555455544313	6	-0.173680433321	2	-0.304480343474	-0.4106502805	-0.318593763729	-0.248934789042	-0.478160776795
M01_L_TO_L:G808-E0151	M01_L_TO_L	CORE13	L	L	G808-E0151	ch	ol	0	f16v	f16v	G808-P0054	f16v.9	9	4	H	A	1	3	EXACT	-0.261989034194	16	0	0	-0.0316946237857	72	0.130725729142	1	-0.073011550213	88	-0.069934880476	89	-0.0281095475838	68	-0.0926501368201	4	-0.0804523187626	6	0.192473129541	2	-0.293683657979	-0.162957928837	-0.290098581777	-0.374135976742	-0.101210528438
M01_L_TO_L:G808-E0153	M01_L_TO_L	CORE13	L	L	G808-E0153	ch	ol	0	f17r	f17r	G808-P0055	f17r.3	3	1	H	A	1	2	EXACT	-0.2203931995	9	0	0	-0.0286971852806	72	0.0745891646483	2	-0.0493279617823	81	-0.0458345860178	83	-0.0331440610284	68	0.0468903453514	4	0.0301832394095	6	0.0578558461232	2	-0.24909038478	-0.174501220132	-0.253537260528	-0.218907145371	-0.191234538657
M01_L_TO_L:G808-E0157	M01_L_TO_L	CORE13	L	L	G808-E0157	ch	ol	0	f17r	f17r	G808-P0057	f17r.11	11	4	H	A	1	2	EXACT	-0.191363409719	9	0	0	-0.0398497332627	72	0	0	-0.0560158055686	81	-0.0549821151107	81	-0.0357995796321	68	-0.108711702064	4	-0.0868329739228	6	-0.170684762717	1	-0.231213142982	-0.231213142982	-0.227162989352	-0.318046116905	-0.401897905699
M01_L_TO_L:G808-E0162	M01_L_TO_L	CORE13	L	L	G808-E0162	ch	ol	0	f17v	f17v	G808-P0058	f17v.5	5	2	H	A	1	2	EXACT	-0.0431776678764	55	-0.0640428570841	1	-0.0170225042089	72	0	0	-0.0278968898606	128	-0.0270519060478	128	-0.0301465184407	68	0.2060754913	4	-0.046187348518	6	0	0	-0.124243029169	-0.124243029169	-0.137367043401	-0.170430377687	-0.124243029169
M01_L_TO_L:G808-E0169	M01_L_TO_L	CORE13	L	L	G808-E0169	ch	ol	0	f17v	f17v	G808-P0058	f17v.11	11	4	H	A	1	1	EXACT	-0.0431776678764	55	0	0	-0.0297556716275	72	0	0	-0.0347697856528	127	-0.0339248018401	127	-0.0258173404316	68	-0.0967175483896	4	-0.141347474463	6	0	0	-0.072933339504	-0.072933339504	-0.0689950083081	-0.214280813967	-0.072933339504
M01_L_TO_L:G808-E0175	M01_L_TO_L	CORE13	L	L	G808-E0175	ch	ol	0	f17v	f17v	G808-P0058	f17v.16	16	2	H	A	1	1	EXACT	-0.0431776678764	55	0	0	-0.0241230499655	72	0	0	-0.0315764883326	127	-0.0307315045199	127	-0.0329827308196	68	0.126481278123	4	0.0393851102232	6	0	0	-0.0673007178419	-0.0673007178419	-0.0761603986961	-0.0279156076187	-0.0673007178419
M01_L_TO_L:G808-E0178	M01_L_TO_L	CORE13	L	L	G808-E0178	ch	ol	0	f17v	f17v	G808-P0058	f17v.18	18	4	H	A	1	3	EXACT	-0.0431776678764	55	-0.0197161511431	1	-0.0294753886884	72	-0.00440505927813	2	-0.0345553349901	128	-0.0335229254582	130	-0.027425201024	68	-0.0643388254147	4	-0.00360608467879	6	-0.0439481314432	2	-0.0923692077079	-0.0967742669861	-0.0903190200436	-0.0959752923867	-0.136317339151
M01_L_TO_L:G808-E0179	M01_L_TO_L	CORE13	L	L	G808-E0179	ch	ol	0	f17v	f17v	G808-P0058	f17v.20	20	4	H	A	1	2	EXACT	-0.0431776678764	55	0	0	-0.0363187834182	72	-0.100543133502	2	-0.0384906049357	127	-0.0388862433328	129	-0.0292022166925	68	-0.157310664187	4	-0.0691826515905	6	-0.100393481668	2	-0.0794964512947	-0.180039584797	-0.0723798845689	-0.148679102885	-0.179889932963
M01_L_TO_L:G808-E0180	M01_L_TO_L	CORE13	L	L	G808-E0180	ch	ol	0	f18r	f18r	G808-P0059	f18r.2	2	7	H	A	1	3	EXACT	-0.0584008604747	15	0	0	-0.0156814097055	72	-0.106209000223	1	-0.0225329939525	87	-0.0227986193592	88	-0.0162644709889	68	-0.00577858548993	4	0.0138995962474	6	0.0743431329512	2	-0.0740822701802	-0.180291270403	-0.0746653314637	-0.0601826739328	0.000260862770957
M01_L_TO_L:G808-E0184	M01_L_TO_L	CORE13	L	L	G808-E0184	ch	ol	0	f18r	f18r	G808-P0060	f18r.9	9	1	H	A	1	2	EXACT	-0.114132395912	30	0	0	-0.04177503321	72	0	0	-0.0624785198126	102	-0.0615753694634	102	-0.0417868277549	68	-0.0415837435493	4	-0.0370417407818	6	0	0	-0.155907429122	-0.155907429122	-0.155919223667	-0.192949169904	-0.155907429122
M01_L_TO_L:G808-E0189	M01_L_TO_L	CORE13	L	L	G808-E0189	ch	ol	0	f19r	f19r	G808-P0062	f19r.2	2	5	H	A	1	3	EXACT	-0.18087727903	28	-0.0503439129688	2	-0.0381253821836	72	0	0	-0.077111305173	102	-0.0760802491916	102	-0.0396064084821	68	-0.0129571527122	4	-0.00107962800562	6	-0.0409537130364	1	-0.269346574182	-0.269346574182	-0.270827600481	-0.270426202188	-0.310300287219
M01_L_TO_L:G808-E0190	M01_L_TO_L	CORE13	L	L	G808-E0190	ch	ol	0	f19r	f19r	G808-P0062	f19r.3	3	4	H	A	1	2	EXACT	-0.18087727903	28	0	0	-0.0484569771903	72	-0.0541683693787	1	-0.0849137683082	100	-0.083792932685	101	-0.0398354540615	68	-0.195032087982	4	-0.0804523187626	6	-0.106186915982	1	-0.22933425622	-0.283502625599	-0.220712733091	-0.309786574983	-0.335521172202
M01_L_TO_L:G808-E0191	M01_L_TO_L	CORE13	L	L	G808-E0191	ch	ol	0	f19r	f19r	G808-P0062	f19r.10	10	3	H	A	1	2	EXACT	-0.18087727903	28	0	0	-0.0297260563428	72	-0.093008756145	2	-0.0714275052981	100	-0.0712446631589	102	-0.0262632258735	68	-0.0886033919227	4	-0.0804523187626	6	-0.102932500164	2	-0.210603335373	-0.303612091518	-0.207140504903	-0.291055654135	-0.313535835536
M01_L_TO_L:G808-E0197	M01_L_TO_L	CORE13	L	L	G808-E0197	ch	ol	0	f19v	f19v	G808-P0064	f19v.9	9	5	H	A	1	2	EXACT	-0.147960630292	20	0	0	-0.0396623415431	72	0.508259978591	1	-0.0615919760575	92	-0.0546609300798	93	-0.0354680078243	68	-0.110975701697	4	-0.0314757269348	6	0.21277969945	2	-0.187622971835	0.320637006756	-0.183428638116	-0.21909869877	0.0251567276149
M01_L_TO_L:G808-E0201	M01_L_TO_L	CORE13	L	L	G808-E0201	ch	ol	0	f20r	f20r	G808-P0066	f20r.7	7	5	H	A	1	2	EXACT	-0.0703065363974	8	0	0	-0.0363550519993	72	-0.0922931314136	1	-0.0390361747247	80	-0.0389535204831	81	-0.0336513121178	68	-0.0823280239782	4	0.00306379519269	6	-0.111490060023	1	-0.106661588397	-0.19895471981	-0.103957848515	-0.103597793204	-0.21815164842
M01_L_TO_L:G808-E0209	M01_L_TO_L	CORE13	L	L	G808-E0209	ch	ol	0	f20v	f20v	G808-P0069	f20v.9	9	5	H	A	1	2	EXACT	-0.064103485033	27	0	0	-0.0444209311406	72	-0.0382089039179	1	-0.0490917110911	99	-0.048163871115	100	-0.0424816507511	68	-0.0773979949768	4	-0.0813503714378	6	-0.0391712324105	1	-0.108524416174	-0.146733320092	-0.106585135784	-0.189874787611	-0.147695648584
M01_L_TO_L:G808-E0210	M01_L_TO_L	CORE13	L	L	G808-E0210	ch	ol	0	f20v	f20v	G808-P0069	f20v.10	10	3	H	A	1	2	EXACT	-0.064103485033	27	-0.190355733811	1	-0.0392003217294	72	-0.169304043765	2	-0.0468281232289	100	-0.0486237467056	102	-0.0430175786914	68	0.0256837494078	4	-0.0802665142046	6	-0.177343012927	2	-0.293659540574	-0.462963584339	-0.297476797536	-0.373926054778	-0.4710025535
M01_L_TO_L:G808-E0213	M01_L_TO_L	CORE13	L	L	G808-E0213	ch	ol	0	f21r	f21r	G808-P0071	f21r.5	5	6	H	A	1	2	EXACT	-0.193376200669	6	0.073601325655	1	-0.0276188676754	72	0	0	-0.0389592993531	79	-0.0375879846985	79	-0.0216558080898	68	-0.129001026741	4	-0.11300507363	6	0	0	-0.147393742689	-0.147393742689	-0.141430683103	-0.260398816319	-0.147393742689
M01_L_TO_L:G808-E0215	M01_L_TO_L	CORE13	L	L	G808-E0215	ch	ol	0	f21r	f21r	G808-P0072	f21r.11	11	2	H	A	1	2	EXACT	-0.0642265387022	19	-0.0936571444504	1	-0.0280900491582	72	0	0	-0.0360965908748	92	-0.0347252762203	92	-0.0432069191848	68	0.228886595185	4	-0.0519643375314	6	0	0	-0.185973732311	-0.185973732311	-0.201090602337	-0.237938069842	-0.185973732311
M01_L_TO_L:G808-E0218	M01_L_TO_L	CORE13	L	L	G808-E0218	ch	ol	0	f21r	f21r	G808-P0072	f21r.12	12	6	H	A	1	2	EXACT	-0.0642265387022	19	-0.114806452447	2	-0.0300785529216	72	-0.247417496287	2	-0.0387881489311	93	-0.0424197092611	95	-0.0242601807034	68	-0.129001026741	4	0.0349154613271	6	-0.263971686259	2	-0.209111544071	-0.456529040358	-0.203293171853	-0.174196082744	-0.47308323033
M01_L_TO_L:G808-E0220	M01_L_TO_L	CORE13	L	L	G808-E0220	ch	ol	0	f21v	f21v	G808-P0073	f21v.4	4	4	H	A	1	3	EXACT	-0.162051569326	23	0	0	-0.0256979012875	72	-0.308008963571	2	-0.0580742518423	95	-0.0626665880185	97	-0.0214526415864	68	-0.0978776093864	4	-0.0745700158597	6	-0.344200831471	2	-0.187749470613	-0.495758434184	-0.183504210912	-0.262319486473	-0.531950302084
M01_L_TO_L:G808-E0221	M01_L_TO_L	CORE13	L	L	G808-E0221	ch	ol	0	f21v	f21v	G808-P0073	f21v.6	6	4	H	A	1	2	EXACT	-0.162051569326	23	0	0	-0.043914801376	72	-0.339724145781	1	-0.071880744541	95	-0.0738976047901	96	-0.0346764558411	68	-0.20097696865	4	-0.0745700158597	6	-0.407989886422	1	-0.205966370702	-0.545690516482	-0.196728025167	-0.280536386561	-0.613956257124
M01_L_TO_L:G808-E0234	M01_L_TO_L	CORE13	L	L	G808-E0234	ch	ol	0	f22v	f22v	G808-P0079	f22v.9	9	3	H	A	1	2	EXACT	-0.180609273282	19	-0.0175007906261	1	-0.0195782288869	72	-0.0943841614538	2	-0.0522996910737	92	-0.0526892509709	94	-0.0176818200573	68	-0.0518265360716	4	0.0135541648346	6	-0.0937439614307	2	-0.217688292795	-0.312072454248	-0.215791883965	-0.20413412796	-0.311432254225
M01_L_TO_L:G808-E0247	M01_L_TO_L	CORE13	L	L	G808-E0247	ch	ol	0	f23v	f23v	G808-P0084	f23v.10	10	4	H	A	1	2	EXACT	-0.045718927238	26	0	0	-0.0357962111877	71	0	0	-0.0378863315899	97	-0.0368931265428	97	-0.0279497598926	67	-0.167228832351	4	-0.0237772417691	6	-0.165550115026	1	-0.0815151384257	-0.0815151384257	-0.0736686871305	-0.105292380195	-0.247065253451
M01_L_TO_L:G808-E0249	M01_L_TO_L	CORE13	L	L	G808-E0249	ch	eol	1	f24r	f24r	G808-P0085	f24r.1	1	7	H	A	1	3	EXACT	-0.053547374374	46	-0.0632619358887	3	-0.0320526993783	71	-0.369193439465	1	-0.0406143179715	120	-0.0425156055543	121	-0.0274520892229	67	-0.109121985371	4	-0.0412737420508	6	-0.191763195559	2	-0.148862009641	-0.518055449106	-0.144261399486	-0.190135751692	-0.3406252052
M01_L_TO_L:G808-E0254	M01_L_TO_L	CORE13	L	L	G808-E0254	ch	ol	0	f24r	f24r	G808-P0085	f24r.19	19	3	H	A	1	2	EXACT	-0.053547374374	46	0	0	-0.0104100083618	71	0	0	-0.0266487279852	117	-0.0256615833698	117	-0.0066983694354	67	-0.0725890262688	4	-0.0762711519701	6	0	0	-0.0639573827358	-0.0639573827358	-0.0602457438094	-0.140228534706	-0.0639573827358
M01_L_TO_L:G808-E0260	M01_L_TO_L	CORE13	L	L	G808-E0260	ch	ol	0	f24v	f24v	G808-P0087	f24v.9	9	2	H	A	1	2	EXACT	-0.0807938387935	16	0	0	-0.0313312435785	72	0.126945480835	1	-0.0398771101268	88	-0.0372301078045	89	-0.0404231367746	68	0.123223691701	4	-0.0239093625537	6	0.144421581893	2	-0.112125082372	0.0148203984634	-0.121216975568	-0.136034444926	0.0322964995212
M01_L_TO_L:G808-E0263	M01_L_TO_L	CORE13	L	L	G808-E0263	ch	ol	0	f25v	f25v	G808-P0089	f25v.3	3	3	H	A	1	3	EXACT	-0.133358120185	25	-0.352778423732	1	-0.0208112150226	72	-0.358580492917	1	-0.0523973735142	98	-0.0546901891547	99	-0.0291285339316	68	0.120573958778	4	0.0298733225575	6	-0.357682980707	1	-0.50694775894	-0.865528251857	-0.515265077849	-0.477074436382	-0.864630739647
M01_L_TO_L:G808-E0287	M01_L_TO_L	CORE13	L	L	G808-E0287	ch	ol	0	f27r	f27r	G808-P0094	f27r.9	9	4	H	A	1	2	EXACT	-0.201082030855	14	0	0	-0.057497892162	72	-0.126944974084	1	-0.0808663275826	86	-0.0805975051154	87	-0.0513503992379	68	-0.162010533023	4	-0.0234262399199	6	-0.0921924430567	2	-0.258579923017	-0.385524897101	-0.252432430093	-0.282006162937	-0.350772366074
M01_L_TO_L:G808-E0288	M01_L_TO_L	CORE13	L	L	G808-E0288	ch	ol	0	f27r	f27r	G808-P0094	f27r.11	11	1	H	A	1	2	EXACT	-0.201082030855	14	0	0	-0.0431428320336	72	0	0	-0.0688481377077	86	-0.0677952959408	86	-0.0493029928236	68	0.0615746402442	4	0.0360064650188	6	-0.170993017425	1	-0.244224862889	-0.244224862889	-0.250385023679	-0.20821839787	-0.415217880314
M01_L_TO_L:G808-E0297	M01_L_TO_L	CORE13	L	L	G808-E0297	ch	ol	0	f28v	f28v	G808-P0096	f28v.3	3	2	H	A	1	2	EXACT	-0.129231712453	9	0	0	-0.000600887245718	72	-0.0151220811541	2	-0.0137470189158	81	-0.0132743803532	83	0.000949235477081	68	-0.0269681853468	4	-0.0233242659128	6	-0.0546623116558	2	-0.129832599698	-0.144954680853	-0.128282476976	-0.153156865611	-0.184494911354
M01_L_TO_L:G808-E0301	M01_L_TO_L	CORE13	L	L	G808-E0301	ch	ol	0	f28v	f28v	G808-P0097	f28v.5	5	2	H	A	1	2	EXACT	-0.127415944287	8	0	0	-0.0230761432717	72	-0.367597477418	1	-0.0323445852073	80	-0.035722676081	81	-0.0363842732355	68	0.203146854299	4	-0.0525419491647	6	-0.366771816546	1	-0.150492087559	-0.518089564977	-0.163800217523	-0.203034036724	-0.517263904105
M01_L_TO_L:G808-E0303	M01_L_TO_L	CORE13	L	L	G808-E0303	ch	ol	0	f28v	f28v	G808-P0098	f28v.7	7	3	H	A	1	3	EXACT	-0.0678222108903	13	-0.0964305364474	1	-0.0186511934225	71	-0.352004946438	1	-0.0260992265261	85	-0.0291124142212	86	-0.0269344460385	67	0.120082994178	4	0.026553572455	6	-0.424170353129	1	-0.18290394076	-0.534908887198	-0.191187193376	-0.156350368305	-0.607074293889
M01_L_TO_L:G808-E0306	M01_L_TO_L	CORE13	L	L	G808-E0306	ch	ol	0	f29r	f29r	G808-P0100	f29r.7	7	2	H	A	1	2	EXACT	-0.129785160992	19	-0.0474741692292	1	-0.0102219019795	72	-0.0636420195488	2	-0.0350323398705	92	-0.0350827672021	94	-0.0219156223648	68	0.188566144055	4	0.0682310545196	6	-0.0639503057421	2	-0.187481232201	-0.251123251749	-0.199174952586	-0.119250177681	-0.251431537943
M01_L_TO_L:G808-E0307	M01_L_TO_L	CORE13	L	L	G808-E0307	ch	ol	0	f29v	f29v	G808-P0102	f29v.6	6	2	H	A	1	3	EXACT	-0.1436727139	22	0.108892201297	1	-0.0430271527425	72	0.0937586964685	1	-0.0643582991009	95	-0.0618925685569	96	-0.0572177488175	68	0.198203743955	4	-0.0238757247717	6	0.00865255988613	2	-0.077807665345	0.0159510311235	-0.0919982614201	-0.101683390117	-0.0691551054589
M01_L_TO_L:G808-E0001	M01_L_TO_L	CORE13	L	L	G808-E0001	ch	ol	0	f2r	f2r	G808-P0001	f2r.5	5	4	H	A	1	2	EXACT	-0.201402648195	21	0	0	-0.0305006339826	72	0.0495564442427	1	-0.068433978299	93	-0.0663419209327	94	-0.0220651153424	68	-0.173914060989	4	-0.0819325717388	6	0.0474662800123	1	-0.231903282178	-0.182346837935	-0.223467763538	-0.313835853917	-0.184437002166
M01_L_TO_L:G808-E0003	M01_L_TO_L	CORE13	L	L	G808-E0003	ch	ol	0	f2r	f2r	G808-P0001	f2r.7	7	4	H	A	1	2	EXACT	-0.201402648195	21	-0.0364629785527	1	-0.0136162705618	72	0	0	-0.0552660346895	94	-0.0541823772019	94	-0.00756282907087	68	-0.11653438603	4	-0.0905216547635	6	0	0	-0.25148189731	-0.25148189731	-0.245428455819	-0.342003552073	-0.25148189731
M01_L_TO_L:G808-E0010	M01_L_TO_L	CORE13	L	L	G808-E0010	ch	ol	0	f2v	f2v	G808-P0003	f2v.3	3	4	H	A	1	3	EXACT	-0.0713034355094	15	-0.362390470756	1	-0.0478622039472	72	0.424968783643	1	-0.0554337312626	88	-0.0492064812969	89	-0.0451049159486	68	-0.0947449194094	4	-0.0808062418597	6	0.407452855399	1	-0.481556110213	-0.0565873265697	-0.478798822214	-0.562362352073	-0.0741032548137
M01_L_TO_L:G808-E0011	M01_L_TO_L	CORE13	L	L	G808-E0011	ch	ol	0	f2v	f2v	G808-P0004	f2v.5	5	8	H	A	1	3	EXACT	-0.0961410032796	5	-0.00912085966919	2	-0.0258992499617	72	-0.359454403949	1	-0.0303144390652	79	-0.0336282558435	80	-0.0274286114571	68	9.10759733554e-05	4	0.0776403299641	6	-0.157982737244	2	-0.13116111291	-0.49061551686	-0.132690474406	-0.0535207829464	-0.289143850154
M01_L_TO_L:G808-E0311	M01_L_TO_L	CORE13	L	L	G808-E0311	ch	ol	0	f30r	f30r	G808-P0105	f30r.9	9	3	H	A	1	2	EXACT	-0.0539990968249	20	-0.190047065469	1	-0.0360319062628	72	0	0	-0.0410716570041	93	-0.0400406010227	93	-0.0397245052909	68	0.0267330596138	4	-0.0804523187626	6	0	0	-0.280078068556	-0.280078068556	-0.283770667584	-0.360530387319	-0.280078068556
M01_L_TO_L:G808-E0325	M01_L_TO_L	CORE13	L	L	G808-E0325	ch	ol	0	f32r	f32r	G808-P0110	f32r.3	3	4	H	A	1	2	EXACT	-0.116000326028	15	-0.021273527841	1	-0.0433868474608	72	0.505876079693	1	-0.0548913270181	88	-0.0478255942548	89	-0.0358669367721	68	-0.171234712085	4	-0.092277234595	6	0.489025886081	1	-0.18066070133	0.325215378363	-0.173140790641	-0.272937935925	0.308365184751
M01_L_TO_L:G808-E0334	M01_L_TO_L	CORE13	L	L	G808-E0334	ch	ol	0	f32v	f32v	G808-P0113	f32v.10	10	4	H	A	1	3	EXACT	-0.16979320939	20	0.273652763236	3	-0.0322688148187	72	-0.247323250527	2	-0.0514542588256	95	-0.0548808638437	97	-0.0287671722601	68	-0.0918059559186	4	-0.0423632483496	6	-0.263706801355	2	0.0715907390266	-0.175732511501	0.0750923815852	0.0292274906769	-0.192116062328
M01_L_TO_L:G808-E0338	M01_L_TO_L	CORE13	L	L	G808-E0338	ch	eol	1	f33v	f33v	G808-P0116	f33v.7	7	7	H	B	2	3	EXACT	0.0265666678506	26	0	0	-0.0213122562806	72	-0.0922415056166	1	-0.00803176706256	98	-0.00808107952833	99	-0.0178311055822	68	-0.0805010658059	4	-0.0234021326864	6	-0.111523396563	1	0.00525441156997	-0.0869870940466	0.00873556226838	-0.0181477211165	-0.106268984993
M01_L_TO_L:G808-E0353	M01_L_TO_L	CORE13	L	L	G808-E0353	ch	ol	0	f35r	f35r	G808-P0122	f35r.11	11	2	H	A	1	3	EXACT	-0.0554785137337	20	0.766355515935	1	-0.000264628986194	72	0	0	-0.0034602535389	93	-0.00240222701691	93	-0.0118898835835	68	0.197355451516	4	0.0202772665875	6	0	0	0.710612373215	0.710612373215	0.698987118618	0.730889639802	0.710612373215
M01_L_TO_L:G808-E0355	M01_L_TO_L	CORE13	L	L	G808-E0355	ch	ol	0	f35r	f35r	G808-P0122	f35r.14	14	2	H	A	1	2	EXACT	-0.0554785137337	20	-0.226446332542	2	-0.00757393155098	72	0	0	-0.02207638305	94	-0.021018356528	94	-0.0196291451227	68	0.197355451516	4	-0.0573428576168	6	0	0	-0.289498777826	-0.289498777826	-0.301553991398	-0.346841635443	-0.289498777826
M01_L_TO_L:G808-E0361	M01_L_TO_L	CORE13	L	L	G808-E0361	ch	eol	1	f35v	f35v	G808-P0123	f35v.15	15	2	H	A	1	1	EXACT	-0.139115520051	43	0	0	-0.0417678317915	72	0	0	-0.0775730910989	115	-0.0765472807601	115	-0.0433936814165	68	-0.0141379494031	4	-0.0531204138892	6	0	0	-0.180883351843	-0.180883351843	-0.182509201468	-0.234003765732	-0.180883351843
M01_L_TO_L:G808-E0362	M01_L_TO_L	CORE13	L	L	G808-E0362	ch	ol	0	f35v	f35v	G808-P0123	f35v.19	19	4	H	A	1	2	EXACT	-0.139115520051	43	0	0	-0.0424948332644	72	-0.323400420096	1	-0.0780282572385	115	-0.0793042828374	116	-0.0390212420848	68	-0.101555444554	4	0.047362458814	6	-0.183052081396	2	-0.181610353316	-0.505010773412	-0.178136762136	-0.134247894502	-0.364662434712
M01_L_TO_L:G808-E0363	M01_L_TO_L	CORE13	L	L	G808-E0363	ch	ol	0	f36r	f36r	G808-P0124	f36r.2	2	7	H	A	1	3	EXACT	-0.170152985962	11	0	0	-0.0285508131212	72	0	0	-0.0464924204296	83	-0.0454671071838	83	-0.0231832729639	68	-0.119808408617	4	0.0149618196474	6	-0.194967045183	1	-0.198703799083	-0.198703799083	-0.193336258926	-0.183741979436	-0.393670844267
M01_L_TO_L:G808-E0364	M01_L_TO_L	CORE13	L	L	G808-E0364	ch	ol	0	f36r	f36r	G808-P0125	f36r.5	5	3	H	A	1	3	EXACT	-0.196680469494	18	-0.354974909907	1	-0.0161486275515	72	0.00973172494897	2	-0.0548755317246	91	-0.0529242096468	93	-0.0243202103593	68	0.12275886736	4	-0.0107844628819	6	0.0380802979905	2	-0.567804006953	-0.558072282004	-0.57597558976	-0.578588469834	-0.529723708962
M01_L_TO_L:G808-E0369	M01_L_TO_L	CORE13	L	L	G808-E0369	ch	ol	0	f36v	f36v	G808-P0126	f36v.2	2	2	H	A	1	3	EXACT	-0.0309717360224	14	0	0	-0.00510890652097	72	-0.228736129454	2	-0.00879993223936	86	-0.0132737045161	88	-0.016551846855	68	0.189411861555	4	0.0578008117738	6	-0.227072357283	2	-0.0360806425434	-0.264816771998	-0.0475235828774	0.0217201692304	-0.263152999826
M01_L_TO_L:G808-E0373	M01_L_TO_L	CORE13	L	L	G808-E0373	ch	ol	0	f37r	f37r	G808-P0129	f37r.4	4	4	H	A	1	2	EXACT	-0.194659631327	9	0	0	-0.0288851664123	72	-0.198043232441	2	-0.0465015070315	81	-0.0496554318534	83	-0.0190014196135	68	-0.196918392638	4	0.00324009237478	6	-0.210936981283	2	-0.22354479774	-0.42158803018	-0.213661050941	-0.220304705365	-0.434481779022
M01_L_TO_L:G808-E0377	M01_L_TO_L	CORE13	L	L	G808-E0377	ch	ol	0	f37v	f37v	G808-P0131	f37v.2	2	2	H	A	1	2	EXACT	-0.162815630056	12	-0.0249373384764	1	-0.0146539848152	72	0	0	-0.0348633890761	85	-0.0338310655026	85	-0.0225318859569	68	0.119260814546	4	0.00690646816391	6	0	0	-0.202406953348	-0.202406953348	-0.210284854489	-0.195500485184	-0.202406953348
M01_L_TO_L:G808-E0382	M01_L_TO_L	CORE13	L	L	G808-E0382	ch	ol	0	f37v	f37v	G808-P0133	f37v.23	23	2	H	A	1	1	EXACT	-0.240621124042	10	0	0	-0.0212155849513	72	-0.347639357941	1	-0.0470177880416	82	-0.0498700502148	83	-0.0272762632948	68	0.0818064268415	4	-0.0245152083009	6	-0.34962926953	1	-0.261836708993	-0.609476066934	-0.267897387337	-0.286351917294	-0.611465978523
M01_L_TO_L:G808-E0383	M01_L_TO_L	CORE13	L	L	G808-E0383	ch	ol	0	f38v	f38v	G808-P0135	f38v.1	1	2	H	A	1	3	EXACT	-0.0198548711456	25	0.0304463125194	3	-0.00939545430336	71	0	0	-0.0103391363129	99	-0.00929507138006	99	-0.0218312362898	67	0.198897086694	4	0.0480878877165	6	0	0	0.00119598707042	0.00119598707042	-0.0112397949161	0.0492838747869	0.00119598707042
M01_L_TO_L:G808-E0385	M01_L_TO_L	CORE13	L	L	G808-E0385	ch	ol	0	f38v	f38v	G808-P0135	f38v.5	5	3	H	A	1	2	EXACT	-0.0198548711456	25	0	0	-0.0400688006217	72	0.130078904436	1	-0.0340825808291	97	-0.0315881526046	98	-0.0438562025523	68	0.0243069663841	4	-0.00605140765647	6	0.0632929033549	1	-0.0599236717673	0.0701552326687	-0.0637110736979	-0.0659750794237	0.00336923158766
M01_L_TO_L:G808-E0390	M01_L_TO_L	CORE13	L	L	G808-E0390	ch	eol	1	f39r	f39r	G808-P0138	f39r.11	11	10	H	B	2	3	EXACT	-0.0175288372476	20	-0.0639181625154	3	-0.0162358882264	72	-0.0201509516032	2	-0.0176757512345	95	-0.0171396767655	97	-0.0123307797257	68	-0.0826319803896	4	0.0131465440358	6	0.0465110944071	2	-0.0976828879894	-0.117833839593	-0.0937777794887	-0.0845363439535	-0.0511717935823
M01_L_TO_L:G808-E0392	M01_L_TO_L	CORE13	L	L	G808-E0392	ch	ol	0	f39v	f39v	G808-P0139	f39v.2	2	4	H	B	2	3	EXACT	-0.0151773192774	34	-0.0619646109128	4	-0.0108893949047	72	0	0	-0.0137593351439	110	-0.0127282791625	110	-0.0115634564838	68	0.000560434337532	4	-0.0357453542181	6	0	0	-0.0880313250949	-0.0880313250949	-0.088705386674	-0.123776679313	-0.0880313250949
M01_L_TO_L:G808-E0013	M01_L_TO_L	CORE13	L	L	G808-E0013	ch	ol	0	f3r	f3r	G808-P0005	f3r.1	1	3	H	A	1	2	EXACT	-0.0435630692207	14	0	0	-0.00592924359464	72	0	0	-0.0129271216487	86	-0.0117496655291	86	-0.00188335824972	68	-0.0747186214881	4	-0.0377889974471	6	0	0	-0.0494923128153	-0.0494923128153	-0.0454464274704	-0.0872813102624	-0.0494923128153
M01_L_TO_L:G808-E0015	M01_L_TO_L	CORE13	L	L	G808-E0015	ch	ol	0	f3r	f3r	G808-P0005	f3r.3	3	3	H	A	1	2	EXACT	-0.0435630692207	14	0	0	-0.0193245023889	72	-0.368444674141	1	-0.0241417569183	86	-0.027206590232	87	-0.0160665734436	68	-0.0747186214881	4	-0.0838759692908	6	-0.368208811705	1	-0.0628875716096	-0.43133224575	-0.0596296426643	-0.1467635409	-0.431096383314
M01_L_TO_L:G808-E0019	M01_L_TO_L	CORE13	L	L	G808-E0019	ch	ol	0	f3r	f3r	G808-P0005	f3r.8	8	3	H	A	1	2	EXACT	-0.0435630692207	14	0	0	-0.0251279906295	72	-0.0953283376978	2	-0.0290004912593	86	-0.0298935830922	88	-0.0222114433454	68	-0.0747186214881	4	-0.0585680815976	6	-0.112726891655	2	-0.0686910598502	-0.164019397548	-0.0657745125661	-0.127259141448	-0.181417951505
M01_L_TO_L:G808-E0026	M01_L_TO_L	CORE13	L	L	G808-E0026	ch	ol	0	f3v	f3v	G808-P0009	f3v.3	3	2	H	A	1	2	EXACT	-0.0541284191515	21	0	0	-0.00959419764502	69	0	0	-0.0195854075612	90	-0.0185245941395	90	-0.0220148632185	65	0.192241333452	4	0.00398701873831	6	0	0	-0.0637226167966	-0.0637226167966	-0.07614328237	-0.0597355980583	-0.0637226167966
M01_L_TO_L:G808-E0030	M01_L_TO_L	CORE13	L	L	G808-E0030	ch	ol	0	f3v	f3v	G808-P0010	f3v.10	10	5	H	A	1	2	EXACT	-0.188988874927	20	-0.179605106368	1	-0.0208275487293	72	0	0	-0.0584258620229	93	-0.0573650486011	93	-0.020946618936	68	-0.0188233190546	4	0.00117053479615	6	0	0	-0.389421530024	-0.389421530024	-0.389540600231	-0.388250995228	-0.389421530024
M01_L_TO_L:G808-E0422	M01_L_TO_L	CORE13	L	L	G808-E0422	ch	ol	0	f42r	f42r	G808-P0149	f42r.10	10	7	H	A	1	2	EXACT	-0.0850371987645	26	0	0	-0.0337399655275	72	0	0	-0.0466967770279	98	-0.0456327944831	98	-0.0288027076879	68	-0.117682757742	4	-0.0364800707804	6	0.0262796853249	1	-0.118777164292	-0.118777164292	-0.113839906452	-0.155257235072	-0.0924974789672
M01_L_TO_L:G808-E0423	M01_L_TO_L	CORE13	L	L	G808-E0423	ch	ol	0	f42r	f42r	G808-P0149	f42r.12	12	2	H	A	1	2	EXACT	-0.0850371987645	26	0.251115719982	2	-0.0343490608396	72	0	0	-0.0413442458396	100	-0.0402802632948	100	-0.0480052325892	68	0.197796449962	4	0.0696123834505	6	0	0	0.131729460378	0.131729460378	0.118073288628	0.201341843828	0.131729460378
M01_L_TO_L:G808-E0429	M01_L_TO_L	CORE13	L	L	G808-E0429	ch	ol	0	f42v	f42v	G808-P0151	f42v.1	1	6	H	A	1	3	EXACT	-0.162596547179	24	0	0	-0.0170281006713	72	0.0753651433035	2	-0.0529475326284	96	-0.0497523041981	98	-0.0111098216865	68	-0.117648158919	4	0.0126116486231	6	0.0617221672191	2	-0.17962464785	-0.104259504546	-0.173706368865	-0.167012999227	-0.117902480631
M01_L_TO_L:G808-E0434	M01_L_TO_L	CORE13	L	L	G808-E0434	ch	ol	0	f42v	f42v	G808-P0152	f42v.12	12	2	H	A	1	3	EXACT	-0.0125925292989	24	-0.342552255336	2	-0.0232510886808	72	-0.06009791261	1	-0.0268550517084	98	-0.0263888862298	99	-0.0359679934542	68	0.192926976961	4	-0.0241815838147	6	-0.158772995775	1	-0.378395873315	-0.438493785925	-0.391112778089	-0.40257745713	-0.537168869091
M01_L_TO_L:G808-E0435	M01_L_TO_L	CORE13	L	L	G808-E0435	ch	ol	0	f42v	f42v	G808-P0152	f42v.15	15	2	H	A	1	1	EXACT	-0.0125925292989	24	0	0	-0.0272379906286	72	0	0	-0.0231039456264	96	-0.0220811511038	96	-0.0334421790083	68	0.0782238963208	4	-0.0269062972591	6	0	0	-0.0398305199274	-0.0398305199274	-0.0460347083072	-0.0667368171865	-0.0398305199274
M01_L_TO_L:G808-E0461	M01_L_TO_L	CORE13	L	L	G808-E0461	ch	eol	1	f44v	f44v	G808-P0162	f44v.2	2	2	H	A	1	2	EXACT	-0.192867685127	8	0.0267359342704	2	-0.0163125890788	72	0	0	-0.0307580572102	82	-0.0297443476506	82	-0.0280300984075	68	0.182875446915	4	-0.0412300144229	6	0	0	-0.182444339935	-0.182444339935	-0.194161849264	-0.223674354358	-0.182444339935
M01_L_TO_L:G808-E0470	M01_L_TO_L	CORE13	L	L	G808-E0470	ch	eol	1	f44v	f44v	G808-P0163	f44v.7	7	5	H	A	1	2	EXACT	-0.171567145669	18	0	0	-0.0199839153393	72	0	0	-0.0487510819465	90	-0.0477373723868	90	-0.0196484136302	68	-0.025697066989	4	0.00527932984205	6	0	0	-0.191551061008	-0.191551061008	-0.191215559299	-0.186271731166	-0.191551061008
M01_L_TO_L:G808-E0478	M01_L_TO_L	CORE13	L	L	G808-E0478	ch	eol	1	f45r	f45r	G808-P0167	f45r.10	10	8	H	A	1	3	EXACT	-0.172994946975	14	0	0	-0.0124434499087	72	0	0	-0.037404896375	86	-0.0364636037665	86	-0.0133082374658	68	0.00224725272912	4	-0.0831828749874	6	0	0	-0.185438396883	-0.185438396883	-0.18630318444	-0.268621271871	-0.185438396883
M01_L_TO_L:G808-E0481	M01_L_TO_L	CORE13	L	L	G808-E0481	ch	ol	0	f45v	f45v	G808-P0169	f45v.9	9	3	H	A	1	2	EXACT	-0.0673536351381	21	0	0	-0.00801150909985	72	0	0	-0.020841207119	93	-0.0198412662334	93	-0.00992301651738	68	0.0244747041767	4	-0.00883328686723	6	0	0	-0.075365144238	-0.075365144238	-0.0772766516555	-0.0841984311052	-0.075365144238
M01_L_TO_L:G808-E0484	M01_L_TO_L	CORE13	L	L	G808-E0484	ch	ol	0	f46r	f46r	G808-P0170	f46r.4	4	2	H	B	2	3	EXACT	-0.0239516646249	23	0	0	-0.0221982812619	70	-0.0994612547054	1	-0.0221954012364	93	-0.0222210565959	94	-0.0356823365244	66	0.200285315104	4	0.100693639614	6	-0.100035054331	1	-0.0461499458868	-0.145611200592	-0.0596340011492	0.0545436937275	-0.146185000218
M01_L_TO_L:G808-E0494	M01_L_TO_L	CORE13	L	L	G808-E0494	ch	ol	0	f46r	f46r	G808-P0173	f46r.13	13	5	H	B	2	3	EXACT	0.0374090390388	16	-0.116637492742	2	-0.0274315932886	72	-0.107802227569	1	-0.0176865965053	90	-0.0178881435852	91	-0.0283718549965	68	-0.0114565496149	4	0.0173765395294	6	-0.108376027195	1	-0.106660046992	-0.214462274561	-0.1076003087	-0.0892835074629	-0.215036074187
M01_L_TO_L:G808-E0495	M01_L_TO_L	CORE13	L	L	G808-E0495	ch	eol	1	f46r	f46r	G808-P0174	f46r.14	14	4	H	B	2	3	EXACT	-0.0742516054873	2	0	0	-0.0212780200425	70	0.541517174988	1	-0.0225179196573	72	-0.0140612960382	73	-0.0170603791744	66	-0.0908724098304	4	-0.0451612772639	6	0.165209342818	2	-0.0955296255299	0.445987549458	-0.0913119846617	-0.140690902794	0.0696797172886
M01_L_TO_L:G808-E0506	M01_L_TO_L	CORE13	L	L	G808-E0506	ch	ol	0	f47r	f47r	G808-P0176	f47r.2	2	2	H	A	1	2	EXACT	-0.104618506605	6	0.145968125652	1	-0.0278338543376	72	0	0	-0.0311350554989	79	-0.0302006923868	79	-0.0408584190001	68	0.193573421677	4	-0.0184968072025	6	0	0	0.0135157647099	0.0135157647099	0.000491200047412	-0.00498104249267	0.0135157647099
M01_L_TO_L:G808-E0507	M01_L_TO_L	CORE13	L	L	G808-E0507	ch	ol	0	f47r	f47r	G808-P0176	f47r.4	4	4	H	A	1	2	EXACT	-0.104618506605	6	0	0	-0.0391015030185	72	-0.370020109446	1	-0.0436994939536	78	-0.0471454367719	79	-0.0308795473001	68	-0.178885073479	4	-0.0715072887542	6	-0.368101423551	1	-0.143720009623	-0.513740119069	-0.135498053905	-0.215227298377	-0.511821433174
M01_L_TO_L:G808-E0508	M01_L_TO_L	CORE13	L	L	G808-E0508	ch	ol	0	f47r	f47r	G808-P0177	f47r.6	6	4	H	A	1	2	EXACT	-0.0931146954693	15	-0.129187943083	1	-0.0271600244317	72	0.0405526645754	2	-0.0391517798525	88	-0.0368845080422	90	-0.0230240744783	68	-0.0974814968875	4	-0.061811801607	6	0.151920238179	2	-0.249462662984	-0.208909998408	-0.24532671303	-0.311274464591	-0.0975424248043
M01_L_TO_L:G808-E0509	M01_L_TO_L	CORE13	L	L	G808-E0509	ch	ol	0	f47r	f47r	G808-P0177	f47r.9	9	5	H	A	1	3	EXACT	-0.0931146954693	15	0	0	-0.0256584985586	72	-0.370020109446	1	-0.0367782889007	87	-0.0398548959426	88	-0.0229065068458	68	-0.072452680923	4	-0.0429615394467	6	-0.368101423551	1	-0.118773194028	-0.488793303474	-0.116021202315	-0.161734733475	-0.486874617579
M01_L_TO_L:G808-E0516	M01_L_TO_L	CORE13	L	L	G808-E0516	ch	ol	0	f47v	f47v	G808-P0178	f47v.6	6	5	H	A	1	2	EXACT	-0.102942071644	21	0	0	-0.0255628661433	72	0	0	-0.0423610481357	93	-0.0414423049124	93	-0.0276909870527	68	0.0106055123097	4	-0.0734299175337	6	0.0304798492298	1	-0.128504937788	-0.128504937788	-0.130633058697	-0.201934855321	-0.0980250885578
M01_L_TO_L:G808-E0517	M01_L_TO_L	CORE13	L	L	G808-E0517	ch	ol	0	f47v	f47v	G808-P0179	f47v.10	10	7	H	A	1	3	EXACT	-0.0759358539898	15	0	0	-0.0501226825322	71	-0.196721919558	1	-0.0539548458802	86	-0.0549024882254	87	-0.0459765691604	67	-0.119576589333	4	0.0739397914344	6	-0.196106714524	1	-0.126058536522	-0.32278045608	-0.12191242315	-0.0521187450877	-0.322165251047
M01_L_TO_L:G808-E0518	M01_L_TO_L	CORE13	L	L	G808-E0518	ch	ol	0	f47v	f47v	G808-P0179	f47v.14	14	1	H	A	1	1	EXACT	-0.0759358539898	15	0	0	-0.0134949812322	72	0	0	-0.023590686914	87	-0.0226719436907	87	-0.0157601460697	68	0.0250031439977	4	0.0524573185042	6	-0.0966414052477	1	-0.089430835222	-0.089430835222	-0.0916960000595	-0.0369735167179	-0.18607224047
M01_L_TO_L:G808-E0544	M01_L_TO_L	CORE13	L	L	G808-E0544	ch	ol	0	f49r	f49r	G808-P0185	f49r.15	15	2	H	A	1	2	EXACT	-0.0383270187378	24	-0.0183004449282	1	-0.0249616747687	72	0	0	-0.0274314421159	97	-0.0264374230675	97	-0.0334432719232	68	0.119216179644	4	-0.0209684673291	6	0	0	-0.0815891384346	-0.0815891384346	-0.0900707355892	-0.102557605764	-0.0815891384346
M01_L_TO_L:G808-E0545	M01_L_TO_L	CORE13	L	L	G808-E0545	ch	eol	1	f49r	f49r	G808-P0185	f49r.18	18	2	H	A	1	2	EXACT	-0.0383270187378	24	0	0	-0.0452816587325	72	0	0	-0.0426896049723	96	-0.0416955859238	96	-0.0599480887668	68	0.204038354636	4	0.0583305643161	6	0	0	-0.0836086774703	-0.0836086774703	-0.0982751075046	-0.0252781131542	-0.0836086774703
M01_L_TO_L:G808-E0553	M01_L_TO_L	CORE13	L	L	G808-E0553	ch	ol	0	f49v	f49v	G808-P0186	f49v.26	26	6	H	A	1	2	EXACT	-0.110082429634	29	0	0	-0.0118573372303	72	-0.366048623605	1	-0.038105651287	101	-0.040428298007	102	-0.00970032366333	68	-0.0485341337675	4	0.0797350686148	6	-0.197649839134	2	-0.121939766864	-0.487988390469	-0.119782753297	-0.0422046982495	-0.319589605998
M01_L_TO_L:G808-E0556	M01_L_TO_L	CORE13	L	L	G808-E0556	ch	ol	0	f49v	f49v	G808-P0187	f49v.30	30	3	H	A	1	2	EXACT	-0.155844741484	6	0	0	-0.0133254132269	72	0	0	-0.0208680544036	78	-0.0197446192609	78	-0.0179441483238	68	0.0651855175239	4	-0.0747541194382	6	0	0	-0.169170154711	-0.169170154711	-0.173788889808	-0.243924274149	-0.169170154711
M01_L_TO_L:G808-E0559	M01_L_TO_L	CORE13	L	L	G808-E0559	ch	ol	0	f49v	f49v	G808-P0188	f49v.40	40	4	H	A	1	2	EXACT	-0.192519989382	24	0	0	-0.0659108139274	72	0.112579112852	2	-0.0953493337565	96	-0.0904632237376	98	-0.0594057397239	68	-0.176504641285	4	-0.0744029410713	6	-0.014071358088	3	-0.25843080331	-0.145851690458	-0.251925729106	-0.332833744381	-0.272502161398
M01_L_TO_L:G808-E0561	M01_L_TO_L	CORE13	L	L	G808-E0561	ch	ol	0	f49v	f49v	G808-P0188	f49v.50	50	1	H	A	1	2	EXACT	-0.192519989382	24	0	0	-0.0218434579814	72	0.136165152792	1	-0.0622988167971	96	-0.059372220913	97	-0.0257706927251	68	0.0449119667626	4	0.0165612678031	6	0.109537116051	1	-0.214363447364	-0.0781982945718	-0.218290682108	-0.197802179561	-0.104826331312
M01_L_TO_L:G808-E0033	M01_L_TO_L	CORE13	L	L	G808-E0033	ch	ol	0	f4r	f4r	G808-P0011	f4r.3	3	2	H	A	1	2	EXACT	-0.137713707287	15	-0.207420719269	2	-0.0185527589038	72	0.103318554691	1	-0.0423667773837	89	-0.0399874855753	90	-0.03142464053	68	0.200260011139	4	-0.0503187578254	6	0.0585909041678	1	-0.36368718546	-0.260368630769	-0.376559067086	-0.414005943285	-0.305096281292
M01_L_TO_L:G808-E0036	M01_L_TO_L	CORE13	L	L	G808-E0036	ch	ol	0	f4v	f4v	G808-P0014	f4v.10	10	4	H	A	1	1	EXACT	0.0270618365222	19	0	0	-0.0432508491425	72	0	0	-0.0280124675371	91	-0.0269833188561	91	-0.0394566034888	68	-0.107762243875	4	-0.0244596034664	6	0	0	-0.0161890126203	-0.0161890126203	-0.0123947669666	-0.0406486160867	-0.0161890126203
M01_L_TO_L:G808-E0587	M01_L_TO_L	CORE13	L	L	G808-E0587	ch	eol	1	f51v	f51v	G808-P0192	f51v.13	13	2	H	A	1	1	EXACT	-0.0412205024416	38	0	0	-0.0102188396744	72	0.126893048121	1	-0.0203642323664	110	-0.0181689519432	111	-0.0151646596575	68	0.0738505138526	4	-0.0267941308197	6	0.0592563022333	1	-0.0514393421159	0.0754537060052	-0.0563851620991	-0.0782334729356	0.00781696011734
M01_L_TO_L:G808-E0592	M01_L_TO_L	CORE13	L	L	G808-E0592	ch	ol	0	f52v	f52v	G808-P0194	f52v.2	2	2	H	A	1	3	EXACT	-0.154435781145	11	-0.0582701468485	2	-0.00220048974159	72	0	0	-0.0231543935003	85	-0.022162883234	85	-0.0142341545198	68	0.202362770787	4	0.0357261583343	6	0	0	-0.214906417735	-0.214906417735	-0.226940082513	-0.1791802594	-0.214906417735
M01_L_TO_L:G808-E0596	M01_L_TO_L	CORE13	L	L	G808-E0596	ch	eol	1	f52v	f52v	G808-P0194	f52v.4	4	5	H	A	1	2	EXACT	-0.154435781145	11	0.00373286415627	1	-0.0201141228777	72	0	0	-0.037265678201	84	-0.0362741679346	84	-0.0161460454187	68	-0.0875804803817	4	-0.0655605093758	6	0	0	-0.170817039866	-0.170817039866	-0.166848962407	-0.236377549242	-0.170817039866
M01_L_TO_L:G808-E0599	M01_L_TO_L	CORE13	L	L	G808-E0599	ch	ol	0	f52v	f52v	G808-P0195	f52v.9	9	3	H	A	1	2	EXACT	-0.178580328623	17	0	0	-0.0277374036507	72	-0.222089309137	2	-0.0562377523834	89	-0.0593486527348	91	-0.0237662961152	68	-0.0952552724553	4	-0.00580946482099	6	-0.270443235691	2	-0.206317732274	-0.428407041411	-0.202346624738	-0.212127197095	-0.476760967965
M01_L_TO_L:G808-E0600	M01_L_TO_L	CORE13	L	L	G808-E0600	ch	ol	0	f52v	f52v	G808-P0195	f52v.10	10	3	H	A	1	2	EXACT	-0.178580328623	17	-0.146274587231	1	-0.0244925068818	72	0	0	-0.0547235209842	90	-0.0537320107178	90	-0.0212482750008	68	-0.0796534895599	4	-0.0284588835972	6	0.191084578043	1	-0.349347422736	-0.349347422736	-0.346103190855	-0.377806306333	-0.158262844693
M01_L_TO_L:G808-E0604	M01_L_TO_L	CORE13	L	L	G808-E0604	ch	ol	0	f53r	f53r	G808-P0196	f53r.9	9	2	H	A	1	2	EXACT	-0.065074336671	31	-0.105851340927	1	0.00457606021848	72	0	0	-0.0167482152221	104	-0.0156945672886	104	-0.00709449806684	68	0.202966294741	4	-0.0503783446355	6	0	0	-0.166349617379	-0.166349617379	-0.178020175665	-0.216727962015	-0.166349617379
M01_L_TO_L:G808-E0606	M01_L_TO_L	CORE13	L	L	G808-E0606	ch	ol	0	f53v	f53v	G808-P0197	f53v.3	3	3	H	A	1	2	EXACT	-0.120920816671	30	0.0130732381617	2	-0.0273583711332	72	0	0	-0.0531763629628	104	-0.0521252621203	104	-0.0303954565556	68	0.0242627239653	4	-0.016757946634	6	0	0	-0.135205949642	-0.135205949642	-0.138243035065	-0.151963896276	-0.135205949642
M01_L_TO_L:G808-E0611	M01_L_TO_L	CORE13	L	L	G808-E0611	ch	ol	0	f53v	f53v	G808-P0197	f53v.6	6	3	H	A	1	2	EXACT	-0.120920816671	30	0	0	-0.0225631787222	72	0	0	-0.0509047153605	102	-0.049853614518	102	-0.018642070367	68	-0.0892313778435	4	-0.0414005303857	6	0	0	-0.143483995393	-0.143483995393	-0.139562887038	-0.184884525779	-0.143483995393
M01_L_TO_L:G808-E0614	M01_L_TO_L	CORE13	L	L	G808-E0614	ch	eol	1	f54v	f54v	G808-P0198	f54v.6	6	2	H	A	1	2	EXACT	-0.077069092976	39	0	0	-0.0124370429421	72	-0.0950086651382	1	-0.034690511695	111	-0.0343076832471	112	-0.0203101122731	68	0.121395479977	4	0.0260290169634	6	-0.0952961075978	1	-0.089506135918	-0.184514801056	-0.097379205249	-0.0634771189546	-0.184802243516
M01_L_TO_L:G808-E0618	M01_L_TO_L	CORE13	L	L	G808-E0618	ch	ol	0	f54v	f54v	G808-P0198	f54v.12	12	2	H	A	1	1	EXACT	-0.077069092976	39	0	0	-0.0144170233839	72	0.114764305947	1	-0.035974823333	111	-0.0337075548608	112	-0.0141485685664	68	-0.018990410989	4	-0.0292797490934	6	0.191691708887	1	-0.0914861163599	0.0232781895876	-0.0912176615424	-0.120765865453	0.100205592527
M01_L_TO_L:G808-E0620	M01_L_TO_L	CORE13	L	L	G808-E0620	ch	ol	0	f54v	f54v	G808-P0198	f54v.16	16	2	H	A	1	1	EXACT	-0.077069092976	39	0	0	-0.00517915000025	72	0	0	-0.0299826892463	111	-0.0288475941849	111	-0.00962737006335	68	0.0704309353646	4	0.0574756928129	6	0.053374128722	1	-0.0822482429762	-0.0822482429762	-0.0866964630393	-0.0247725501634	-0.0288741142542
M01_L_TO_L:G808-E0621	M01_L_TO_L	CORE13	L	L	G808-E0621	ch	ol	0	f55r	f55r	G808-P0199	f55r.3	3	2	H	B	2	3	EXACT	-0.0587818230874	25	0.0184115410463	4	0.0198718959319	72	0	0	0.000526752068949	101	0.00155554182615	101	0.00950264503515	68	0.196139875721	4	0.059473740975	6	-0.0674073527274	1	-0.0204983861092	-0.0204983861092	-0.0308676370059	0.0389753548658	-0.0879057388366
M01_L_TO_L:G808-E0622	M01_L_TO_L	CORE13	L	L	G808-E0622	ch	ol	0	f55r	f55r	G808-P0199	f55r.5	5	5	H	B	2	3	EXACT	-0.0587818230874	25	0.0105686282692	2	0.00458157799668	72	0.0469026113404	1	-0.0109365381551	99	-0.00954658731374	100	0.00563184275627	68	-0.0132822083717	4	-0.0469616020826	6	0.189203493799	1	-0.0436316168215	0.0032709945189	-0.0425813520619	-0.0905932189041	0.145571876977
M01_L_TO_L:G808-E0629	M01_L_TO_L	CORE13	L	L	G808-E0629	ch	ol	0	f56r	f56r	G808-P0204	f56r.15	15	3	H	A	1	1	EXACT	-0.10715858923	28	0	0	-0.0249724919327	72	-0.223664122537	1	-0.0473616512634	100	-0.0482748713408	101	-0.0264183084327	68	-0.00040285908524	4	0.039611509007	6	-0.124637025854	2	-0.132131081163	-0.3557952037	-0.133576897663	-0.0925195721561	-0.256768107017
M01_L_TO_L:G808-E0643	M01_L_TO_L	CORE13	L	L	G808-E0643	ch	ol	0	f58r	f58r	G808-P0208	f58r.22	22	3	S	A	3	3	EXACT	0.00343306524824	38	0	0	0.0230723145347	71	0	0	0.0169062213113	109	0.0179617580814	109	0.0172468139981	67	0.120641461939	4	-0.0816831900236	6	0	0	0.0265053797829	0.0265053797829	0.0206798792463	-0.0551778102407	0.0265053797829
M01_L_TO_L:G808-E0644	M01_L_TO_L	CORE13	L	L	G808-E0644	ch	eol	1	f58r	f58r	G808-P0209	f58r.30	30	8	S	A	3	3	EXACT	-0.0247395636395	47	0.124118756654	1	0.00774933830098	71	0	0	-0.0034794963573	119	-0.00242395958715	119	0.015152419376	67	-0.116260256289	4	-0.0418997720467	6	0.0233894013983	1	0.107128531315	0.107128531315	0.11453161239	0.0652287592685	0.130517932714
M01_L_TO_L:G808-E0653	M01_L_TO_L	CORE13	L	L	G808-E0653	ch	eol	1	f58v	f58v	G808-P0210	f58v.17	17	8	S	A	3	3	EXACT	-0.022815759682	81	-0.0410517806235	1	0.00630542587903	71	0	0	-0.0087247225415	153	-0.00763445287607	153	0.0134477658859	67	-0.113334759069	4	-0.000272739023391	6	-0.0609727579899	1	-0.0575621144265	-0.0575621144265	-0.0504197744196	-0.0578348534499	-0.118534872416
M01_L_TO_L:G808-E0654	M01_L_TO_L	CORE13	L	L	G808-E0654	ch	eol	1	f58v	f58v	G808-P0210	f58v.19	19	6	S	A	3	3	EXACT	-0.022815759682	81	0.15101025984	1	0.00340621561149	71	-0.105960233989	1	-0.00881480024432	153	-0.00850415627591	154	0.00805805541524	67	-0.0745180909342	4	-0.00480014015769	6	-0.106763754884	1	0.13160071577	0.0256404817804	0.136252555573	0.126800575612	0.0248369608859
M01_L_TO_L:G808-E0655	M01_L_TO_L	CORE13	L	L	G808-E0655	ch	ol	0	f58v	f58v	G808-P0210	f58v.20	20	6	S	A	3	3	EXACT	-0.022815759682	81	0.0184989345788	1	0.012477684941	71	0.240823368843	3	-0.00547125124344	153	-8.52566454998e-05	156	0.0131510271159	67	0.00119321367893	4	-0.0264475631505	6	0.226331861625	3	0.00816085983779	0.248984228681	0.00883420201267	-0.0182867033127	0.234492721463
M01_L_TO_L:G808-E0042	M01_L_TO_L	CORE13	L	L	G808-E0042	ch	ol	0	f5v	f5v	G808-P0017	f5v.2	2	2	H	A	1	2	EXACT	-0.101287546173	18	0	0	-0.00679301552025	72	-0.0547018765795	1	-0.0251675339809	90	-0.0246848851266	91	-0.0188882539933	68	0.198816782194	4	-0.0278942306681	6	-0.0147356000461	2	-0.108080561694	-0.162782438273	-0.120175800167	-0.135974792362	-0.12281616174
M01_L_TO_L:G808-E0045	M01_L_TO_L	CORE13	L	L	G808-E0045	ch	ol	0	f5v	f5v	G808-P0017	f5v.5	5	7	H	A	1	2	EXACT	-0.101287546173	18	-0.0394059068273	1	-0.0355761948648	72	-0.0926844625597	1	-0.0481772299012	91	-0.047851168125	92	-0.0375855314011	68	-0.00142673007616	4	-0.0859134905907	6	-0.0902022690032	2	-0.176269647865	-0.268954110425	-0.178278984402	-0.262183138456	-0.266471916869
M01_L_TO_L:G808-E0047	M01_L_TO_L	CORE13	L	L	G808-E0047	ch	ol	0	f5v	f5v	G808-P0017	f5v.6	6	2	H	A	1	1	EXACT	-0.101287546173	18	0	0	-0.00288132144073	72	0	0	-0.0220381787173	90	-0.0209886509907	90	-0.00740092365453	68	0.0739426598656	4	-0.0570029987948	6	0	0	-0.104168867614	-0.104168867614	-0.108688469828	-0.161171866409	-0.104168867614
M01_L_TO_L:G808-E0673	M01_L_TO_L	CORE13	L	L	G808-E0673	ch	eol	1	f66r	f66r	G808-P0218	f66r.71	71	2	T	B	5	2	EXACT	0.0429071165358	45	-0.28257717023	1	0.0106700611462	71	0	0	0.0211141380175	117	0.022160840085	117	-0.00013199624342	67	0.191599618759	4	0.0526767987131	6	0	0	-0.228999992548	-0.228999992548	-0.239802049938	-0.176323193835	-0.228999992548
M01_L_TO_L:G808-E0050	M01_L_TO_L	CORE13	L	L	G808-E0050	ch	ol	0	f6r	f6r	G808-P0018	f6r.7	7	5	H	A	1	2	EXACT	-0.124606378101	41	0.0744996387539	1	-0.0259462089486	71	0.0126041556763	2	-0.0602849694633	113	-0.0583553257913	115	-0.0205684987076	67	-0.11603083308	4	-0.0799797321901	6	0.0223912177073	3	-0.076052948296	-0.0634487926197	-0.070675238055	-0.156032680486	-0.0536617305887
M01_L_TO_L:G808-E0053	M01_L_TO_L	CORE13	L	L	G808-E0053	ch	ol	0	f6v	f6v	G808-P0019	f6v.3	3	3	H	A	1	2	EXACT	-0.0704607329587	20	0	0	-0.0104013738843	72	0	0	-0.0229061526367	92	-0.0218631336281	92	-0.0125662421374	68	0.0263920687872	4	0.0266056731803	6	0	0	-0.080862106843	-0.080862106843	-0.0830269750961	-0.0542564336628	-0.080862106843
M01_L_TO_L:G808-E0057	M01_L_TO_L	CORE13	L	L	G808-E0057	ch	ol	0	f6v	f6v	G808-P0020	f6v.14	14	2	H	A	1	1	EXACT	-0.0603115153781	34	0	0	-0.0149504477086	72	0	0	-0.0288368724013	106	-0.0277938533928	106	-0.0149001139824	68	-0.0158154386839	4	-0.00197669505536	6	0	0	-0.0752619630867	-0.0752619630867	-0.0752116293605	-0.077238658142	-0.0752619630867
M01_L_TO_L:G808-E0771	M01_L_TO_L	CORE13	L	L	G808-E0771	ch	ol	0	f76r	f76r	G808-P0232	f76r.43	43	6	T	B	2	3	EXACT	0.00494164489342	16	-0.0821543911361	2	0.00689314410561	72	0	0	0.00473132623563	90	0.0057708239782	90	0.00725297175451	68	0.000767659728644	4	0.00949432452526	6	-0.0801758239486	1	-0.070319602137	-0.070319602137	-0.0699597744881	-0.0608252776118	-0.150495426086
M01_L_TO_L:G808-E0801	M01_L_TO_L	CORE13	L	L	G808-E0801	ch	ol	0	f76v	f76v	G808-P0237	f76v.18	18	6	B	B	2	2	EXACT	0.127421534194	25	0	0	0.00925404952508	72	-0.339608322862	1	0.0402771343151	97	0.0372210931004	98	0.0144423048486	68	-0.0789557497825	4	-0.119766725562	6	-0.408287213736	1	0.136675583719	-0.202932739143	0.141863839043	0.0169088581571	-0.271611630016
M01_L_TO_L:G808-E0821	M01_L_TO_L	CORE13	L	L	G808-E0821	ch	eol	1	f76v	f76v	G808-P0239	f76v.36	36	2	B	B	2	2	EXACT	0.192979549542	4	0	0	0.0246562656036	72	0.129763388996	1	0.0340153746208	76	0.0360179329432	77	0.0149725724397	68	0.18926959058	4	-0.0258987212812	6	0.0625688817685	1	0.217635815145	0.347399204141	0.207952121982	0.191737093864	0.280204696914
M01_L_TO_L:G808-E0831	M01_L_TO_L	CORE13	L	L	G808-E0831	ch	ol	0	f77r	f77r	G808-P0241	f77r.11	11	4	B	B	2	2	EXACT	0.130958328049	47	0.0195395528071	3	0.00177982012637	72	-0.107117611591	1	0.0523988178509	122	0.0519456901092	123	0.00735989940331	68	-0.0930912601672	4	-0.0154362445657	6	-0.122359617066	1	0.152277700982	0.0451600893913	0.157857780259	0.136841456417	0.0299180839163
M01_L_TO_L:G808-E0847	M01_L_TO_L	CORE13	L	L	G808-E0847	ch	eol	1	f77r	f77r	G808-P0242	f77r.32	32	3	B	B	2	3	EXACT	0.167956216873	22	0	0	0.0116045146203	72	-0.0594969910982	1	0.0484565625316	94	0.0481126677873	95	0.0105554179027	68	0.0294294262332	4	-0.00842512187586	6	-0.151989618602	1	0.179560731494	0.120063740396	0.178511634776	0.171135609618	0.0275711128913
M01_L_TO_L:G808-E0856	M01_L_TO_L	CORE13	L	L	G808-E0856	ch	eol	1	f77r	f77r	G808-P0243	f77r.46	46	4	B	B	2	3	EXACT	0.0991975939091	46	-0.273806795049	2	0.0173216544325	72	0	0	0.0443435508287	120	0.0453613424108	120	0.0238159592569	68	-0.0930912601672	4	-0.0230676378685	6	0	0	-0.157287546708	-0.157287546708	-0.150793241883	-0.180355184576	-0.157287546708
M01_L_TO_L:G808-E0971	M01_L_TO_L	CORE13	L	L	G808-E0971	ch	ol	0	f79r	f79r	G808-P0253	f79r.19	19	3	B	B	2	3	EXACT	0.111275948696	30	-0.131360511262	2	0.0323007815588	72	0	0	0.0518705250971	104	0.0530448715382	104	0.0269010327849	68	0.124087463539	4	-0.0496838250547	6	0	0	0.0122162189924	0.0122162189924	0.00681647021848	-0.0374676060623	0.0122162189924
M01_L_TO_L:G808-E0989	M01_L_TO_L	CORE13	L	L	G808-E0989	ch	eol	1	f79r	f79r	G808-P0258	f79r.43	43	4	B	B	2	3	EXACT	-0.0631811755921	10	-0.0593270936441	3	0.00361736761171	72	-0.163453471877	2	-0.00738570499684	85	-0.0103736181687	87	0.00879723729592	68	-0.0844494641962	4	0.0822071252874	6	-0.11738579291	3	-0.118890901624	-0.282344373502	-0.11371103194	-0.036683776337	-0.236276694534
M01_L_TO_L:G808-E0996	M01_L_TO_L	CORE13	L	L	G808-E0996	ch	ol	0	f79v	f79v	G808-P0261	f79v.17	17	3	B	B	2	3	EXACT	0.10077510297	43	0.420131709565	1	0.0198463424919	72	-0.0444193776908	3	0.0539090099585	116	0.0519130616448	119	0.0140134325562	68	0.118996465392	4	-0.0784764572588	6	-0.0343728771199	3	0.540753155027	0.496333777336	0.534920245091	0.462276697768	0.506380277907
M01_L_TO_L:G808-E0062	M01_L_TO_L	CORE13	L	L	G808-E0062	ch	ol	0	f7r	f7r	G808-P0022	f7r.7	7	3	H	A	1	2	EXACT	-0.100610066146	13	0	0	-0.0188271326941	72	0.0263948529771	1	-0.0307130253141	85	-0.0292588642151	86	-0.0214253564066	68	0.0253333921803	4	-0.0928220515621	6	0.025866845572	1	-0.11943719884	-0.093042345863	-0.122035422553	-0.212259250402	-0.0935703532681
M01_L_TO_L:G808-E0066	M01_L_TO_L	CORE13	L	L	G808-E0066	ch	ol	0	f7r	f7r	G808-P0022	f7r.9	9	4	H	A	1	3	EXACT	-0.100610066146	13	0	0	-0.0274436292317	72	0.123833447916	1	-0.0380117047342	85	-0.035339668352	86	-0.0235496142569	68	-0.0936511620438	4	0.0839270920235	6	0.139424078422	2	-0.128053695378	-0.0042202474615	-0.124159680403	-0.0441266033542	0.011370383044
M01_L_TO_L:G808-E1025	M01_L_TO_L	CORE13	L	L	G808-E1025	ch	eol	1	f80r	f80r	G808-P0270	f80r.53	53	5	B	B	2	2	EXACT	0.084044942409	29	0	0	0.0202569604866	72	0	0	0.0405405051101	101	0.0413849836749	101	0.0285704262163	68	-0.121081162934	4	-0.0339364709664	6	0.0271059334979	1	0.104301902896	0.104301902896	0.112615368625	0.0703654319292	0.131407836393
M01_L_TO_L:G808-E1045	M01_L_TO_L	CORE13	L	L	G808-E1045	ch	eol	1	f80v	f80v	G808-P0273	f80v.16	16	1	B	B	2	3	EXACT	0.0778821428055	16	-0.166029160894	4	0.0304267915639	72	0	0	0.0307090240651	92	0.0315863124987	92	0.0304301195549	68	0.0303600952274	4	0.0319375865795	6	0	0	-0.057720226525	-0.057720226525	-0.057716898534	-0.0257826399455	-0.057720226525
M01_L_TO_L:G808-E1064	M01_L_TO_L	CORE13	L	L	G808-E1064	ch	eol	1	f81r	f81r	G808-P0279	f81r.5	5	2	B	B	2	3	EXACT	0.0897709421415	25	-0.00895779644051	3	0.0178767000043	72	-0.0562728379188	2	0.0355507573001	100	0.0343354930559	102	0.00724502808969	68	0.198605795522	4	0.0604867102877	6	-0.0319035695107	2	0.0986898457053	0.0424170077865	0.0880581737907	0.159176555993	0.0667862761946
M01_L_TO_L:G808-E1065	M01_L_TO_L	CORE13	L	L	G808-E1065	ch	ol	0	f81r	f81r	G808-P0279	f81r.10	10	1	B	B	2	2	EXACT	0.0897709421415	25	0	0	0.00238212947735	72	0.30783747194	1	0.0256721830098	97	0.0293331693029	98	-0.000275085929395	68	0.0475454643621	4	0.0194740206292	6	0.283500055643	1	0.0921530716189	0.399990543558	0.0894958562121	0.111627092248	0.375653127262
M01_L_TO_L:G808-E1077	M01_L_TO_L	CORE13	L	L	G808-E1077	ch	eol	1	f81r	f81r	G808-P0280	f81r.24	24	4	B	B	2	2	EXACT	0.0721691154674	33	0	0	0.000775244051776	72	0	0	0.0239615126375	105	0.0249565392126	105	0.0109984965449	68	-0.173029375361	4	0.0969389881681	6	0	0	0.0729443595192	0.0729443595192	0.0831676120123	0.169883347687	0.0729443595192
M01_L_TO_L:G808-E1121	M01_L_TO_L	CORE13	L	L	G808-E1121	ch	eol	1	f82r	f82r	G808-P0285	f82r.30	30	3	B	B	2	2	EXACT	0.116174806554	46	0.0613372089454	1	0.00400924851561	72	0	0	0.0486424758646	119	0.0496723995811	119	-0.00273302505207	68	0.11861884762	4	0.00753390587873	6	0	0	0.181521264015	0.181521264015	0.174778990447	0.189055169894	0.181521264015
M01_L_TO_L:G808-E1123	M01_L_TO_L	CORE13	L	L	G808-E1123	ch	eol	1	f82r	f82r	G808-P0285	f82r.31	31	1	B	B	2	3	EXACT	0.116174806554	46	0.11340411688	2	0.0147212290499	72	-0.0570963338739	1	0.0559756717876	120	0.0558908028086	121	0.0139336177687	68	0.028101569283	4	0.030029440787	6	-0.15221672383	1	0.244300152484	0.18720381861	0.243512541203	0.274329593271	0.0920834286537
M01_L_TO_L:G808-E1124	M01_L_TO_L	CORE13	L	L	G808-E1124	ch	eol	1	f82r	f82r	G808-P0285	f82r.33	33	3	B	B	2	2	EXACT	0.116174806554	46	-0.0835770756556	1	0.0201763327117	72	0.0450018348623	1	0.0572064739949	119	0.0579528764645	120	0.0241003499215	68	-0.0465410114012	4	0.0170856260019	6	0.0147293883526	1	0.05277406361	0.0977758984723	0.0566980808198	0.0698596896119	0.0675034519626
M01_L_TO_L:G808-E1149	M01_L_TO_L	CORE13	L	L	G808-E1149	ch	ol	0	f82v	f82v	G808-P0291	f82v.37	37	5	B	B	2	3	EXACT	0.068627076306	26	0	0	-0.0118652227656	72	-0.0970031078839	1	0.0102108144112	98	0.00997605491609	99	-0.0124062684569	68	-0.00267673165721	4	0.0118666787701	6	-0.0984951538845	1	0.0567618535404	-0.0402412543435	0.056220807849	0.0686285323105	-0.0417333003441
M01_L_TO_L:G808-E1196	M01_L_TO_L	CORE13	L	L	G808-E1196	ch	eol	1	f83r	f83r	G808-P0297	f83r.48	48	2	B	B	2	2	EXACT	0.322841768814	3	0.0128678347641	1	0.00507680358146	72	0	0	0.0184505183435	76	0.0194326097776	76	-0.0010614417062	68	0.109417718842	4	-0.0259170185371	6	-0.0721515640898	1	0.340786407159	0.340786407159	0.334648161871	0.314869388622	0.268634843069
M01_L_TO_L:G808-E1206	M01_L_TO_L	CORE13	L	L	G808-E1206	ch	eol	1	f83v	f83v	G808-P0300	f83v.14	14	8	B	B	2	3	EXACT	0.111236432354	21	0	0	-0.00651950072909	72	0	0	0.0206362978518	93	0.0216538073495	93	-0.000109976653058	68	-0.115490345361	4	0.0300731618063	6	0	0	0.104716931625	0.104716931625	0.111126455701	0.134790093431	0.104716931625
M01_L_TO_L:G808-E1210	M01_L_TO_L	CORE13	L	L	G808-E1210	ch	eol	1	f83v	f83v	G808-P0300	f83v.20	20	4	B	B	2	2	EXACT	0.111236432354	21	0	0	0.031198749237	72	0	0	0.049837523632	93	0.0508550331297	93	0.0388353147096	68	-0.0986317991352	4	0.0158175256201	6	0	0	0.142435181591	0.142435181591	0.150071747063	0.158252707211	0.142435181591
M01_L_TO_L:G808-E1215	M01_L_TO_L	CORE13	L	L	G808-E1215	ch	eol	1	f83v	f83v	G808-P0301	f83v.27	27	2	B	B	2	2	EXACT	0.121139742379	37	0	0	0.0249730993008	72	0.16692396172	1	0.058248837565	109	0.0600554338961	110	0.0145593796221	68	0.201997398499	4	0.0371935267302	6	0.166216854823	1	0.14611284168	0.3130368034	0.135699122001	0.18330636841	0.312329696503
M01_L_TO_L:G808-E1220	M01_L_TO_L	CORE13	L	L	G808-E1220	ch	eol	1	f85r1	f85r	G808-P0302	f85r1.3	3	9	T	B	2	3	EXACT	0.0306813941268	22	-0.177442353492	1	-0.0282024562956	72	0	0	-0.0162663357149	95	-0.0153630175095	95	-0.0244196961735	68	-0.0925187612901	4	-0.0344365930942	6	-0.0283413790163	1	-0.174963415661	-0.174963415661	-0.171180655539	-0.209400008755	-0.203304794677
M01_L_TO_L:G808-E1232	M01_L_TO_L	CORE13	L	L	G808-E1232	ch	ol	0	f85r1	f85r	G808-P0307	f85r1.23	23	8	T	B	2	3	EXACT	-0.0441454458348	3	0	0	-0.0200750190128	72	-0.104447834098	2	-0.0220030827099	75	-0.0237411664413	77	-0.0178625761576	68	-0.0576959304681	4	0.00784401569833	6	-0.0337075221305	2	-0.0642204648475	-0.168668298945	-0.0620080219924	-0.0563764491492	-0.0979279869781
M01_L_TO_L:G808-E1240	M01_L_TO_L	CORE13	L	L	G808-E1240	ch	ol	0	f85r1	f85r	G808-P0310	f85r1.32	32	2	T	B	2	3	EXACT	0.0245831366986	18	-0.0339703279371	2	0.00502629135739	72	0	0	0.00754489763173	92	0.00844821583711	92	-0.00232504931506	68	0.129989699871	4	0.0230524031564	6	0	0	-0.00436089988109	-0.00436089988109	-0.0117122405535	0.0186915032753	-0.00436089988109
M01_L_TO_L:G808-E1244	M01_L_TO_L	CORE13	L	L	G808-E1244	ch	ol	0	f85r2	f85r	G808-P0311	f85r2.4	4	4	C	B	2	2	EXACT	-0.112494551806	8	0	0	-0.0134351114548	70	-0.371369637546	1	-0.0242419104435	78	-0.027976275153	79	-0.0107867959511	66	-0.0571355540051	4	-0.0318335469481	6	-0.370090504403	1	-0.125929663261	-0.497299300808	-0.123281347757	-0.157763210209	-0.496020167664
M01_L_TO_L:G808-E1251	M01_L_TO_L	CORE13	L	L	G808-E1251	ch	ol	0	f85r2	f85r	G808-P0314	f85r2.23	23	3	C	B	2	2	EXACT	-0.0168960747268	14	0	0	0.031848037551	70	-0.00800742048658	2	0.0234033819532	84	0.023128560028	86	0.0384413443903	66	-0.0769447620362	4	-0.0895646706468	6	-0.00156348798489	2	0.0149519628242	0.00694454233758	0.0215452696634	-0.0746127078227	0.0133884748393
M01_L_TO_L:G808-E1276	M01_L_TO_L	CORE13	L	L	G808-E1276	ch	ol	0	f86v5	f86v	G808-P0325	f86v5.31	31	4	T	B	2	3	EXACT	-0.0332658843993	60	0.488596072548	1	0.0277627853887	72	0	0	0.00460843155882	133	0.00577169825379	133	0.0353249540716	68	-0.100793994725	4	0.00513340828591	6	0	0	0.483092973538	0.483092973538	0.49065514222	0.488226381823	0.483092973538
M01_L_TO_L:G808-E1286	M01_L_TO_L	CORE13	L	L	G808-E1286	ch	ol	0	f86v6	f86v	G808-P0326	f86v6.5	5	3	T	B	2	3	EXACT	0.0168900661148	37	0.0393733638475	2	0.0238838832604	72	-0.349106171761	1	0.0211856087201	111	0.0188143698814	112	0.0181703788611	68	0.121013545544	4	-0.0131693542741	6	-0.419021020399	1	0.0801473132226	-0.268958858538	0.0744338088233	0.0669779589486	-0.338873707176
M01_L_TO_L:G808-E1291	M01_L_TO_L	CORE13	L	L	G808-E1291	ch	eol	1	f86v6	f86v	G808-P0326	f86v6.9	9	6	T	B	2	3	EXACT	0.0168900661148	37	0.18884869154	2	0.0238581817326	72	0.059303343023	2	0.0238621866064	111	0.0252001137816	113	0.0262795836748	68	-0.0173055637891	4	-0.0401181522372	6	0.0386028413175	2	0.229596939387	0.28890028241	0.232018341329	0.18947878715	0.268199780705
M01_L_TO_L:G808-E1296	M01_L_TO_L	CORE13	L	L	G808-E1296	ch	ol	0	f86v6	f86v	G808-P0327	f86v6.18	18	7	T	B	2	3	EXACT	0.0589789374696	31	0	0	0.0205360797612	72	0	0	0.0312258273354	103	0.0323890940304	103	0.0219201087323	68	-0.00299232525307	4	-0.0130203700595	6	0	0	0.0795150172308	0.0795150172308	0.0808990462019	0.0664946471713	0.0795150172308
M01_L_TO_L:G808-E1321	M01_L_TO_L	CORE13	L	L	G808-E1321	ch	eol	1	f87r	f87r	G808-P0331	f87r.15	15	2	H	A	1	2	EXACT	0.00413624457611	12	0	0	0.00875780999417	72	0	0	0.00855114746292	84	0.00961242702196	84	-0.00246694465435	68	0.19956936078	4	0.0597193697161	6	0	0	0.0128940545703	0.0128940545703	0.00166929992176	0.0726134242864	0.0128940545703
M01_L_TO_L:G808-E1322	M01_L_TO_L	CORE13	L	L	G808-E1322	ch	eol	1	f87r	f87r	G808-P0331	f87r.16	16	2	H	A	1	1	EXACT	0.00413624457611	12	0	0	0.0155392785407	72	0	0	0.0143638347885	84	0.0154251143476	84	0.0119806899905	68	0.0760260056551	4	0.0570258874618	6	0	0	0.0196755231168	0.0196755231168	0.0161169345666	0.0767014105786	0.0196755231168
M01_L_TO_L:G808-E1336	M01_L_TO_L	CORE13	L	L	G808-E1336	ch	eol	1	f88r	f88r	G808-P0335	f88r.19	19	8	P	A	1	2	EXACT	0.0247607175672	10	-0.0429376825682	1	0.0241025902497	72	0	0	0.0226380537918	83	0.02372979608	83	0.0239669022453	68	0.0264003638348	4	0.0621457622841	6	0	0	0.00592562524876	0.00592562524876	0.00578993724436	0.0680713875329	0.00592562524876
M01_L_TO_L:G808-E1340	M01_L_TO_L	CORE13	L	L	G808-E1340	ch	ol	0	f88r	f88r	G808-P0335	f88r.22	22	3	P	A	1	2	EXACT	0.0247607175672	10	0	0	0.0346412778547	72	0.172445642196	2	0.0328094286308	82	0.0366769418378	84	0.0384533472851	68	-0.0301728249526	4	-0.0761703198459	6	0.200102672317	2	0.0594019954219	0.231847637618	0.0632140648523	-0.016768324424	0.259504667739
M01_L_TO_L:G808-E1342	M01_L_TO_L	CORE13	L	L	G808-E1342	ch	eol	1	f88r	f88r	G808-P0336	f88r.30	30	4	P	A	1	2	EXACT	0.13904129883	4	0	0	0.00420767199306	72	0	0	0.0103869944946	76	0.0114787367828	76	0.0136497307556	68	-0.15631624946	4	-0.0761703198459	6	0	0	0.143248970823	0.143248970823	0.152691029586	0.0670786509776	0.143248970823
M01_L_TO_L:G808-E1343	M01_L_TO_L	CORE13	L	L	G808-E1343	ch	ol	0	f88r	f88r	G808-P0336	f88r.31	31	3	P	A	1	2	EXACT	0.13904129883	4	0	0	0.0278455745845	72	0.0612358729916	2	0.0327807969497	76	0.0340110325986	78	0.0312578967637	68	-0.0301728249526	4	-0.0437865660254	6	0.0608900651326	2	0.166886873415	0.228122746406	0.170299195594	0.12310030739	0.227776938548
M01_L_TO_L:G808-E1365	M01_L_TO_L	CORE13	L	L	G808-E1365	ch	ol	0	f89r1	f89r	G808-P0341	f89r1.16	16	8	P	A	1	3	EXACT	-0.0471887831063	6	-0.15862103964	4	0.0224712709127	72	0.0616364403038	1	0.00755959959569	82	0.00895012468369	83	0.0277767378664	68	-0.0677306882682	4	0.101086449984	6	0.195698511469	1	-0.183338551834	-0.12170211153	-0.17803308488	-0.0822521018494	0.0123599596354
M01_L_TO_L:G808-E1370	M01_L_TO_L	CORE13	L	L	G808-E1370	ch	eol	1	f89v1	f89v	G808-P0343	f89v1.6	6	4	P	A	1	3	EXACT	0.0159280967067	32	-0.0402060415219	2	0.0126363852244	72	0	0	0.0130804067733	106	0.0141059992301	106	0.018797777758	68	-0.0921178465625	4	-0.0439226025152	6	0	0	-0.0116415595908	-0.0116415595908	-0.00548016705718	-0.055564162106	-0.0116415595908
M01_L_TO_L:G808-E1381	M01_L_TO_L	CORE13	L	L	G808-E1381	ch	ol	0	f89v1	f89v	G808-P0344	f89v1.18	18	5	P	A	1	2	EXACT	0.00682576221158	32	0	0	0.0390316769229	72	0	0	0.0297622969922	104	0.030787889449	104	0.0419928385391	68	-0.0113186292663	4	0.00983133778043	6	-0.069246515921	1	0.0458574391345	0.0458574391345	0.0488186007506	0.0556887769149	-0.0233890767865
M01_L_TO_L:G808-E0073	M01_L_TO_L	CORE13	L	L	G808-E0073	ch	ol	0	f8r	f8r	G808-P0027	f8r.15	15	3	H	A	1	3	EXACT	-0.0598496239373	23	-0.171156761355	3	-0.00666380429877	70	-0.0954639439881	1	-0.0243011324086	96	-0.0242176361408	97	-0.0144123395115	66	0.121183975849	4	-0.0826549779576	6	-0.0977080353355	1	-0.237670189591	-0.333134133579	-0.245418724804	-0.320325167549	-0.335378224927
M01_L_TO_L:G808-E0074	M01_L_TO_L	CORE13	L	L	G808-E0074	ch	ol	0	f8r	f8r	G808-P0027	f8r.17	17	1	H	A	1	3	EXACT	-0.0598496239373	23	-0.0901261306319	2	-0.0119718459823	71	0	0	-0.024730939943	96	-0.0236880548463	96	-0.015571568921	67	0.0483175646869	4	0.0313905773726	6	0	0	-0.161947600552	-0.161947600552	-0.16554732349	-0.130557023179	-0.161947600552
M01_L_TO_L:G808-E0078	M01_L_TO_L	CORE13	L	L	G808-E0078	ch	ol	0	f8v	f8v	G808-P0028	f8v.1	1	6	H	A	1	2	EXACT	-0.0785814164414	26	0.0284587497895	1	-0.0436384145509	72	0	0	-0.0513508314085	99	-0.0503826539023	99	-0.0412957600591	68	-0.0834732651617	4	-0.0115803203765	6	0	0	-0.0937610812028	-0.0937610812028	-0.091418426711	-0.105341401579	-0.0937610812028
M01_L_TO_L:G808-E0085	M01_L_TO_L	CORE13	L	L	G808-E0085	ch	ol	0	f8v	f8v	G808-P0028	f8v.9	9	4	H	A	1	2	EXACT	-0.0785814164414	26	0	0	-0.0293386371228	72	0	0	-0.0415529160442	98	-0.0405847385381	98	-0.0192543743134	68	-0.200780829133	4	0.0131720311627	6	0	0	-0.107920053564	-0.107920053564	-0.0978357907548	-0.0947480224014	-0.107920053564
M01_L_TO_L:G808-E0089	M01_L_TO_L	CORE13	L	L	G808-E0089	ch	ol	0	f8v	f8v	G808-P0029	f8v.15	15	2	H	A	1	3	EXACT	-0.0273388851036	21	-0.188438524225	1	-0.0104722112494	72	0.00371897760848	1	-0.0154137298965	94	-0.0144613694977	95	-0.0235513227167	68	0.211862959445	4	0.0270712201627	6	0.00268089339116	2	-0.226249620578	-0.222530642969	-0.239328732045	-0.199178400415	-0.223568727187
M01_L_TO_L:G808-E1386	M01_L_TO_L	CORE13	L	L	G808-E1386	ch	ol	0	f90r1	f90r	G808-P0345	f90r1.6	6	6	H	A	1	2	EXACT	-0.0263444897628	31	0	0	-0.0120810422821	71	0	0	-0.0157342187276	102	-0.0147139647608	102	-0.0077744946918	67	-0.0842217856382	4	-0.0550673047006	6	0	0	-0.0384255320449	-0.0384255320449	-0.0341189844546	-0.0934928367455	-0.0384255320449
M01_L_TO_L:G808-E1389	M01_L_TO_L	CORE13	L	L	G808-E1389	ch	ol	0	f93r	f93r	G808-P0346	f93r.2	2	3	H	A	1	3	EXACT	-0.0514355232159	47	0.111803707758	2	-0.00508301898507	71	0	0	-0.020681128372	120	-0.019656794476	120	-0.0123300016394	67	0.116297593706	4	-0.0725432626828	6	0	0	0.0552851655571	0.0552851655571	0.0480381829028	-0.0172580971257	0.0552851655571
M01_L_TO_L:G808-E1392	M01_L_TO_L	CORE13	L	L	G808-E1392	ch	ol	0	f93r	f93r	G808-P0346	f93r.6	6	6	H	A	1	2	EXACT	-0.0514355232159	47	0.117094980322	1	-0.0247745834271	71	0	0	-0.0334072775003	119	-0.0323829436043	119	-0.0257061323627	67	-0.00917748552546	4	0.00318371158156	6	0	0	0.0408848736786	0.0408848736786	0.039953324743	0.0440685852601	0.0408848736786
M01_L_TO_L:G808-E1396	M01_L_TO_L	CORE13	L	L	G808-E1396	ch	eol	1	f93r	f93r	G808-P0346	f93r.10	10	4	H	A	1	2	EXACT	-0.0514355232159	47	0	0	-0.025748274738	72	-0.154417594778	1	-0.0350972696777	119	-0.0352480255483	120	-0.0218967899673	68	-0.0912329536289	4	-0.0352185848705	6	-0.0623100513986	1	-0.0771837979539	-0.231601392732	-0.0733323131832	-0.112402382824	-0.139493849353
M01_L_TO_L:G808-E1405	M01_L_TO_L	CORE13	L	L	G808-E1405	ch	ol	0	f93r	f93r	G808-P0346	f93r.31	31	2	H	A	1	1	EXACT	-0.0514355232159	47	0	0	-0.0155516900373	72	0.0420367492676	1	-0.0289279075058	119	-0.0274929551942	120	-0.0152826010548	68	-0.020135640528	4	-0.0141543039039	6	0.0140979208648	1	-0.0669872132532	-0.0249504639857	-0.0667181242707	-0.0811415171571	-0.0528892923885
M01_L_TO_L:G808-E1418	M01_L_TO_L	CORE13	L	L	G808-E1418	ch	ol	0	f94r	f94r	G808-P0348	f94r.4	4	9	H	B	3	3	EXACT	-0.0219796891838	27	-0.108601879963	1	0.00554934381526	71	0.00592745652329	1	-0.00258667116517	99	-0.00168725045798	100	0.0127661945109	67	-0.115339103874	4	0.0792451664545	6	0.00544256003502	1	-0.125032225332	-0.119104768809	-0.117815374636	-0.0457870588776	-0.119589665297
M01_L_TO_L:G808-E1427	M01_L_TO_L	CORE13	L	L	G808-E1427	ch	ol	0	f95r1	f95r	G808-P0353	f95r1.9	9	3	H	B	3	3	EXACT	-0.0405694031429	22	-0.107596889033	2	-0.00250482449008	71	0	0	-0.0130370246916	95	-0.0121352384546	95	-0.00974549945442	67	0.118773292043	4	-0.000946025702676	6	0	0	-0.150671116666	-0.150671116666	-0.157911791631	-0.151617142369	-0.150671116666
M01_L_TO_L:G808-E1430	M01_L_TO_L	CORE13	L	L	G808-E1430	ch	ol	0	f95r2	f95r	G808-P0354	f95r2.2	2	4	H	B	3	3	EXACT	-0.0569896294714	13	-0.116827620553	2	-0.0157951052837	71	0	0	-0.0238732235412	86	-0.0229714373041	86	-0.0113572417969	67	-0.0901325078073	4	-0.0767956817889	6	0	0	-0.189612355308	-0.189612355308	-0.185174491821	-0.266408037097	-0.189612355308
M01_L_TO_L:G808-E1447	M01_L_TO_L	CORE13	L	L	G808-E1447	ch	ol	0	f96r	f96r	G808-P0361	f96r.8	8	5	H	A	1	2	EXACT	0.00439981499448	25	0	0	-0.0167005151744	72	0	0	-0.0107173542271	97	-0.00966296341511	97	-0.0155395604683	68	-0.0364455588262	4	0.019283550594	6	-0.361286870122	1	-0.01230070018	-0.01230070018	-0.0111397454738	0.00698285041402	-0.373587570302
M01_L_TO_L:G808-E1449	M01_L_TO_L	CORE13	L	L	G808-E1449	ch	eol	1	f96r	f96r	G808-P0361	f96r.12	12	2	H	A	1	3	EXACT	0.00439981499448	25	-0.423475349222	1	-0.0151509485274	72	-0.0400147479619	1	-0.0138923417477	98	-0.0133245644066	99	-0.0280766057647	68	0.204576410861	4	0.0683167466884	6	0.0109644957011	1	-0.434226482755	-0.474241230717	-0.447152139992	-0.365909736066	-0.423261987054
M01_L_TO_L:G808-E1454	M01_L_TO_L	CORE13	L	L	G808-E1454	ch	ol	0	f99r	f99r	G808-P0363	f99r.18	18	2	P	A	1	3	EXACT	0.0197567899653	15	-0.124131355769	2	0.0431704542722	72	0	0	0.0338827535204	89	0.035122830509	89	0.0340693261281	68	0.197880784585	4	-0.00810408587195	6	0	0	-0.0612041115315	-0.0612041115315	-0.0703052396755	-0.0693081974034	-0.0612041115315
M01_L_TO_L:G808-E1472	M01_L_TO_L	CORE13	L	L	G808-E1472	ch	ol	0	f99r	f99r	G808-P0366	f99r.48	48	4	P	A	1	2	EXACT	0.106070472616	19	0	0	0.0162953173778	72	0	0	0.0339724198953	91	0.0352124968839	91	0.0217048219258	68	-0.0756751080752	4	-0.00628523888258	6	0	0	0.122365789994	0.122365789994	0.127775294542	0.116080551111	0.122365789994
M01_L_TO_L:G808-E1479	M01_L_TO_L	CORE13	L	L	G808-E1479	ch	ol	0	f99v	f99v	G808-P0368	f99v.23	23	2	P	A	1	2	EXACT	-0.027622105336	15	0	0	0.0289820029236	72	-0.16731687518	1	0.01894235274	87	0.0177189249244	88	0.018262433021	68	0.211205347496	4	-0.0348481569217	6	-0.167916935679	1	0.00135989758758	-0.165956977592	-0.00935967231495	-0.0334882593342	-0.166557038091
M01_L_TO_L:G808-E1487	M01_L_TO_L	CORE13	L	L	G808-E1487	ch	eol	1	f99v	f99v	G808-P0369	f99v.35	35	4	P	A	1	2	EXACT	0.1392501789	15	-0.0338225993588	1	0.0157981483972	72	0	0	0.0358198563779	88	0.03699892926	88	0.0288421615517	68	-0.205959418999	4	-0.0460042413821	6	0	0	0.121225727938	0.121225727938	0.134269741093	0.0752214865563	0.121225727938
M01_L_TO_L:G808-E0090	M01_L_TO_L	CORE13	L	L	G808-E0090	ch	ol	0	f9r	f9r	G808-P0030	f9r.2	2	2	H	A	1	3	EXACT	-0.191937130601	22	-0.201001302018	2	-0.033800618551	72	0	0	-0.0731493086965	96	-0.0720306742328	96	-0.0472139949333	68	0.194216310277	4	-0.0293308541546	6	0	0	-0.42673905117	-0.42673905117	-0.440152427552	-0.456069905324	-0.42673905117
M01_L_TO_L:G808-E0094	M01_L_TO_L	CORE13	L	L	G808-E0094	ch	ol	0	f9r	f9r	G808-P0031	f9r.7	7	2	H	A	1	3	EXACT	-0.0331744524596	17	0.394857648205	1	-0.0128299800654	72	0.00754006587201	1	-0.0117094557476	90	-0.0106368779236	91	-0.0250097894779	68	0.194216310277	4	0.0291022783587	6	0.0327821389846	2	0.34885321568	0.356393281552	0.336673406268	0.377955494039	0.381635354665
M01_L_TO_L:G808-E0098	M01_L_TO_L	CORE13	L	L	G808-E0098	ch	ol	0	f9v	f9v	G808-P0032	f9v.2	2	5	H	A	1	3	EXACT	-0.190560729629	15	-0.177749978832	4	-0.0346504517446	72	0.0327481558039	2	-0.0665079223931	91	-0.0638258606267	93	-0.0357726174705	68	-0.0155829010326	4	-0.0895375312117	6	0.0200702901492	2	-0.402961160205	-0.370213004401	-0.404083325931	-0.492498691417	-0.382890870056
M01_L_TO_L:G808-E0103	M01_L_TO_L	CORE13	L	L	G808-E0103	ch	ol	0	f9v	f9v	G808-P0033	f9v.10	10	3	H	A	1	2	EXACT	-0.154583878094	23	0	0	-0.0458958690256	72	0.103026951822	1	-0.0715747649549	95	-0.0689743036978	96	-0.0433301893131	68	-0.0895216907657	4	-0.10836958432	6	0.0582635503428	1	-0.20047974712	-0.097452795298	-0.197914067407	-0.30884933144	-0.142216196777
M01_L_TO_L:G808-E1502	M01_L_TO_L	CORE13	L	L	G808-E1502	cth	eol	1	f100r	f100r	G808-P0372	f100r.25	25	5	P	A	1	2	EXACT	0.0766280612943	18	0	0	-0.0110815480482	72	-0.0236319564386	2	0.00302453324859	90	0.00312540061998	92	-0.00898188647573	68	-0.0467801758772	4	-0.121962724522	6	-0.0672420527487	2	0.0655465132461	0.0419145568075	0.0676461748186	-0.0564162112764	-0.0016955395026
M01_L_TO_L:G808-E2068	M01_L_TO_L	CORE13	L	L	G808-E2068	cth	ol	0	f113v	f113v	G808-P0596	f113v.14	14	6	S	B	3	3	EXACT	0.0927385271635	22	0.148319442283	6	0.0257943970385	72	-0.0221380622205	2	0.0444426447707	100	0.043804503414	102	0.0317391152905	68	-0.0752688198339	4	-0.0497715590484	6	-0.0369746208083	2	0.266852366485	0.244714304265	0.272797084737	0.217080807437	0.229877745677
M01_L_TO_L:G808-E2074	M01_L_TO_L	CORE13	L	L	G808-E2074	cth	ol	0	f113v	f113v	G808-P0599	f113v.25	25	7	S	B	3	3	EXACT	0.0962349956327	10	0	0	0.0119549101124	72	0.0391018640117	1	0.0174578641415	82	0.0185030607997	83	0.0153510503929	68	-0.0457824812446	4	-0.00528412992957	6	0.0883199149042	1	0.108189905745	0.147291769757	0.111586046026	0.102905775816	0.196509820649
M01_L_TO_L:G808-E0168	M01_L_TO_L	CORE13	L	L	G808-E0168	cth	eol	1	f17v	f17v	G808-P0058	f17v.11	11	3	H	A	1	1	EXACT	-0.0354024498467	62	0	0	-0.012375431043	72	0	0	-0.022337983373	134	-0.0212488161911	134	-0.0137281628583	68	0.0106166610511	4	-0.0809053862579	6	0	0	-0.0477778808897	-0.0477778808897	-0.049130612705	-0.128683267148	-0.0477778808897
M01_L_TO_L:G808-E0170	M01_L_TO_L	CORE13	L	L	G808-E0170	cth	ol	0	f17v	f17v	G808-P0058	f17v.13	13	4	H	A	1	1	EXACT	-0.0354024498467	62	0	0	-0.0229927522437	72	0	0	-0.0280428126748	134	-0.0269536454929	134	-0.0185394349885	68	-0.0987034943476	4	-0.0904349152752	6	0	0	-0.0583952020904	-0.0583952020904	-0.0539418848352	-0.148830117366	-0.0583952020904
M01_L_TO_L:G808-E0177	M01_L_TO_L	CORE13	L	L	G808-E0177	cth	ol	0	f17v	f17v	G808-P0058	f17v.16	16	4	H	A	1	1	EXACT	-0.0354024498467	62	0	0	-0.0235639593153	72	0	0	-0.0283497299073	134	-0.0272605627254	134	-0.0212665099247	68	-0.0626249477203	4	-0.0229590820692	6	0	0	-0.058966409162	-0.058966409162	-0.0566689597714	-0.0819254912312	-0.058966409162
M01_L_TO_L:G808-E0181	M01_L_TO_L	CORE13	L	L	G808-E0181	cth	ol	0	f18r	f18r	G808-P0060	f18r.5	5	4	H	A	1	2	EXACT	-0.0905449139239	26	0	0	-0.036071044089	72	-0.0714185061265	1	-0.0528736144352	98	-0.052271206191	99	-0.0299781008137	68	-0.139655489016	4	-0.0704599056074	6	-0.0709548880465	1	-0.126615958013	-0.198034464139	-0.120523014738	-0.19707586362	-0.197570846059
M01_L_TO_L:G808-E0185	M01_L_TO_L	CORE13	L	L	G808-E0185	cth	ol	0	f18r	f18r	G808-P0060	f18r.12	12	2	H	A	1	2	EXACT	-0.0905449139239	26	-0.0866993384941	1	-0.0289111545699	72	-0.36281205886	1	-0.0480721638685	99	-0.0504283184623	100	-0.0364693747086	68	0.0995741785402	4	-0.0191316500809	6	-0.199564542561	2	-0.206155406988	-0.568967465848	-0.213713627127	-0.225287057069	-0.405719949549
M01_L_TO_L:G808-E0196	M01_L_TO_L	CORE13	L	L	G808-E0196	cth	ol	0	f19v	f19v	G808-P0063	f19v.6	6	3	H	A	1	2	EXACT	-0.174424559334	16	0	0	-0.0300931757625	72	0.144196214148	1	-0.0588732095622	88	-0.0557605477812	89	-0.0266135376001	68	-0.0892516968706	4	-0.0897616873083	6	0.207666330556	1	-0.204517735096	-0.0603215209478	-0.201038096934	-0.294279422404	0.00314859546002
M01_L_TO_L:G808-E0199	M01_L_TO_L	CORE13	L	L	G808-E0199	cth	ol	0	f19v	f19v	G808-P0064	f19v.14	14	3	H	A	1	1	EXACT	-0.230329325479	21	0	0	-0.00430805817145	72	0	0	-0.0574137500859	93	-0.0564017810237	93	-0.0113626426712	68	0.115615205979	4	0.0422934449688	6	0	0	-0.234637383651	-0.234637383651	-0.241691968151	-0.192343938682	-0.234637383651
M01_L_TO_L:G808-E0226	M01_L_TO_L	CORE13	L	L	G808-E0226	cth	ol	0	f22r	f22r	G808-P0074	f22r.3	3	6	H	A	1	3	EXACT	-0.108621116342	16	0.000303761946082	1	-0.0247822580832	72	-0.0290113699679	2	-0.0424635614875	89	-0.041598127945	91	-0.0209345639515	68	-0.0901976396885	4	0.0807557503176	6	-0.0719866240784	2	-0.133099612479	-0.162110982447	-0.129251918347	-0.0523438621612	-0.205086236557
M01_L_TO_L:G808-E0251	M01_L_TO_L	CORE13	L	L	G808-E0251	cth	ol	0	f24r	f24r	G808-P0085	f24r.7	7	6	H	A	1	2	EXACT	-0.068640932722	49	0	0	-0.00860317974951	70	-0.0433464412349	2	-0.0335363651499	119	-0.0329672487884	121	-0.00746364345709	66	-0.0274069921884	4	0.0176863575895	6	-0.0344526813593	2	-0.0772441124715	-0.120590553706	-0.0761045761791	-0.059557754882	-0.111696793831
M01_L_TO_L:G808-E0291	M01_L_TO_L	CORE13	L	L	G808-E0291	cth	ol	0	f28r	f28r	G808-P0095	f28r.4	4	5	H	A	1	2	EXACT	-0.0645746622965	23	-0.097937490874	1	-0.057943163141	72	0	0	-0.0617679061982	96	-0.0610377160661	96	-0.0554117319383	68	-0.100982217577	4	-0.101984021251	6	0	0	-0.220455316312	-0.220455316312	-0.217923885109	-0.322439337562	-0.220455316312
M01_L_TO_L:G808-E0304	M01_L_TO_L	CORE13	L	L	G808-E0304	cth	ol	0	f28v	f28v	G808-P0098	f28v.8	8	9	H	A	1	3	EXACT	-0.0565211351358	13	0.186172641587	1	-0.0144553233105	72	0.13649643171	1	-0.022071322867	86	-0.0194599781738	87	-0.0221481953054	68	0.116319132181	4	-0.0260610657758	6	-0.037669302396	2	0.11519618314	0.251692614851	0.107503311146	0.0891351173646	0.0775268807444
M01_L_TO_L:G808-E0312	M01_L_TO_L	CORE13	L	L	G808-E0312	cth	ol	0	f30v	f30v	G808-P0106	f30v.3	3	3	H	A	1	3	EXACT	-0.0638082419924	31	-0.24505289254	1	-0.0207047632997	72	0.134744116317	1	-0.0375862636293	104	-0.035085541489	105	-0.0209397214739	68	-0.016714858667	4	-0.0249049181348	6	-0.182349825947	2	-0.329565897832	-0.194821781514	-0.329800856006	-0.354470815967	-0.511915723779
M01_L_TO_L:G808-E0324	M01_L_TO_L	CORE13	L	L	G808-E0324	cth	ol	0	f32r	f32r	G808-P0110	f32r.3	3	3	H	A	1	2	EXACT	-0.116798004558	15	-0.335160606413	1	-0.0392279340854	72	-0.0871242293143	1	-0.0593429933845	88	-0.0588403698745	89	-0.0404912392385	68	-0.0177562458634	4	-0.117945853647	6	-0.122503569657	1	-0.491186545056	-0.578310774371	-0.49244985021	-0.609132398704	-0.613690114714
M01_L_TO_L:G808-E0335	M01_L_TO_L	CORE13	L	L	G808-E0335	cth	ol	0	f32v	f32v	G808-P0113	f32v.10	10	8	H	A	1	3	EXACT	-0.155748751229	20	-0.079095069941	3	-0.0339218069315	72	0.22957060665	1	-0.0643103011733	95	-0.0603622962219	96	-0.0309418318635	68	-0.0845857798105	4	0.0694277903698	6	0.138459242573	2	-0.268765628102	-0.0391950214514	-0.265785653034	-0.199337837732	-0.130306385529
M01_L_TO_L:G808-E0354	M01_L_TO_L	CORE13	L	L	G808-E0354	cth	ol	0	f35r	f35r	G808-P0122	f35r.14	14	1	H	A	1	2	EXACT	-0.0197312752296	29	-0.123771704412	2	-0.0181363319356	72	0.0837827271536	1	-0.0228475337979	103	-0.0209358965636	104	-0.0212798947744	68	0.0352998138409	4	-0.0601525849468	6	0.215164978869	1	-0.161639311578	-0.0778565844242	-0.164782874416	-0.221791896525	0.0535256672916
M01_L_TO_L:G808-E0366	M01_L_TO_L	CORE13	L	L	G808-E0366	cth	ol	0	f36r	f36r	G808-P0125	f36r.7	7	2	H	A	1	2	EXACT	-0.156375309085	18	0	0	-0.0150174454541	72	-0.210092067434	1	-0.0463747682271	90	-0.0473492790707	91	-0.0260982374051	68	0.173351500995	4	-0.0824692424792	6	-0.210058407031	1	-0.171392754539	-0.381484821973	-0.18247354649	-0.253861997019	-0.38145116157
M01_L_TO_L:G808-E0368	M01_L_TO_L	CORE13	L	L	G808-E0368	cth	ol	0	f36r	f36r	G808-P0125	f36r.8	8	2	H	A	1	2	EXACT	-0.156375309085	18	0	0	-0.0116041517845	72	0.102539147852	1	-0.0436441332914	90	-0.0412131432521	91	-0.0117365711453	68	-0.00935753936814	4	-0.0239860221605	6	0.102572808255	1	-0.16797946087	-0.065440313018	-0.168111880231	-0.19196548303	-0.0654066526147
M01_L_TO_L:G808-E0372	M01_L_TO_L	CORE13	L	L	G808-E0372	cth	ol	0	f36v	f36v	G808-P0127	f36v.13	13	3	H	A	1	2	EXACT	-0.150509173347	19	0	0	-0.0175761093149	72	-0.110273920897	1	-0.0484974066884	91	-0.048317041774	92	-0.0188272687809	68	0.00368920488513	4	-0.0696820083884	6	-0.0449241815721	1	-0.168085282662	-0.278359203559	-0.169336442128	-0.23776729105	-0.213009464234
M01_L_TO_L:G808-E0379	M01_L_TO_L	CORE13	L	L	G808-E0379	cth	ol	0	f37v	f37v	G808-P0132	f37v.11	11	3	H	A	1	2	EXACT	-0.144577029099	14	0	0	-0.040230735797	72	-0.357256138433	1	-0.0605776129632	86	-0.063190120587	87	-0.0429031046576	68	0.00519494796818	4	0.0287139984001	6	-0.334704665029	1	-0.184807764896	-0.542063903329	-0.187480133756	-0.156093766496	-0.519512429925
M01_L_TO_L:G808-E0014	M01_L_TO_L	CORE13	L	L	G808-E0014	cth	ol	0	f3r	f3r	G808-P0005	f3r.1	1	4	H	A	1	2	EXACT	-0.0862985789524	19	0	0	-0.00630493388442	72	0	0	-0.027360461395	91	-0.0261945583261	91	-0.00210581676013	68	-0.0776944240162	4	0.0132153125454	6	0	0	-0.0926035128369	-0.0926035128369	-0.0884043957126	-0.0793882002915	-0.0926035128369
M01_L_TO_L:G808-E0017	M01_L_TO_L	CORE13	L	L	G808-E0017	cth	ol	0	f3r	f3r	G808-P0005	f3r.5	5	5	H	A	1	2	EXACT	-0.0862985789524	19	0	0	-0.00910752370552	72	-0.0702161941142	1	-0.0295778950996	91	-0.0290556799621	92	-0.0170823452976	68	0.126459944342	4	-0.0273258268187	6	-0.0744009508142	1	-0.095406102658	-0.165622296772	-0.10338092425	-0.122731929477	-0.169807053472
M01_L_TO_L:G808-E0417	M01_L_TO_L	CORE13	L	L	G808-E0417	cth	ol	0	f42r	f42r	G808-P0149	f42r.8	8	3	H	A	1	2	EXACT	-0.122264051639	26	-0.311300284697	1	-0.0473921226379	72	-0.239117884981	1	-0.0720339015288	99	-0.0728284616247	100	-0.0493178328645	68	-0.0146595506667	4	-0.0516281240798	6	-0.252518448641	1	-0.480956458974	-0.720074343955	-0.482882169201	-0.532584583054	-0.733474907615
M01_L_TO_L:G808-E0421	M01_L_TO_L	CORE13	L	L	G808-E0421	cth	ol	0	f42r	f42r	G808-P0149	f42r.10	10	6	H	A	1	2	EXACT	-0.122264051639	26	-0.0404366085383	1	-0.0385545952675	72	0	0	-0.062870612167	99	-0.0618280125505	99	-0.0359111812303	68	-0.083497135781	4	-0.0742978492232	6	0	0	-0.201255255445	-0.201255255445	-0.198611841408	-0.275553104669	-0.201255255445
M01_L_TO_L:G808-E0457	M01_L_TO_L	CORE13	L	L	G808-E0457	cth	ol	0	f44v	f44v	G808-P0162	f44v.1	1	3	H	A	1	2	EXACT	-0.235865960127	7	0	0	-0.0268039596776	72	0	0	-0.049176916623	79	-0.0482445796855	79	-0.0333182104223	68	0.0839337001287	4	0.00102066256441	6	0.198590431401	1	-0.262669919804	-0.262669919804	-0.269184170549	-0.26164925724	-0.064079488403
M01_L_TO_L:G808-E0469	M01_L_TO_L	CORE13	L	L	G808-E0469	cth	ol	0	f44v	f44v	G808-P0163	f44v.7	7	3	H	A	1	2	EXACT	-0.185987204732	18	0	0	-0.0246299553495	72	-0.238421896584	1	-0.0595229892016	90	-0.0607237187533	91	-0.0209946310425	68	-0.0864350714206	4	0.0633650195799	6	-0.245717249612	1	-0.210617160082	-0.449039056666	-0.206981835775	-0.147252140502	-0.456334409694
M01_L_TO_L:G808-E0473	M01_L_TO_L	CORE13	L	L	G808-E0473	cth	ol	0	f44v	f44v	G808-P0164	f44v.12	12	6	H	A	1	2	EXACT	-0.147942449936	19	0	0	-0.0264732344952	72	0	0	-0.0543596951597	91	-0.0534273582222	91	-0.0350348937959	68	0.119070370765	4	-0.0441449452424	6	0	0	-0.174415684432	-0.174415684432	-0.182977343732	-0.218560629674	-0.174415684432
M01_L_TO_L:G808-E0550	M01_L_TO_L	CORE13	L	L	G808-E0550	cth	ol	0	f49v	f49v	G808-P0186	f49v.22	22	2	H	A	1	1	EXACT	-0.0982162190634	30	0	0	-0.0167210143958	72	-0.37478046161	1	-0.0414563238481	102	-0.0437133621957	103	-0.0181290782744	68	0.00721172627889	4	-0.0714719646212	6	-0.349589886386	1	-0.114937233459	-0.489717695069	-0.116345297338	-0.18640919808	-0.464527119845
M01_L_TO_L:G808-E0031	M01_L_TO_L	CORE13	L	L	G808-E0031	cth	ol	0	f4r	f4r	G808-P0011	f4r.2	2	4	H	A	1	2	EXACT	-0.0782701283879	14	0.198959897311	1	-0.0306987296738	72	0	0	-0.0395071174004	87	-0.0384902219894	87	-0.0263810176317	68	-0.104104231113	4	-0.0742365186398	6	0	0	0.0899910392497	0.0899910392497	0.0943087512918	0.0157545206098	0.0899910392497
M01_L_TO_L:G808-E0034	M01_L_TO_L	CORE13	L	L	G808-E0034	cth	ol	0	f4r	f4r	G808-P0012	f4r.7	7	2	H	A	1	2	EXACT	-0.132238571337	17	0	0	-0.0301702652149	72	-0.199730638098	2	-0.0530334989977	89	-0.0555966026888	91	-0.0315432471656	68	-0.0068339687776	4	-0.0244267493841	6	-0.187509315644	2	-0.162408836552	-0.36213947465	-0.163781818503	-0.186835585936	-0.349918152197
M01_L_TO_L:G808-E0035	M01_L_TO_L	CORE13	L	L	G808-E0035	cth	ol	0	f4v	f4v	G808-P0014	f4v.8	8	3	H	A	1	2	EXACT	0.0222794096688	20	0	0	-0.0463786991627	71	-0.11969210639	2	-0.0342985926733	91	-0.0354585515254	93	-0.0437578166912	67	-0.0902812603197	4	0.100470609603	6	-0.136799514398	2	-0.0240992894939	-0.143791395884	-0.0214784070224	0.0763713201086	-0.160898803892
M01_L_TO_L:G808-E0595	M01_L_TO_L	CORE13	L	L	G808-E0595	cth	eol	1	f52v	f52v	G808-P0194	f52v.4	4	3	H	A	1	2	EXACT	-0.180703984669	18	0	0	-0.0137867329474	72	0	0	-0.0502997324863	90	-0.0492486715095	90	-0.0140751651745	68	-0.00888760945891	4	-0.11486185004	6	0	0	-0.194490717617	-0.194490717617	-0.194779149844	-0.309352567657	-0.194490717617
M01_L_TO_L:G808-E0607	M01_L_TO_L	CORE13	L	L	G808-E0607	cth	ol	0	f53v	f53v	G808-P0197	f53v.3	3	5	H	A	1	2	EXACT	-0.130697963189	29	0	0	-0.0282042591171	72	-0.218001859111	1	-0.0596893261953	101	-0.0603624002693	102	-0.0247012003122	68	-0.0877607584021	4	0.03014924046	6	-0.217930848981	1	-0.158902222307	-0.376904081418	-0.155399163502	-0.128752981846	-0.376833071288
M01_L_TO_L:G808-E0619	M01_L_TO_L	CORE13	L	L	G808-E0619	cth	ol	0	f54v	f54v	G808-P0198	f54v.12	12	3	H	A	1	1	EXACT	-0.0569763475433	50	0	0	-0.01187369338	72	0	0	-0.030729444703	122	-0.0296020354123	122	-0.012633170295	68	0.00103266036616	4	-0.166491461963	6	0.131365251721	1	-0.0688500409234	-0.0688500409234	-0.0696095178383	-0.235341502887	0.0625152107974
M01_L_TO_L:G808-E0628	M01_L_TO_L	CORE13	L	L	G808-E0628	cth	ol	0	f56r	f56r	G808-P0204	f56r.11	11	4	H	A	1	2	EXACT	-0.134492301304	29	-0.134198249786	1	-0.0455959917956	72	0.135169032047	1	-0.0738448822601	102	-0.0708908262935	103	-0.0398732141552	68	-0.142887621641	4	0.142233518331	6	0.0205143613486	2	-0.314286542886	-0.17911751084	-0.308563765246	-0.172053024555	-0.293772181538
M01_L_TO_L:G808-E0056	M01_L_TO_L	CORE13	L	L	G808-E0056	cth	ol	0	f6v	f6v	G808-P0020	f6v.7	7	4	H	A	1	1	EXACT	-0.069027609794	33	0	0	-0.0106872535763	72	0.134489030719	1	-0.0306509583368	105	-0.0282241529771	106	-0.00696088788629	68	-0.074039923612	4	-0.0981638259867	6	0.0477718134351	1	-0.0797148633703	0.0547741673485	-0.0759884976803	-0.177878689357	-0.0319430499353
M01_L_TO_L:G808-E0058	M01_L_TO_L	CORE13	L	L	G808-E0058	cth	ol	0	f6v	f6v	G808-P0020	f6v.14	14	3	H	A	1	1	EXACT	-0.069027609794	33	0	0	-0.0137106260298	72	0	0	-0.0327241280192	105	-0.0317012255257	105	-0.015487655454	68	0.016494420876	4	-0.126757820454	6	0	0	-0.0827382358238	-0.0827382358238	-0.084515265248	-0.209496056278	-0.0827382358238
M01_L_TO_L:G808-E0061	M01_L_TO_L	CORE13	L	L	G808-E0061	cth	ol	0	f7r	f7r	G808-P0022	f7r.7	7	2	H	A	1	2	EXACT	-0.0646647321139	20	-0.0224576745585	1	-0.0170290911875	72	0	0	-0.0302910377012	93	-0.0292768873879	93	-0.0280959228515	68	0.171102611147	4	-0.0645858756665	6	0	0	-0.10415149786	-0.10415149786	-0.115218329524	-0.168737373526	-0.10415149786
M01_L_TO_L:G808-E0067	M01_L_TO_L	CORE13	L	L	G808-E0067	cth	ol	0	f7v	f7v	G808-P0023	f7v.2	2	7	H	A	1	3	EXACT	-0.103042121882	19	0.0684274962551	1	-0.0599164689158	72	-0.0499298905971	2	-0.070534751423	92	-0.0694280992515	94	-0.0584025454829	68	-0.0856571876675	4	0.102226968848	6	-0.103631490339	3	-0.0945310945424	-0.144460985139	-0.0930171711095	0.00769587430517	-0.198162584882
M01_L_TO_L:G808-E1103	M01_L_TO_L	CORE13	L	L	G808-E1103	cth	ol	0	f82r	f82r	G808-P0283	f82r.5	5	5	B	B	2	2	EXACT	0.125581136201	33	-0.306108015069	1	-0.0032662850754	72	-0.108086329273	1	0.0328804420367	106	0.0324218649301	107	0.00103741277913	68	-0.076433258927	4	-0.0147185500742	6	-0.0128394542489	2	-0.183793163944	-0.291879493217	-0.179489466089	-0.198511714018	-0.196632618193
M01_L_TO_L:G808-E1328	M01_L_TO_L	CORE13	L	L	G808-E1328	cth	eol	1	f88r	f88r	G808-P0334	f88r.7	7	2	P	A	1	3	EXACT	-0.105958555139	22	0.628244095446	1	0.0110768882386	72	0	0	-0.0131786397335	95	-0.0120055304113	95	0.00142182942262	68	0.175208844815	4	0.0663755225123	6	0	0	0.533362428546	0.533362428546	0.52370736973	0.599737951058	0.533362428546
M01_L_TO_L:G808-E1341	M01_L_TO_L	CORE13	L	L	G808-E1341	cth	ol	0	f88r	f88r	G808-P0336	f88r.26	26	4	P	A	1	2	EXACT	-0.0707909497006	18	0	0	0.00313479283232	72	0.125147513376	2	-0.0158491141136	90	-0.0120201036044	92	0.0135577007454	68	-0.174058684986	4	0.0569259798763	6	0.158852571054	2	-0.0676561568683	0.0574913565075	-0.0572332489552	-0.0107301769919	0.0911964141855
M01_L_TO_L:G808-E1371	M01_L_TO_L	CORE13	L	L	G808-E1371	cth	ol	0	f89v1	f89v	G808-P0343	f89v1.6	6	10	P	A	1	3	EXACT	-0.0228539247549	32	-0.0753486598939	1	0.0200762258309	72	0	0	0.00439331408587	105	0.00538116932131	105	0.0146692827828	68	0.111989688398	4	0.132176013504	6	0	0	-0.0781263588179	-0.0781263588179	-0.083533301866	0.0540496546866	-0.0781263588179
M01_L_TO_L:G808-E1378	M01_L_TO_L	CORE13	L	L	G808-E1378	cth	ol	0	f89v1	f89v	G808-P0344	f89v1.15	15	3	P	A	1	3	EXACT	-0.0451322516224	37	0	0	0.0199679592939	72	0.13436543981	1	-0.00332233039863	109	-0.00122634355285	110	0.0154611570866	68	0.0965790275674	4	0.110107435451	6	-0.14008457629	2	-0.0251642923285	0.109201147481	-0.0296710945359	0.0849431431229	-0.165248868618
M01_L_TO_L:G808-E0082	M01_L_TO_L	CORE13	L	L	G808-E0082	cth	ol	0	f8v	f8v	G808-P0028	f8v.5	5	6	H	A	1	2	EXACT	-0.10054470964	33	0.171131023374	1	-0.0314323749994	72	0.0252944106735	1	-0.0525739941211	106	-0.0511425734267	107	-0.0314490989047	68	-0.0311528466813	4	-0.0913529549056	6	0.027335746738	1	0.0391539387346	0.0644483494081	0.0391372148293	-0.052199016171	0.0664896854726
M01_L_TO_L:G808-E1401	M01_L_TO_L	CORE13	L	L	G808-E1401	cth	ol	0	f93r	f93r	G808-P0346	f93r.20	20	2	H	A	1	1	EXACT	-0.0526179120893	54	0	0	-0.00306614629678	72	0	0	-0.0242514224794	126	-0.02331065746	126	-0.00678453630645	68	0.0601419690905	4	-0.00628108908532	6	0	0	-0.0556840583861	-0.0556840583861	-0.0594024483957	-0.0619651474714	-0.0556840583861
M01_L_TO_L:G808-E1404	M01_L_TO_L	CORE13	L	L	G808-E1404	cth	ol	0	f93r	f93r	G808-P0346	f93r.30	30	3	H	A	1	1	EXACT	-0.0526179120893	54	0	0	-0.00209766810393	72	0	0	-0.0236980063692	126	-0.0227572413498	126	-0.00950927493183	68	0.123895133193	4	-0.00681738159013	6	0	0	-0.0547155801932	-0.0547155801932	-0.0621271870211	-0.0615329617833	-0.0547155801932
M01_L_TO_L:G808-E1406	M01_L_TO_L	CORE13	L	L	G808-E1406	cth	ol	0	f93r	f93r	G808-P0346	f93r.31	31	3	H	A	1	1	EXACT	-0.0526179120893	54	0	0	-0.0113223610238	72	0.0430814370416	1	-0.0289692594663	126	-0.0275796264943	127	-0.0132426101665	68	0.0213173596247	4	-0.129995438549	6	0.132834174025	1	-0.0639402731131	-0.0208588360715	-0.0658605222558	-0.193935711662	0.0688939009123
M01_L_TO_L:G808-E1414	M01_L_TO_L	CORE13	L	L	G808-E1414	cth	ol	0	f93v	f93v	G808-P0347	f93v.9	9	6	H	A	1	3	EXACT	-0.0273982695496	33	0.123987769718	1	0.00591101916769	71	0	0	-0.00512246260208	105	-0.00408747010945	105	0.00690750935026	67	-0.0107849109369	4	0.00838631121325	6	0	0	0.102500519336	0.102500519336	0.103497009518	0.110886830549	0.102500519336
M01_L_TO_L:G808-E1460	M01_L_TO_L	CORE13	L	L	G808-E1460	cth	eol	1	f99r	f99r	G808-P0364	f99r.29	29	5	P	A	1	2	EXACT	0.00709228138814	10	0	0	-0.0319368737593	72	0	0	-0.0324940647498	82	-0.0313449322626	82	-0.0311889966594	68	-0.0446548480057	4	-0.108534487447	6	0	0	-0.0248445923711	-0.0248445923711	-0.0240967152712	-0.133379079818	-0.0248445923711
M01_L_TO_L:G808-E1478	M01_L_TO_L	CORE13	L	L	G808-E1478	cth	eol	1	f99v	f99v	G808-P0368	f99v.22	22	9	P	A	1	3	EXACT	0.0983521999242	8	-0.0271314395494	4	0.0230030856329	72	-0.208768947072	1	0.0226053951724	84	0.0207123206899	85	0.0291427651304	68	-0.0813757696532	4	-0.059248129716	6	-0.208193675715	1	0.0942238460076	-0.114545101064	0.100363525505	0.0349757162916	-0.113969829707
M01_L_TO_L:G808-E1674	M01_L_TO_L	CORE13	L	L	G808-E1674	k	ol	0	f105r	f105r	G808-P0442	f105r.17	17	6	S	B	3	3	EXACT	-0.0076425230542	31	-0.198552251403	1	0.0225535940927	71	0	0	0.0111195178203	103	0.0122974182593	103	0.0239770133972	67	-0.00128903274214	4	-0.071177987293	6	0.00912740629086	1	-0.183641180364	-0.183641180364	-0.18221776106	-0.254819167657	-0.174513774073
M01_L_TO_L:G808-E1853	M01_L_TO_L	CORE13	L	L	G808-E1853	k	eol	1	f108r	f108r	G808-P0525	f108r.31	31	1	S	B	3	2	EXACT	0.0513461866113	8	-0.127114805273	2	0.0211494073337	72	0	0	0.0195066576037	82	0.020544484362	82	0.020935425034	68	0.0247875830608	4	-0.0315755893879	6	0	0	-0.0546192113276	-0.0546192113276	-0.0548331936273	-0.0861948007155	-0.0546192113276
M01_L_TO_L:G808-E1878	M01_L_TO_L	CORE13	L	L	G808-E1878	k	eol	1	f108r	f108r	G808-P0530	f108r.48	48	5	S	B	3	3	EXACT	0.161499465169	10	0.0674889675425	2	0.032955743872	72	0.144888163384	2	0.0481901258666	84	0.0510995417908	86	0.0353568359736	68	-0.00786234522387	4	0.0245527826877	6	0.105305981783	2	0.261944176584	0.406832339968	0.264345268686	0.286496959272	0.367250158367
M01_L_TO_L:G808-E1905	M01_L_TO_L	CORE13	L	L	G808-E1905	k	eol	1	f108v	f108v	G808-P0537	f108v.30	30	3	S	B	3	3	EXACT	0.0896790989068	89	0.00935523229822	2	0.0165792398044	72	0	0	0.0566766462512	163	0.0577729230485	163	0.0125944745213	68	0.0843208931356	4	0.0180503230953	6	0	0	0.115613571009	0.115613571009	0.111628805726	0.133663894105	0.115613571009
M01_L_TO_L:G808-E1921	M01_L_TO_L	CORE13	L	L	G808-E1921	k	eol	1	f108v	f108v	G808-P0537	f108v.46	46	7	S	B	3	3	EXACT	0.0896790989068	89	0	0	0.0251815269633	72	0.278190724948	1	0.0611521177942	161	0.0634797959318	162	0.0263143865418	68	0.00592355764778	4	-0.0122469048251	6	0.277834942528	1	0.11486062587	0.393051350818	0.115993485449	0.102613721045	0.392695568398
M01_L_TO_L:G808-E2121	M01_L_TO_L	CORE13	L	L	G808-E2121	k	eol	1	f114v	f114v	G808-P0622	f114v.9	9	5	S	B	3	3	EXACT	-0.0253783411751	10	0.00196004041343	1	-0.00127889553523	72	-0.0805127151432	2	-0.00451906734728	83	-0.00571574027027	85	-0.0012071374137	68	-0.00249864727029	4	-0.0831900263219	6	0.00259049157259	2	-0.0246971962969	-0.10520991144	-0.0246254381754	-0.107887222619	-0.0221067047243
M01_L_TO_L:G808-E0132	M01_L_TO_L	CORE13	L	L	G808-E0132	k	ol	0	f14r	f14r	G808-P0045	f14r.4	4	2	H	A	1	2	EXACT	-0.137310013229	18	0	0	-0.0353965280643	72	-0.300117710155	1	-0.0561392268015	90	-0.0579931558907	91	-0.0417586002586	68	0.0727590322514	4	0.099217194024	6	-0.254529464672	2	-0.172706541294	-0.472824251449	-0.179068613488	-0.0734893472698	-0.427236005966
M01_L_TO_L:G808-E0135	M01_L_TO_L	CORE13	L	L	G808-E0135	k	ol	0	f14v	f14v	G808-P0047	f14v.1	1	7	H	A	1	3	EXACT	-0.170041605835	33	0	0	-0.0163202714644	72	0.207755950571	1	-0.0646929406618	105	-0.0612756546601	106	-0.0226469051198	68	0.091232842533	4	0.0228969664818	6	0.132734681692	1	-0.186361877299	0.0213940732711	-0.192688510955	-0.163464910818	-0.0536271956078
M01_L_TO_L:G808-E0144	M01_L_TO_L	CORE13	L	L	G808-E0144	k	ol	0	f16r	f16r	G808-P0050	f16r.2	2	3	H	A	1	3	EXACT	-0.149476613489	12	0	0	-0.0317198966991	72	-0.187730480094	1	-0.049109858269	84	-0.0499404213451	85	-0.0335171016906	68	-0.00116714884168	4	0.0403858712661	6	-0.200956281088	1	-0.181196510188	-0.368926990282	-0.18299371518	-0.140810638922	-0.382152791276
M01_L_TO_L:G808-E0261	M01_L_TO_L	CORE13	L	L	G808-E0261	k	eol	1	f24v	f24v	G808-P0087	f24v.10	10	4	H	A	1	2	EXACT	-0.0880176430167	20	0	0	-0.0342284108038	72	0	0	-0.046122862494	92	-0.0451456543653	92	-0.0352117363826	68	-0.0175098118928	4	0.0796968432328	6	0	0	-0.12224605382	-0.12224605382	-0.123229379399	-0.0425492105877	-0.12224605382
M01_L_TO_L:G808-E0284	M01_L_TO_L	CORE13	L	L	G808-E0284	k	eol	1	f27r	f27r	G808-P0093	f27r.3	3	3	H	A	1	2	EXACT	-0.135443889588	27	0.0643196364749	3	-0.0502105853612	72	-0.13126041961	1	-0.0699810369041	102	-0.0697505764301	103	-0.0568744307806	68	0.0630751100365	4	-0.0222563948539	6	-0.154721104626	1	-0.121334838474	-0.252595258084	-0.127998683894	-0.143591233328	-0.2760559431
M01_L_TO_L:G808-E0293	M01_L_TO_L	CORE13	L	L	G808-E0293	k	ol	0	f28r	f28r	G808-P0095	f28r.8	8	4	H	A	1	2	EXACT	-0.139681915657	28	-0.0446128423687	1	-0.0355939496847	72	-0.24616746305	2	-0.0640538974428	101	-0.0670844935314	103	-0.0318585369241	68	-0.0990956906308	4	-0.0944934480769	6	-0.251242167734	2	-0.21988870771	-0.46605617076	-0.216153294949	-0.314382155787	-0.471130875444
M01_L_TO_L:G808-E0005	M01_L_TO_L	CORE13	L	L	G808-E0005	k	ol	0	f2r	f2r	G808-P0002	f2r.9	9	3	H	A	1	3	EXACT	-0.071918620413	25	-0.217017705175	1	-0.0114985934387	72	0	0	-0.0291405873195	98	-0.0281579420423	98	-0.0173635872799	68	0.088206604283	4	0.114321406412	6	-0.154844746252	1	-0.300434919027	-0.300434919027	-0.306299912868	-0.186113512615	-0.455279665279
M01_L_TO_L:G808-E0007	M01_L_TO_L	CORE13	L	L	G808-E0007	k	eol	1	f2r	f2r	G808-P0002	f2r.10	10	7	H	A	1	3	EXACT	-0.071918620413	25	0	0	-0.033287675896	72	-0.0102546476101	2	-0.0433214751213	97	-0.0419829869048	99	-0.029414025368	68	-0.0991394324509	4	-0.0403052241397	6	-0.0254045501519	2	-0.105206296309	-0.115460943919	-0.101332645781	-0.145511520449	-0.130610846461
M01_L_TO_L:G808-E0012	M01_L_TO_L	CORE13	L	L	G808-E0012	k	eol	1	f2v	f2v	G808-P0004	f2v.6	6	5	H	A	1	3	EXACT	-0.148206925636	12	-0.199516495256	1	-0.0374151236172	72	0.169504982983	2	-0.0556149295861	85	-0.0498043364477	87	-0.0393164520587	68	-0.00509242582271	4	-0.0576334928126	6	0.135454693083	2	-0.38513854451	-0.215633561527	-0.387039872952	-0.442772037323	-0.249683851427
M01_L_TO_L:G808-E0333	M01_L_TO_L	CORE13	L	L	G808-E0333	k	eol	1	f32v	f32v	G808-P0113	f32v.10	10	2	H	A	1	3	EXACT	-0.20020633139	20	0.164626373141	4	-0.0238896340632	72	-0.0904038027852	2	-0.0533044918217	96	-0.053379420469	98	-0.0340775713469	68	0.149305641618	4	-0.00705286967317	6	-0.101945085183	2	-0.0594695923117	-0.149873395097	-0.0696575295954	-0.0665224619848	-0.161414677495
M01_L_TO_L:G808-E0359	M01_L_TO_L	CORE13	L	L	G808-E0359	k	ol	0	f35v	f35v	G808-P0123	f35v.7	7	5	H	A	1	2	EXACT	-0.178202883069	42	0	0	-0.0394351003252	72	-0.288154168263	2	-0.0904477259395	114	-0.0931098882756	116	-0.0428846848361	68	0.0192082119509	4	0.0302593866557	6	-0.281502416258	2	-0.217637983394	-0.505792151657	-0.221087567905	-0.187378596738	-0.499140399652
M01_L_TO_L:G808-E0370	M01_L_TO_L	CORE13	L	L	G808-E0370	k	eol	1	f36v	f36v	G808-P0127	f36v.7	7	2	H	A	1	2	EXACT	-0.125262933793	16	0.0635474867886	1	-0.0149392197413	72	-0.0960444043711	1	-0.0340908132237	89	-0.033974729068	90	-0.0247476553833	68	0.151804528031	4	0.0253229782752	6	-0.0514854147066	2	-0.0766546667456	-0.172699071117	-0.0864631023876	-0.0513316884704	-0.128140081452
M01_L_TO_L:G808-E0376	M01_L_TO_L	CORE13	L	L	G808-E0376	k	ol	0	f37r	f37r	G808-P0130	f37r.10	10	9	H	A	1	3	EXACT	-0.119562019838	14	0.0194124074213	3	-0.0399043440417	72	-0.075252305813	1	-0.0511119337093	89	-0.0505816619751	90	-0.0474960156958	68	0.0891544127311	4	0.0463897057625	6	-0.0973364290872	1	-0.140053956458	-0.215306262271	-0.147645628112	-0.0936642506957	-0.237390385545
M01_L_TO_L:G808-E0453	M01_L_TO_L	CORE13	L	L	G808-E0453	k	ol	0	f43v	f43v	G808-P0158	f43v.15	15	7	H	B	2	3	EXACT	-0.000762898489677	24	0	0	-0.010144502393	72	-0.0939579225013	1	-0.00801018572747	96	-0.00801628540163	97	-0.00480165846131	68	-0.100972495373	4	0.111369834221	6	-0.0937467071301	1	-0.0109074008827	-0.104865323384	-0.00556455695099	0.100462433339	-0.104654108013
M01_L_TO_L:G808-E0477	M01_L_TO_L	CORE13	L	L	G808-E0477	k	ol	0	f45r	f45r	G808-P0167	f45r.9	9	8	H	A	1	3	EXACT	-0.12120084169	16	0.000499725323956	1	-0.0143583161535	72	-0.178262932564	1	-0.0335856782348	89	-0.0344441792707	90	-0.0196180736171	68	0.0750578801152	4	0.0169010888844	6	-0.186022156272	1	-0.135059432519	-0.313322365083	-0.140319189983	-0.118158343635	-0.321081588791
M01_L_TO_L:G808-E0515	M01_L_TO_L	CORE13	L	L	G808-E0515	k	ol	0	f47v	f47v	G808-P0178	f47v.4	4	3	H	A	1	2	EXACT	-0.181906445089	19	-0.0320097847205	1	-0.0576086044193	72	0.0435136491756	2	-0.0834904754036	92	-0.0800982415102	94	-0.0604237459713	68	-0.00975133424123	4	-0.0509211341517	6	0.104925727499	2	-0.271524834229	-0.228011185053	-0.274339975781	-0.322445968381	-0.16659910673
M01_L_TO_L:G808-E0576	M01_L_TO_L	CORE13	L	L	G808-E0576	k	ol	0	f51r	f51r	G808-P0191	f51r.12	12	3	H	A	1	2	EXACT	-0.0894470891515	37	0	0	-0.00531717974765	72	0	0	-0.0339036700615	109	-0.0328676083235	109	-0.00570993265311	68	0.00135987666689	4	-0.0570543381083	6	0	0	-0.0947642688991	-0.0947642688991	-0.0951570218046	-0.151818607007	-0.0947642688991
M01_L_TO_L:G808-E0616	M01_L_TO_L	CORE13	L	L	G808-E0616	k	ol	0	f54v	f54v	G808-P0198	f54v.10	10	1	H	A	1	2	EXACT	-0.0656234364028	46	-0.231314519557	2	-0.0277706725785	72	-0.0395093672677	1	-0.045598355054	120	-0.0446017404113	121	-0.0313392049754	68	0.0328946158053	4	0.0583223975388	6	-0.0389523770912	1	-0.324708628539	-0.364217995806	-0.328277160936	-0.266386231	-0.36366100563
M01_L_TO_L:G808-E0630	M01_L_TO_L	CORE13	L	L	G808-E0630	k	eol	1	f56r	f56r	G808-P0204	f56r.19	19	2	H	A	1	1	EXACT	-0.143962837861	31	0	0	-0.0279580756567	72	-0.43734800511	1	-0.0629504536735	103	-0.0656697077147	104	-0.0339093577082	68	0.0732140578732	4	-0.00894593689902	6	-0.42371222801	1	-0.171920913518	-0.609268918628	-0.177872195569	-0.180866850417	-0.595633141528
M01_L_TO_L:G808-E0633	M01_L_TO_L	CORE13	L	L	G808-E0633	k	ol	0	f56v	f56v	G808-P0206	f56v.8	8	5	H	A	1	2	EXACT	-0.0753815701063	24	0	0	-0.034849657878	72	0	0	-0.0449488328944	96	-0.0439581666941	96	-0.0417149929701	68	0.0818613827611	4	-0.0271462175576	6	0	0	-0.110231227984	-0.110231227984	-0.117096563076	-0.137377445542	-0.110231227984
M01_L_TO_L:G808-E0658	M01_L_TO_L	CORE13	L	L	G808-E0658	k	ol	0	f58v	f58v	G808-P0212	f58v.32	32	9	S	A	3	3	EXACT	0.0387035285995	20	0.0427688284137	2	0.0272243031276	71	0.226052179262	1	0.0298602530112	93	0.0327863626366	94	0.0233833673319	67	0.0915608808008	4	-0.0132369086215	6	0.226111357819	1	0.108696660141	0.334748839403	0.104855724345	0.0954597515194	0.33480801796
M01_L_TO_L:G808-E0663	M01_L_TO_L	CORE13	L	L	G808-E0663	k	ol	0	f66r	f66r	G808-P0214	f66r.53	53	10	T	B	5	3	EXACT	0.142854484109	22	0	0	0.0245864080167	71	-0.0351011401757	1	0.0520196412344	93	0.0519521765837	94	0.0203072233945	67	0.0962624098274	4	0.0174380132213	6	0.0658686273944	2	0.167440892125	0.13233975195	0.163161707503	0.184878905347	0.23330951952
M01_L_TO_L:G808-E0704	M01_L_TO_L	CORE13	L	L	G808-E0704	k	ol	0	f75r	f75r	G808-P0222	f75r.17	17	7	B	B	2	3	EXACT	0.101766136776	87	0	0	-0.00576201277498	72	0	0	0.0537264097375	159	0.0547310212625	159	-0.000424553993261	68	-0.0964983233978	4	0.00464200519806	6	0	0	0.0960041240013	0.0960041240013	0.101341582783	0.100646129199	0.0960041240013
M01_L_TO_L:G808-E0918	M01_L_TO_L	CORE13	L	L	G808-E0918	k	eol	1	f78r	f78r	G808-P0247	f78r.25	25	2	B	B	2	2	EXACT	0.110183411694	53	0.237228705457	1	0.0256178272046	72	0	0	0.0631587094534	126	0.0642465741075	126	0.0229073337762	68	0.0716963541998	4	0.0746980205345	6	0	0	0.373029944356	0.373029944356	0.370319450927	0.44772796489	0.373029944356
M01_L_TO_L:G808-E1327	M01_L_TO_L	CORE13	L	L	G808-E1327	k	eol	1	f87v	f87v	G808-P0333	f87v.14	14	3	H	A	1	2	EXACT	-0.0342586535005	17	-0.103183756439	1	-0.0424667369596	72	0	0	-0.042137256363	90	-0.0411288385327	90	-0.0451107288843	68	0.00248159824017	4	0.033715725407	6	0	0	-0.179909146899	-0.179909146899	-0.182553138823	-0.146193421492	-0.179909146899
M01_L_TO_L:G808-E0088	M01_L_TO_L	CORE13	L	L	G808-E0088	k	ol	0	f8v	f8v	G808-P0029	f8v.14	14	5	H	A	1	2	EXACT	-0.0422258738277	23	-0.138194138709	1	-0.0176153743165	72	0	0	-0.0250267035124	96	-0.0241937265991	96	-0.0183571387432	68	-0.00500511522313	4	-0.1190536322	6	0	0	-0.198035386853	-0.198035386853	-0.19877715128	-0.317089019054	-0.198035386853
M01_L_TO_L:G808-E1395	M01_L_TO_L	CORE13	L	L	G808-E1395	k	eol	1	f93r	f93r	G808-P0346	f93r.10	10	3	H	A	1	2	EXACT	-0.044965486832	52	0	0	-0.0330920818081	72	0.40205439226	1	-0.0376346169965	124	-0.0331709519444	125	-0.0290336214978	68	-0.10208565005	4	0.0575225197587	6	0.402992821292	1	-0.0780575686401	0.32399682362	-0.0739991083298	-0.0205350488814	0.324935252652
M01_L_TO_L:G808-E1425	M01_L_TO_L	CORE13	L	L	G808-E1425	k	ol	0	f95r1	f95r	G808-P0352	f95r1.2	2	8	H	B	3	3	EXACT	-0.0229463253287	21	-0.0128329065107	2	0.0093723757533	71	0.00291353898806	2	0.00131713604537	94	0.00195064954287	96	0.00884993464342	67	0.018123275232	4	0.01625728493	6	-0.0188627749648	3	-0.0264068560861	-0.023493317098	-0.026929297196	-0.0101495711561	-0.0452696310509
M01_L_TO_L:G808-E0107	M01_L_TO_L	CORE13	L	L	G808-E0107	kch	ol	0	f10v	f10v	G808-P0036	f10v.3	3	3	H	A	1	2	EXACT	-0.12670917225	12	-0.0741700782143	1	-0.018380345252	72	0	0	-0.0393947773717	85	-0.0379052979554	85	-0.0194197877657	68	-0.00071181860154	4	-0.000877541146813	6	-0.0524881720493	1	-0.219259595716	-0.219259595716	-0.22029903823	-0.220137136863	-0.271747767766
M01_L_TO_L:G808-E2028	M01_L_TO_L	CORE13	L	L	G808-E2028	kch	ol	0	f113r	f113r	G808-P0577	f113r.6	6	12	S	B	3	3	EXACT	0.121051958822	21	0.0948415145855	6	0.0147038396137	72	0.183016488075	1	0.0381959734215	99	0.0408930015429	100	0.0164442696434	68	-0.0148849225429	4	-0.058844280624	6	0.306559935672	1	0.230597313021	0.413613801096	0.232337743051	0.171753032397	0.537157248693
M01_L_TO_L:G808-E0112	M01_L_TO_L	CORE13	L	L	G808-E0112	kch	ol	0	f11r	f11r	G808-P0038	f11r.2	2	8	H	A	1	3	EXACT	-0.293214072267	15	-0.0785858384933	2	-0.0365754249978	72	-0.350752210223	1	-0.0851603770319	89	-0.0869507680277	90	-0.0399946620228	68	0.0215497561519	4	-0.00682559020925	6	-0.342685373974	1	-0.408375335758	-0.759127545982	-0.411794572783	-0.415200925968	-0.751060709732
M01_L_TO_L:G808-E0122	M01_L_TO_L	CORE13	L	L	G808-E0122	kch	ol	0	f13r	f13r	G808-P0042	f13r.5	5	4	H	A	1	2	EXACT	-0.189597985192	22	0	0	-0.0558159728	72	0	0	-0.0905539708317	94	-0.0890563272485	94	-0.0521792279206	68	-0.117642479957	4	-0.0128431155374	6	0	0	-0.245413957992	-0.245413957992	-0.241777213112	-0.258257073529	-0.245413957992
M01_L_TO_L:G808-E0166	M01_L_TO_L	CORE13	L	L	G808-E0166	kch	ol	0	f17v	f17v	G808-P0058	f17v.9	9	3	H	A	1	1	EXACT	-0.0302198903632	64	0	0	-0.0408379983823	72	0.0561741997423	1	-0.0350234030776	136	-0.0332255680467	137	-0.0379627845461	68	-0.0897184261328	4	-0.0406115248205	6	0.105274650042	1	-0.0710578887455	-0.0148836890031	-0.0681826749093	-0.111669413566	0.0342167612961
M01_L_TO_L:G808-E0192	M01_L_TO_L	CORE13	L	L	G808-E0192	kch	ol	0	f19v	f19v	G808-P0063	f19v.2	2	2	H	A	1	2	EXACT	-0.147584498849	16	0	0	-0.0297964296198	72	-0.24323803376	1	-0.0548179434302	88	-0.0556999589253	89	-0.0449672611897	68	0.228105607724	4	0.0131721360409	6	-0.244117957636	1	-0.177380928469	-0.420618962229	-0.192551760039	-0.164208792428	-0.421498886105
M01_L_TO_L:G808-E0227	M01_L_TO_L	CORE13	L	L	G808-E0227	kch	ol	0	f22r	f22r	G808-P0076	f22r.7	7	1	H	A	1	2	EXACT	-0.275694932356	12	0.250905438095	1	-0.0178001110724	72	0	0	-0.0559884496419	85	-0.0545316073007	85	-0.0201976419128	68	0.0229559314982	4	0.0318940272024	6	0	0	-0.0425896053336	-0.0425896053336	-0.044987136174	-0.0106955781312	-0.0425896053336
M01_L_TO_L:G808-E0229	M01_L_TO_L	CORE13	L	L	G808-E0229	kch	ol	0	f22r	f22r	G808-P0077	f22r.10	10	1	H	A	1	3	EXACT	-0.300593605273	16	0.12704616778	2	-0.0285798922962	72	-0.0657951029648	2	-0.07781454192	90	-0.0765853297252	92	-0.0316115279146	68	0.0229559314982	4	-0.0390931807153	6	-0.113403352192	2	-0.202127329789	-0.267922432754	-0.205158965408	-0.241220510505	-0.315530681982
M01_L_TO_L:G808-E0286	M01_L_TO_L	CORE13	L	L	G808-E0286	kch	eol	1	f27r	f27r	G808-P0094	f27r.7	7	3	H	A	1	3	EXACT	-0.124249847729	19	0	0	-0.0557221615808	72	0.267608977879	1	-0.0739746571228	91	-0.0689829967129	92	-0.0588974617488	68	-0.00174390940819	4	-0.0235679933665	6	0.268329880947	1	-0.17997200931	0.0876369685694	-0.183147309477	-0.203540002676	0.0883578716377
M01_L_TO_L:G808-E0305	M01_L_TO_L	CORE13	L	L	G808-E0305	kch	eol	1	f29r	f29r	G808-P0100	f29r.5	5	1	H	A	1	3	EXACT	-0.243598635914	16	0.0879662004482	2	-0.0281229190381	72	0.0404474293491	1	-0.0684134199187	90	-0.065973181918	91	-0.0310116029749	68	0.0209828758234	4	-0.0053846849457	6	0.0412157905761	1	-0.183755354504	-0.143307925154	-0.18664403844	-0.189140039449	-0.142539563927
M01_L_TO_L:G808-E0028	M01_L_TO_L	CORE13	L	L	G808-E0028	kch	eol	1	f3v	f3v	G808-P0009	f3v.4	4	4	H	A	1	3	EXACT	-0.0670881218612	17	0	0	-0.0242363772455	71	0.193298897459	1	-0.0367838124016	88	-0.0329562191523	89	-0.0187827187609	67	-0.115585136801	4	0.0323376791013	6	0.194170530218	1	-0.0913244991067	0.101974398352	-0.0858708406221	-0.0589868200055	0.102846031112
M01_L_TO_L:G808-E0433	M01_L_TO_L	CORE13	L	L	G808-E0433	kch	ol	0	f42v	f42v	G808-P0152	f42v.11	11	4	H	A	1	3	EXACT	-0.0990567240802	26	-0.0454271417566	2	-0.0538761664278	72	0.0127935321233	2	-0.0685713265661	100	-0.0659339486943	102	-0.0500504450176	68	-0.118915327176	4	-0.0316539867715	6	0.112373229464	3	-0.198360032265	-0.185566500141	-0.194534310854	-0.230014019036	-0.085986802801
M01_L_TO_L:G808-E0475	M01_L_TO_L	CORE13	L	L	G808-E0475	kch	ol	0	f45r	f45r	G808-P0165	f45r.3	3	3	H	A	1	3	EXACT	-0.0950665234609	15	0.11661873503	1	-0.0300324851393	72	-0.207997657097	2	-0.0437522147453	88	-0.0464807847453	90	-0.0388691450174	68	0.120188757282	4	-0.0890074701051	6	-0.203253981161	2	-0.00848027357015	-0.216477930667	-0.0173169334482	-0.0974877436752	-0.211734254731
M01_L_TO_L:G808-E0560	M01_L_TO_L	CORE13	L	L	G808-E0560	kch	eol	1	f49v	f49v	G808-P0188	f49v.42	42	5	H	A	1	3	EXACT	-0.195744724518	27	-0.111956859338	1	-0.0473045976976	72	0.0129558627525	2	-0.0899504248741	100	-0.0869046607819	102	-0.0456337425358	68	-0.0757108879744	4	-0.0395754326656	6	-0.00979889055054	2	-0.355006181554	-0.342050318801	-0.353335326392	-0.394581614219	-0.364805072104
M01_L_TO_L:G808-E0625	M01_L_TO_L	CORE13	L	L	G808-E0625	kch	ol	0	f56r	f56r	G808-P0203	f56r.7	7	2	H	A	1	2	EXACT	-0.0718942077131	28	-0.153573379516	1	-0.0328145584514	72	0.0591574218692	1	-0.0476201823912	101	-0.0452630534147	102	-0.0433649025064	68	0.146539455211	4	-0.0314151179008	6	-0.0271598218173	1	-0.258282145681	-0.199124723812	-0.268832489736	-0.289697263582	-0.285441967498
M01_L_TO_L:G808-E0626	M01_L_TO_L	CORE13	L	L	G808-E0626	kch	ol	0	f56r	f56r	G808-P0204	f56r.9	9	2	H	A	1	1	EXACT	-0.169360197167	32	0	0	-0.0368925407679	72	0	0	-0.0798352226096	104	-0.0782908052058	104	-0.0476827661356	68	0.146539455211	4	0.0647318071789	6	0	0	-0.206252737935	-0.206252737935	-0.217042963303	-0.141520930756	-0.206252737935
M01_L_TO_L:G808-E0635	M01_L_TO_L	CORE13	L	L	G808-E0635	kch	ol	0	f56v	f56v	G808-P0206	f56v.11	11	4	H	A	1	2	EXACT	-0.0782902962237	21	0	0	-0.0455213889694	72	0.259739272028	1	-0.0563394717737	93	-0.0517621174544	94	-0.0417989118356	68	-0.108805450957	4	-0.066944292794	6	0.261006494483	1	-0.123811685193	0.135927586835	-0.120089208059	-0.190755977987	0.13719480929
M01_L_TO_L:G808-E0637	M01_L_TO_L	CORE13	L	L	G808-E0637	kch	ol	0	f56v	f56v	G808-P0206	f56v.14	14	3	H	A	1	2	EXACT	-0.0782902962237	21	0	0	-0.0471107356278	72	0	0	-0.0575699337027	93	-0.0561142525072	93	-0.0453732226891	68	-0.0766504062997	4	-0.0129194702337	6	0	0	-0.125401031851	-0.125401031851	-0.123663518913	-0.138320502085	-0.125401031851
M01_L_TO_L:G808-E0919	M01_L_TO_L	CORE13	L	L	G808-E0919	kch	ol	0	f78r	f78r	G808-P0248	f78r.28	28	4	B	B	2	3	EXACT	0.0837680589378	51	0	0	0.00468777364716	72	0.0144886141219	2	0.0373269746885	123	0.0380834820047	125	0.0117059284394	68	-0.114622893338	4	-0.0467415527418	6	0.083100877411	2	0.088455832585	0.102944446707	0.0954739873772	0.0417142798432	0.171556709996
M01_L_TO_L:G808-E1274	M01_L_TO_L	CORE13	L	L	G808-E1274	kch	ol	0	f86v5	f86v	G808-P0325	f86v5.30	30	7	T	B	2	2	EXACT	-0.0139888339105	66	-0.00740813320304	1	0.0161206539018	72	0	0	0.00296211948852	139	0.00472503931957	139	0.0237946794218	68	-0.114340681483	4	-0.0349436006334	6	-0.142393831813	1	-0.00527631321174	-0.00527631321174	0.00239771230824	-0.0402199138451	-0.147670145024
M01_L_TO_L:G808-E0083	M01_L_TO_L	CORE13	L	L	G808-E0083	kch	ol	0	f8v	f8v	G808-P0028	f8v.7	7	2	H	A	1	2	EXACT	-0.150514223027	30	0	0	-0.0303892077157	72	0.0382310161081	2	-0.0679212731508	102	-0.0648694061745	104	-0.0463122647266	68	0.240300730393	4	-0.0232475670701	6	-0.115031016267	3	-0.180903430743	-0.142672414635	-0.196826487754	-0.204150997813	-0.29593444701
M01_L_TO_L:G808-E1399	M01_L_TO_L	CORE13	L	L	G808-E1399	kch	ol	0	f93r	f93r	G808-P0346	f93r.13	13	3	H	A	1	2	EXACT	-0.042078081794	54	0	0	-0.0183589082059	72	-0.0687863176962	1	-0.0282877803472	126	-0.0273351882952	127	-0.0206119644697	68	0.0199411312021	4	-0.00437201083464	6	-0.0949916467514	1	-0.0604369899999	-0.129223307696	-0.0626900462638	-0.0648090008345	-0.155428636751
M01_L_TO_L:G808-E0102	M01_L_TO_L	CORE13	L	L	G808-E0102	kch	ol	0	f9v	f9v	G808-P0033	f9v.10	10	2	H	A	1	2	EXACT	-0.151744310455	27	0	0	-0.0383145058145	72	0.0910111667295	1	-0.0719581015981	99	-0.0690654360762	100	-0.0493853615396	68	0.149888177885	4	0.0347816837919	6	0.0560309871566	1	-0.19005881627	-0.0990476495404	-0.201129671995	-0.155277132478	-0.134027829113
M01_L_TO_L:G808-E1503	M01_L_TO_L	CORE13	L	L	G808-E1503	ok	eol	1	f100r	f100r	G808-P0372	f100r.25	25	10	P	A	1	2	EXACT	0.0722871329722	18	0.00538775267842	1	-0.00214830720634	72	0	0	0.00939399308535	91	0.0107662696741	91	-0.00329642145454	68	0.017368362333	4	-0.0798696113619	6	0	0	0.0755265784443	0.0755265784443	0.0743784641961	-0.00434303291759	0.0755265784443
M01_L_TO_L:G808-E1509	M01_L_TO_L	CORE13	L	L	G808-E1509	ok	ol	0	f100v	f100v	G808-P0373	f100v.17	17	4	P	A	1	2	EXACT	-0.0216458195956	27	0	0	0.00188676664716	72	0	0	-0.00624072135033	99	-0.00513632253444	99	0.0062274388433	68	-0.0719051278329	4	0.0409379084652	6	0	0	-0.0197590529484	-0.0197590529484	-0.0154183807523	0.0211788555168	-0.0197590529484
M01_L_TO_L:G808-E1526	M01_L_TO_L	CORE13	L	L	G808-E1526	ok	ol	0	f102r1	f102r	G808-P0376	f102r1.14	14	7	P	A	1	3	EXACT	-0.100907171292	11	0.0510039420046	1	0.0116747677133	72	0	0	-0.00948712219353	84	-0.00808999295148	84	0.0115521934742	68	0.0137578063048	4	-0.0984983448819	6	0.0467908729403	3	-0.0382284615743	-0.0382284615743	-0.0383510358134	-0.136726806456	0.00856241136594
M01_L_TO_L:G808-E1528	M01_L_TO_L	CORE13	L	L	G808-E1528	ok	eol	1	f102r1	f102r	G808-P0376	f102r1.16	16	6	P	A	1	3	EXACT	-0.100907171292	11	0	0	0.0145503335103	72	0	0	-0.00756106885993	83	-0.00616393961788	83	0.0145969102005	68	0.0137578063048	4	0.0382964189322	6	0.0428995456432	1	-0.0863568377819	-0.0863568377819	-0.0863102610917	-0.0480604188497	-0.0434572921387
M01_L_TO_L:G808-E1546	M01_L_TO_L	CORE13	L	L	G808-E1546	ok	eol	1	f102v2	f102v	G808-P0380	f102v2.32	32	4	P	A	1	3	EXACT	0.0785126527326	43	-0.0238511236933	4	0.00586365128808	72	0.0210541426374	1	0.0301236986017	119	0.030911595643	120	0.0108820068285	68	-0.0794493571506	4	0.114177189669	6	0.0426319715743	1	0.0605251803274	0.0815793229648	0.0655435358678	0.174702369997	0.103157151902
M01_L_TO_L:G808-E1555	M01_L_TO_L	CORE13	L	L	G808-E1555	ok	eol	1	f103r	f103r	G808-P0383	f103r.10	10	4	S	B	3	3	EXACT	0.166226932003	26	-0.161386137679	3	0.0264884674821	72	-0.0134870508801	1	0.0546113110772	101	0.0549652117123	102	0.0282254517132	68	-0.0030405388476	4	0.0674391173394	6	0.0278830772533	2	0.0313292618069	0.0178422109268	0.0330662460379	0.0987683791463	0.0592123390602
M01_L_TO_L:G808-E1636	M01_L_TO_L	CORE13	L	L	G808-E1636	ok	eol	1	f104v	f104v	G808-P0425	f104v.3	3	5	S	B	3	3	EXACT	0.09662377139	19	0.127610119501	2	0.0429138448723	72	-0.0561787597395	1	0.0530433444782	93	0.052857666983	94	0.0450336310284	68	0.00687637359752	4	0.00816854464721	6	-0.0522052855883	1	0.267147735763	0.210968976024	0.269267521919	0.27531628041	0.214942450175
M01_L_TO_L:G808-E1698	M01_L_TO_L	CORE13	L	L	G808-E1698	ok	eol	1	f105v	f105v	G808-P0450	f105v.12	12	3	S	B	3	3	EXACT	0.077647195668	33	-0.165349905739	4	0.0348802555257	72	0.0842116584644	2	0.0389742603174	109	0.0406153398863	111	0.031535982035	68	0.0917320030975	4	0.0820859036626	6	0.121909014948	2	-0.0528224545454	0.031389203919	-0.0561667280362	0.0292634491172	0.0690865604023
M01_L_TO_L:G808-E1704	M01_L_TO_L	CORE13	L	L	G808-E1704	ok	ol	0	f105v	f105v	G808-P0457	f105v.37	37	7	S	B	3	3	EXACT	-0.0214355207066	38	0.0787178958671	2	0.0202995205766	72	0	0	0.00625461693298	112	0.00742421055031	112	0.0214832760336	68	0.000174776036191	4	0.0124234000044	6	0	0	0.077581895737	0.077581895737	0.078765651194	0.0900052957414	0.077581895737
M01_L_TO_L:G808-E1725	M01_L_TO_L	CORE13	L	L	G808-E1725	ok	ol	0	f106r	f106r	G808-P0463	f106r.16	16	10	S	B	3	3	EXACT	-0.0198585177763	5	0.0234984732974	2	0.00521645914812	72	-0.0368537835882	2	-0.00118679492437	79	-0.00130434329581	81	0.00984615280235	68	-0.0734889075223	4	0.0242706734082	6	-0.0653031211234	2	0.0088564146692	-0.027997368919	0.0134861083234	0.0331270880774	-0.0564467064542
M01_L_TO_L:G808-E1766	M01_L_TO_L	CORE13	L	L	G808-E1766	ok	eol	1	f107r	f107r	G808-P0490	f107r.10	10	3	S	B	3	3	EXACT	0.105499016505	21	0.120644067993	1	0.0080980534459	72	0.113985418493	1	0.0279536365535	94	0.0300013309932	95	0.00425150834352	68	0.0734886682439	4	0.0771909817386	6	-0.0312545969752	2	0.234241137944	0.348226556437	0.230394592842	0.311432119683	0.202986540969
M01_L_TO_L:G808-E1786	M01_L_TO_L	CORE13	L	L	G808-E1786	ok	eol	1	f107v	f107v	G808-P0504	f107v.8	8	3	S	B	3	2	EXACT	0.188985688385	11	0	0	0.0272416889161	72	0.112924798298	1	0.0453466689089	83	0.0470622350952	84	0.0233276823495	68	0.0937799270652	4	-0.0822278785326	6	0.138550042235	1	0.216227377301	0.3291521756	0.212313370735	0.133999498769	0.354777419537
M01_L_TO_L:G808-E1806	M01_L_TO_L	CORE13	L	L	G808-E1806	ok	eol	1	f107v	f107v	G808-P0509	f107v.25	25	3	S	B	3	3	EXACT	0.185017763364	12	0.1112319998	2	0.0250985376333	72	0.0944365964773	1	0.046063601954	86	0.0475384740807	87	0.0210584633441	68	0.0937799270652	4	0.012064851705	6	0.0990967119491	1	0.321348300797	0.415784897274	0.317308226507	0.333413152502	0.420445012746
M01_L_TO_L:G808-E1807	M01_L_TO_L	CORE13	L	L	G808-E1807	ok	ol	0	f107v	f107v	G808-P0509	f107v.27	27	5	S	B	3	3	EXACT	0.185017763364	12	-0.0256051115098	2	0.017172929806	72	0	0	0.0362459509518	86	0.0373831010308	86	0.0179601967344	68	0.0037895185384	4	-0.0287653610866	6	0	0	0.17658558166	0.17658558166	0.177372848588	0.147820220573	0.17658558166
M01_L_TO_L:G808-E1809	M01_L_TO_L	CORE13	L	L	G808-E1809	ok	eol	1	f107v	f107v	G808-P0510	f107v.29	29	2	S	B	3	3	EXACT	0.199748350886	9	0	0	0.040906795263	72	0.321022202989	1	0.0549636480953	81	0.0591138149855	82	0.033078957853	68	0.173980157749	4	0.0628765558805	6	0.32568231846	1	0.240655146149	0.561677349137	0.232827308739	0.303531702029	0.566337464609
M01_L_TO_L:G808-E1839	M01_L_TO_L	CORE13	L	L	G808-E1839	ok	ol	0	f108r	f108r	G808-P0521	f108r.19	19	4	S	B	3	2	EXACT	0.0474304983837	9	-0.00329333087568	1	0.00228703067823	72	0	0	0.00195839878656	82	0.00323428589947	82	0.00713738469243	68	-0.0801697457427	4	0.0607039324943	6	0	0	0.0464241981862	0.0464241981862	0.0512745522004	0.107128130681	0.0464241981862
M01_L_TO_L:G808-E1877	M01_L_TO_L	CORE13	L	L	G808-E1877	ok	eol	1	f108r	f108r	G808-P0530	f108r.48	48	4	S	B	3	3	EXACT	0.268267986723	5	-0.0222055165091	2	0.0193129236668	72	-0.0661131834368	1	0.0279232869507	79	0.0277638889171	80	0.0251648007979	68	-0.0801697457427	4	0.0498647309776	6	-0.0396016980986	2	0.265375393881	0.199262210444	0.271227271012	0.315240124859	0.225773695782
M01_L_TO_L:G808-E1922	M01_L_TO_L	CORE13	L	L	G808-E1922	ok	eol	1	f108v	f108v	G808-P0537	f108v.47	47	7	S	B	3	3	EXACT	0.104112659644	93	0.0218095747623	2	0.0221760438289	72	-0.1078069612	1	0.0685878582801	167	0.0684777531079	168	0.0285868179779	68	-0.0868077288301	4	-0.0282368441135	6	-0.104745081943	1	0.148098278235	0.0402913170353	0.154509052384	0.119861434122	0.0433531962921
M01_L_TO_L:G808-E1999	M01_L_TO_L	CORE13	L	L	G808-E1999	ok	eol	1	f112v	f112v	G808-P0563	f112v.2	2	7	S	B	3	3	EXACT	0.0699120319247	23	-0.0444504942669	1	0.00509627809134	72	0	0	0.0172353148811	96	0.0184837984787	96	0.0122844228998	68	-0.117103150425	4	0.0428353913483	6	-0.0780609251832	2	0.0305578157491	0.0305578157491	0.0377459605575	0.0733932070974	-0.0475031094341
M01_L_TO_L:G808-E2027	M01_L_TO_L	CORE13	L	L	G808-E2027	ok	ol	0	f113r	f113r	G808-P0577	f113r.5	5	11	S	B	3	3	EXACT	0.153578732811	25	0.096792008013	2	0.0326181275871	72	0	0	0.0624721853784	99	0.0635778063164	99	0.0385065128264	68	-0.06748493391	4	-0.0156419503703	6	0	0	0.282988868411	0.282988868411	0.28887725365	0.267346918041	0.282988868411
M01_L_TO_L:G808-E2066	M01_L_TO_L	CORE13	L	L	G808-E2066	ok	ol	0	f113v	f113v	G808-P0596	f113v.13	13	4	S	B	3	3	EXACT	0.0921574459771	29	0	0	0.025869118788	72	-0.0750254447856	3	0.0432264376545	101	0.0404030693655	104	0.0323472570178	68	-0.0842587765844	4	0.00622393943675	6	-0.142632990869	3	0.118026564765	0.0430011199795	0.124504702995	0.124250504202	-0.0246064261036
M01_L_TO_L:G808-E2102	M01_L_TO_L	CORE13	L	L	G808-E2102	ok	ol	0	f114r	f114r	G808-P0614	f114r.25	25	10	S	B	3	3	EXACT	-0.0243597505625	19	-0.000599370608407	3	0.0471241687234	72	0	0	0.0282601835574	94	0.0294311816045	94	0.0498897571257	68	0.000108189603885	4	0.0792211258233	6	0	0	0.0221650475525	0.0221650475525	0.0249306359548	0.101386173376	0.0221650475525
M01_L_TO_L:G808-E2134	M01_L_TO_L	CORE13	L	L	G808-E2134	ok	ol	0	f114v	f114v	G808-P0629	f114v.31	31	5	S	B	3	2	EXACT	0.0500366930874	13	0.330826481835	1	-0.00610254692555	72	-0.0587183472644	2	0.00255477553411	86	0.00191662044997	88	-0.00627793079366	68	-0.00312211979139	4	-0.0642961582641	6	-0.0548985933543	2	0.374760627997	0.316042280733	0.374585244129	0.310464469733	0.319862034643
M01_L_TO_L:G808-E0131	M01_L_TO_L	CORE13	L	L	G808-E0131	ok	ol	0	f14r	f14r	G808-P0045	f14r.2	2	7	H	A	1	2	EXACT	-0.108772890344	14	0.152351224254	1	-0.0180303098487	72	-0.238472968956	1	-0.0337125665944	87	-0.0350888714303	88	-0.0200734219224	68	0.0167015728407	4	0.0231765173572	6	-0.234786192793	1	0.0255480240614	-0.212924944895	0.0235049119877	0.0487245414186	-0.209238168731
M01_L_TO_L:G808-E0158	M01_L_TO_L	CORE13	L	L	G808-E0158	ok	ol	0	f17v	f17v	G808-P0058	f17v.2	2	4	H	A	1	2	EXACT	-0.0431125468071	57	0	0	-0.024383837858	72	0	0	-0.0320193182845	129	-0.0308751321356	129	-0.0163102863408	68	-0.161635045145	4	0.0787709537596	6	0	0	-0.0674963846651	-0.0674963846651	-0.0594228331479	0.0112745690944	-0.0674963846651
M01_L_TO_L:G808-E0167	M01_L_TO_L	CORE13	L	L	G808-E0167	ok	ol	0	f17v	f17v	G808-P0058	f17v.10	10	4	H	A	1	2	EXACT	-0.0431125468071	57	0	0	-0.0296524656302	72	0	0	-0.0349599477388	129	-0.0338157615898	129	-0.0218888333936	68	-0.161635045145	4	-0.0279335177849	6	0.124853649537	1	-0.0727650124373	-0.0727650124373	-0.0650013802007	-0.100698530222	0.0520886370999
M01_L_TO_L:G808-E0172	M01_L_TO_L	CORE13	L	L	G808-E0172	ok	eol	1	f17v	f17v	G808-P0058	f17v.14	14	5	H	A	1	2	EXACT	-0.0431125468071	57	0	0	-0.023777523535	72	0	0	-0.0316809102903	129	-0.0305367241414	129	-0.0221555331325	68	-0.0513521918713	4	-0.0119099776148	6	0	0	-0.0668900703421	-0.0668900703421	-0.0652680799396	-0.0788000479569	-0.0668900703421
M01_L_TO_L:G808-E0176	M01_L_TO_L	CORE13	L	L	G808-E0176	ok	eol	1	f17v	f17v	G808-P0058	f17v.16	16	3	H	A	1	1	EXACT	-0.0431125468071	57	0	0	-0.0365182278093	72	0	0	-0.0387920010481	129	-0.0376478148991	129	-0.0340397569478	68	-0.078653063949	4	-0.0348315793826	6	0	0	-0.0796307746164	-0.0796307746164	-0.0771523037549	-0.114462353999	-0.0796307746164
M01_L_TO_L:G808-E0237	M01_L_TO_L	CORE13	L	L	G808-E0237	ok	ol	0	f23r	f23r	G808-P0082	f23r.6	6	7	H	A	1	3	EXACT	-0.0467031118052	24	0.00520870502619	2	0.00205575294192	72	0	0	-0.0120034532477	98	-0.0108338596304	98	0.00216634559688	68	0.000174776036191	4	0.0175407668544	6	-0.0653457431245	1	-0.0394386538371	-0.0394386538371	-0.0393280611821	-0.0218978869827	-0.104784396962
M01_L_TO_L:G808-E0238	M01_L_TO_L	CORE13	L	L	G808-E0238	ok	ol	0	f23r	f23r	G808-P0082	f23r.9	9	1	H	A	1	3	EXACT	-0.0467031118052	24	0.0245164788173	4	-0.0033051378108	72	0	0	-0.014956097408	100	-0.0137865037907	100	-0.0059975017521	68	0.0424641474199	4	0.00871771253333	6	0	0	-0.0254917707987	-0.0254917707987	-0.02818413474	-0.0167740582654	-0.0254917707987
M01_L_TO_L:G808-E0242	M01_L_TO_L	CORE13	L	L	G808-E0242	ok	eol	1	f23v	f23v	G808-P0083	f23v.3	3	3	H	A	1	3	EXACT	-0.0604256309145	18	-0.222626371101	3	0.0116972249621	72	0	0	-0.012743475489	93	-0.0115751518048	93	0.00708444035536	68	0.0901169127717	4	-0.0384143050485	6	0.0154327204984	1	-0.271354777053	-0.271354777053	-0.27596756166	-0.309769082102	-0.255922056555
M01_L_TO_L:G808-E0243	M01_L_TO_L	CORE13	L	L	G808-E0243	ok	ol	0	f23v	f23v	G808-P0084	f23v.6	6	4	H	A	1	2	EXACT	-0.0690927619595	27	0	0	-0.0155991724891	71	-0.224591569091	2	-0.0320360711447	98	-0.0351005672518	100	-0.00732902535813	67	-0.154122662638	4	-0.0668430276132	6	-0.216696140909	2	-0.0846919344486	-0.309283503539	-0.0764217873176	-0.151534962062	-0.301388075357
M01_L_TO_L:G808-E0250	M01_L_TO_L	CORE13	L	L	G808-E0250	ok	ol	0	f24r	f24r	G808-P0085	f24r.3	3	3	H	A	1	2	EXACT	-0.056265206255	50	0	0	-0.00895293251617	71	0	0	-0.0282880152549	121	-0.027136124862	121	-0.00437355830074	67	-0.0856602298271	4	0.0804409262781	6	0	0	-0.0652181387712	-0.0652181387712	-0.0606387645557	0.015222787507	-0.0652181387712
M01_L_TO_L:G808-E0256	M01_L_TO_L	CORE13	L	L	G808-E0256	ok	ol	0	f24v	f24v	G808-P0086	f24v.4	4	3	H	A	1	2	EXACT	-0.0687497223574	14	0	0	-0.0359490654019	71	-0.0263505153616	1	-0.0446498888569	85	-0.0435156523541	86	-0.0348843553092	67	-0.0537830261185	4	-0.0641127977133	6	-0.0223904255743	1	-0.104698787759	-0.131049303121	-0.103634077667	-0.168811585473	-0.127089213334
M01_L_TO_L:G808-E0008	M01_L_TO_L	CORE13	L	L	G808-E0008	ok	ol	0	f2r	f2r	G808-P0002	f2r.12	12	1	H	A	1	3	EXACT	-0.0480966742957	26	-0.0449402415018	1	-0.0168463504182	72	0.160419585448	2	-0.0272761969493	99	-0.0227355753312	101	-0.0207187091652	68	0.0489826950958	4	-0.030399702456	6	0.111330818049	2	-0.109883266216	0.0505363192321	-0.113755624963	-0.140282968672	0.00144755183351
M01_L_TO_L:G808-E0318	M01_L_TO_L	CORE13	L	L	G808-E0318	ok	eol	1	f31r	f31r	G808-P0108	f31r.9	9	4	H	B	2	2	EXACT	0.149667464557	9	0	0	0.00664805387587	72	0	0	0.0187339349428	81	0.0199067723005	81	0.0103289793731	68	-0.0559285100933	4	-0.0684133686854	6	0	0	0.156315518433	0.156315518433	0.15999644393	0.0879021497475	0.156315518433
M01_L_TO_L:G808-E0367	M01_L_TO_L	CORE13	L	L	G808-E0367	ok	ol	0	f36r	f36r	G808-P0125	f36r.7	7	3	H	A	1	2	EXACT	-0.196752871942	19	0	0	-0.0179029090278	72	-0.226723914337	1	-0.0576468918154	91	-0.0585466903581	92	-0.0200314797123	68	0.0182817834022	4	-0.0937922678954	6	-0.222577434501	1	-0.21465578097	-0.441379695307	-0.216784351655	-0.308448048866	-0.437233215471
M01_L_TO_L:G808-E0029	M01_L_TO_L	CORE13	L	L	G808-E0029	ok	eol	1	f3v	f3v	G808-P0010	f3v.9	9	2	H	A	1	2	EXACT	-0.193041298724	21	-0.13220447691	1	-0.0179500316734	72	0.200883796665	1	-0.0608368387772	94	-0.0571631387036	95	-0.025317708245	68	0.107301459861	4	0.0458766448475	6	0.15530297634	1	-0.343195807307	-0.142312010642	-0.350563483879	-0.297319162459	-0.187892830967
M01_L_TO_L:G808-E0397	M01_L_TO_L	CORE13	L	L	G808-E0397	ok	ol	0	f40r	f40r	G808-P0141	f40r.5	5	4	H	B	2	3	EXACT	0.0249673420894	32	0.19588553398	3	0.0109245078062	72	-0.0141225469489	1	0.0187390223499	107	0.0194235417766	108	0.0159658167036	68	-0.0747787199551	4	-0.00208648666549	6	-0.0779030308376	2	0.231777383876	0.217654836927	0.236818692773	0.22969089721	0.153874353038
M01_L_TO_L:G808-E0426	M01_L_TO_L	CORE13	L	L	G808-E0426	ok	ol	0	f42r	f42r	G808-P0150	f42r.20	20	4	H	A	1	2	EXACT	-0.0945780232745	20	0	0	-0.0602723669336	72	-0.149461839255	1	-0.0701686343595	92	-0.0700171452846	93	-0.05943263045	68	-0.0745488424501	4	0.0096870232287	6	-0.145469930551	1	-0.154850390208	-0.304312229463	-0.154010653725	-0.145163366979	-0.300320320759
M01_L_TO_L:G808-E0431	M01_L_TO_L	CORE13	L	L	G808-E0431	ok	ol	0	f42v	f42v	G808-P0151	f42v.5	5	7	H	A	1	3	EXACT	-0.158244941839	30	-0.0625069896826	1	-0.00916016486902	72	-0.104354963342	1	-0.0546645475044	103	-0.0541681052438	104	-0.0111586342172	68	0.0248128564611	4	0.0223074605843	6	-0.166673532992	1	-0.229912096391	-0.334267059733	-0.231910565739	-0.207604635806	-0.396585629383
M01_L_TO_L:G808-E0479	M01_L_TO_L	CORE13	L	L	G808-E0479	ok	ol	0	f45v	f45v	G808-P0168	f45v.2	2	1	H	A	1	3	EXACT	-0.183826894867	16	-0.110489939284	3	-0.0315782357199	72	-0.112831186709	2	-0.0642011205288	91	-0.0644689102878	93	-0.0363086263268	68	0.0488374075271	4	-0.0461283466918	6	-0.155252501114	2	-0.325895069871	-0.43872625658	-0.330625460478	-0.372023416563	-0.481147570984
M01_L_TO_L:G808-E0038	M01_L_TO_L	CORE13	L	L	G808-E0038	ok	eol	1	f4v	f4v	G808-P0014	f4v.12	12	3	H	A	1	3	EXACT	-0.0209813333535	14	0.058327407712	1	-0.0522015517373	72	-0.174822972778	1	-0.0490993175617	87	-0.0495813611128	88	-0.056545321152	68	0.0216417037767	4	0.0429033923179	6	-0.0953844047885	3	-0.0148554773788	-0.189678450156	-0.0191992467936	0.0280479149391	-0.110239882167
M01_L_TO_L:G808-E0568	M01_L_TO_L	CORE13	L	L	G808-E0568	ok	ol	0	f51r	f51r	G808-P0191	f51r.4	4	3	H	A	1	2	EXACT	-0.0995884493062	38	0	0	-0.0283942283156	72	-0.0738217286911	1	-0.0537890571417	110	-0.0529093932322	111	-0.0266021211726	68	-0.0588611485079	4	0.00644489833764	6	-0.180344630649	2	-0.127982677622	-0.201804406313	-0.126190570479	-0.121537779284	-0.308327308271
M01_L_TO_L:G808-E0623	M01_L_TO_L	CORE13	L	L	G808-E0623	ok	ol	0	f55r	f55r	G808-P0199	f55r.6	6	7	H	B	2	2	EXACT	-0.0486214808704	30	0.00617168507952	1	0.0190756120548	72	0	0	-0.00222908778636	103	-0.00107052686399	103	0.0190176179387	68	0.0200605699093	4	0.0521863956853	6	-0.0474139972991	2	-0.0233741837361	-0.0233741837361	-0.0234321778522	0.0288122119492	-0.0707881810352
M01_L_TO_L:G808-E0054	M01_L_TO_L	CORE13	L	L	G808-E0054	ok	ol	0	f6v	f6v	G808-P0019	f6v.3	3	7	H	A	1	2	EXACT	-0.0591057710212	21	0	0	-0.0142159669802	72	0	0	-0.0267731341374	93	-0.0255735747143	93	-0.0164588177562	68	0.0239115702938	4	0.0317410134549	6	0	0	-0.0733217380014	-0.0733217380014	-0.0755645887774	-0.0415807245465	-0.0733217380014
M01_L_TO_L:G808-E0059	M01_L_TO_L	CORE13	L	L	G808-E0059	ok	ol	0	f6v	f6v	G808-P0020	f6v.20	20	3	H	A	1	2	EXACT	-0.04249242583	34	0	0	-0.014610024705	72	-0.394734865064	1	-0.0246703456062	106	-0.0271124623908	107	-0.0152593339394	68	-0.00357269363862	4	-0.071737741713	6	-0.381759349769	1	-0.057102450535	-0.451837315599	-0.0577517597694	-0.128840192248	-0.438861800303
M01_L_TO_L:G808-E0895	M01_L_TO_L	CORE13	L	L	G808-E0895	ok	ol	0	f77v	f77v	G808-P0246	f77v.42	42	6	B	B	2	2	EXACT	0.112385146452	43	-0.00896319869437	1	0.0250374779655	72	0	0	0.0568528764566	116	0.0579699930922	116	0.0252900748855	68	0.0207427038007	4	0.030973465332	6	0	0	0.128459425723	0.128459425723	0.128712022643	0.159432891055	0.128459425723
M01_L_TO_L:G808-E0945	M01_L_TO_L	CORE13	L	L	G808-E0945	ok	ol	0	f78v	f78v	G808-P0249	f78v.14	14	5	B	B	2	2	EXACT	0.137999743015	62	0.0203105238439	2	0.0150614318619	72	-0.118651017816	1	0.071792495823	136	0.0714488759916	137	0.0207408987035	68	-0.081490274616	4	-0.00260766381385	6	-0.114745458952	1	0.173371698721	0.0547206809048	0.179051165562	0.170764034907	0.0586262397687
M01_L_TO_L:G808-E0965	M01_L_TO_L	CORE13	L	L	G808-E0965	ok	ol	0	f79r	f79r	G808-P0252	f79r.10	10	4	B	B	2	3	EXACT	0.136290165049	23	0	0	0.0145031867305	72	0.0966777102977	2	0.0411593889069	95	0.043177529456	97	0.0196723311652	68	-0.0733728788032	4	-0.0357988362602	6	0.0992338850364	2	0.150793351779	0.247471062077	0.155962496214	0.114994515519	0.250027236816
M01_L_TO_L:G808-E0968	M01_L_TO_L	CORE13	L	L	G808-E0968	ok	ol	0	f79r	f79r	G808-P0253	f79r.15	15	5	B	B	2	3	EXACT	0.138585769582	39	0.157180660126	4	0.0423112469082	72	0	0	0.0775706198758	115	0.0788989481967	115	0.0448150874442	68	-0.000254652348563	4	-0.0861446458722	6	0	0	0.338077676616	0.338077676616	0.340581517152	0.251933030744	0.338077676616
M01_L_TO_L:G808-E1201	M01_L_TO_L	CORE13	L	L	G808-E1201	ok	eol	1	f83v	f83v	G808-P0299	f83v.6	6	7	B	B	2	3	EXACT	0.1087690791	26	-0.225322846457	2	-0.000726889544781	72	0	0	0.0213363966557	100	0.0225104642819	100	0.00394595094141	68	-0.0801656837459	4	-0.0611721614204	6	0	0	-0.117280656901	-0.117280656901	-0.112607816415	-0.178452818322	-0.117280656901
M01_L_TO_L:G808-E1212	M01_L_TO_L	CORE13	L	L	G808-E1212	ok	ol	0	f83v	f83v	G808-P0301	f83v.25	25	5	B	B	2	2	EXACT	0.167223257784	35	0.13305855075	2	0.00912080456393	72	-0.0664409221105	1	0.0610523259317	109	0.0608925495475	110	0.0143729211742	68	-0.0801656837459	4	-0.0010865507036	6	-0.213957157861	1	0.309402613098	0.242961690988	0.314654729709	0.308316062395	0.0954454552377
M01_L_TO_L:G808-E1270	M01_L_TO_L	CORE13	L	L	G808-E1270	ok	ol	0	f86v5	f86v	G808-P0324	f86v5.23	23	4	T	B	2	3	EXACT	0.0182637403785	35	0.202184585654	3	0.029077794742	72	0.028575621164	2	0.0277694622932	110	0.0288230110194	112	0.0358780368111	68	-0.0865282547154	4	0.00203865811518	6	0.116830302289	3	0.249526120774	0.278101741938	0.256326362843	0.25156477889	0.366356423063
M01_L_TO_L:G808-E1320	M01_L_TO_L	CORE13	L	L	G808-E1320	ok	eol	1	f87r	f87r	G808-P0331	f87r.14	14	4	H	A	1	2	EXACT	-0.0826790182827	14	-0.292266543041	1	-0.0151472348979	72	0.249002134232	2	-0.0325632620569	87	-0.0254921055482	89	-0.00693751314134	68	-0.15471333156	4	-0.0446197565483	6	0.248360874092	2	-0.390092796221	-0.14109066199	-0.381883074465	-0.43471255277	-0.14173192213
M01_L_TO_L:G808-E1335	M01_L_TO_L	CORE13	L	L	G808-E1335	ok	ol	0	f88r	f88r	G808-P0335	f88r.19	19	7	P	A	1	2	EXACT	0.0265869538874	13	0.072768760822	1	0.0209291722266	72	0	0	0.017732822759	86	0.0189990148187	86	0.0198031585333	68	0.04007085546	4	0.00832345469914	6	0	0	0.120284886936	0.120284886936	0.119158873243	0.128608341635	0.120284886936
M01_L_TO_L:G808-E1349	M01_L_TO_L	CORE13	L	L	G808-E1349	ok	ol	0	f88v	f88v	G808-P0338	f88v.17	17	6	P	A	1	2	EXACT	0.0419695846005	18	-0.00959416002488	2	0.0070986329162	72	-0.0767707101333	1	0.0105264940747	92	0.0105681198795	93	0.0147115985382	68	-0.12232256582	4	0.0311406549445	6	-0.0728221736898	1	0.0394740574919	-0.0372966526415	0.0470870231138	0.0706147124364	-0.0333481161979
M01_L_TO_L:G808-E1372	M01_L_TO_L	CORE13	L	L	G808-E1372	ok	ol	0	f89v1	f89v	G808-P0343	f89v1.9	9	3	P	A	1	3	EXACT	0.0477655919445	35	0.0800967415575	2	0.0367776024168	72	-0.089949539412	1	0.0399914981665	109	0.0398133027358	110	0.033332629526	68	0.0953411129924	4	0.0943471400282	6	-0.0861084475728	1	0.164639935919	0.0746903965068	0.161194963028	0.258987075947	0.078531488346
M01_L_TO_L:G808-E1377	M01_L_TO_L	CORE13	L	L	G808-E1377	ok	ol	0	f89v1	f89v	G808-P0344	f89v1.14	14	5	P	A	1	3	EXACT	-0.00651651020594	29	-0.10785124733	3	0.0257694946155	72	0	0	0.0111595763359	104	0.0123372937185	104	0.0271550238071	68	0.00221446978962	4	0.0400726699121	6	0	0	-0.0885982629206	-0.0885982629206	-0.087212733729	-0.0485255930085	-0.0885982629206
M01_L_TO_L:G808-E1380	M01_L_TO_L	CORE13	L	L	G808-E1380	ok	eol	1	f89v1	f89v	G808-P0344	f89v1.17	17	8	P	A	1	2	EXACT	-0.00651651020594	29	0	0	0.0174677592802	72	0	0	0.00913154858577	101	0.0103092659684	101	0.0171271705258	68	0.0232567395371	4	0.0803550139702	6	0	0	0.0109512490742	0.0109512490742	0.0106106603198	0.0913062630445	0.0109512490742
M01_L_TO_L:G808-E0086	M01_L_TO_L	CORE13	L	L	G808-E0086	ok	ol	0	f8v	f8v	G808-P0029	f8v.14	14	2	H	A	1	2	EXACT	-0.0172251219032	23	-0.237850855068	1	-0.00961063178219	72	-0.128712617961	1	-0.0158724052707	96	-0.0162168628327	97	-0.0208643734117	68	0.181701884117	4	-0.0361848546794	6	-0.122715624731	1	-0.264686608754	-0.393399226715	-0.275940350383	-0.300871463433	-0.387402233484
M01_L_TO_L:G808-E1397	M01_L_TO_L	CORE13	L	L	G808-E1397	ok	eol	1	f93r	f93r	G808-P0346	f93r.11	11	1	H	A	1	2	EXACT	-0.0691648192971	52	0.294877371595	1	-0.0220910439832	72	0	0	-0.0390027148559	125	-0.0377694107401	125	-0.025639998758	68	0.0382401884716	4	-0.0101636527698	6	0.0363288371529	1	0.203621508314	0.203621508314	0.20007255354	0.193457855545	0.239950345467
M01_L_TO_L:G808-E1407	M01_L_TO_L	CORE13	L	L	G808-E1407	ok	ol	0	f93v	f93v	G808-P0347	f93v.3	3	10	H	A	1	3	EXACT	-0.0469746357061	32	-0.292644073212	1	-0.0137508925448	71	0.0695154593192	1	-0.0279779476996	104	-0.0260748063603	105	-0.0161479196112	67	0.0263975453121	4	0.0428481355588	6	0.074161157084	1	-0.353369601463	-0.283854142144	-0.35576662853	-0.310521465905	-0.279208444379
M01_L_TO_L:G808-E1428	M01_L_TO_L	CORE13	L	L	G808-E1428	ok	ol	0	f95r1	f95r	G808-P0353	f95r1.9	9	6	H	B	3	3	EXACT	0.0123448535734	26	0.0946978347879	3	-0.00684405466786	71	0	0	-0.000706674684147	100	0.000295159292882	100	-0.00752495862086	67	0.00456023523782	4	0.0278631695143	6	0	0	0.100198633693	0.100198633693	0.0995177297405	0.128061803208	0.100198633693
M01_L_TO_L:G808-E1445	M01_L_TO_L	CORE13	L	L	G808-E1445	ok	ol	0	f96r	f96r	G808-P0361	f96r.5	5	7	H	A	1	2	EXACT	-0.00715399263485	40	-0.055108936595	1	-0.0202809854591	72	0	0	-0.0166258812627	113	-0.0154281246019	113	-0.0229958295833	68	0.0258708451606	4	-0.114405804291	6	0	0	-0.082543914689	-0.082543914689	-0.0852587588132	-0.19694971898	-0.082543914689
M01_L_TO_L:G808-E1453	M01_L_TO_L	CORE13	L	L	G808-E1453	ok	eol	1	f99r	f99r	G808-P0363	f99r.17	17	5	P	A	1	3	EXACT	-0.033051447704	11	0.0506726879315	1	0.0218803355691	72	-0.0438915645077	1	0.0103218260925	84	0.010724502325	85	0.0234181013076	68	-0.00426232452398	4	0.0283099855883	6	-0.0423387056734	1	0.0395015757966	-0.00438998871114	0.0410393415351	0.0678115613849	-0.00283712987682
M01_L_TO_L:G808-E1457	M01_L_TO_L	CORE13	L	L	G808-E1457	ok	eol	1	f99r	f99r	G808-P0364	f99r.28	28	7	P	A	1	3	EXACT	0.0398964231786	3	0.0149073714401	1	-0.017643536519	72	0	0	-0.0212254675748	76	-0.0199355799823	76	-0.0118157754821	68	-0.116716116685	4	0.0332889602247	6	0	0	0.0371602580996	0.0371602580996	0.0429880191365	0.0704492183243	0.0371602580996
M01_L_TO_L:G808-E1466	M01_L_TO_L	CORE13	L	L	G808-E1466	ok	eol	1	f99r	f99r	G808-P0364	f99r.31	31	7	P	A	1	2	EXACT	0.0398964231786	3	0.151042588477	1	0.00826472813746	72	0	0	0.00511045706079	76	0.00640034465326	76	0.00779181340832	68	0.0163036359944	4	0.00620389168578	6	-0.130366622933	1	0.199203739793	0.199203739793	0.198730825064	0.205407631479	0.06883711686
M01_L_TO_L:G808-E1471	M01_L_TO_L	CORE13	L	L	G808-E1471	ok	eol	1	f99r	f99r	G808-P0366	f99r.48	48	2	P	A	1	2	EXACT	0.0691387946251	15	0.0453287303289	1	0.0282567460848	72	0	0	0.0313910095781	88	0.0326808971706	88	0.0195829258113	68	0.175711048196	4	-0.0421503915061	6	0	0	0.142724271039	0.142724271039	0.134050450765	0.100573879533	0.142724271039
M01_L_TO_L:G808-E1476	M01_L_TO_L	CORE13	L	L	G808-E1476	ok	ol	0	f99v	f99v	G808-P0367	f99v.13	13	2	P	A	1	2	EXACT	-0.0116115641785	19	0	0	0.0322744285425	72	0	0	0.0199281024897	91	0.0212010525193	91	0.0297599134885	68	0.0750204370445	4	0.0650993770508	6	0	0	0.020662864364	0.020662864364	0.01814834931	0.0857622414148	0.020662864364
M01_L_TO_L:G808-E1477	M01_L_TO_L	CORE13	L	L	G808-E1477	ok	eol	1	f99v	f99v	G808-P0368	f99v.22	22	7	P	A	1	3	EXACT	0.0157472016585	5	-0.119945438526	2	0.0276736362547	72	0	0	0.0172912664279	79	0.0185642164574	79	0.0299267207657	68	-0.0106295478482	4	0.0331214972948	6	-0.0242384892558	2	-0.0765246006126	-0.0765246006126	-0.0742715161016	-0.0434031033178	-0.100763089868
M01_L_TO_L:G808-E1482	M01_L_TO_L	CORE13	L	L	G808-E1482	ok	eol	1	f99v	f99v	G808-P0368	f99v.23	23	7	P	A	1	2	EXACT	0.0157472016585	5	0.0160829971871	1	0.00559061932975	72	0	0	0.00060384610447	78	0.00187679613405	78	0.0135632288064	68	-0.129944489189	4	-0.123481693441	6	0	0	0.0374208181754	0.0374208181754	0.045393427652	-0.086060875266	0.0374208181754
M01_L_TO_L:G808-E1483	M01_L_TO_L	CORE13	L	L	G808-E1483	ok	ol	0	f99v	f99v	G808-P0368	f99v.24	24	3	P	A	1	2	EXACT	0.0157472016585	5	0	0	0.0256221556541	72	0	0	0.0193296221691	77	0.0206025721986	77	0.031359279892	68	-0.0719097038062	4	0.0894399245257	6	0	0	0.0413693573126	0.0413693573126	0.0471064815505	0.130809281838	0.0413693573126
M01_L_TO_L:G808-E1491	M01_L_TO_L	CORE13	L	L	G808-E1491	ok	eol	1	f99v	f99v	G808-P0370	f99v.39	39	6	P	A	1	2	EXACT	-0.0266451006753	5	0.18103442359	1	0.0118054071324	72	0	0	0.00573787990608	78	0.00701082993566	78	0.0111881092674	68	0.0222987234221	4	0.0123915084947	6	0	0	0.166194730047	0.166194730047	0.165577432182	0.178586238542	0.166194730047
M01_L_TO_L:G808-E1493	M01_L_TO_L	CORE13	L	L	G808-E1493	ok	ol	0	f99v	f99v	G808-P0370	f99v.42	42	4	P	A	1	2	EXACT	-0.0266451006753	5	-0.0389966754139	2	0.0205131275914	72	0.140056615538	1	0.010131511881	79	0.0127674765761	80	0.0255657074643	68	-0.0653814776636	4	-0.0335482573244	6	0.127136420147	1	-0.0451286484978	0.0949279670406	-0.0400760686249	-0.0786769058222	0.0820077716493
M01_L_TO_L:G808-E1519	M01_L_TO_L	CORE13	L	L	G808-E1519	ot	eol	1	f102r1	f102r	G808-P0375	f102r1.8	8	6	P	A	1	2	EXACT	-0.0338400833379	11	0	0	0.00738731278856	72	0.0871163344382	1	-0.00258698362655	83	-0.000288103560135	84	0.0100518805447	68	-0.0379111914132	4	-0.0497132840311	6	0.043179452329	1	-0.0264527705493	0.0606635638889	-0.0237882027932	-0.0761660545804	0.0167266817797
M01_L_TO_L:G808-E1533	M01_L_TO_L	CORE13	L	L	G808-E1533	ot	eol	1	f102v1	f102v	G808-P0377	f102v1.14	14	4	P	A	1	2	EXACT	0.0392586184285	31	-0.160476941573	1	0.0232302745947	72	0	0	0.0251482956818	104	0.0262816290398	104	0.0307622530121	68	-0.104814432375	4	0.0168772037746	6	0	0	-0.0979880485503	-0.0979880485503	-0.0904560701329	-0.0811108447757	-0.0979880485503
M01_L_TO_L:G808-E1678	M01_L_TO_L	CORE13	L	L	G808-E1678	ot	eol	1	f105r	f105r	G808-P0442	f105r.19	19	2	S	B	3	3	EXACT	0.0516357657087	20	0.179307897889	1	0.0417872290896	72	0	0	0.0439717553959	93	0.0453276909907	93	0.035279230241	68	0.152421155122	4	-0.00636953083689	6	0.122622030146	1	0.272730892687	0.272730892687	0.266222893839	0.266361361851	0.395352922834
M01_L_TO_L:G808-E1682	M01_L_TO_L	CORE13	L	L	G808-E1682	ot	ol	0	f105r	f105r	G808-P0442	f105r.21	21	7	S	B	3	3	EXACT	0.0516357657087	20	-0.00550514207404	1	0.0206181046036	72	0	0	0.025595518805	93	0.0269514543998	93	0.0203947322597	68	0.0244133800566	4	-0.0116570276901	6	0	0	0.0667487282383	0.0667487282383	0.0665253558944	0.0550917005481	0.0667487282383
M01_L_TO_L:G808-E1727	M01_L_TO_L	CORE13	L	L	G808-E1727	ot	ol	0	f106r	f106r	G808-P0464	f106r.18	18	4	S	B	3	3	EXACT	0.0835741981172	13	-0.0928822236663	2	0.00430727524723	72	-0.133692931558	1	0.0118675832272	87	0.0113290150977	88	0.00970869858694	68	-0.0875176087442	4	-0.0663148720451	6	-0.0820891377893	1	-0.00500075030191	-0.138693681859	0.000400673037804	-0.071315622347	-0.0870898880912
M01_L_TO_L:G808-E1757	M01_L_TO_L	CORE13	L	L	G808-E1757	ot	eol	1	f106v	f106v	G808-P0485	f106v.39	39	4	S	B	3	2	EXACT	0.0845182347505	9	0	0	0.0138268843711	72	0	0	0.0196872538383	81	0.0209861212453	81	0.0176805887683	68	-0.051687003094	4	0.103584864356	6	-0.081997224454	1	0.0983451191215	0.0983451191215	0.102198823519	0.201929983477	0.0163478946675
M01_L_TO_L:G808-E1760	M01_L_TO_L	CORE13	L	L	G808-E1760	ot	ol	0	f106v	f106v	G808-P0487	f106v.44	44	10	S	B	3	3	EXACT	0.138428393542	21	-0.0799265467753	1	0.0272047650308	72	-0.0332933782501	1	0.049641936247	94	0.0498475989525	95	0.0259630739485	68	0.048312600718	4	0.0727747635455	6	0.0338101785619	1	0.0857066117973	0.0524132335472	0.0844649207151	0.158481375343	0.119516790359
M01_L_TO_L:G808-E1792	M01_L_TO_L	CORE13	L	L	G808-E1792	ot	ol	0	f107v	f107v	G808-P0505	f107v.11	11	8	S	B	3	3	EXACT	0.132528195876	25	0	0	0.0282840929872	72	-0.0022803231506	2	0.0542917694985	97	0.0540208536853	99	0.0347659493856	68	-0.0819074518718	4	-0.00585852133396	6	0.000187762671461	2	0.160812288863	0.158531965713	0.167294145262	0.154953767529	0.161000051535
M01_L_TO_L:G808-E1828	M01_L_TO_L	CORE13	L	L	G808-E1828	ot	ol	0	f108r	f108r	G808-P0518	f108r.5	5	12	S	B	3	3	EXACT	0.0753963635984	6	0.0974289041547	5	0.0161937987954	72	0	0	0.0214467621279	83	0.022840868722	83	0.0140812320331	68	0.0521065629077	4	-0.0161504343738	6	0	0	0.189019066548	0.189019066548	0.186906499786	0.172868632175	0.189019066548
M01_L_TO_L:G808-E0106	M01_L_TO_L	CORE13	L	L	G808-E0106	ot	ol	0	f10r	f10r	G808-P0035	f10r.8	8	3	H	A	1	2	EXACT	-0.243089867841	28	-0.241988358062	2	-0.0523839104487	72	-0.156378542232	1	-0.109299671895	102	-0.10870996333	103	-0.0558902862938	68	0.00722344499573	4	-0.0459348470849	6	-0.153744261462	1	-0.537462136352	-0.693840678585	-0.540968512197	-0.583396983437	-0.691206397815
M01_L_TO_L:G808-E2021	M01_L_TO_L	CORE13	L	L	G808-E2021	ot	ol	0	f112v	f112v	G808-P0574	f112v.44	44	4	S	B	3	3	EXACT	0.034085242486	10	0	0	0.0264087370246	72	0	0	0.0246695919716	82	0.0259395241347	82	0.0337569491371	68	-0.0985119274665	4	0.0438901179067	6	0.0255597901721	1	0.0604939795106	0.0604939795106	0.0678421916231	0.104384097417	0.0860537696827
M01_L_TO_L:G808-E2023	M01_L_TO_L	CORE13	L	L	G808-E2023	ot	eol	1	f112v	f112v	G808-P0575	f112v.45	45	5	S	B	3	3	EXACT	-0.00650388783251	16	0	0	0.016317607581	72	-0.30652812229	1	0.0100366645371	88	0.00751731720871	89	0.0176851696529	68	-0.00693200621896	4	0.117073733383	6	-0.303907117564	1	0.00981371974851	-0.296714402542	0.0111812818204	0.126887453132	-0.294093397816
M01_L_TO_L:G808-E2048	M01_L_TO_L	CORE13	L	L	G808-E2048	ot	eol	1	f113r	f113r	G808-P0586	f113r.30	30	2	S	B	3	3	EXACT	-0.0657331903779	17	0	0	0.00611735362895	72	0	0	-0.0085293766108	89	-0.00728134518551	89	-0.00268001961352	68	0.155672057445	4	-0.0120884103753	6	0	0	-0.0596158367489	-0.0596158367489	-0.0684132099914	-0.0717042471242	-0.0596158367489
M01_L_TO_L:G808-E2060	M01_L_TO_L	CORE13	L	L	G808-E2060	ot	eol	1	f113v	f113v	G808-P0592	f113v.2	2	9	S	B	3	3	EXACT	-0.00766994506002	13	0.0531425198034	4	0.0142093986296	72	0.0708335144167	1	0.0111586347194	89	0.0127853211463	90	0.014916940744	68	0.00218152465075	4	-0.00456092252056	6	0.0171966863301	2	0.059681973373	0.13051548779	0.0603895154874	0.0551210508524	0.0768786597031
M01_L_TO_L:G808-E2065	M01_L_TO_L	CORE13	L	L	G808-E2065	ot	eol	1	f113v	f113v	G808-P0595	f113v.10	10	2	S	B	3	3	EXACT	0.180471727162	9	0.370644390751	4	0.0181923049003	72	0	0	0.0501022274493	85	0.0512750408764	85	0.0102517537591	68	0.153182016266	4	-0.00438441276368	6	0	0	0.569308422814	0.569308422814	0.561367871673	0.56492401005	0.569308422814
M01_L_TO_L:G808-E2075	M01_L_TO_L	CORE13	L	L	G808-E2075	ot	ol	0	f113v	f113v	G808-P0599	f113v.26	26	11	S	B	3	3	EXACT	0.0952092647997	10	0.0156244082023	1	0.00536784742065	72	0.0607324184302	1	0.0146741991941	83	0.0161712020202	84	0.00886928455654	68	-0.0541562419231	4	-0.0647897644602	6	0.0646941385271	1	0.116201520423	0.176933938853	0.119702957559	0.0514117559625	0.18089565895
M01_L_TO_L:G808-E2085	M01_L_TO_L	CORE13	L	L	G808-E2085	ot	eol	1	f113v	f113v	G808-P0604	f113v.42	42	8	S	B	3	3	EXACT	0.104705454508	15	-0.0276180099362	3	0.0232992511624	72	0	0	0.0337335247888	90	0.0349063382159	90	0.0245414904847	68	0.00218152465075	4	0.0474508529399	6	0.0301482110317	3	0.100386695734	0.100386695734	0.101628935056	0.147837548674	0.130534906766
M01_L_TO_L:G808-E2096	M01_L_TO_L	CORE13	L	L	G808-E2096	ot	ol	0	f114r	f114r	G808-P0611	f114r.16	16	13	S	B	3	3	EXACT	0.0774965435184	20	0.363028624045	1	0.0198514008629	72	0	0	0.0347107091887	93	0.0359736671118	93	0.0182259293476	68	0.0474833276684	4	0.128048679552	6	0.0839823877323	1	0.460376568426	0.460376568426	0.458751096911	0.588425247979	0.544358956159
M01_L_TO_L:G808-E2114	M01_L_TO_L	CORE13	L	L	G808-E2114	ot	ol	0	f114v	f114v	G808-P0620	f114v.2	2	4	S	B	3	3	EXACT	0.0573978833499	17	0	0	0.0157665613079	72	0	0	0.0222274714281	89	0.0235207720796	89	0.0223455017408	68	-0.0960766204911	4	-0.00708937916307	6	0	0	0.0731644446578	0.0731644446578	0.0797433850907	0.0660750654948	0.0731644446578
M01_L_TO_L:G808-E2124	M01_L_TO_L	CORE13	L	L	G808-E2124	ot	ol	0	f114v	f114v	G808-P0623	f114v.11	11	7	S	B	3	3	EXACT	-0.0617699677069	12	0	0	0.00628013042218	72	0	0	-0.00527000144333	84	-0.00397670079183	84	0.00936725792914	68	-0.0462022316364	4	0.00114448944072	6	0	0	-0.0554898372847	-0.0554898372847	-0.0524027097777	-0.054345347844	-0.0554898372847
M01_L_TO_L:G808-E0116	M01_L_TO_L	CORE13	L	L	G808-E0116	ot	ol	0	f11r	f11r	G808-P0039	f11r.6	6	5	H	A	1	3	EXACT	-0.296254779164	7	-0.0161893648974	4	-0.0168720837109	72	0.00105351696311	2	-0.0417048188476	83	-0.0399729459247	85	-0.0178407349934	68	-0.000406033694375	4	0.0596227821056	6	0.108929273276	3	-0.329316227772	-0.328262710809	-0.330284879055	-0.269693445666	-0.220386954497
M01_L_TO_L:G808-E0125	M01_L_TO_L	CORE13	L	L	G808-E0125	ot	ol	0	f13v	f13v	G808-P0043	f13v.1	1	5	H	A	1	2	EXACT	-0.110071268017	16	0	0	-0.0301686408232	72	0	0	-0.0459737646888	88	-0.0447118201034	88	-0.0267866879722	68	-0.0876629270108	4	-0.0598498621694	6	0	0	-0.140239908841	-0.140239908841	-0.13685795599	-0.20008977101	-0.140239908841
M01_L_TO_L:G808-E0145	M01_L_TO_L	CORE13	L	L	G808-E0145	ot	ol	0	f16r	f16r	G808-P0051	f16r.8	8	5	H	A	1	2	EXACT	-0.0762112620069	17	0	0	-0.0453983833782	72	-0.206764151504	2	-0.0521994940292	89	-0.0547874814964	91	-0.0481939133151	68	0.00212442022784	4	-0.0639239128071	6	-0.200677744981	2	-0.121609645385	-0.328373796889	-0.124405175322	-0.185533558192	-0.322287390366
M01_L_TO_L:G808-E0173	M01_L_TO_L	CORE13	L	L	G808-E0173	ot	eol	1	f17v	f17v	G808-P0058	f17v.15	15	6	H	A	1	2	EXACT	-0.0343066149314	61	0	0	-0.0377538404182	72	0	0	-0.0357760584951	133	-0.0345923910389	133	-0.0415708512168	68	0.0271343609541	4	-0.0825875381609	6	0	0	-0.0720604553496	-0.0720604553496	-0.0758774661481	-0.154647993511	-0.0720604553496
M01_L_TO_L:G808-E0205	M01_L_TO_L	CORE13	L	L	G808-E0205	ot	ol	0	f20v	f20v	G808-P0068	f20v.2	2	7	H	A	1	2	EXACT	-0.147300061255	15	0	0	-0.0253491197113	72	0	0	-0.0477307715217	87	-0.0464726187325	87	-0.024274111666	68	-0.0436252968738	4	0.0265762144793	6	0	0	-0.172649180966	-0.172649180966	-0.171574172921	-0.146072966487	-0.172649180966
M01_L_TO_L:G808-E0212	M01_L_TO_L	CORE13	L	L	G808-E0212	ot	ol	0	f21r	f21r	G808-P0071	f21r.5	5	5	H	A	1	2	EXACT	-0.0995268211289	11	-0.115876488083	2	-0.023122937858	72	0	0	-0.0373105856104	85	-0.0358977602301	85	-0.0211396979329	68	-0.0568389204087	4	-0.0535805864309	6	0	0	-0.238526247069	-0.238526247069	-0.236543007144	-0.2921068335	-0.238526247069
M01_L_TO_L:G808-E0240	M01_L_TO_L	CORE13	L	L	G808-E0240	ot	ol	0	f23v	f23v	G808-P0083	f23v.1	1	7	H	A	1	3	EXACT	-0.0765031842986	19	0.186811085548	1	-0.00915584212455	72	-0.0162623427841	1	-0.0221908450093	92	-0.0211052882562	93	-0.0108189498161	68	0.0191182871666	4	0.0496777718513	6	-0.105966728599	1	0.101152059125	0.0848897163405	0.099488951433	0.150829830976	-0.00481466947435
M01_L_TO_L:G808-E0248	M01_L_TO_L	CORE13	L	L	G808-E0248	ot	ol	0	f23v	f23v	G808-P0084	f23v.10	10	6	H	A	1	2	EXACT	-0.0557279628191	26	-0.136396101279	1	-0.0336261323285	71	0	0	-0.0414213721191	98	-0.0401846413807	98	-0.0360632050605	67	0.00719565091454	4	0.0180564340117	6	0	0	-0.225750196427	-0.225750196427	-0.228187269159	-0.207693762415	-0.225750196427
M01_L_TO_L:G808-E0255	M01_L_TO_L	CORE13	L	L	G808-E0255	ot	ol	0	f24v	f24v	G808-P0086	f24v.2	2	6	H	A	1	3	EXACT	-0.00420510959323	12	-0.13591949229	1	-0.032464710634	71	0	0	-0.0314262947276	84	-0.0301861405539	84	-0.0357783808392	67	0.0230391986389	4	0.0327832007132	6	-0.0505758165253	1	-0.172589312517	-0.172589312517	-0.175902982722	-0.139806111804	-0.223165129042
M01_L_TO_L:G808-E0300	M01_L_TO_L	CORE13	L	L	G808-E0300	ot	ol	0	f28v	f28v	G808-P0097	f28v.5	5	1	H	A	1	2	EXACT	-0.118840644511	8	0	0	-0.0294235377051	72	-0.373883091578	1	-0.0399010381346	80	-0.0430480916334	81	-0.0345382517225	68	0.0575256059179	4	-0.0170765339831	6	-0.439138393044	1	-0.148264182216	-0.522147273794	-0.153378896233	-0.165340716199	-0.58740257526
M01_L_TO_L:G808-E0308	M01_L_TO_L	CORE13	L	L	G808-E0308	ot	ol	0	f29v	f29v	G808-P0102	f29v.8	8	1	H	A	1	2	EXACT	-0.229166982712	26	-0.20588469194	2	-0.0565536216743	72	0	0	-0.105372020237	100	-0.104132794592	100	-0.0611363680514	68	0.0213520449505	4	0.0279349708351	6	0	0	-0.491605296327	-0.491605296327	-0.496188042704	-0.463670325492	-0.491605296327
M01_L_TO_L:G808-E0326	M01_L_TO_L	CORE13	L	L	G808-E0326	ot	ol	0	f32r	f32r	G808-P0111	f32r.7	7	1	H	A	1	1	EXACT	-0.147362258696	26	0	0	-0.0230534547671	72	0.0561343338962	1	-0.0567349164741	98	-0.0545597987194	99	-0.0217513039717	68	-0.0451911233678	4	-0.0263784378004	6	0.106774062149	1	-0.170415713463	-0.114281379567	-0.169113562668	-0.196794151264	-0.0636416513142
M01_L_TO_L:G808-E0343	M01_L_TO_L	CORE13	L	L	G808-E0343	ot	eol	1	f34r	f34r	G808-P0117	f34r.6	6	1	H	B	2	3	EXACT	0.0252678590356	29	-0.145747472831	2	0.00382028110103	72	0	0	0.00615692790916	103	0.00738359227466	103	0.00310810305503	68	0.0159262345517	4	0.0151717438139	6	0	0	-0.116659332695	-0.116659332695	-0.117371510741	-0.101487588881	-0.116659332695
M01_L_TO_L:G808-E0384	M01_L_TO_L	CORE13	L	L	G808-E0384	ot	eol	1	f38v	f38v	G808-P0135	f38v.1	1	4	H	A	1	3	EXACT	-0.00701996905228	34	-0.120888409291	3	-0.028114617072	72	-0.0884504383575	1	-0.0247077240501	109	-0.0242106024291	110	-0.0242790033986	68	-0.0933210834428	4	0.0375870489766	6	0.0407929265737	1	-0.156022995415	-0.244473433772	-0.152187381741	-0.118435946438	-0.115230068841
M01_L_TO_L:G808-E0391	M01_L_TO_L	CORE13	L	L	G808-E0391	ot	eol	1	f39r	f39r	G808-P0138	f39r.16	16	1	H	B	2	2	EXACT	-0.0213721586887	24	-0.261548589991	1	0.00204933352344	72	0.0898809684207	1	-0.00741445459721	97	-0.00535961632975	98	0.000895718731853	68	0.0216598121989	4	0.016696555363	6	0.0923772176247	1	-0.280871415156	-0.190990446735	-0.282025029948	-0.264174859793	-0.188494197531
M01_L_TO_L:G808-E0022	M01_L_TO_L	CORE13	L	L	G808-E0022	ot	eol	1	f3r	f3r	G808-P0007	f3r.16	16	1	H	A	1	2	EXACT	-0.000922796030903	6	-0.255586754422	1	-0.00796794515064	72	-0.0662606693795	1	-0.0139220063921	79	-0.0134604648576	80	-0.00920486739177	68	0.0130586120191	4	0.0263598757513	6	0.0618121606562	1	-0.264477495604	-0.330738164983	-0.265714417845	-0.238117619852	-0.202665334947
M01_L_TO_L:G808-E0420	M01_L_TO_L	CORE13	L	L	G808-E0420	ot	ol	0	f42r	f42r	G808-P0149	f42r.10	10	5	H	A	1	2	EXACT	-0.102248005133	31	-0.265384115555	1	-0.0319032803255	72	-0.0554059617142	1	-0.0557521248814	104	-0.0546509906108	105	-0.0341234979443	68	0.005839351228	4	0.0190971845268	6	-0.0528138709821	1	-0.399535401014	-0.454941362728	-0.401755618633	-0.380438216487	-0.452349271996
M01_L_TO_L:G808-E0430	M01_L_TO_L	CORE13	L	L	G808-E0430	ot	ol	0	f42v	f42v	G808-P0151	f42v.2	2	9	H	A	1	3	EXACT	-0.15336117905	27	-0.029252665871	2	-0.0191602551143	72	-0.15173926512	2	-0.0562364231323	101	-0.0572345867233	103	-0.0233073587801	68	0.0513394369454	4	0.0130461287852	6	-0.126902015735	2	-0.201774100035	-0.353513365155	-0.205921203701	-0.18872797125	-0.328676115771
M01_L_TO_L:G808-E0450	M01_L_TO_L	CORE13	L	L	G808-E0450	ot	eol	1	f43v	f43v	G808-P0158	f43v.12	12	9	H	B	2	3	EXACT	-0.00142209479868	28	0.0357677635521	2	-0.0203181372733	72	0.0254699345243	3	-0.0147658208413	102	-0.0129306555584	105	-0.0191388664638	68	-0.0403668716073	4	0.0184085220817	6	0.0681702475045	3	0.0140275314801	0.0394974660044	0.0152068022896	0.0324360535618	0.0821977789846
M01_L_TO_L:G808-E0458	M01_L_TO_L	CORE13	L	L	G808-E0458	ot	ol	0	f44v	f44v	G808-P0162	f44v.1	1	6	H	A	1	2	EXACT	-0.316736670599	4	0	0	-0.0286668458697	72	0	0	-0.0449867161733	76	-0.043743976505	76	-0.0316206295746	68	0.0215463283358	4	0.106033383034	6	-0.158827401063	1	-0.345403516469	-0.345403516469	-0.348357300174	-0.239370133435	-0.504230917532
M01_L_TO_L:G808-E0465	M01_L_TO_L	CORE13	L	L	G808-E0465	ot	ol	0	f44v	f44v	G808-P0162	f44v.3	3	4	H	A	1	2	EXACT	-0.316736670599	4	-0.090274592577	1	-0.0405489046801	72	-0.350902728438	1	-0.0567223231813	77	-0.059511606281	78	-0.0336711419909	68	-0.157472019173	4	0.0738188184888	6	-0.342001195399	1	-0.447560167856	-0.798462896294	-0.440682405167	-0.373741349367	-0.789561363255
M01_L_TO_L:G808-E0512	M01_L_TO_L	CORE13	L	L	G808-E0512	ot	eol	1	f47v	f47v	G808-P0178	f47v.3	3	3	H	A	1	2	EXACT	-0.091321862208	19	-0.391088607462	1	-0.0553700736722	72	-0.167511139753	1	-0.0674520209433	92	-0.0675536817664	93	-0.0593305642918	68	0.0119566242574	4	-0.0691369910491	6	-0.216886455452	1	-0.537780543342	-0.705291683095	-0.541741033962	-0.606917534391	-0.754666998794
M01_L_TO_L:G808-E0528	M01_L_TO_L	CORE13	L	L	G808-E0528	ot	eol	1	f48r	f48r	G808-P0180	f48r.8	8	3	H	B	5	2	EXACT	0.0183711349661	38	-0.0513049673505	1	-0.0150633235537	72	0	0	-0.00446250546148	111	-0.00319343052795	111	-0.016495695681	68	0.00928604869905	4	-0.0519266630183	6	0	0	-0.0479971559381	-0.0479971559381	-0.0494295280654	-0.0999238189564	-0.0479971559381
M01_L_TO_L:G808-E0543	M01_L_TO_L	CORE13	L	L	G808-E0543	ot	ol	0	f49r	f49r	G808-P0185	f49r.14	14	5	H	A	1	2	EXACT	-0.0980058242302	28	0	0	-0.0329988779227	72	-0.316809473905	2	-0.0517615540464	100	-0.0560358879203	102	-0.0346339627952	68	-0.00520342314899	4	0.0243585598714	6	-0.300904765678	2	-0.131004702153	-0.447814176057	-0.132639787025	-0.106646142281	-0.431909467831
M01_L_TO_L:G808-E0552	M01_L_TO_L	CORE13	L	L	G808-E0552	ot	ol	0	f49v	f49v	G808-P0186	f49v.26	26	3	H	A	1	2	EXACT	-0.117703603863	29	-0.390438871562	1	-0.011057270064	72	0	0	-0.0446247605198	102	-0.0432341293147	102	-0.0142223966562	68	0.0427489559935	4	-0.0661278268417	6	0.0453935234979	1	-0.51919974549	-0.51919974549	-0.522364872082	-0.585327572331	-0.473806221992
M01_L_TO_L:G808-E0602	M01_L_TO_L	CORE13	L	L	G808-E0602	ot	ol	0	f53r	f53r	G808-P0196	f53r.5	5	2	H	A	1	3	EXACT	-0.071248905903	27	0.0248418253038	1	-0.02821758068	72	0	0	-0.0401198808023	100	-0.0388655063856	100	-0.039009743135	68	0.155248159271	4	0.0689804412804	6	0	0	-0.0746246612792	-0.0746246612792	-0.0854168237343	-0.00564421999877	-0.0746246612792
M01_L_TO_L:G808-E0603	M01_L_TO_L	CORE13	L	L	G808-E0603	ot	ol	0	f53r	f53r	G808-P0196	f53r.9	9	1	H	A	1	2	EXACT	-0.071248905903	27	-0.0591802484163	1	-0.00627421779245	72	0	0	-0.0251608802605	100	-0.0239065058438	100	-0.00789935217647	68	0.0213520449505	4	-0.0282090953736	6	0	0	-0.136703372112	-0.136703372112	-0.138328506496	-0.164912467485	-0.136703372112
M01_L_TO_L:G808-E0624	M01_L_TO_L	CORE13	L	L	G808-E0624	ot	ol	0	f55r	f55r	G808-P0200	f55r.13	13	4	H	B	2	2	EXACT	0.0124477550814	38	0.0583595618809	1	0.00020413199111	72	0.0540250543002	2	0.00463885303473	111	0.00641739764534	113	0.00955303892448	68	-0.158728340664	4	0.0291116782679	6	0.0506736909824	3	0.0710114489534	0.125036503254	0.0803603558868	0.100123127221	0.121685139936
M01_L_TO_L:G808-E0660	M01_L_TO_L	CORE13	L	L	G808-E0660	ot	ol	0	f58v	f58v	G808-P0213	f58v.37	37	6	S	A	3	3	EXACT	0.103588618069	26	0	0	-0.00132264719347	71	0	0	0.0263146530993	97	0.0275716920434	97	0.0012679177308	67	-0.0447146407976	4	-0.0666127368699	6	0	0	0.102265970875	0.102265970875	0.104856535799	0.0356532340053	0.102265970875
M01_L_TO_L:G808-E0039	M01_L_TO_L	CORE13	L	L	G808-E0039	ot	ol	0	f5r	f5r	G808-P0015	f5r.2	2	9	H	A	1	3	EXACT	-0.167640671825	13	-0.061724959416	2	-0.0239342245426	72	-0.0862301479931	1	-0.0478734582086	87	-0.047275430641	88	-0.0278077200623	68	0.0419141895195	4	0.0314909901386	6	-0.0837026632887	1	-0.253299855784	-0.339530003777	-0.257173351304	-0.221808865645	-0.337002519073
M01_L_TO_L:G808-E0043	M01_L_TO_L	CORE13	L	L	G808-E0043	ot	ol	0	f5v	f5v	G808-P0017	f5v.4	4	3	H	A	1	3	EXACT	-0.0717317863468	18	-0.189798010094	4	-0.025799854639	72	0	0	-0.042942625753	94	-0.0416776405393	94	-0.0324821278715	68	0.0877977441267	4	0.0151790182778	6	0	0	-0.28732965108	-0.28732965108	-0.294011924312	-0.272150632802	-0.28732965108
M01_L_TO_L:G808-E0046	M01_L_TO_L	CORE13	L	L	G808-E0046	ot	ol	0	f5v	f5v	G808-P0017	f5v.6	6	1	H	A	1	1	EXACT	-0.0717317863468	18	0	0	-0.013897786475	72	0	0	-0.0266840604037	90	-0.0254190751899	90	-0.00968882956117	68	-0.0854511001955	4	-0.0281259963977	6	0	0	-0.0856295728218	-0.0856295728218	-0.081420615908	-0.11375556922	-0.0856295728218
M01_L_TO_L:G808-E0737	M01_L_TO_L	CORE13	L	L	G808-E0737	ot	ol	0	f75v	f75v	G808-P0230	f75v.68	68	4	B	B	2	2	EXACT	0.112575795423	35	4.25126018229e-05	1	-0.0031653860785	72	0	0	0.0339128184576	108	0.035134351512	108	0.00753234101627	68	-0.185026746229	4	0.0238770182958	6	0	0	0.109452921946	0.109452921946	0.120150649041	0.133329940242	0.109452921946
M01_L_TO_L:G808-E0805	M01_L_TO_L	CORE13	L	L	G808-E0805	ot	eol	1	f76v	f76v	G808-P0237	f76v.21	21	2	B	B	2	3	EXACT	0.122805615724	25	0.330954299448	1	0.0360367953907	72	-0.209467115816	1	0.0602630988456	98	0.0586022153792	99	0.0292531831426	68	0.151357070235	4	-0.0103126096824	6	-0.207005771721	1	0.489796710563	0.280329594747	0.483013098315	0.479484100881	0.282790938842
M01_L_TO_L:G808-E0818	M01_L_TO_L	CORE13	L	L	G808-E0818	ot	ol	0	f76v	f76v	G808-P0238	f76v.32	32	9	B	B	2	3	EXACT	0.102031949314	37	-0.0462222990497	2	0.0146339681173	72	-0.0334965147997	1	0.0422034296927	111	0.0426151940517	112	0.0126893719822	68	0.0476909690402	4	-0.0718373681177	6	0.0335033504326	1	0.0704436183822	0.0369471035825	0.068499022247	-0.00139374973557	0.103946968815
M01_L_TO_L:G808-E1001	M01_L_TO_L	CORE13	L	L	G808-E1001	ot	ol	0	f79v	f79v	G808-P0264	f79v.35	35	6	B	B	2	3	EXACT	0.101113451419	19	-0.0289140429201	2	0.00955255136907	72	0.226466238459	2	0.0263032467269	93	0.0313467154535	95	0.00992598126054	68	0.00320314668674	4	-0.0598284389531	6	0.198189646977	2	0.0817519598683	0.308218198327	0.0821253897598	0.0219235209152	0.279941606845
M01_L_TO_L:G808-E1012	M01_L_TO_L	CORE13	L	L	G808-E1012	ot	ol	0	f80r	f80r	G808-P0266	f80r.21	21	6	B	B	2	2	EXACT	0.0581650850294	81	-0.0354742258017	1	0.00953316983966	72	-0.0283756393254	1	0.0346621701436	154	0.0351488388241	155	0.0101021829218	68	-0.000140970611878	4	-0.00198772133391	6	-0.0263002736501	1	0.0322240290674	0.00384838974196	0.0327930421494	0.0302363077334	0.00592375541729
M01_L_TO_L:G808-E1057	M01_L_TO_L	CORE13	L	L	G808-E1057	ot	ol	0	f80v	f80v	G808-P0278	f80v.41	41	6	B	B	2	3	EXACT	0.0931415176537	31	0.172588013268	1	-0.00439727652419	72	-0.125856180093	1	0.0258244174356	104	0.025318553346	105	-0.00634178744362	68	0.028657828791	4	-0.0507242133082	6	-0.123553855332	1	0.261332254398	0.135476074305	0.259387743478	0.21060804109	0.137778399066
M01_L_TO_L:G808-E1082	M01_L_TO_L	CORE13	L	L	G808-E1082	ot	eol	1	f81r	f81r	G808-P0280	f81r.26	26	3	B	B	2	2	EXACT	0.0829529036725	47	0	0	0.0285846937979	72	0	0	0.0500040880454	119	0.0512784156586	119	0.0298407517175	68	0.00723069407834	4	-0.068486090462	6	0	0	0.11153759747	0.11153759747	0.11279365539	0.0430515070084	0.11153759747
M01_L_TO_L:G808-E1243	M01_L_TO_L	CORE13	L	L	G808-E1243	ot	ol	0	f85r1	f85r	G808-P0310	f85r1.35	35	5	T	B	2	2	EXACT	0.0065212783812	22	0.296965432866	1	0.0156738412697	72	0	0	0.0148646536189	95	0.0161170319314	95	0.0128631186443	68	0.0634464661582	4	0.132059373044	6	0	0	0.319160552517	0.319160552517	0.316349829891	0.45121992556	0.319160552517
M01_L_TO_L:G808-E1265	M01_L_TO_L	CORE13	L	L	G808-E1265	ot	ol	0	f86v5	f86v	G808-P0321	f86v5.5	5	3	T	B	2	3	EXACT	0.0136542256553	29	0.605105370062	2	0.0201432345208	72	-0.0472606514448	2	0.0273493496266	103	0.0269783587819	105	0.0163049839168	68	0.0853914987825	4	-0.0837577630516	6	-0.0536271213406	2	0.638902830238	0.591642178793	0.635064579634	0.555145067186	0.585275708897
M01_L_TO_L:G808-E1266	M01_L_TO_L	CORE13	L	L	G808-E1266	ot	ol	0	f86v5	f86v	G808-P0322	f86v5.7	7	5	T	B	2	3	EXACT	-0.00934076634762	32	-0.0730881209974	1	0.0255946234186	72	0	0	0.0120672665388	105	0.0135900092453	105	0.0272761860766	68	-0.00299393777307	4	0.0205463459562	6	0	0	-0.0568342639264	-0.0568342639264	-0.0551527012684	-0.0362879179702	-0.0568342639264
M01_L_TO_L:G808-E1297	M01_L_TO_L	CORE13	L	L	G808-E1297	ot	ol	0	f86v6	f86v	G808-P0328	f86v6.20	20	2	T	B	2	3	EXACT	-0.00577801186413	51	0.157859947237	1	0.0296127833352	72	0	0	0.0158634938285	124	0.017386236535	124	0.0225127341689	68	0.150311623157	4	0.0826317147856	6	0	0	0.181694718708	0.181694718708	0.174594669541	0.264326433493	0.181694718708
M01_L_TO_L:G808-E1310	M01_L_TO_L	CORE13	L	L	G808-E1310	ot	ol	0	f86v6	f86v	G808-P0329	f86v6.39	39	4	T	B	2	3	EXACT	0.0408144729862	74	-0.0861900418317	4	-0.00872225756084	72	0.0145129679103	1	0.0147175962578	150	0.0160746724827	151	-0.00305758114762	68	-0.105023752591	4	0.0944806125935	6	0.0500496662199	3	-0.0540978264063	-0.039584858496	-0.0484331499931	0.0403827861872	-0.00404816018644
M01_L_TO_L:G808-E1325	M01_L_TO_L	CORE13	L	L	G808-E1325	ot	ol	0	f87v	f87v	G808-P0332	f87v.9	9	3	H	A	1	1	EXACT	0.00970708871583	22	0	0	-0.0126026989545	72	0	0	-0.00868871726669	94	-0.00743531909614	94	-0.0129468162199	68	-0.00675358040719	4	-0.0573378011751	6	0	0	-0.00289561023869	-0.00289561023869	-0.00323972750411	-0.0602334114138	-0.00289561023869
M01_L_TO_L:G808-E1350	M01_L_TO_L	CORE13	L	L	G808-E1350	ot	ol	0	f88v	f88v	G808-P0338	f88v.18	18	3	P	A	1	2	EXACT	0.0546120732237	7	0	0	0.0135685809494	72	0	0	0.0153155013842	79	0.0165872780883	79	0.0140677675549	68	0.00508151282604	4	-0.0730314740367	6	0	0	0.0681806541732	0.0681806541732	0.0686798407787	-0.00485081986356	0.0681806541732
M01_L_TO_L:G808-E1355	M01_L_TO_L	CORE13	L	L	G808-E1355	ot	eol	1	f88v	f88v	G808-P0338	f88v.20	20	3	P	A	1	2	EXACT	0.0546120732237	7	0	0	0.0188466066516	72	0	0	0.0201258539229	79	0.021397630627	79	0.0257310169103	68	-0.0981892635759	4	0.0308296714692	6	0	0	0.0734586798754	0.0734586798754	0.0803430901341	0.104288351345	0.0734586798754
M01_L_TO_L:G808-E0077	M01_L_TO_L	CORE13	L	L	G808-E0077	ot	ol	0	f8v	f8v	G808-P0028	f8v.1	1	5	H	A	1	2	EXACT	-0.123726493717	29	0	0	-0.0382523027006	72	0	0	-0.0634217629015	101	-0.0623269632454	101	-0.0409126336173	68	0.00697211839905	4	-0.0206777960815	6	0	0	-0.161978796418	-0.161978796418	-0.164639127335	-0.182656592499	-0.161978796418
M01_L_TO_L:G808-E1390	M01_L_TO_L	CORE13	L	L	G808-E1390	ot	ol	0	f93r	f93r	G808-P0346	f93r.4	4	7	H	A	1	3	EXACT	-0.0666136842749	49	0	0	-0.0057867837704	72	0	0	-0.0304144213745	121	-0.02909265801	121	-0.00946805680834	68	0.0567937673484	4	0.141032267971	6	-0.0175114048928	1	-0.0724004680453	-0.0724004680453	-0.0760817410832	0.0686317999255	-0.0899118729381
M01_L_TO_L:G808-E1398	M01_L_TO_L	CORE13	L	L	G808-E1398	ot	eol	1	f93r	f93r	G808-P0346	f93r.11	11	2	H	A	1	2	EXACT	-0.0666136842749	49	0	0	-0.0140535746302	72	0	0	-0.035333503539	121	-0.0340117401745	121	-0.0241166135546	68	0.157016996557	4	-0.0634543320452	6	0.0142704675135	1	-0.0806672589051	-0.0806672589051	-0.0907302978295	-0.14412159095	-0.0663967913916
M01_L_TO_L:G808-E1475	M01_L_TO_L	CORE13	L	L	G808-E1475	ot	ol	0	f99v	f99v	G808-P0367	f99v.12	12	4	P	A	1	3	EXACT	-0.0363544192015	15	0.267528854786	2	0.00936288722606	72	-0.275804073123	2	0.0049217201401	89	-0.000308644687039	91	0.0145781763656	68	-0.0792979329758	4	0.018141123975	6	-0.268205840371	2	0.240537322811	-0.0352667503121	0.24575261195	0.258678446786	-0.0276685175606
M01_L_TO_L:G808-E0100	M01_L_TO_L	CORE13	L	L	G808-E0100	ot	ol	0	f9v	f9v	G808-P0032	f9v.4	4	6	H	A	1	3	EXACT	-0.194220765572	17	-6.44348091425e-05	1	-0.035320493816	72	-0.0397693645477	2	-0.0663273681242	90	-0.064934740736	92	-0.0323192521119	68	-0.0863426399154	4	0.0953861867734	6	-0.00481013676055	2	-0.229605694198	-0.269375058745	-0.226604452494	-0.134219507424	-0.234415830958
M01_L_TO_L:G808-E1496	M01_L_TO_L	CORE13	L	L	G808-E1496	pch	eol	1	f100r	f100r	G808-P0371	f100r.12	12	1	P	A	1	3	EXACT	-0.0165300193353	13	-0.140124246159	1	0.0319072464329	72	0	0	0.0208238547558	86	0.0223424080881	86	0.0342344936115	68	-0.00765776282122	4	0.018924322808	6	0	0	-0.124747019062	-0.124747019062	-0.122419771883	-0.105822696254	-0.124747019062
M01_L_TO_L:G808-E1529	M01_L_TO_L	CORE13	L	L	G808-E1529	pch	ol	0	f102v1	f102v	G808-P0377	f102v1.7	7	3	P	A	1	2	EXACT	0.0321471757827	31	0	0	0.0262524805787	72	0	0	0.0274104721391	103	0.0286723692593	103	0.0233535180393	68	0.0755329474521	4	0.117292752419	6	-0.0971230049119	1	0.0583996563614	0.0583996563614	0.055500693822	0.17569240878	-0.0387233485505
M01_L_TO_L:G808-E1602	M01_L_TO_L	CORE13	L	L	G808-E1602	pch	ol	0	f103v	f103v	G808-P0407	f103v.30	30	4	S	B	3	2	EXACT	0.105584208169	13	0	0	0.00695759487157	72	0	0	0.0208264471112	85	0.0221273049037	85	0.00748274763347	68	-0.00197184061929	4	-0.0805883310173	6	0	0	0.11254180304	0.11254180304	0.113066955802	0.031953472023	0.11254180304
M01_L_TO_L:G808-E1630	M01_L_TO_L	CORE13	L	L	G808-E1630	pch	ol	0	f104r	f104r	G808-P0421	f104r.34	34	1	S	B	3	3	EXACT	-0.08897482123	3	0.0794907970144	5	0.0458012457469	72	0	0	0.041291715217	80	0.0425922428509	80	0.0488133290922	68	-0.00540606012727	4	0.0312065842916	6	0	0	0.0363172215313	0.0363172215313	0.0393293048765	0.0675238058228	0.0363172215313
M01_L_TO_L:G808-E1719	M01_L_TO_L	CORE13	L	L	G808-E1719	pch	eol	1	f106r	f106r	G808-P0462	f106r.13	13	1	S	B	3	3	EXACT	0.073816176656	3	0.203032308663	1	0.0244848692956	72	0	0	0.0272112288973	76	0.0285061030776	76	0.0263607502843	68	-0.00740662123068	4	0.016148485706	6	0	0	0.301333354614	0.301333354614	0.303209235603	0.31748184032	0.301333354614
M01_L_TO_L:G808-E2069	M01_L_TO_L	CORE13	L	L	G808-E2069	pch	eol	1	f113v	f113v	G808-P0596	f113v.15	15	8	S	B	3	3	EXACT	0.0468988455753	28	0.0199644690928	2	0.0315966438181	72	-0.16343288345	1	0.0345708760092	102	0.0337645052009	103	0.0346643657506	68	-0.0205551128406	4	-0.0159047038511	6	-0.00705243388534	2	0.0984599584861	-0.0649729249634	0.101527680419	0.082555254635	0.0914075246008
M01_L_TO_L:G808-E2073	M01_L_TO_L	CORE13	L	L	G808-E2073	pch	eol	1	f113v	f113v	G808-P0599	f113v.25	25	5	S	B	3	3	EXACT	0.0972417680842	10	-0.180741733599	1	0.0354118621549	72	0	0	0.0382591117785	83	0.0395694904146	83	0.0361683151594	68	0.0225516772723	4	-0.0104002512932	6	0	0	-0.0480881033598	-0.0480881033598	-0.0473316503553	-0.058488354653	-0.0480881033598
M01_L_TO_L:G808-E0302	M01_L_TO_L	CORE13	L	L	G808-E0302	pch	ol	0	f28v	f28v	G808-P0098	f28v.7	7	1	H	A	1	3	EXACT	-0.102170757502	13	-0.0211759048944	3	-0.0314014418384	72	0	0	-0.0425087157459	88	-0.0412944637148	88	-0.0329463460979	68	-0.00513989065217	4	0.105727106259	6	0	0	-0.154748104235	-0.154748104235	-0.156293008495	-0.0490209979761	-0.154748104235
M01_L_TO_L:G808-E0020	M01_L_TO_L	CORE13	L	L	G808-E0020	pch	eol	1	f3r	f3r	G808-P0006	f3r.11	11	1	H	A	1	1	EXACT	-0.0259937011905	10	0	0	-0.0249670870143	72	0	0	-0.027570922051	82	-0.0260925133901	82	-0.0253289090738	68	-0.0188180432678	4	0.00395647337689	6	0	0	-0.0509607882048	-0.0509607882048	-0.0513226102643	-0.0470043148279	-0.0509607882048
M01_L_TO_L:G808-E0597	M01_L_TO_L	CORE13	L	L	G808-E0597	pch	eol	1	f52v	f52v	G808-P0195	f52v.7	7	1	H	A	1	2	EXACT	-0.101243279498	18	-0.134638730358	1	-0.0391708271337	72	0	0	-0.0538175254764	91	-0.0524914998044	91	-0.0339803098962	68	-0.127411301639	4	-0.10268951442	6	0	0	-0.275052836989	-0.275052836989	-0.269862319752	-0.377742351409	-0.275052836989
M01_L_TO_L:G808-E0878	M01_L_TO_L	CORE13	L	L	G808-E0878	pch	eol	1	f77v	f77v	G808-P0246	f77v.29	29	6	B	B	2	3	EXACT	0.0899637087819	41	-0.0357509967135	1	-0.00025413519348	72	-0.173948278081	1	0.0314694734899	114	0.0308518384358	115	0.000541624351408	68	-0.0137836131311	4	-0.0261648866185	6	-0.117820588693	1	0.0539585768749	-0.119989701206	0.0547543364198	0.0277936902565	-0.0638620118179
M01_L_TO_L:G808-E1032	M01_L_TO_L	CORE13	L	L	G808-E1032	pch	eol	1	f80v	f80v	G808-P0271	f80v.6	6	3	B	B	2	2	EXACT	0.0419624434153	22	0.254113287136	1	0.0201586662498	72	0.335433427228	1	0.0268343083675	95	0.0310226431134	96	0.0141342638209	68	0.122571100391	4	-0.0516712881088	6	0.335677843299	1	0.316234396801	0.651667824028	0.310209994372	0.264563108692	0.6519122401
M01_L_TO_L:G808-E1132	M01_L_TO_L	CORE13	L	L	G808-E1132	pch	eol	1	f82v	f82v	G808-P0287	f82v.11	11	1	B	B	2	3	EXACT	0.0969865514396	18	0.292411412994	2	0.0251101544179	72	-0.00849417853939	2	0.0438185858063	92	0.0436008745128	94	0.0269623683633	68	-0.00637928117098	4	-0.0270862201563	6	-0.00818990488883	2	0.414508118851	0.406013940312	0.416360332796	0.387421898695	0.406318213962
M01_L_TO_L:G808-E1150	M01_L_TO_L	CORE13	L	L	G808-E1150	pch	eol	1	f82v	f82v	G808-P0291	f82v.38	38	1	B	B	2	1	EXACT	0.0380109253494	28	0	0	-0.0011866090713	72	0.00141195433749	1	0.00898303153068	100	0.0100350229743	101	0.00601480758826	68	-0.1236124908	4	-0.0305154616431	6	0.0246354894242	1	0.0368243162781	0.0382362706156	0.0440257329377	0.00630885463507	0.0614598057023
M01_L_TO_L:G808-E1468	M01_L_TO_L	CORE13	L	L	G808-E1468	pch	ol	0	f99r	f99r	G808-P0365	f99r.41	41	4	P	A	1	3	EXACT	0.134987286434	22	0.0429421313716	1	0.0338663481788	72	0	0	0.0552751441855	95	0.0567705661629	95	0.0363261617527	68	-0.00795204349228	4	0.020955776014	6	0	0	0.211795765984	0.211795765984	0.214255579558	0.232751541998	0.211795765984
M01_L_TO_L:G808-E1506	M01_L_TO_L	CORE13	L	L	G808-E1506	qok	eol	1	f100v	f100v	G808-P0373	f100v.15	15	9	P	A	1	3	EXACT	0.00514651397027	25	-0.166211805283	3	-0.0122676617574	72	0	0	-0.0132694611405	100	-0.0122102662041	100	-0.00718293502987	68	-0.0987085629608	4	-0.0170792906299	6	0.147603302246	1	-0.173332953071	-0.173332953071	-0.168248226343	-0.1904122437	-0.025729650825
M01_L_TO_L:G808-E1508	M01_L_TO_L	CORE13	L	L	G808-E1508	qok	eol	1	f100v	f100v	G808-P0373	f100v.17	17	3	P	A	1	2	EXACT	0.00514651397027	25	0	0	0.00367876412706	72	0	0	0.00354375471902	97	0.00460294965544	97	0.00225232959066	68	0.0279276044108	4	0.0790538238967	6	0	0	0.00882527809733	0.00882527809733	0.00739884356093	0.087879101994	0.00882527809733
M01_L_TO_L:G808-E1511	M01_L_TO_L	CORE13	L	L	G808-E1511	qok	eol	1	f100v	f100v	G808-P0373	f100v.18	18	10	P	A	1	3	EXACT	0.00514651397027	25	-0.0104358007501	3	-0.00936303505139	72	0	0	-0.00650484977617	100	-0.00544565483975	100	-0.00913682737317	68	-0.013209112416	4	-0.00157435972355	6	0	0	-0.0146523218312	-0.0146523218312	-0.014426114153	-0.0162266815548	-0.0146523218312
M01_L_TO_L:G808-E1518	M01_L_TO_L	CORE13	L	L	G808-E1518	qok	ol	0	f102r1	f102r	G808-P0374	f102r1.5	5	9	P	A	1	2	EXACT	0.106777648769	5	0	0	-0.00614446495493	72	0	0	-0.00420008619918	77	-0.00290525769633	77	-0.00438248584321	68	-0.0360985202728	4	0.0251607964044	6	0.288303785756	1	0.100633183814	0.100633183814	0.102395162926	0.125793980219	0.38893696957
M01_L_TO_L:G808-E1521	M01_L_TO_L	CORE13	L	L	G808-E1521	qok	eol	1	f102r1	f102r	G808-P0375	f102r1.9	9	3	P	A	1	2	EXACT	-0.0343593412364	8	0	0	0.00167579077909	72	0	0	-0.00677100912743	80	-0.00547618062458	80	0.0020177767686	68	-0.00413838146112	4	0.0187161551209	6	-0.363075332351	1	-0.0326835504573	-0.0326835504573	-0.0323415644678	-0.0139673953364	-0.395758882809
M01_L_TO_L:G808-E1531	M01_L_TO_L	CORE13	L	L	G808-E1531	qok	eol	1	f102v1	f102v	G808-P0377	f102v1.9	9	3	P	A	1	3	EXACT	0.0407812579162	25	-0.0840354377403	2	0.0331551851586	72	0	0	0.03128178106	99	0.0322633794391	99	0.0266277612892	68	0.144120558492	4	-0.00383143606786	6	-0.0126173741186	1	-0.0100989946654	-0.0100989946654	-0.0166264185349	-0.0139304307333	-0.022716368784
M01_L_TO_L:G808-E1548	M01_L_TO_L	CORE13	L	L	G808-E1548	qok	eol	1	f102v2	f102v	G808-P0380	f102v2.35	35	9	P	A	1	3	EXACT	0.055133169969	43	0	0	0.00357072220852	72	0	0	0.0229091068818	115	0.023890705261	115	0.00404549798071	68	-0.00450129836547	4	0.0713318756968	6	-0.471180289207	1	0.0587038921775	0.0587038921775	0.0591786679497	0.130035767874	-0.41247639703
M01_L_TO_L:G808-E1556	M01_L_TO_L	CORE13	L	L	G808-E1556	qok	eol	1	f103r	f103r	G808-P0383	f103r.11	11	10	S	B	3	3	EXACT	0.150033837339	22	0.0205700823431	4	0.00912019830693	72	0	0	0.0402890915598	98	0.0413611999554	98	0.0141599939493	68	-0.07655665158	4	-0.0416998600486	6	-0.00936497812929	1	0.179724117989	0.179724117989	0.184763913631	0.13802425794	0.170359139859
M01_L_TO_L:G808-E1557	M01_L_TO_L	CORE13	L	L	G808-E1557	qok	eol	1	f103r	f103r	G808-P0383	f103r.12	12	5	S	B	3	3	EXACT	0.150033837339	22	-0.00394291341051	2	0.0432361366124	72	0.0173404120552	1	0.0659518031657	96	0.0663391607	97	0.0460760866919	68	-0.00504333870587	4	0.0371487180753	6	0.0201134443459	1	0.189327060541	0.206667472596	0.19216701062	0.226475778616	0.209440504886
M01_L_TO_L:G808-E1562	M01_L_TO_L	CORE13	L	L	G808-E1562	qok	eol	1	f103r	f103r	G808-P0386	f103r.18	18	2	S	B	3	3	EXACT	0.100783849075	11	0.134863694685	1	0.0342790716368	72	0	0	0.0428848753267	84	0.0439569837222	84	0.025679562812	68	0.180470397691	4	0.0734222337986	6	0	0	0.269926615397	0.269926615397	0.261327106572	0.343348849196	0.269926615397
M01_L_TO_L:G808-E1622	M01_L_TO_L	CORE13	L	L	G808-E1622	qok	ol	0	f104r	f104r	G808-P0413	f104r.9	9	3	S	B	3	2	EXACT	0.069191165624	30	0	0	0.0249517554621	72	0	0	0.0379583202879	102	0.0390019628814	102	0.0323212345468	68	-0.100328994902	4	-0.0185670359015	6	-0.136733805016	1	0.094142921086	0.094142921086	0.101512400171	0.0755758851845	-0.0425908839297
M01_L_TO_L:G808-E1646	M01_L_TO_L	CORE13	L	L	G808-E1646	qok	eol	1	f104v	f104v	G808-P0428	f104v.13	13	4	S	B	3	3	EXACT	0.254173729965	9	0.312386932664	1	0.0353047344267	72	0	0	0.0613984672273	82	0.0624937156588	82	0.0425693053632	68	-0.0881937275212	4	-0.0666992655446	6	0	0	0.601865397056	0.601865397056	0.609129967992	0.535166131511	0.601865397056
M01_L_TO_L:G808-E1652	M01_L_TO_L	CORE13	L	L	G808-E1652	qok	ol	0	f104v	f104v	G808-P0430	f104v.20	20	8	S	B	3	3	EXACT	-0.0422898081206	9	-0.0759485545892	2	0.0244690887154	72	0.106844267405	1	0.0134334707824	83	0.0154226449867	84	0.0250568113561	68	0.0144770477955	4	-0.0701489690067	6	0.109268108739	1	-0.0937692739945	0.0130749934108	-0.0931815513537	-0.163918243001	0.0154988347449
M01_L_TO_L:G808-E1711	M01_L_TO_L	CORE13	L	L	G808-E1711	qok	eol	1	f106r	f106r	G808-P0459	f106r.6	6	10	S	B	3	3	EXACT	-0.0194001484415	14	-0.122194237216	1	0.00357361924343	72	-0.0348528308415	1	-0.00291724436219	87	-0.00235990522699	88	0.00431642519283	68	-0.00905440351169	4	0.0715398553063	6	-0.0324001990917	1	-0.138020766414	-0.172873597256	-0.137277960465	-0.0664809111078	-0.170420965506
M01_L_TO_L:G808-E1749	M01_L_TO_L	CORE13	L	L	G808-E1749	qok	ol	0	f106v	f106v	G808-P0480	f106v.24	24	4	S	B	3	3	EXACT	0.0385348637633	16	0	0	0.000690952098742	72	0	0	0.00621921749865	88	0.00735701676322	88	0.00649643096642	68	-0.0980025257053	4	0.0251638919526	6	0	0	0.039225815862	0.039225815862	0.0450312947297	0.0643897078146	0.039225815862
M01_L_TO_L:G808-E1771	M01_L_TO_L	CORE13	L	L	G808-E1771	qok	eol	1	f107r	f107r	G808-P0493	f107r.21	21	7	S	B	3	3	EXACT	0.0889911474128	9	0.0961508440885	1	0.0129891612221	72	0	0	0.0200359187496	82	0.02131538496	82	0.0126767386879	68	0.0182999517479	4	-0.0444336843463	6	0	0	0.198131152723	0.198131152723	0.197818730189	0.153697468377	0.198131152723
M01_L_TO_L:G808-E1787	M01_L_TO_L	CORE13	L	L	G808-E1787	qok	ol	0	f107v	f107v	G808-P0504	f107v.8	8	4	S	B	3	2	EXACT	0.197424631392	5	0	0	0.0200054058591	72	0	0	0.0294479465411	77	0.030580785161	77	0.0268013737894	68	-0.0955258636594	4	-0.113985216121	6	0	0	0.217430037251	0.217430037251	0.224226005182	0.10344482113	0.217430037251
M01_L_TO_L:G808-E1803	M01_L_TO_L	CORE13	L	L	G808-E1803	qok	ol	0	f107v	f107v	G808-P0507	f107v.21	21	6	S	B	3	3	EXACT	0.0609352136585	7	0.0247727003031	3	0.0118316464428	71	0	0	0.0144064558895	81	0.0155392945094	81	0.0126051818023	67	-0.00112495486023	4	-0.0238574165578	6	0	0	0.0975395604044	0.0975395604044	0.0983130957639	0.0736821438466	0.0975395604044
M01_L_TO_L:G808-E1819	M01_L_TO_L	CORE13	L	L	G808-E1819	qok	ol	0	f107v	f107v	G808-P0513	f107v.37	37	7	S	B	3	3	EXACT	0.0358249585812	13	0.0663097414288	2	0.00419849046648	72	0	0	0.00872682408172	87	0.00985966270159	87	0.00353086091586	68	0.0155483781246	4	-0.00240873039692	6	0	0	0.106333190477	0.106333190477	0.105665560926	0.10392446008	0.106333190477
M01_L_TO_L:G808-E1820	M01_L_TO_L	CORE13	L	L	G808-E1820	qok	ol	0	f107v	f107v	G808-P0513	f107v.38	38	6	S	B	3	3	EXACT	0.0358249585812	13	0	0	0.00548447381111	72	-0.00110921108963	2	0.00866033037504	85	0.00912611166008	87	0.00963424820517	68	-0.0650615055903	4	-0.0728318431482	6	0.0363849643303	3	0.0413094323923	0.0402002213027	0.0454592067864	-0.0315224107559	0.0776943967226
M01_L_TO_L:G808-E0110	M01_L_TO_L	CORE13	L	L	G808-E0110	qok	ol	0	f10v	f10v	G808-P0037	f10v.6	6	6	H	A	1	3	EXACT	-0.205088473505	12	-0.220653553642	1	-0.0336122971654	72	0	0	-0.0609266530516	85	-0.0598838213785	85	-0.0297868251155	68	-0.098645847741	4	-0.0130965528897	6	0.171437392308	2	-0.459354324312	-0.459354324312	-0.455528852262	-0.472450877202	-0.287916932004
M01_L_TO_L:G808-E0111	M01_L_TO_L	CORE13	L	L	G808-E0111	qok	ol	0	f10v	f10v	G808-P0037	f10v.7	7	1	H	A	1	2	EXACT	-0.205088473505	12	-0.248492452962	2	-0.01231213203	72	0	0	-0.0456825225738	86	-0.0446396909008	86	-0.0159264974825	68	0.049131554934	4	0.0316975729861	6	0.0451006773878	1	-0.465893058498	-0.465893058498	-0.46950742395	-0.434195485511	-0.42079238111
M01_L_TO_L:G808-E2057	M01_L_TO_L	CORE13	L	L	G808-E2057	qok	eol	1	f113r	f113r	G808-P0591	f113r.48	48	7	S	B	3	3	EXACT	0.114902103139	38	-0.0354510860714	2	0.00656837687006	72	-0.0444778434366	1	0.0424058037709	112	0.0425701843776	113	0.010912288784	68	-0.0672783844142	4	0.0816523536032	6	-0.132396588027	2	0.0860193939382	0.0415415505016	0.0903633058521	0.167671747541	-0.0463771940889
M01_L_TO_L:G808-E2126	M01_L_TO_L	CORE13	L	L	G808-E2126	qok	ol	0	f114v	f114v	G808-P0624	f114v.15	15	6	S	B	3	3	EXACT	0.0702854076569	17	-0.0442396344048	1	-0.000384854579713	72	-0.0615855075389	1	0.0111679572624	90	0.0112697570821	91	0.000135920251342	68	-0.00923859471129	4	-0.00522210837243	6	-0.0591097553847	1	0.0256609186724	-0.0359245888664	0.0261816935035	0.0204388103	-0.0334488367122
M01_L_TO_L:G808-E2129	M01_L_TO_L	CORE13	L	L	G808-E2129	qok	ol	0	f114v	f114v	G808-P0626	f114v.20	20	3	S	B	3	3	EXACT	0.138108114372	4	-0.0761760142746	2	0.0197651779073	72	0.0106464551645	1	0.0210557558521	78	0.0217945101785	79	0.0138446609903	68	0.120413397493	4	-0.0471477422164	6	-0.0587606843224	1	0.0816972780047	0.0923437331693	0.0757767610877	0.0345495357883	0.0229365936824
M01_L_TO_L:G808-E2150	M01_L_TO_L	CORE13	L	L	G808-E2150	qok	eol	1	f115r	f115r	G808-P0638	f115r.24	24	2	S	B	@	3	EXACT	0.0915384809243	20	-0.0427935646002	5	0.00614210035675	70	0.0847330179388	2	0.0202224912736	95	0.0222833516756	97	-0.00435532073902	66	0.17934831521	4	0.0281726114911	6	0.0545450563237	2	0.0548870166808	0.13962003462	0.044389595585	0.0830596281719	0.109432073004
M01_L_TO_L:G808-E2159	M01_L_TO_L	CORE13	L	L	G808-E2159	qok	ol	0	f115r	f115r	G808-P0644	f115r.42	42	4	S	B	@	3	EXACT	0.0248843327915	19	-0.0213688939036	1	0.00179022821632	70	0	0	0.0053507038165	90	0.00646333837215	90	0.00752240628701	66	-0.0927919431765	4	0.0347511732943	6	0	0	0.00530566710425	0.00530566710425	0.0110378451749	0.0400568403985	0.00530566710425
M01_L_TO_L:G808-E0126	M01_L_TO_L	CORE13	L	L	G808-E0126	qok	ol	0	f13v	f13v	G808-P0043	f13v.2	2	2	H	A	1	2	EXACT	-0.10908574509	15	0	0	-0.0261335282017	72	0	0	-0.0413351366801	87	-0.0402679716738	87	-0.0383069214262	68	0.180813635683	4	-0.0453409527131	6	0	0	-0.135219273291	-0.135219273291	-0.147392666516	-0.180560226004	-0.135219273291
M01_L_TO_L:G808-E0146	M01_L_TO_L	CORE13	L	L	G808-E0146	qok	ol	0	f16r	f16r	G808-P0052	f16r.11	11	2	H	A	1	2	EXACT	-0.0660638295401	12	-0.0901395397626	1	-0.0308839307702	72	0	0	-0.037416090016	85	-0.0363817101225	85	-0.0433750673212	68	0.181464750709	4	0.0186230525125	6	0	0	-0.187087300073	-0.187087300073	-0.199578436624	-0.16846424756	-0.187087300073
M01_L_TO_L:G808-E0155	M01_L_TO_L	CORE13	L	L	G808-E0155	qok	ol	0	f17r	f17r	G808-P0056	f17r.4	4	3	H	A	1	3	EXACT	-0.114660036099	9	0	0	-0.016928214656	72	0	0	-0.0290930157059	81	-0.0280110546678	81	-0.0249539045949	68	0.119507985332	4	0.0459147484364	6	-0.00925802256759	1	-0.131588250755	-0.131588250755	-0.139613940694	-0.0856735023187	-0.140846273323
M01_L_TO_L:G808-E0214	M01_L_TO_L	CORE13	L	L	G808-E0214	qok	eol	1	f21r	f21r	G808-P0071	f21r.6	6	8	H	A	1	3	EXACT	-0.148243189416	8	-0.109437529307	2	-0.027512636169	72	0	0	-0.0430460587178	82	-0.0416360449095	82	-0.0297475613836	68	0.0104805379559	4	-0.044298551297	6	-0.0410795277762	1	-0.285193354892	-0.285193354892	-0.287428280106	-0.329491906189	-0.326272882668
M01_L_TO_L:G808-E0225	M01_L_TO_L	CORE13	L	L	G808-E0225	qok	ol	0	f22r	f22r	G808-P0074	f22r.3	3	1	H	A	1	3	EXACT	-0.105947518558	16	-0.234856770601	2	-0.0190812436977	72	0	0	-0.0397678854558	90	-0.0388026218342	90	-0.0247276267651	68	0.0769067572412	4	-0.0112568779414	6	0.0890376249266	1	-0.359885532857	-0.359885532857	-0.365531915924	-0.371142410798	-0.27084790793
M01_L_TO_L:G808-E0230	M01_L_TO_L	CORE13	L	L	G808-E0230	qok	ol	0	f22r	f22r	G808-P0077	f22r.10	10	7	H	A	1	3	EXACT	-0.316713286297	16	0.0166185903269	2	-0.0250761899563	72	0.132101433394	2	-0.0764449709289	90	-0.0712955096479	92	-0.022161187862	68	-0.074631736767	4	-0.0949697247596	6	0.131020437097	2	-0.325170885926	-0.193069452532	-0.322255883832	-0.420140610686	-0.194150448829
M01_L_TO_L:G808-E0233	M01_L_TO_L	CORE13	L	L	G808-E0233	qok	ol	0	f22v	f22v	G808-P0079	f22v.8	8	3	H	A	1	2	EXACT	-0.233221378923	19	0	0	-0.0531348029182	72	-0.298115148211	2	-0.0915057165168	91	-0.0952549164972	93	-0.0515243517882	68	-0.0805129888235	4	-0.0680753864075	6	-0.248719572748	3	-0.286356181841	-0.584471330051	-0.284745730711	-0.354431568248	-0.535075754589
M01_L_TO_L:G808-E0245	M01_L_TO_L	CORE13	L	L	G808-E0245	qok	ol	0	f23v	f23v	G808-P0084	f23v.7	7	5	H	A	1	3	EXACT	-0.0937010348792	26	-0.0655562457103	1	-0.00641998222158	71	-0.202858320757	2	-0.0307442480934	98	-0.0334655946853	100	-0.00657630376782	67	-0.00380040556402	4	-0.0842607334206	6	-0.208771700402	2	-0.165677262811	-0.368535583568	-0.165833584357	-0.249937996232	-0.374448963213
M01_L_TO_L:G808-E0252	M01_L_TO_L	CORE13	L	L	G808-E0252	qok	eol	1	f24r	f24r	G808-P0085	f24r.8	8	6	H	A	1	2	EXACT	-0.0551566780146	49	0.216322855796	1	-0.0243705698138	71	0.0946214467822	1	-0.0345415256285	121	-0.0325425802743	122	-0.0258642651594	67	0.000646164573922	4	-0.0666858948027	6	0.0268981987661	1	0.136795607967	0.231417054749	0.135301912622	0.0701097131646	0.163693806733
M01_L_TO_L:G808-E0292	M01_L_TO_L	CORE13	L	L	G808-E0292	qok	ol	0	f28r	f28r	G808-P0095	f28r.6	6	6	H	A	1	3	EXACT	-0.131366756385	26	0	0	-0.0617803038149	72	-0.0412178595469	1	-0.0799652251183	98	-0.0789428868746	99	-0.0586891970583	68	-0.114329745419	4	-0.0351361882835	6	-0.105922269586	1	-0.1931470602	-0.234364919747	-0.190055953443	-0.228283248483	-0.299069329786
M01_L_TO_L:G808-E0016	M01_L_TO_L	CORE13	L	L	G808-E0016	qok	ol	0	f3r	f3r	G808-P0005	f3r.5	5	1	H	A	1	2	EXACT	-0.116205913538	19	0	0	-0.0183124774519	72	0.0476331539257	1	-0.0406614065206	91	-0.0386961983351	92	-0.0211164520564	68	0.0293545526913	4	-0.0417313318252	6	0.0781108481914	1	-0.13451839099	-0.0868852370639	-0.137322365594	-0.176249722815	-0.0564075427981
M01_L_TO_L:G808-E0396	M01_L_TO_L	CORE13	L	L	G808-E0396	qok	ol	0	f40r	f40r	G808-P0141	f40r.4	4	5	H	B	2	3	EXACT	-0.00980177716449	31	0.0418492224186	3	0.00544672249739	72	-0.0805805738954	1	0.00153566432214	106	0.00167384680331	107	0.0060229565139	68	-0.00434977818895	4	0.090388252294	6	-0.0696818806189	3	0.0374941677515	-0.0430864061439	0.038070401768	0.127882420045	-0.0321877128674
M01_L_TO_L:G808-E0399	M01_L_TO_L	CORE13	L	L	G808-E0399	qok	ol	0	f40v	f40v	G808-P0143	f40v.7	7	2	H	B	2	2	EXACT	0.0885514759928	21	0.246221945278	1	0.00267931930567	72	0.0384971386981	2	0.0236254814456	94	0.0246496554149	96	-0.00311686227311	68	0.101213901601	4	0.0730437041816	6	0.0513189233311	2	0.337452740576	0.375949879275	0.331656558998	0.410496444758	0.388771663908
M01_L_TO_L:G808-E0400	M01_L_TO_L	CORE13	L	L	G808-E0400	qok	ol	0	f40v	f40v	G808-P0143	f40v.11	11	2	H	B	2	2	EXACT	0.0885514759928	21	0	0	0.000641292367561	72	0	0	0.0197310300026	93	0.0208215267171	93	-0.00527477314875	68	0.101213901601	4	0.0301360588383	6	0	0	0.0891927683604	0.0891927683604	0.0832767028441	0.119328827199	0.0891927683604
M01_L_TO_L:G808-E0443	M01_L_TO_L	CORE13	L	L	G808-E0443	qok	ol	0	f43r	f43r	G808-P0155	f43r.12	12	3	H	B	2	3	EXACT	0.0593358384438	15	-0.00639337293162	4	0.00914559993728	72	0	0	0.0155922027992	91	0.0167452221835	91	0.00271414668825	68	0.118479797325	4	-0.0123247863187	6	0	0	0.0620880654495	0.0620880654495	0.0556566122004	0.0497632791307	0.0620880654495
M01_L_TO_L:G808-E0474	M01_L_TO_L	CORE13	L	L	G808-E0474	qok	ol	0	f45r	f45r	G808-P0165	f45r.2	2	4	H	A	1	3	EXACT	-0.0999533179579	16	-0.0515395862118	3	-0.0444017826098	72	0.0565310633926	1	-0.0549905031881	91	-0.0529943613169	92	-0.0410004389797	68	-0.102225200362	4	0.0383394787839	6	0.0938661228281	1	-0.19589468678	-0.139363623387	-0.192493343149	-0.157555207996	-0.102028563951
M01_L_TO_L:G808-E0483	M01_L_TO_L	CORE13	L	L	G808-E0483	qok	ol	0	f46r	f46r	G808-P0170	f46r.3	3	8	H	B	2	3	EXACT	-0.00151396759511	22	-0.139117616043	4	-0.0329501146093	70	0.07923081996	1	-0.0312368624449	96	-0.0291330939478	97	-0.0356744945489	66	0.0120018191143	4	0.029022155582	6	0.183303060972	2	-0.173581698248	-0.0943508782877	-0.176306078187	-0.144559542666	0.00972136272467
M01_L_TO_L:G808-E0526	M01_L_TO_L	CORE13	L	L	G808-E0526	qok	eol	1	f48r	f48r	G808-P0180	f48r.7	7	2	H	B	5	3	EXACT	-0.00013534181672	33	0.371090564812	1	0.0175350591621	72	0	0	0.015001181653	106	0.0160673950053	106	0.00844720566674	68	0.172027979783	4	0.0409066529685	6	0	0	0.388490282157	0.388490282157	0.379402428662	0.429396935126	0.388490282157
M01_L_TO_L:G808-E0551	M01_L_TO_L	CORE13	L	L	G808-E0551	qok	eol	1	f49v	f49v	G808-P0186	f49v.26	26	1	H	A	1	2	EXACT	-0.12891658908	29	-0.11032064511	2	-0.0097256226052	72	0	0	-0.0445402767959	103	-0.043300620373	103	-0.0137019579606	68	0.0578715014697	4	0.00494144587444	6	0	0	-0.248962856796	-0.248962856796	-0.252939192151	-0.244021410921	-0.248962856796
M01_L_TO_L:G808-E0564	M01_L_TO_L	CORE13	L	L	G808-E0564	qok	ol	0	f50v	f50v	G808-P0190	f50v.1	1	7	H	B	2	3	EXACT	0.000433858820725	38	0	0	0.00453611982682	72	-0.243359910223	1	0.00311854931248	110	0.00181660559024	111	0.00886168961409	68	-0.0689990678561	4	-0.00277614206312	6	-0.113922178211	2	0.00496997864755	-0.238389931576	0.00929554843481	0.00219383658443	-0.108952199564
M01_L_TO_L:G808-E0573	M01_L_TO_L	CORE13	L	L	G808-E0573	qok	eol	1	f51r	f51r	G808-P0191	f51r.10	10	4	H	A	1	2	EXACT	-0.128344408529	31	0	0	-0.0455953423715	72	0.65679014918	1	-0.0708773530187	103	-0.0629109538083	104	-0.0380671517023	68	-0.173575295898	4	0.0524658104765	6	0.659394507297	1	-0.1739397509	0.48285039828	-0.166411560231	-0.121473940424	0.485454756397
M01_L_TO_L:G808-E0575	M01_L_TO_L	CORE13	L	L	G808-E0575	qok	ol	0	f51r	f51r	G808-P0191	f51r.11	11	3	H	A	1	2	EXACT	-0.128344408529	31	0	0	-0.0209769827454	72	0	0	-0.0536684026004	103	-0.0525157020392	103	-0.0196561043585	68	-0.0434326274735	4	0.0145714163021	6	0	0	-0.149321391274	-0.149321391274	-0.148000512887	-0.134749974972	-0.149321391274
M01_L_TO_L:G808-E0578	M01_L_TO_L	CORE13	L	L	G808-E0578	qok	ol	0	f51r	f51r	G808-P0191	f51r.15	15	1	H	A	1	2	EXACT	-0.128344408529	31	0.183452815847	2	0.00393644058308	72	0.455152803087	1	-0.0322488591321	105	-0.0266776791413	106	0.000980706974421	68	0.054183199781	4	0.039113887465	6	0.457757161204	1	0.0590448479014	0.514197650988	0.0560891142928	0.0981587353664	0.516802009105
M01_L_TO_L:G808-E0579	M01_L_TO_L	CORE13	L	L	G808-E0579	qok	ol	0	f51v	f51v	G808-P0192	f51v.2	2	3	H	A	1	3	EXACT	-0.0133683200355	33	-0.351686141138	2	-0.0249192588202	72	0.0228326290884	1	-0.0278821620876	107	-0.026470139401	108	-0.02790086512	68	0.0257675101792	4	-0.0672241777798	6	-0.00795400002183	1	-0.389973719994	-0.367141090905	-0.392955326294	-0.457197897774	-0.397927720016
M01_L_TO_L:G808-E0581	M01_L_TO_L	CORE13	L	L	G808-E0581	qok	ol	0	f51v	f51v	G808-P0192	f51v.5	5	3	H	A	1	3	EXACT	-0.0133683200355	33	-0.178291459836	3	-0.0288236160336	72	0	0	-0.0287370798144	108	-0.0276242213196	108	-0.0376047738957	68	0.120455529524	4	0.0180693025627	6	0	0	-0.220483395905	-0.220483395905	-0.229264553768	-0.202414093343	-0.220483395905
M01_L_TO_L:G808-E0608	M01_L_TO_L	CORE13	L	L	G808-E0608	qok	ol	0	f53v	f53v	G808-P0197	f53v.4	4	1	H	A	1	2	EXACT	-0.110337151917	30	-0.220005605868	2	-0.0319536043927	72	0	0	-0.0586589229067	104	-0.0575562938118	104	-0.0367649002971	68	0.0498378970097	4	0.0782206555005	6	-0.166017979156	1	-0.362296362178	-0.362296362178	-0.367107658083	-0.284075706678	-0.528314341334
M01_L_TO_L:G808-E0651	M01_L_TO_L	CORE13	L	L	G808-E0651	qok	eol	1	f58v	f58v	G808-P0210	f58v.3	3	4	S	A	3	3	EXACT	-0.00546101439448	89	0.0449159918575	1	-0.00607396479543	71	0	0	-0.00404102943188	161	-0.00290656312965	161	-0.000559853404012	67	-0.0984352218456	4	0.014205737943	6	0	0	0.0333810126675	0.0333810126675	0.038895124059	0.0475867506106	0.0333810126675
M01_L_TO_L:G808-E0656	M01_L_TO_L	CORE13	L	L	G808-E0656	qok	eol	1	f58v	f58v	G808-P0211	f58v.25	25	4	S	A	3	3	EXACT	0.0439733551149	27	0.175969961721	1	0.0130437618382	71	0.0912441235677	1	0.0224698295222	99	0.0241041370274	100	0.0196992300436	67	-0.0984352218456	4	0.0140280198745	6	0.221490471394	1	0.232987078674	0.324231202242	0.23964254688	0.247015098549	0.454477550068
M01_L_TO_L:G808-E0684	M01_L_TO_L	CORE13	L	L	G808-E0684	qok	ol	0	f66r	f66r	G808-P0218	f66r.80	80	8	T	B	5	3	EXACT	0.0462607526812	40	0.00656765053272	1	0.0239058348667	71	0	0	0.0317334049831	112	0.0328020693214	112	0.0252441251529	67	0.00148961786097	4	-0.0956416841538	6	0	0	0.0767342380806	0.0767342380806	0.0780725283669	-0.0189074460732	0.0767342380806
M01_L_TO_L:G808-E0691	M01_L_TO_L	CORE13	L	L	G808-E0691	qok	ol	0	f66v	f66v	G808-P0220	f66v.8	8	4	H	B	5	2	EXACT	-0.0876131641691	8	0	0	-0.0127634939	72	0.136533128291	1	-0.0216475010198	80	-0.0188357512795	81	-0.00788367179827	68	-0.0957209709294	4	0.0156461187863	6	0.138999814867	1	-0.100376658069	0.0361564702223	-0.0954968359674	-0.0847305392828	0.0386231567977
M01_L_TO_L:G808-E0734	M01_L_TO_L	CORE13	L	L	G808-E0734	qok	ol	0	f75v	f75v	G808-P0229	f75v.59	59	2	B	B	2	1	EXACT	0.0140884120807	3	0	0	0.0338039800192	70	-0.11925674379	1	0.0310854462015	73	0.0299153386082	74	0.0325571175109	66	0.0543770648815	4	-0.011713521836	6	-0.0675972240398	1	0.0478923920999	-0.0713643516897	0.0466455295917	0.0361788702638	-0.01970483194
M01_L_TO_L:G808-E0791	M01_L_TO_L	CORE13	L	L	G808-E0791	qok	ol	0	f76v	f76v	G808-P0236	f76v.12	12	9	B	B	2	3	EXACT	0.152838861644	14	-0.0469446961621	2	0.0105484714178	72	0	0	0.0305338816661	88	0.031627530954	88	0.0167447945096	68	-0.094789503525	4	0.0255855407786	6	0	0	0.1164426369	0.1164426369	0.122638959991	0.142028177678	0.1164426369
M01_L_TO_L:G808-E0808	M01_L_TO_L	CORE13	L	L	G808-E0808	qok	ol	0	f76v	f76v	G808-P0237	f76v.23	23	4	B	B	2	2	EXACT	0.183506798252	18	-0.0457446946186	1	0.0116211740262	72	-0.115169900064	1	0.0439497096064	91	0.0431159507589	92	0.0179118758355	68	-0.0953212391127	4	0.0275923306251	6	-0.134947538461	2	0.14938327766	0.0342133775958	0.155673979469	0.176975608285	0.0144357391988
M01_L_TO_L:G808-E0828	M01_L_TO_L	CORE13	L	L	G808-E0828	qok	ol	0	f77r	f77r	G808-P0241	f77r.9	9	3	B	B	2	2	EXACT	0.189289005836	48	0	0	0.0423998408916	72	-0.0934137760349	1	0.101589782936	120	0.100907319151	121	0.0376766437174	68	0.12269368805	4	0.0555997180053	6	-0.00937947435077	2	0.231688846727	0.138275070692	0.226965649553	0.287288564732	0.222309372376
M01_L_TO_L:G808-E0830	M01_L_TO_L	CORE13	L	L	G808-E0830	qok	ol	0	f77r	f77r	G808-P0241	f77r.10	10	6	B	B	2	3	EXACT	0.189289005836	48	0.0390849744697	2	0.0159419017501	72	-0.0464673547313	2	0.0848002407274	122	0.0834725858637	124	0.0162438138628	68	0.0108088910327	4	-0.0152386372784	6	-0.056505934483	3	0.244315882055	0.197848527324	0.244617794168	0.229077244777	0.187809947572
M01_L_TO_L:G808-E0854	M01_L_TO_L	CORE13	L	L	G808-E0854	qok	ol	0	f77r	f77r	G808-P0242	f77r.36	36	7	B	B	2	2	EXACT	0.197216744939	38	0	0	0.0414945864326	72	-0.119292851801	1	0.0953812061663	110	0.0943631281591	111	0.0446536284281	68	-0.0122096322928	4	-0.0895964585094	6	-0.0674183108352	1	0.238711331372	0.119418479571	0.241870373367	0.149114872862	0.171293020537
M01_L_TO_L:G808-E0908	M01_L_TO_L	CORE13	L	L	G808-E0908	qok	ol	0	f78r	f78r	G808-P0247	f78r.12	12	3	B	B	2	2	EXACT	0.12069761588	43	-0.0245059419997	1	0.0351391905075	72	0	0	0.0663884129399	116	0.0674288625626	116	0.035255541614	68	0.033160656104	4	0.0201361305878	6	0	0	0.131330864387	0.131330864387	0.131447215494	0.151466994975	0.131330864387
M01_L_TO_L:G808-E0915	M01_L_TO_L	CORE13	L	L	G808-E0915	qok	ol	0	f78r	f78r	G808-P0247	f78r.16	16	1	B	B	2	2	EXACT	0.12069761588	43	0.0433197156682	1	0.0453591815974	72	0	0	0.0733165596308	116	0.0743570092534	116	0.0454802661158	68	0.0433001791918	4	0.0242183459356	6	0	0	0.209376513145	0.209376513145	0.209497597664	0.233594859081	0.209376513145
M01_L_TO_L:G808-E0964	M01_L_TO_L	CORE13	L	L	G808-E0964	qok	ol	0	f79r	f79r	G808-P0252	f79r.8	8	1	B	B	2	3	EXACT	0.120449545217	25	-0.136536170756	2	0.0139577502272	72	0.0705863733659	2	0.0364300122824	99	0.0379245980072	101	0.0110359873832	68	0.0636276295608	4	0.0390531504727	6	0.0735388290903	2	-0.00212887531157	0.0684574980544	-0.00505063815557	0.0369242751611	0.0714099537787
M01_L_TO_L:G808-E0985	M01_L_TO_L	CORE13	L	L	G808-E0985	qok	ol	0	f79r	f79r	G808-P0258	f79r.39	39	2	B	B	2	2	EXACT	0.136932277105	22	0.119851177508	1	0.0358112923194	72	0	0	0.058586392746	95	0.059814926493	95	0.0266279842097	68	0.191927441169	4	0.0124848253159	6	0	0	0.292594746932	0.292594746932	0.283411438823	0.305079572248	0.292594746932
M01_L_TO_L:G808-E0997	M01_L_TO_L	CORE13	L	L	G808-E0997	qok	ol	0	f79v	f79v	G808-P0262	f79v.23	23	6	B	B	2	3	EXACT	0.122824785176	18	-0.00503509666928	1	0.0167957916962	72	0	0	0.0366943313819	91	0.0377527836878	91	0.0235540869965	68	-0.0980957582481	4	0.0456829811595	6	0.322842724629	1	0.134585480203	0.134585480203	0.141343775503	0.180268461362	0.457428204832
M01_L_TO_L:G808-E1036	M01_L_TO_L	CORE13	L	L	G808-E1036	qok	ol	0	f80v	f80v	G808-P0272	f80v.7	7	3	B	B	2	2	EXACT	0.153462822801	28	0	0	0.0403091791378	72	0	0	0.0716339538532	100	0.0725191702292	100	0.0411165974977	68	0.0265822129618	4	-0.0346922368306	6	0	0	0.193772001939	0.193772001939	0.194579420299	0.159079765108	0.193772001939
M01_L_TO_L:G808-E1040	M01_L_TO_L	CORE13	L	L	G808-E1040	qok	ol	0	f80v	f80v	G808-P0272	f80v.12	12	6	B	B	2	2	EXACT	0.153462822801	28	0.0828290366994	2	0.0203847552395	72	0	0	0.0576947289095	102	0.0585799452855	102	0.0248149360298	68	-0.0549291722539	4	-0.0125973605205	6	0.147047872286	1	0.25667661474	0.25667661474	0.26110679553	0.244079254219	0.403724487026
M01_L_TO_L:G808-E1060	M01_L_TO_L	CORE13	L	L	G808-E1060	qok	ol	0	f80v	f80v	G808-P0278	f80v.42	42	7	B	B	2	3	EXACT	0.0743581494291	30	-0.0391754908417	3	0.0129787658264	72	0	0	0.0285972105141	105	0.0294824268901	105	0.0125669487969	68	0.0199788012693	4	0.0423162057786	6	-0.0844246262463	1	0.0481614244137	0.0481614244137	0.0477496073843	0.0904776301923	-0.0362632018325
M01_L_TO_L:G808-E1061	M01_L_TO_L	CORE13	L	L	G808-E1061	qok	ol	0	f81r	f81r	G808-P0279	f81r.2	2	4	B	B	2	2	EXACT	0.14893991368	37	0	0	0.00157811259155	72	0	0	0.0516523069812	109	0.0526861436927	109	0.0075401044045	68	-0.0997761655301	4	0.0305011927706	6	0	0	0.150518026272	0.150518026272	0.156480018085	0.181019219043	0.150518026272
M01_L_TO_L:G808-E1102	M01_L_TO_L	CORE13	L	L	G808-E1102	qok	eol	1	f82r	f82r	G808-P0283	f82r.1	1	2	B	B	2	3	EXACT	0.16575979652	28	-0.128630083274	3	0.0241885836408	72	-0.176216762124	2	0.0582859253063	103	0.0545621900769	105	0.0150436836383	68	0.179651528507	4	0.0522082812074	6	-0.183395132008	2	0.0613182968864	-0.114898465237	0.052173396884	0.113526578094	-0.122076835122
M01_L_TO_L:G808-E1142	M01_L_TO_L	CORE13	L	L	G808-E1142	qok	ol	0	f82v	f82v	G808-P0288	f82v.19	19	1	B	B	2	3	EXACT	0.120871972619	19	-0.0875475658764	4	0.0384530665761	72	0	0	0.0488092560296	95	0.0499549671424	95	0.0390108280805	68	0.0289707952767	4	0.0464505305074	6	0	0	0.0717774733183	0.0717774733183	0.0723352348227	0.118228003826	0.0717774733183
M01_L_TO_L:G808-E1146	M01_L_TO_L	CORE13	L	L	G808-E1146	qok	ol	0	f82v	f82v	G808-P0289	f82v.26	26	3	B	B	2	2	EXACT	0.166129003985	29	-0.0251966917382	2	0.0195403232794	72	0.341301545726	2	0.0596276635658	103	0.0657765255326	105	0.0132768287432	68	0.126019404669	4	0.0326986729285	6	0.245237653215	3	0.160472635526	0.501774181252	0.15420914099	0.193171308455	0.405710288741
M01_L_TO_L:G808-E1190	M01_L_TO_L	CORE13	L	L	G808-E1190	qok	ol	0	f83r	f83r	G808-P0296	f83r.37	37	4	B	B	2	1	EXACT	0.0302264739868	37	0.0500815435097	1	0.00268103308822	72	0	0	0.0123590611473	110	0.0133831260104	110	0.00932684935988	68	-0.110298228489	4	-0.0222544670942	6	0	0	0.0829890505847	0.0829890505847	0.0896348668563	0.0607345834905	0.0829890505847
M01_L_TO_L:G808-E1284	M01_L_TO_L	CORE13	L	L	G808-E1284	qok	ol	0	f86v6	f86v	G808-P0326	f86v6.2	2	11	T	B	2	3	EXACT	0.0629773653162	55	-0.0362060422095	1	0.00665053873175	72	0	0	0.0308477617968	128	0.0321790093068	128	0.00776190449227	68	-0.012243986504	4	0.0581706993588	6	0	0	0.0334218618385	0.0334218618385	0.034533227599	0.0915925611973	0.0334218618385
M01_L_TO_L:G808-E1290	M01_L_TO_L	CORE13	L	L	G808-E1290	qok	ol	0	f86v6	f86v	G808-P0326	f86v6.9	9	5	T	B	2	3	EXACT	0.0629773653162	55	0.242155879114	2	0.0234603089343	72	-0.00118696838042	2	0.0439399417425	129	0.0442386092739	131	0.0255349797207	68	-0.0118104017411	4	0.0150861949475	6	0.0653750313426	2	0.328593553364	0.327406584984	0.330668224151	0.343679748312	0.393968584707
M01_L_TO_L:G808-E1311	M01_L_TO_L	CORE13	L	L	G808-E1311	qok	ol	0	f86v6	f86v	G808-P0329	f86v6.40	40	7	T	B	2	3	EXACT	0.0532617009482	76	0.050745135399	3	0.0194702082348	72	-0.188662000329	1	0.038520845066	151	0.0382093957084	152	0.020228650211	68	0.00657538733198	4	0.0305911595087	6	-0.186016686361	1	0.123477044582	-0.0651849557472	0.124235486558	0.154068204091	-0.0625396417791
M01_L_TO_L:G808-E1331	M01_L_TO_L	CORE13	L	L	G808-E1331	qok	eol	1	f88r	f88r	G808-P0334	f88r.10	10	1	P	A	1	2	EXACT	-0.106680456061	17	-0.18597639125	1	0.0189226256485	72	0	0	-0.00882209218804	90	-0.00766931842813	90	0.0188195187625	68	0.0206749920243	4	0.0437820845634	6	0.144833452479	1	-0.273734221663	-0.273734221663	-0.273837328549	-0.229952137099	-0.128900769184
M01_L_TO_L:G808-E1339	M01_L_TO_L	CORE13	L	L	G808-E1339	qok	eol	1	f88r	f88r	G808-P0335	f88r.21	21	4	P	A	1	2	EXACT	0.0646166508847	14	0	0	0.0104143157471	72	0.209745916864	2	0.0173263300408	86	0.0224152192368	88	0.0161669394012	68	-0.0873807370597	4	0.0623648984385	6	0.203546186886	2	0.0750309666318	0.284776883496	0.080783590286	0.13739586507	0.278577153518
M01_L_TO_L:G808-E1360	M01_L_TO_L	CORE13	L	L	G808-E1360	qok	eol	1	f89r1	f89r	G808-P0340	f89r1.8	8	1	P	A	1	2	EXACT	-0.00549897310691	17	-0.0337818747305	2	-0.00972440848261	72	-0.143054044931	1	-0.0110568712197	91	-0.0116372983695	92	-0.0121625134599	68	0.0317229148403	4	0.0419280578584	6	-0.115850741894	1	-0.04900525632	-0.192059301251	-0.0514433612973	-0.00707719846165	-0.164855998214
M01_L_TO_L:G808-E1369	M01_L_TO_L	CORE13	L	L	G808-E1369	qok	ol	0	f89v1	f89v	G808-P0343	f89v1.6	6	3	P	A	1	3	EXACT	-0.0127333813488	25	-0.141378487483	3	0.0189227958931	72	0.0956760369278	1	0.00534957102146	100	0.00716132709899	101	0.0125748173339	68	0.126837918968	4	0.0159222746371	6	0.225807797035	1	-0.135189072939	-0.0395130360114	-0.141537051498	-0.119266798302	0.0906187240961
M01_L_TO_L:G808-E1373	M01_L_TO_L	CORE13	L	L	G808-E1373	qok	ol	0	f89v1	f89v	G808-P0343	f89v1.10	10	5	P	A	1	3	EXACT	-0.0127333813488	25	0	0	0.0201553001246	72	0.2022983297	1	0.011022594	97	0.0138863087534	98	0.021598332238	68	-0.00437675823554	4	0.118486655705	6	-0.124544343356	2	0.00742191877575	0.209720248475	0.00886495088916	0.125908574481	-0.11712242458
M01_L_TO_L:G808-E1383	M01_L_TO_L	CORE13	L	L	G808-E1383	qok	eol	1	f90r1	f90r	G808-P0345	f90r1.1	1	2	H	A	1	2	EXACT	-0.0285879411581	24	0	0	0.00666665445776	71	0	0	-0.00266811682889	95	-0.00158913172143	95	0.00108737181791	67	0.100120009119	4	0.0371282966279	6	0	0	-0.0219212867003	-0.0219212867003	-0.0275005693401	0.0152070099276	-0.0219212867003
M01_L_TO_L:G808-E1387	M01_L_TO_L	CORE13	L	L	G808-E1387	qok	ol	0	f90r1	f90r	G808-P0345	f90r1.7	7	6	H	A	1	3	EXACT	-0.0285879411581	24	0.201687260105	1	-0.00775113721127	71	0	0	-0.0112850381399	96	-0.0102060530325	96	-0.008855601996	67	0.0107490183761	4	0.0816443140217	6	0.120146172675	1	0.165348181735	0.165348181735	0.164243716951	0.246992495757	0.28549435441
M01_L_TO_L:G808-E1391	M01_L_TO_L	CORE13	L	L	G808-E1391	qok	ol	0	f93r	f93r	G808-P0346	f93r.5	5	5	H	A	1	2	EXACT	-0.0574005201015	54	0.0540229853276	1	-0.0185960775905	72	0	0	-0.034022383422	127	-0.0329435786547	127	-0.0138040491171	68	-0.100061078611	4	-0.091845535448	6	0	0	-0.0219736123644	-0.0219736123644	-0.017181583891	-0.113819147812	-0.0219736123644
M01_L_TO_L:G808-E1431	M01_L_TO_L	CORE13	L	L	G808-E1431	qok	ol	0	f95r2	f95r	G808-P0354	f95r2.3	3	4	H	B	3	3	EXACT	0.0502675895105	15	0	0	0.0219022949534	71	0.122149532155	3	0.0260620897175	86	0.0296968451624	89	0.0288570126333	67	-0.0945897949016	4	0.00826026026932	6	0.119314373252	3	0.0721698844639	0.194319416619	0.0791246021437	0.0804301447332	0.191484257715
M01_L_TO_L:G808-E1444	M01_L_TO_L	CORE13	L	L	G808-E1444	qok	eol	1	f96r	f96r	G808-P0361	f96r.5	5	6	H	A	1	2	EXACT	-0.0418389133378	37	0.0474396484603	1	-0.0304404105109	72	0	0	-0.033759088372	110	-0.0326339882574	110	-0.0305769329057	68	-0.0281198026552	4	-0.0691664938477	6	0	0	-0.0248396753884	-0.0248396753884	-0.0249761977832	-0.0940061692361	-0.0248396753884
M01_L_TO_L:G808-E1463	M01_L_TO_L	CORE13	L	L	G808-E1463	qok	ol	0	f99r	f99r	G808-P0364	f99r.30	30	3	P	A	1	2	EXACT	-0.0194381259959	9	0.111638310911	1	-0.0106973200269	72	0	0	-0.0136968693491	82	-0.0123626015098	82	-0.0185549117865	68	0.12288157657	4	-0.106244735203	6	0	0	0.0815028648879	0.0815028648879	0.0736452731283	-0.0247418703155	0.0815028648879
M01_L_TO_L:G808-E1473	M01_L_TO_L	CORE13	L	L	G808-E1473	qok	eol	1	f99v	f99v	G808-P0367	f99v.11	11	4	P	A	1	3	EXACT	-0.0363704827658	9	-0.364342667752	1	0.00650006952954	72	0	0	-0.00512825688493	82	-0.00385903423625	82	0.0113462520042	68	-0.0758855845022	4	-0.0477079863915	6	0	0	-0.394213080988	-0.394213080988	-0.389366898514	-0.44192106738	-0.394213080988
M01_L_TO_L:G808-E1474	M01_L_TO_L	CORE13	L	L	G808-E1474	qok	eol	1	f99v	f99v	G808-P0367	f99v.12	12	2	P	A	1	3	EXACT	-0.0363704827658	9	0.158532583948	4	0.02286242437	72	0	0	0.0201853573854	85	0.021454580034	85	0.0123139141454	68	0.202186546225	4	0.0583179830894	6	0	0	0.145024525552	0.145024525552	0.134476015327	0.203342508641	0.145024525552
M01_L_TO_L:G808-E1480	M01_L_TO_L	CORE13	L	L	G808-E1480	qok	ol	0	f99v	f99v	G808-P0368	f99v.23	23	4	P	A	1	2	EXACT	0.0482167691074	7	0.0574718973964	1	0.0053618231659	72	0	0	0.00714319764729	80	0.00841242029597	80	0.0101410499721	68	-0.0758855845022	4	-0.0917116806589	6	0	0	0.11105048967	0.11105048967	0.115829716476	0.0193388090108	0.11105048967
M01_L_TO_L:G808-E1486	M01_L_TO_L	CORE13	L	L	G808-E1486	qok	ol	0	f99v	f99v	G808-P0369	f99v.34	34	6	P	A	1	3	EXACT	0.110534574922	13	0.0269268240668	4	0.0242922125739	72	-0.00966798876604	1	0.0346296659137	89	0.0351698869164	90	0.0256542000859	68	0.00113787290721	4	0.00954895826877	6	-0.00731022707442	1	0.161753611563	0.152085622797	0.163115599075	0.171302569832	0.154443384489
M01_L_TO_L:G808-E1488	M01_L_TO_L	CORE13	L	L	G808-E1488	qok	ol	0	f99v	f99v	G808-P0370	f99v.37	37	3	P	A	1	2	EXACT	-0.0476105397242	9	-0.0803363874295	1	0.0173495922981	72	-0.349604241981	1	0.00662797978621	82	0.00334847092616	83	0.0213622835478	68	-0.0508667109089	4	0.0194635736861	6	-0.413278068777	1	-0.110597334856	-0.460201576837	-0.106584643606	-0.0911337611695	-0.523875403633
M01_L_TO_L:G808-E1489	M01_L_TO_L	CORE13	L	L	G808-E1489	qok	eol	1	f99v	f99v	G808-P0370	f99v.38	38	3	P	A	1	2	EXACT	-0.0476105397242	9	0	0	0.0105372529838	72	0	0	0.00181200414631	81	0.00308122679499	81	0.00804519217566	68	0.0529017347609	4	0.0700103289048	6	0.0660931635959	1	-0.0370732867404	-0.0370732867404	-0.0395653475486	0.0329370421644	0.0290198768555
M01_L_TO_L:G808-E1492	M01_L_TO_L	CORE13	L	L	G808-E1492	qok	ol	0	f99v	f99v	G808-P0370	f99v.41	41	4	P	A	1	2	EXACT	-0.0476105397242	9	0	0	0.00257372608551	72	-0.0478402564765	1	-0.00526668642999	81	-0.00477656211672	82	0.0148457610926	68	-0.206051420997	4	0.0168076901051	6	-0.0349315439874	2	-0.0450368136387	-0.0928770701152	-0.0327647786316	-0.0282291235336	-0.0799683576261
M01_L_TO_L:G808-E1513	M01_L_TO_L	CORE13	L	L	G808-E1513	qot	eol	1	f102r1	f102r	G808-P0374	f102r1.3	3	3	P	A	1	2	EXACT	0.0397783271326	7	0	0	0.00990384716029	72	0	0	0.0121768294835	79	0.0133580470067	79	0.00915195909285	68	0.0226868629774	4	-0.132089055838	6	0	0	0.0496821742929	0.0496821742929	0.0489302862255	-0.0824068815449	0.0496821742929
M01_L_TO_L:G808-E1520	M01_L_TO_L	CORE13	L	L	G808-E1520	qot	eol	1	f102r1	f102r	G808-P0375	f102r1.8	8	7	P	A	1	2	EXACT	-0.0072612516831	11	0	0	0.00139094327926	72	-0.322034015523	1	-0.000100508489595	83	-0.00297638196096	84	0.00458378072796	68	-0.0528863746779	4	-0.157563732441	6	-0.380287378993	1	-0.00587030840385	-0.327904323927	-0.00267747095515	-0.163434040845	-0.386157687397
M01_L_TO_L:G808-E1525	M01_L_TO_L	CORE13	L	L	G808-E1525	qot	eol	1	f102r1	f102r	G808-P0376	f102r1.14	14	6	P	A	1	3	EXACT	-0.0805325593873	17	0.00942073533664	3	-0.000906696398797	72	0.529962614879	1	-0.0155476813493	92	-0.00870358038829	93	0.000964011989103	68	-0.0327078203224	4	0.0741138354661	6	0.528579358036	1	-0.0720185204494	0.45794409443	-0.0701478120615	0.00209531501664	0.456560837586
M01_L_TO_L:G808-E1535	M01_L_TO_L	CORE13	L	L	G808-E1535	qot	eol	1	f102v1	f102v	G808-P0378	f102v1.19	19	6	P	A	1	2	EXACT	-0.0429477438658	20	0	0	-0.017397321426	72	0	0	-0.0239524832108	92	-0.0228807997961	92	-0.00762061038326	68	-0.183600685578	4	0.0163049085134	6	0	0	-0.0603450652919	-0.0603450652919	-0.0505683542491	-0.0440401567785	-0.0603450652919
M01_L_TO_L:G808-E1637	M01_L_TO_L	CORE13	L	L	G808-E1637	qot	ol	0	f104v	f104v	G808-P0425	f104v.4	4	4	S	B	3	3	EXACT	0.0531254086463	21	0.00390281090807	4	0.0346351003637	72	0	0	0.0366092162218	97	0.0378008992908	97	0.0415528047017	68	-0.0829649481132	4	-0.00959815257653	6	0	0	0.091663319918	0.091663319918	0.0985810242561	0.0820651673415	0.091663319918
M01_L_TO_L:G808-E1642	M01_L_TO_L	CORE13	L	L	G808-E1642	qot	ol	0	f104v	f104v	G808-P0427	f104v.11	11	6	S	B	3	2	EXACT	0.223416054547	24	0.0736565717286	1	0.0198161543479	72	0	0	0.0699874939168	97	0.0711791769858	97	0.0280278582896	68	-0.119781887389	4	0.00648408440572	6	0	0	0.316888780623	0.316888780623	0.325100484565	0.323372865029	0.316888780623
M01_L_TO_L:G808-E1648	M01_L_TO_L	CORE13	L	L	G808-E1648	qot	ol	0	f104v	f104v	G808-P0429	f104v.17	17	8	S	B	3	3	EXACT	-0.0888229116287	15	0.106522629968	3	0.0271642242194	72	0	0	0.00955941958613	90	0.0107511026552	90	0.0307187979187	68	-0.0332626033975	4	0.0411898181216	6	0.0529256944413	1	0.044863942559	0.044863942559	0.0484185162582	0.0860537606806	0.0977896370003
M01_L_TO_L:G808-E1651	M01_L_TO_L	CORE13	L	L	G808-E1651	qot	ol	0	f104v	f104v	G808-P0430	f104v.19	19	5	S	B	3	3	EXACT	0.041318921062	12	0.318182666268	1	0.00671264790397	72	0	0	0.014216816453	85	0.015408499522	85	0.00903125182534	68	-0.0327026934886	4	0.00443330127792	6	-0.0351718835853	1	0.366214235234	0.366214235234	0.368532839155	0.370647536512	0.331042351649
M01_L_TO_L:G808-E1784	M01_L_TO_L	CORE13	L	L	G808-E1784	qot	ol	0	f107v	f107v	G808-P0503	f107v.5	5	3	S	B	3	3	EXACT	0.0848227430284	13	0	0	0.0232949171219	72	0	0	0.0319210949308	85	0.0331281169108	85	0.0174259911621	68	0.123068509191	4	0.033433041171	6	0	0	0.10811766015	0.10811766015	0.10224873419	0.141550701321	0.10811766015
M01_L_TO_L:G808-E1888	M01_L_TO_L	CORE13	L	L	G808-E1888	qot	eol	1	f108v	f108v	G808-P0533	f108v.7	7	7	S	B	3	3	EXACT	0.104553245348	25	0.156601542432	1	0.0242475494444	72	0	0	0.0485002846296	98	0.0493232405467	98	0.0282161207739	68	-0.043217112396	4	-0.106020707492	6	0	0	0.285402337224	0.285402337224	0.289370908554	0.179381629733	0.285402337224
M01_L_TO_L:G808-E1956	M01_L_TO_L	CORE13	L	L	G808-E1956	qot	eol	1	f111v	f111v	G808-P0544	f111v.10	10	11	S	B	3	3	EXACT	0.0767791019016	104	-0.0445575201756	3	0.0122139727901	72	-0.0331842375127	2	0.0484813639615	179	0.04851622785	181	0.0223732434123	68	-0.160492711456	4	-0.0121905697185	6	-0.0472411022902	2	0.044435554516	0.0112513170033	0.0545948251382	0.0322449847975	-0.00280554777419
M01_L_TO_L:G808-E2078	M01_L_TO_L	CORE13	L	L	G808-E2078	qot	ol	0	f113v	f113v	G808-P0600	f113v.28	28	11	S	B	3	3	EXACT	0.102976934141	32	0.0259542047446	1	0.0106374290365	71	-0.0112660374301	1	0.0387689626457	104	0.0392375601458	105	0.0150475421451	67	-0.0632314385058	4	0.0450634506683	6	-0.0195134124263	1	0.139568567922	0.128302530492	0.143978681031	0.184632018591	0.120055155496
M01_L_TO_L:G808-E2111	M01_L_TO_L	CORE13	L	L	G808-E2111	qot	ol	0	f114r	f114r	G808-P0619	f114r.42	42	2	S	B	3	3	EXACT	0.0347797814725	22	-0.100374726345	1	0.0219784268957	72	-0.0722046159171	1	0.0230755750666	95	0.0230728801893	96	0.0103557141351	68	0.2195652929	4	0.0554856144642	6	-0.0733834707244	1	-0.0436165179768	-0.115821133894	-0.0552392307374	0.0118690964874	-0.116999988701
M01_L_TO_L:G808-E2169	M01_L_TO_L	CORE13	L	L	G808-E2169	qot	ol	0	f115v	f115v	G808-P0647	f115v.8	8	6	S	B	3	3	EXACT	0.0436874914614	13	0	0	0.0178719089358	71	0	0	0.0211569199003	84	0.022316987401	84	0.0206336281822	67	-0.0283863049893	4	-0.0530412788303	6	-0.0229780534743	1	0.0615594003972	0.0615594003972	0.0643211196435	0.00851812156694	0.0385813469229
M01_L_TO_L:G808-E0193	M01_L_TO_L	CORE13	L	L	G808-E0193	qot	ol	0	f19v	f19v	G808-P0063	f19v.3	3	4	H	A	1	2	EXACT	-0.213163808977	16	0	0	-0.0461801321905	72	0	0	-0.0764149075226	88	-0.0752672038054	88	-0.0345613304365	68	-0.243699012909	4	0.0497224132046	6	0.0984386726268	1	-0.259343941167	-0.259343941167	-0.247725139413	-0.209621527962	-0.16090526854
M01_L_TO_L:G808-E0195	M01_L_TO_L	CORE13	L	L	G808-E0195	qot	ol	0	f19v	f19v	G808-P0063	f19v.4	4	3	H	A	1	2	EXACT	-0.213163808977	16	0	0	-0.0428905617717	72	-0.102475849365	1	-0.0737234408164	88	-0.0731038396518	89	-0.0375218117084	68	-0.134158563748	4	-0.0292123513923	6	-0.287240277805	3	-0.256054370748	-0.358530220113	-0.250685620685	-0.285266722141	-0.543294648553
M01_L_TO_L:G808-E0198	M01_L_TO_L	CORE13	L	L	G808-E0198	qot	ol	0	f19v	f19v	G808-P0064	f19v.11	11	1	H	A	1	2	EXACT	-0.115123433919	18	0.0155394422678	3	-0.0212978534211	72	0	0	-0.0381230154833	93	-0.0369753117661	93	-0.0284163959859	68	0.0997181192794	4	0.0823814360476	6	-0.0919716329578	1	-0.120881845072	-0.120881845072	-0.128000387637	-0.0385004090246	-0.21285347803
M01_L_TO_L:G808-E0200	M01_L_TO_L	CORE13	L	L	G808-E0200	qot	ol	0	f20r	f20r	G808-P0066	f20r.6	6	3	H	A	1	3	EXACT	0.0720170468897	7	-0.0655422170526	2	-0.0259076408494	72	-0.326301415605	1	-0.019104897189	81	-0.0219223769165	82	-0.028859617285	68	0.0242767044534	4	-0.121713657289	6	-0.3552943134	1	-0.0194328110122	-0.345734226617	-0.0223847874479	-0.141146468301	-0.374727124412
M01_L_TO_L:G808-E0298	M01_L_TO_L	CORE13	L	L	G808-E0298	qot	ol	0	f28v	f28v	G808-P0097	f28v.4	4	6	H	A	1	3	EXACT	0.00609606118917	5	0.0785329765413	3	-0.0408766326738	72	0	0	-0.0337644816707	80	-0.032581456971	80	-0.0408718484934	68	-0.0409571203848	4	-0.112861570285	6	-0.173297177997	1	0.0437524050567	0.0437524050567	0.0437571892371	-0.0691091652281	-0.129544772941
M01_L_TO_L:G808-E0327	M01_L_TO_L	CORE13	L	L	G808-E0327	qot	ol	0	f32r	f32r	G808-P0111	f32r.15	15	2	H	A	1	2	EXACT	-0.115133408618	25	0	0	-0.025108521026	72	-0.0748199501363	2	-0.0487083815401	97	-0.0484563282313	99	-0.0237386335842	68	-0.0483958746181	4	-0.0465828716084	6	-0.0518545830874	2	-0.140241929644	-0.21506187978	-0.138872042202	-0.186824801252	-0.192096512731
M01_L_TO_L:G808-E0365	M01_L_TO_L	CORE13	L	L	G808-E0365	qot	ol	0	f36r	f36r	G808-P0125	f36r.7	7	1	H	A	1	2	EXACT	-0.172487056652	21	-0.338624151794	1	-0.0119868948582	72	0	0	-0.0516425009316	94	-0.0505140208855	94	-0.0190431708642	68	0.107970513381	4	-0.0137709470585	6	0	0	-0.523098103304	-0.523098103304	-0.53015437931	-0.536869050363	-0.523098103304
M01_L_TO_L:G808-E0378	M01_L_TO_L	CORE13	L	L	G808-E0378	qot	ol	0	f37v	f37v	G808-P0131	f37v.5	5	2	H	A	1	2	EXACT	-0.191651012872	12	0	0	-0.031774826963	72	0.0615204460663	1	-0.055235362282	84	-0.0529217291378	85	-0.030860888601	68	-0.0473110421384	4	-0.0468104178279	6	0.00423147012603	2	-0.223425839835	-0.161905393769	-0.222511901474	-0.270236257663	-0.219194369709
M01_L_TO_L:G808-E0381	M01_L_TO_L	CORE13	L	L	G808-E0381	qot	ol	0	f37v	f37v	G808-P0133	f37v.22	22	1	H	A	1	1	EXACT	-0.27048014472	10	0	0	-0.0268569261931	72	0	0	-0.057218529971	82	-0.0560631312731	82	-0.025358286615	68	-0.0523330620439	4	0.0350478722878	6	0	0	-0.297337070913	-0.297337070913	-0.295838431335	-0.262289198625	-0.297337070913
M01_L_TO_L:G808-E0024	M01_L_TO_L	CORE13	L	L	G808-E0024	qot	eol	1	f3r	f3r	G808-P0008	f3r.19	19	6	H	A	1	3	EXACT	-0.0971394446299	9	-0.291561725836	2	-0.0264172142375	72	-0.0908074903755	2	-0.0417233303436	83	-0.0421387287603	85	-0.0214534202545	68	-0.110801061871	4	-0.114098043521	6	-0.116796153207	2	-0.415118384703	-0.505925875079	-0.41015459072	-0.529216428224	-0.531914537911
M01_L_TO_L:G808-E0415	M01_L_TO_L	CORE13	L	L	G808-E0415	qot	eol	1	f41v	f41v	G808-P0147	f41v.5	5	7	H	B	5	3	EXACT	0.0550149740295	25	-0.193053684643	1	-0.0102092832394	72	0	0	0.00406831640294	98	0.00522713646444	98	0.000445607706979	68	-0.19134166823	4	0.0605852119472	6	0	0	-0.148247993853	-0.148247993853	-0.137593102906	-0.0876627819054	-0.148247993853
M01_L_TO_L:G808-E0480	M01_L_TO_L	CORE13	L	L	G808-E0480	qot	ol	0	f45v	f45v	G808-P0169	f45v.5	5	1	H	A	1	3	EXACT	-0.100116833914	21	-0.0231243140153	2	-0.0313363079936	72	0	0	-0.0469321783238	95	-0.045808642331	95	-0.0397901409621	68	0.112379580731	4	-0.0425007026452	6	0	0	-0.154577455923	-0.154577455923	-0.163031288892	-0.197078158568	-0.154577455923
M01_L_TO_L:G808-E0514	M01_L_TO_L	CORE13	L	L	G808-E0514	qot	ol	0	f47v	f47v	G808-P0178	f47v.4	4	1	H	A	1	2	EXACT	-0.148547568228	19	-0.152090284944	3	-0.0340339201279	72	0	0	-0.0614375450495	94	-0.0603162068195	94	-0.0425711545596	68	0.111099304261	4	-0.0381048664661	6	0	0	-0.3346717733	-0.3346717733	-0.343209007732	-0.372776639766	-0.3346717733
M01_L_TO_L:G808-E0525	M01_L_TO_L	CORE13	L	L	G808-E0525	qot	ol	0	f48r	f48r	G808-P0180	f48r.6	6	6	H	B	5	3	EXACT	0.0104027886659	32	0	0	-0.0172208316173	72	0	0	-0.00911042316936	104	-0.00801906812259	104	-0.0165864961846	68	-0.0280036337158	4	0.0389587641378	6	0	0	-0.00681804295134	-0.00681804295134	-0.00618370751869	0.0321407211864	-0.00681804295134
M01_L_TO_L:G808-E0584	M01_L_TO_L	CORE13	L	L	G808-E0584	qot	ol	0	f51v	f51v	G808-P0192	f51v.7	7	1	H	A	1	3	EXACT	-0.0352347060841	39	0.082592264281	1	0.0018818620061	72	0	0	-0.0106962960164	112	-0.00952406596993	112	-0.00432472222383	68	0.107394443612	4	-0.0474885219161	6	0	0	0.0492394202031	0.0492394202031	0.0430328359731	0.00175089828696	0.0492394202031
M01_L_TO_L:G808-E0675	M01_L_TO_L	CORE13	L	L	G808-E0675	qot	ol	0	f66r	f66r	G808-P0218	f66r.73	73	3	T	B	5	3	EXACT	0.0560719353	45	-0.0499659665891	3	0.0227455686885	71	0.0885514092619	1	0.0333180728211	119	0.034774268016	120	0.016330546289	67	0.130197678608	4	-0.0266883657525	6	0.0870272841382	1	0.0288515373993	0.117402946661	0.0224365149999	0.00216317164685	0.115878821538
M01_L_TO_L:G808-E0834	M01_L_TO_L	CORE13	L	L	G808-E0834	qot	ol	0	f77r	f77r	G808-P0241	f77r.15	15	3	B	B	2	2	EXACT	0.149045205274	43	-0.297457493786	1	0.0225918214215	72	0.0710861921977	2	0.0664752114875	116	0.0673868442853	118	0.0160016013274	68	0.134626159401	4	-0.0164711576251	6	0.0804048397692	2	-0.12582046709	-0.0547342748922	-0.132410687184	-0.142291624715	-0.0454156273207
M01_L_TO_L:G808-E1009	M01_L_TO_L	CORE13	L	L	G808-E1009	qot	ol	0	f80r	f80r	G808-P0266	f80r.18	18	8	B	B	2	3	EXACT	0.0771337255971	81	0.0352657830594	1	0.0109643699647	72	-0.0998385830105	1	0.0449628639189	154	0.044816430477	155	0.0193214211801	68	-0.13110458077	4	0.0748190050616	6	-0.069179065795	2	0.123363878621	0.0235252956108	0.131720929837	0.198182883683	0.0541848128263
M01_L_TO_L:G808-E1049	M01_L_TO_L	CORE13	L	L	G808-E1049	qot	ol	0	f80v	f80v	G808-P0275	f80v.23	23	6	B	B	2	3	EXACT	0.167053942031	10	-0.00817236641697	1	-0.00135583730173	72	0	0	0.018182178303	83	0.0192890265301	83	0.00482936277101	68	-0.106503891429	4	-0.0148636231192	6	-0.176200454824	1	0.157525738313	0.157525738313	0.163710938385	0.142662115193	-0.0186747165111
M01_L_TO_L:G808-E1050	M01_L_TO_L	CORE13	L	L	G808-E1050	qot	ol	0	f80v	f80v	G808-P0275	f80v.24	24	5	B	B	2	3	EXACT	0.167053942031	10	-0.0220396562272	2	0.0118507134726	72	0.0232216043216	3	0.0289000619997	84	0.0292001612438	87	0.0138754362057	68	-0.0225692258802	4	-0.1112233164	6	0.0377224231781	4	0.156864999277	0.180086603598	0.15888972201	0.0456416828771	0.194587422455
M01_L_TO_L:G808-E1127	M01_L_TO_L	CORE13	L	L	G808-E1127	qot	ol	0	f82v	f82v	G808-P0286	f82v.6	6	3	B	B	2	2	EXACT	0.228412345856	15	-0.116845585328	1	0.0333763473783	72	0	0	0.0644228276978	88	0.0656444074013	88	0.0271220365207	68	0.139700498239	4	0.0225734842346	6	0	0	0.144943107906	0.144943107906	0.138688797049	0.167516592141	0.144943107906
M01_L_TO_L:G808-E1239	M01_L_TO_L	CORE13	L	L	G808-E1239	qot	ol	0	f85r1	f85r	G808-P0309	f85r1.29	29	9	T	B	2	3	EXACT	0.0671978021229	9	-0.0606025922706	4	0.0130508814674	72	0	0	0.01332843288	85	0.0144935874592	85	0.0150851376048	68	-0.0215392307006	4	0.0288992090628	6	0	0	0.0196460913197	0.0196460913197	0.0216803474571	0.0485453003825	0.0196460913197
M01_L_TO_L:G808-E1304	M01_L_TO_L	CORE13	L	L	G808-E1304	qot	ol	0	f86v6	f86v	G808-P0328	f86v6.28	28	12	T	B	2	3	EXACT	-0.0328691001965	44	0.0895838591936	4	0.0339573917343	72	0.104086024683	1	0.0104456239383	120	0.0125059828413	121	0.0457396081528	68	-0.166340353378	4	0.0899561956521	6	0.0604833198129	2	0.0906721507314	0.194758175414	0.10245436715	0.180628346383	0.151155470544
M01_L_TO_L:G808-E1312	M01_L_TO_L	CORE13	L	L	G808-E1312	qot	ol	0	f86v6	f86v	G808-P0329	f86v6.42	42	9	T	B	2	3	EXACT	0.0602228330746	70	0	0	0.0240268478607	72	0.0154056449798	1	0.0422770582872	142	0.0434057434652	143	0.0289651883375	68	-0.0599250062418	4	-0.12150268524	6	0.0135370871092	1	0.0842496809354	0.0996553259151	0.0891880214121	-0.0372530043046	0.0977867680446
M01_L_TO_L:G808-E1367	M01_L_TO_L	CORE13	L	L	G808-E1367	qot	ol	0	f89r1	f89r	G808-P0342	f89r1.22	22	7	P	A	1	3	EXACT	-0.113485981552	21	-0.193848376424	1	-0.00723293023915	72	0.0803911288314	1	-0.0340256449557	94	-0.0318602921118	95	-0.00116826743135	68	-0.110331171689	4	-0.0425553634726	6	0.0787262772263	1	-0.314567288215	-0.234176159383	-0.308502625407	-0.357122651687	-0.235841010988
M01_L_TO_L:G808-E0096	M01_L_TO_L	CORE13	L	L	G808-E0096	qot	ol	0	f9r	f9r	G808-P0031	f9r.7	7	7	H	A	1	3	EXACT	-0.0384233783354	17	-0.0434380656456	3	-0.0300335718561	72	0	0	-0.0326132981374	92	-0.0314148981163	92	-0.0246480343083	68	-0.121586976394	4	0.00365756870469	6	0	0	-0.111895015837	-0.111895015837	-0.106509478289	-0.108237447132	-0.111895015837
M01_L_TO_L:G808-E1497	M01_L_TO_L	CORE13	L	L	G808-E1497	sh	ol	0	f100r	f100r	G808-P0371	f100r.15	15	2	P	A	1	2	EXACT	-0.0225314372532	15	0	0	0.0447006352839	71	0.25556732357	1	0.0307947269808	86	0.0345019500177	87	0.0353279401349	67	0.201686786394	4	0.0589838616338	6	0.203965662133	1	0.0221691980307	0.277736521601	0.0127965028817	0.0811530596644	0.226134860163
M01_L_TO_L:G808-E1516	M01_L_TO_L	CORE13	L	L	G808-E1516	sh	eol	1	f102r1	f102r	G808-P0374	f102r1.5	5	2	P	A	1	2	EXACT	0.1355699084	5	-0.170146811469	1	0.00737909976367	72	0	0	0.00739969773207	78	0.00883208404016	78	-0.00399563216949	68	0.200741292936	4	0.027683204955	6	0	0	-0.0271978033048	-0.0271978033048	-0.038572535238	0.000485401650175	-0.0271978033048
M01_L_TO_L:G808-E1534	M01_L_TO_L	CORE13	L	L	G808-E1534	sh	eol	1	f102v1	f102v	G808-P0378	f102v1.19	19	4	P	A	1	2	EXACT	-0.134468433683	10	0	0	0.00351461616286	72	-0.0620775200566	1	-0.0163163804534	82	-0.0160459728054	83	0.0105924868714	68	-0.116817389868	4	-0.0252887468307	6	-0.0299767692371	2	-0.13095381752	-0.193031337577	-0.123875946812	-0.156242564351	-0.160930586757
M01_L_TO_L:G808-E1547	M01_L_TO_L	CORE13	L	L	G808-E1547	sh	eol	1	f102v2	f102v	G808-P0380	f102v2.35	35	2	P	A	1	3	EXACT	0.0687460274398	43	-0.200714171842	1	0.0196514181608	72	0	0	0.0356514570722	116	0.0367099020104	116	0.00891969406039	68	0.202082523882	4	0.0718617630301	6	0	0	-0.112316726242	-0.112316726242	-0.123048450342	-0.0404549632115	-0.112316726242
M01_L_TO_L:G808-E1567	M01_L_TO_L	CORE13	L	L	G808-E1567	sh	ol	0	f103r	f103r	G808-P0387	f103r.23	23	5	S	B	3	2	EXACT	0.115579587146	6	0.0800668156702	1	0.00942332889834	72	-0.0459174689685	1	0.0158066072693	79	0.0160237602751	80	0.0091349632071	68	0.0143178637622	4	-0.0534350876151	6	-0.0471447432432	1	0.205069731715	0.159152262746	0.204781366023	0.151634644099	0.157924988471
M01_L_TO_L:G808-E1578	M01_L_TO_L	CORE13	L	L	G808-E1578	sh	eol	1	f103r	f103r	G808-P0394	f103r.40	40	4	S	B	3	3	EXACT	0.185612004192	10	-0.0424271845805	2	0.00688200542145	72	0.0367908867722	1	0.0247094996032	84	0.0258581075017	85	0.0137198761146	68	-0.109369478249	4	0.105123705728	6	0.173048457699	1	0.150066825033	0.186857711805	0.156904695726	0.255190530761	0.323115282732
M01_L_TO_L:G808-E1580	M01_L_TO_L	CORE13	L	L	G808-E1580	sh	ol	0	f103r	f103r	G808-P0396	f103r.45	45	3	S	B	3	3	EXACT	0.204496222565	5	-0.201916309142	2	0.0196204256831	72	-0.105679705303	1	0.0229933541511	79	0.0223736448667	80	0.0140637295288	68	0.114076578418	4	0.000619540798987	6	-0.103186845316	2	0.0222003391057	-0.0834793661978	0.0166436429515	0.0228198799047	-0.0809865062098
M01_L_TO_L:G808-E1611	M01_L_TO_L	CORE13	L	L	G808-E1611	sh	ol	0	f103v	f103v	G808-P0410	f103v.39	39	5	S	B	3	3	EXACT	0.234618219894	13	-0.019689791421	2	0.0264238991338	72	0	0	0.0553091889817	87	0.0564597572529	87	0.028256374201	68	-0.00473645653022	4	-0.0522117150066	6	0	0	0.241352327607	0.241352327607	0.243184802674	0.189140612601	0.241352327607
M01_L_TO_L:G808-E1615	M01_L_TO_L	CORE13	L	L	G808-E1615	sh	ol	0	f103v	f103v	G808-P0411	f103v.46	46	2	S	B	3	3	EXACT	0.2508418274	17	-0.128093372649	1	0.0451651574345	72	-0.0807105103086	2	0.0811873871911	90	0.0783568005899	92	0.0364318377461	68	0.193623312615	4	0.0468111155994	6	-0.0816112194308	2	0.167913612185	0.0872031018763	0.159180292497	0.214724727784	0.0863023927541
M01_L_TO_L:G808-E1641	M01_L_TO_L	CORE13	L	L	G808-E1641	sh	ol	0	f104v	f104v	G808-P0427	f104v.10	10	1	S	B	3	3	EXACT	0.0403668669974	21	0.101680248902	3	0.0269908523466	72	0.0602979755592	2	0.0309491111558	96	0.0323379946346	98	0.0254206898073	68	0.0536752328771	4	-0.0402862868527	6	0.0689193693278	2	0.169037968246	0.229335943805	0.167467805707	0.128751681393	0.237957337574
M01_L_TO_L:G808-E1673	M01_L_TO_L	CORE13	L	L	G808-E1673	sh	ol	0	f105r	f105r	G808-P0442	f105r.17	17	5	S	B	3	3	EXACT	0.00133533208572	31	-0.28457536318	1	0.0278728493494	70	0	0	0.0158842882621	102	0.0173457783711	102	0.0298818828502	66	-0.00527987574939	4	0.0642525336909	6	0	0	-0.255367181745	-0.255367181745	-0.253358148244	-0.191114648054	-0.255367181745
M01_L_TO_L:G808-E1713	M01_L_TO_L	CORE13	L	L	G808-E1713	sh	eol	1	f106r	f106r	G808-P0459	f106r.7	7	5	S	B	3	2	EXACT	0.0407998918215	19	0	0	0.00996390742347	72	0	0	0.0148182754107	91	0.0161271094775	91	0.0156653656306	68	-0.0869688856834	4	0.0494436036673	6	0	0	0.050763799245	0.050763799245	0.0564652574521	0.100207402912	0.050763799245
M01_L_TO_L:G808-E1722	M01_L_TO_L	CORE13	L	L	G808-E1722	sh	ol	0	f106r	f106r	G808-P0463	f106r.15	15	4	S	B	3	3	EXACT	0.111981770611	11	0.206772578541	1	0.0299048420057	72	0	0	0.0405287826863	84	0.0418376167531	84	0.0376950432871	68	-0.102536583364	4	0.0880469990854	6	0	0	0.348659191158	0.348659191158	0.356449392439	0.436706190243	0.348659191158
M01_L_TO_L:G808-E1746	M01_L_TO_L	CORE13	L	L	G808-E1746	sh	ol	0	f106v	f106v	G808-P0474	f106v.7	7	5	S	B	3	3	EXACT	0.0349345108666	10	0.223730456624	3	0.0199510351586	72	0.448045135166	1	0.0266243924248	85	0.0325487889795	86	0.0216464815615	68	-0.0088798321153	4	0.0462944686886	6	0.447123814841	1	0.278616002649	0.726661137816	0.280311449052	0.324910471338	0.72573981749
M01_L_TO_L:G808-E1750	M01_L_TO_L	CORE13	L	L	G808-E1750	sh	eol	1	f106v	f106v	G808-P0480	f106v.25	25	2	S	B	3	2	EXACT	0.0980961312296	16	0	0	0.0224308561677	72	0.0459189283238	1	0.0344423049855	88	0.0356047722257	89	0.0120573823606	68	0.198771632466	4	-0.0127434848709	6	0.0449976079979	1	0.120526987397	0.166445915721	0.11015351359	0.107783502526	0.165524595395
M01_L_TO_L:G808-E1773	M01_L_TO_L	CORE13	L	L	G808-E1773	sh	ol	0	f107r	f107r	G808-P0495	f107r.29	29	3	S	B	3	1	EXACT	1.46076879047e-05	11	0	0	0.0054741740978	72	-0.106721047093	1	0.00184886458903	83	0.0016644371875	84	0.00538209596489	68	0.00703135678316	4	0.0566245108487	6	-0.252240478803	1	0.00548878178571	-0.101232265307	0.00539670365279	0.0621132926344	-0.246751697018
M01_L_TO_L:G808-E1774	M01_L_TO_L	CORE13	L	L	G808-E1774	sh	eol	1	f107r	f107r	G808-P0496	f107r.31	31	2	S	B	3	3	EXACT	0.0130032531449	16	0.142868249118	4	0.0210074199796	72	0.107166234241	1	0.0223332744483	92	0.0243836258602	93	0.010884997707	68	0.19308045304	4	0.0718010713599	6	-0.0685859980753	2	0.176878922242	0.284045156483	0.16675649997	0.248679993602	0.108292924167
M01_L_TO_L:G808-E1783	M01_L_TO_L	CORE13	L	L	G808-E1783	sh	ol	0	f107v	f107v	G808-P0502	f107v.3	3	5	S	B	3	3	EXACT	0.114988249066	18	0	0	0.0057762264132	72	0	0	0.0262727943152	90	0.0275072735848	90	0.00654218477355	68	-0.00725234946473	4	0.0124798751539	6	0	0	0.120764475479	0.120764475479	0.121530433839	0.133244350633	0.120764475479
M01_L_TO_L:G808-E1817	M01_L_TO_L	CORE13	L	L	G808-E1817	sh	eol	1	f107v	f107v	G808-P0512	f107v.36	36	4	S	B	3	3	EXACT	0	0	-0.00225850220786	1	0.0302076786594	72	-0.152406229869	1	0.0271594845332	73	0.025651818581	74	0.0381050962697	68	-0.104055704468	4	-0.0289267101555	6	-0.0668381253874	1	0.0279491764515	-0.124457053417	0.0358465940618	-0.00097753370396	-0.0388889489359
M01_L_TO_L:G808-E1857	M01_L_TO_L	CORE13	L	L	G808-E1857	sh	ol	0	f108r	f108r	G808-P0525	f108r.32	32	9	S	B	3	2	EXACT	-0.0171669440656	4	0.0503895561564	1	0.0045000240292	72	0	0	-6.62465173384e-05	77	0.0012971072015	77	0.00891707469063	68	-0.0705980771854	4	-0.0607703857456	6	-0.0164929455418	1	0.03772263612	0.03772263612	0.0421396867815	-0.0230477496256	0.0212296905782
M01_L_TO_L:G808-E1875	M01_L_TO_L	CORE13	L	L	G808-E1875	sh	eol	1	f108r	f108r	G808-P0529	f108r.47	47	4	S	B	3	3	EXACT	0.176510474243	13	0.214594831532	2	0.0316600030427	72	0	0	0.0545114596862	87	0.055874813405	87	0.0401941669431	68	-0.113429023235	4	-0.00185216211179	6	-0.0302708033175	1	0.422765308818	0.422765308818	0.431299472718	0.420913146706	0.3924945055
M01_L_TO_L:G808-E1899	M01_L_TO_L	CORE13	L	L	G808-E1899	sh	ol	0	f108v	f108v	G808-P0536	f108v.21	21	2	S	B	3	3	EXACT	0.0440527942538	42	0	0	0.0115010323579	72	0.0938615967419	1	0.0243664566005	114	0.0258256189311	115	0.00071109586503	68	0.19492227934	4	0.0519450703572	6	0.016840300718	1	0.0555538266117	0.149415423354	0.0447638901188	0.107498896969	0.0723941273298
M01_L_TO_L:G808-E2032	M01_L_TO_L	CORE13	L	L	G808-E2032	sh	ol	0	f113r	f113r	G808-P0579	f113r.12	12	5	S	B	3	3	EXACT	-0.112747446503	6	0.177714852527	2	0.0244561682678	72	0	0	0.0160174514018	80	0.0172998297407	80	0.0265391028115	68	-0.0109618152022	4	0.0137233442038	6	0	0	0.0894235742924	0.0894235742924	0.091506508836	0.103146918496	0.0894235742924
M01_L_TO_L:G808-E2038	M01_L_TO_L	CORE13	L	L	G808-E2038	sh	ol	0	f113r	f113r	G808-P0581	f113r.17	17	3	S	B	3	3	EXACT	0.138611654701	15	0	0	0.000553998506065	72	0	0	0.0228446846165	87	0.0241270629554	87	-0.00609276394068	68	0.113540863873	4	-0.036589362523	6	0	0	0.139165653207	0.139165653207	0.13251889076	0.102576290684	0.139165653207
M01_L_TO_L:G808-E2040	M01_L_TO_L	CORE13	L	L	G808-E2040	sh	ol	0	f113r	f113r	G808-P0582	f113r.21	21	2	S	B	3	3	EXACT	-0.0100668110649	4	0	0	0.0247523081152	72	0	0	0.0207861567557	76	0.0220685350945	76	0.0149126704929	68	0.192018051467	4	0.109316284543	6	0	0	0.0146854970503	0.0146854970503	0.00484585942797	0.124001781593	0.0146854970503
M01_L_TO_L:G808-E2045	M01_L_TO_L	CORE13	L	L	G808-E2045	sh	eol	1	f113r	f113r	G808-P0585	f113r.27	27	8	S	B	3	3	EXACT	0.0315622390357	12	-0.254067715134	1	0.0214062611487	72	0	0	0.0179425329799	85	0.0192249113188	85	0.0219514480453	68	0.0121299876775	4	0.106089641763	6	-0.076380904845	1	-0.20109921495	-0.20109921495	-0.200554028053	-0.0950095731875	-0.277480119795
M01_L_TO_L:G808-E2056	M01_L_TO_L	CORE13	L	L	G808-E2056	sh	eol	1	f113r	f113r	G808-P0591	f113r.47	47	2	S	B	3	3	EXACT	0.125972759846	30	0.205167984704	4	0.0480599812219	72	0	0	0.0751574537831	106	0.076439832122	106	0.039591383194	68	0.192018051467	4	0.0195188204926	6	0.268336839525	1	0.379200725772	0.379200725772	0.370732127744	0.398719546264	0.647537565297
M01_L_TO_L:G808-E2104	M01_L_TO_L	CORE13	L	L	G808-E2104	sh	ol	0	f114r	f114r	G808-P0615	f114r.29	29	11	S	B	3	3	EXACT	0.103582102311	20	-0.106356367475	2	-0.0061558385503	72	-0.10991391681	1	0.013692069814	94	0.0133979829349	95	-0.00213685860082	68	-0.07448682837	4	0.0793329784543	6	-0.25583731229	1	-0.00893010371386	-0.118844020524	-0.00491112376438	0.0704028747404	-0.264767416004
M01_L_TO_L:G808-E2151	M01_L_TO_L	CORE13	L	L	G808-E2151	sh	eol	1	f115r	f115r	G808-P0639	f115r.26	26	9	S	B	@	3	EXACT	0.0585375607324	10	0.0133875221514	2	0.00860882855977	70	0	0	0.01275236139	82	0.0140345232301	82	0.0134861581207	66	-0.0718704411527	4	0.101411449995	6	0	0	0.0805339114436	0.0805339114436	0.0854112410045	0.181945361438	0.0805339114436
M01_L_TO_L:G808-E2160	M01_L_TO_L	CORE13	L	L	G808-E2160	sh	eol	1	f115r	f115r	G808-P0644	f115r.43	43	3	S	B	@	3	EXACT	0.0784943602111	13	0	0	0.00911572211213	70	-0.0399363569888	2	0.0182389568873	83	0.0176013566896	85	0.00291868104426	66	0.111363567776	4	0.00447666964958	6	-0.0751924562805	2	0.0876100823232	0.0476737253345	0.0814130412554	0.0920867519728	0.0124176260427
M01_L_TO_L:G808-E2168	M01_L_TO_L	CORE13	L	L	G808-E2168	sh	eol	1	f115v	f115v	G808-P0647	f115v.8	8	2	S	B	3	3	EXACT	0.0252214139208	8	0	0	0.0243338089244	71	0	0	0.0226662898355	79	0.0239086635928	79	0.0140281855815	67	0.196947472875	4	0.0623922060861	6	0	0	0.0495552228451	0.0495552228451	0.0392495995022	0.111947428931	0.0495552228451
M01_L_TO_L:G808-E0118	M01_L_TO_L	CORE13	L	L	G808-E0118	sh	ol	0	f11v	f11v	G808-P0040	f11v.1	1	5	H	A	1	3	EXACT	-0.220023677055	23	-0.0818273394456	1	-0.0446659831298	72	-0.0503782339902	1	-0.0881993849004	96	-0.0868024699956	97	-0.0429070130742	68	-0.0745767333795	4	-0.0774038704446	6	-0.0517378958839	1	-0.34651699963	-0.39689523362	-0.344758029574	-0.423920870075	-0.398254895514
M01_L_TO_L:G808-E0119	M01_L_TO_L	CORE13	L	L	G808-E0119	sh	ol	0	f11v	f11v	G808-P0040	f11v.2	2	1	H	A	1	3	EXACT	-0.220023677055	23	-0.119116566318	3	-0.0320806752196	72	-0.169460770664	2	-0.0800586421586	98	-0.0810597229571	100	-0.037383691515	68	0.0580623424977	4	0.0442286001353	6	-0.174661999133	2	-0.371220918592	-0.540681689256	-0.376523934888	-0.326992318457	-0.545882917725
M01_L_TO_L:G808-E0129	M01_L_TO_L	CORE13	L	L	G808-E0129	sh	ol	0	f13v	f13v	G808-P0044	f13v.6	6	3	H	A	1	3	EXACT	-0.224778577022	20	0	0	-0.0287122878995	72	-0.239950150025	2	-0.0724901863074	92	-0.0752999877375	94	-0.0311048739139	68	0.0119533160062	4	0.00341691857933	6	-0.245115441161	2	-0.253490864921	-0.493441014946	-0.255883450935	-0.250073946342	-0.498606306082
M01_L_TO_L:G808-E0140	M01_L_TO_L	CORE13	L	L	G808-E0140	sh	ol	0	f15v	f15v	G808-P0049	f15v.4	4	3	H	A	1	2	EXACT	-0.0960188580142	32	0	0	-0.0408260260398	72	0.0470222412168	1	-0.0585088316756	104	-0.0564824831277	105	-0.0380724087132	68	-0.0876458205382	4	-0.0770630930843	6	0.0456495724056	1	-0.136844884054	-0.0898226428372	-0.134091266727	-0.213907977138	-0.0911953116484
M01_L_TO_L:G808-E0141	M01_L_TO_L	CORE13	L	L	G808-E0141	sh	ol	0	f15v	f15v	G808-P0049	f15v.8	8	6	H	A	1	2	EXACT	-0.0960188580142	32	-0.153809878125	2	-0.0416436391926	72	0	0	-0.0609524192596	106	-0.0597157311836	106	-0.0429923083789	68	-0.0187245629728	4	0.0212235872363	6	-0.407447196535	1	-0.291472375332	-0.291472375332	-0.292821044518	-0.270248788096	-0.698919571867
M01_L_TO_L:G808-E0154	M01_L_TO_L	CORE13	L	L	G808-E0154	sh	ol	0	f17r	f17r	G808-P0056	f17r.4	4	2	H	A	1	3	EXACT	-0.0866014098194	9	0	0	-0.0110103719871	72	0	0	-0.0212316013797	81	-0.0199931264709	81	-0.0232587282314	68	0.197203302824	4	0.0799361189347	6	0	0	-0.0976117818065	-0.0976117818065	-0.109860138051	-0.0176756628718	-0.0976117818065
M01_L_TO_L:G808-E0165	M01_L_TO_L	CORE13	L	L	G808-E0165	sh	ol	0	f17v	f17v	G808-P0058	f17v.9	9	2	H	A	1	1	EXACT	-0.042783234922	62	-0.0671595455894	1	-0.0161869795246	72	0	0	-0.0284734049216	135	-0.0273876194525	135	-0.0241475334871	68	0.119133986269	4	-0.0375281853432	6	0	0	-0.126129760036	-0.126129760036	-0.134090313998	-0.163657945379	-0.126129760036
M01_L_TO_L:G808-E0171	M01_L_TO_L	CORE13	L	L	G808-E0171	sh	eol	1	f17v	f17v	G808-P0058	f17v.13	13	6	H	A	1	1	EXACT	-0.042783234922	62	0	0	-0.0290617231199	72	0	0	-0.0350721765794	134	-0.0339863911103	134	-0.0294629144575	68	-0.0222499219495	4	0.0110728707064	6	0	0	-0.0718449580419	-0.0718449580419	-0.0722461493795	-0.0607720873355	-0.0718449580419
M01_L_TO_L:G808-E0202	M01_L_TO_L	CORE13	L	L	G808-E0202	sh	ol	0	f20r	f20r	G808-P0066	f20r.7	7	7	H	A	1	2	EXACT	-0.0195797887623	10	0.0781339538381	1	-0.0369183840999	72	-0.0523239189775	1	-0.0351861624419	83	-0.0344291406262	84	-0.0391272105186	68	0.000623294791652	4	-0.0435018503424	6	-0.0535887988997	1	0.0216357809759	-0.0306881380016	0.0194269545571	-0.0218660693665	-0.0319530179239
M01_L_TO_L:G808-E0206	M01_L_TO_L	CORE13	L	L	G808-E0206	sh	ol	0	f20v	f20v	G808-P0068	f20v.4	4	4	H	A	1	2	EXACT	-0.13821810311	11	0	0	-0.0278276987911	72	-0.162267843396	2	-0.044107168715	83	-0.0462002774733	85	-0.0227042033308	68	-0.114935439208	4	0.0692723503001	6	-0.00197377545327	4	-0.166045801901	-0.328313645297	-0.16092230644	-0.0967734516007	-0.168019577354
M01_L_TO_L:G808-E0207	M01_L_TO_L	CORE13	L	L	G808-E0207	sh	ol	0	f20v	f20v	G808-P0069	f20v.5	5	4	H	A	1	3	EXACT	-0.0653862069439	29	-0.256638469231	1	-0.0200691233858	72	0	0	-0.0360311984299	102	-0.0348217798497	102	-0.0147957930422	68	-0.109724056818	4	0.029410676828	6	-0.302082607085	1	-0.342093799561	-0.342093799561	-0.336820469217	-0.312683122733	-0.644176406646
M01_L_TO_L:G808-E0223	M01_L_TO_L	CORE13	L	L	G808-E0223	sh	ol	0	f22r	f22r	G808-P0074	f22r.1	1	4	H	A	1	3	EXACT	-0.212926302855	6	-0.119842731416	3	-0.0437549838179	72	-0.215566414309	1	-0.0604414190317	81	-0.0614532511499	82	-0.0394838201883	68	-0.116373210928	4	-0.0137868610899	6	-0.216616028266	1	-0.376524018089	-0.592090432398	-0.372252854459	-0.390310879179	-0.593140046355
M01_L_TO_L:G808-E0224	M01_L_TO_L	CORE13	L	L	G808-E0224	sh	ol	0	f22r	f22r	G808-P0074	f22r.2	2	3	H	A	1	3	EXACT	-0.212926302855	6	-0.226295267092	3	-0.0235403933118	72	0.025897421118	1	-0.046415580644	81	-0.0446537786519	82	-0.0315829866339	68	0.113175247756	4	0.0037127010969	6	0.113144477332	1	-0.462761963259	-0.436864542141	-0.470804556581	-0.459049262162	-0.349617485926
M01_L_TO_L:G808-E0228	M01_L_TO_L	CORE13	L	L	G808-E0228	sh	ol	0	f22r	f22r	G808-P0076	f22r.7	7	2	H	A	1	2	EXACT	-0.275906123984	12	0.0158956202867	1	-0.00980288227813	72	0	0	-0.0481367097606	85	-0.0470018408497	85	-0.0217898633929	68	0.193967351266	4	0.0552398587095	6	0	0	-0.269813385975	-0.269813385975	-0.28180036709	-0.214573527266	-0.269813385975
M01_L_TO_L:G808-E0235	M01_L_TO_L	CORE13	L	L	G808-E0235	sh	ol	0	f22v	f22v	G808-P0079	f22v.14	14	3	H	A	1	2	EXACT	-0.195889251621	20	0	0	-0.0344698257105	72	-0.392536939971	1	-0.0707826895364	92	-0.0733092798324	93	-0.0369711306005	68	0.00804399650565	4	0.0698058504611	6	-0.278673161375	2	-0.230359077332	-0.622896017303	-0.232860382222	-0.160553226871	-0.509032238707
M01_L_TO_L:G808-E0244	M01_L_TO_L	CORE13	L	L	G808-E0244	sh	ol	0	f23v	f23v	G808-P0084	f23v.7	7	4	H	A	1	3	EXACT	-0.093373394959	26	-0.344065956775	1	-0.00623984805658	71	-0.202429540706	2	-0.0337972519537	98	-0.0363862467676	100	-0.000286396681157	67	-0.105964355607	4	-0.0616348135022	6	-0.191696852343	3	-0.443679199791	-0.646108740497	-0.437725748416	-0.505314013293	-0.635376052134
M01_L_TO_L:G808-E0258	M01_L_TO_L	CORE13	L	L	G808-E0258	sh	ol	0	f24v	f24v	G808-P0087	f24v.8	8	3	H	A	1	2	EXACT	-0.134049276642	19	0	0	-0.0296186046075	72	-0.135950235006	1	-0.0527912572318	91	-0.0527327948096	92	-0.0321124411831	68	0.0127702184923	4	-0.0877301433573	6	-0.137491206628	1	-0.163667881249	-0.299618116255	-0.166161717825	-0.251398024607	-0.301159087877
M01_L_TO_L:G808-E0264	M01_L_TO_L	CORE13	L	L	G808-E0264	sh	ol	0	f25v	f25v	G808-P0089	f25v.4	4	3	H	A	1	2	EXACT	-0.152207899349	24	-0.281967921843	1	-0.0274157231658	72	-0.39944592054	1	-0.0620054717803	97	-0.064449153413	98	-0.0298329406969	68	0.0136686953409	4	0.0753808074393	6	-0.266617067399	2	-0.461591544358	-0.861037464898	-0.464008761889	-0.386210736919	-0.728208611757
M01_L_TO_L:G808-E0282	M01_L_TO_L	CORE13	L	L	G808-E0282	sh	ol	0	f27r	f27r	G808-P0093	f27r.2	2	3	H	A	1	3	EXACT	-0.117118564691	22	-0.263522710566	1	-0.0510825622153	72	0.0945079203708	2	-0.070142750464	95	-0.0659791334693	97	-0.0589170068369	68	0.0820946964048	4	0.0128848414083	6	0.0773330602001	2	-0.431723837472	-0.337215917101	-0.439558282093	-0.418838996063	-0.354390777271
M01_L_TO_L:G808-E0285	M01_L_TO_L	CORE13	L	L	G808-E0285	sh	ol	0	f27r	f27r	G808-P0093	f27r.3	3	6	H	A	1	2	EXACT	-0.117118564691	22	-0.0343342224761	1	-0.0517164385353	72	-0.333816310234	1	-0.0682106515898	95	-0.0699787106087	96	-0.0556459591051	68	0.0150771112032	4	-0.0118812945691	6	-0.181511659791	2	-0.203169225702	-0.536985535936	-0.207098746272	-0.215050520271	-0.384680885493
M01_L_TO_L:G808-E0294	M01_L_TO_L	CORE13	L	L	G808-E0294	sh	ol	0	f28r	f28r	G808-P0095	f28r.8	8	6	H	A	1	2	EXACT	-0.13029744235	28	0.0748247947104	1	-0.0330345308407	72	-0.0103748903303	2	-0.0591609910243	101	-0.0576138034035	103	-0.028668530263	68	-0.107265033726	4	-0.0669534870846	6	-0.0478799047187	2	-0.0885071784801	-0.0988820688103	-0.0841411779024	-0.155460665565	-0.136387083199
M01_L_TO_L:G808-E0299	M01_L_TO_L	CORE13	L	L	G808-E0299	sh	eol	1	f28v	f28v	G808-P0097	f28v.4	4	7	H	A	1	3	EXACT	0.0156736278371	5	-0.163136876691	3	-0.0263454806049	72	-0.300684026243	2	-0.0302909691532	80	-0.0362452377704	82	-0.0231938139601	68	-0.0799322633167	4	-0.113416051525	6	-0.337798500804	2	-0.173808729459	-0.474492755702	-0.170657062814	-0.287224780984	-0.511607230263
M01_L_TO_L:G808-E0004	M01_L_TO_L	CORE13	L	L	G808-E0004	sh	ol	0	f2r	f2r	G808-P0002	f2r.8	8	5	H	A	1	3	EXACT	-0.0640759963325	24	0	0	-0.0281943809291	72	0	0	-0.0381817201413	96	-0.0368858150527	96	-0.0289554672913	68	-0.0152643669962	4	-0.0790500259775	6	-0.0584201273483	1	-0.0922703772616	-0.0922703772616	-0.0930314636238	-0.171320403239	-0.15069050461
M01_L_TO_L:G808-E0006	M01_L_TO_L	CORE13	L	L	G808-E0006	sh	ol	0	f2r	f2r	G808-P0002	f2r.10	10	3	H	A	1	3	EXACT	-0.0640759963325	24	-0.0311747973422	1	-0.0210463398235	72	-0.336431559963	1	-0.0328511487144	97	-0.0348963609729	98	-0.0297702530434	68	0.127251730689	4	-0.00661960332998	6	-0.167079091046	2	-0.116297133498	-0.452728693462	-0.125021046718	-0.122916736828	-0.283376224544
M01_L_TO_L:G808-E0009	M01_L_TO_L	CORE13	L	L	G808-E0009	sh	ol	0	f2v	f2v	G808-P0003	f2v.2	2	4	H	A	1	3	EXACT	-0.0419192092405	16	-0.156194510796	2	-0.0476847858679	71	-0.0639875213995	1	-0.0511209310543	89	-0.0502285480756	90	-0.0438655330943	67	-0.111662662961	4	0.00278082743087	6	-0.142530482982	1	-0.245798505905	-0.309786027304	-0.241979253131	-0.243017678474	-0.388328988887
M01_L_TO_L:G808-E0315	M01_L_TO_L	CORE13	L	L	G808-E0315	sh	eol	1	f31r	f31r	G808-P0108	f31r.7	7	4	H	B	2	2	EXACT	0.053873083624	6	0	0	-0.0341519877312	72	0	0	-0.0295724197259	78	-0.0283267846841	78	-0.0295963795824	68	-0.111605654779	4	0.0734333497278	6	-0.0208499387441	1	0.0197210958928	0.0197210958928	0.0242767040415	0.0931544456206	-0.00112884285132
M01_L_TO_L:G808-E0340	M01_L_TO_L	CORE13	L	L	G808-E0340	sh	ol	0	f33v	f33v	G808-P0116	f33v.9	9	7	H	B	2	3	EXACT	0.0306990112152	25	0.132507945223	7	-0.0138976966488	72	-0.0360150230435	2	0.00541837107177	104	0.00545173678953	106	-0.0139420743331	68	-0.0131514554045	4	0.0272477123319	6	0.0442084424915	3	0.149309259789	0.113294236746	0.149264882105	0.176556972121	0.193517702281
M01_L_TO_L:G808-E0356	M01_L_TO_L	CORE13	L	L	G808-E0356	sh	ol	0	f35r	f35r	G808-P0122	f35r.14	14	7	H	A	1	2	EXACT	-0.0433372019949	28	0.00188036630407	2	-0.0184693775751	72	0.0995177866337	1	-0.0258856879516	102	-0.0236386040448	103	-0.0195415866949	68	-0.000250143295413	4	-0.0964568619817	6	0.0234313795055	1	-0.0599262132659	0.0395915733678	-0.0609984223857	-0.156383075248	-0.0364948337604
M01_L_TO_L:G808-E0357	M01_L_TO_L	CORE13	L	L	G808-E0357	sh	ol	0	f35v	f35v	G808-P0123	f35v.6	6	1	H	A	1	2	EXACT	-0.137586751618	42	0	0	-0.03568241333	72	0	0	-0.0735869901694	114	-0.072336367817	114	-0.0361802772489	68	-0.0272270578652	4	-0.00116453046772	6	0	0	-0.173269164948	-0.173269164948	-0.173767028867	-0.174433695416	-0.173269164948
M01_L_TO_L:G808-E0358	M01_L_TO_L	CORE13	L	L	G808-E0358	sh	ol	0	f35v	f35v	G808-P0123	f35v.7	7	3	H	A	1	2	EXACT	-0.137586751618	42	-0.0816210878944	1	-0.0372863278011	72	-0.169812881042	1	-0.0747041874986	115	-0.0744703548968	116	-0.0351311775523	68	-0.0739322131882	4	0.0688831399456	6	-0.0960690895926	2	-0.256494167314	-0.426307048355	-0.254339017065	-0.187611027368	-0.352563256906
M01_L_TO_L:G808-E0374	M01_L_TO_L	CORE13	L	L	G808-E0374	sh	ol	0	f37r	f37r	G808-P0129	f37r.6	6	2	H	A	1	2	EXACT	-0.216257200344	9	-0.288609308811	1	-0.0255188302505	72	-0.0942808404353	1	-0.0513566701939	82	-0.0509151532034	83	-0.0384794136049	68	0.194802675702	4	-0.0244414165855	6	-0.0960627017398	1	-0.530385339405	-0.62466617984	-0.543345922759	-0.55482675599	-0.626448041145
M01_L_TO_L:G808-E0389	M01_L_TO_L	CORE13	L	L	G808-E0389	sh	ol	0	f39r	f39r	G808-P0137	f39r.9	9	2	H	B	2	2	EXACT	0.0824052456172	10	0	0	0.0182190963876	72	0.206333553055	1	0.0240901255417	82	0.0272708310699	83	0.0125431152014	68	0.114702597165	4	0.0274701017453	6	0.224377980837	1	0.100624342005	0.30695789506	0.0949483608186	0.12809444375	0.325002322842
M01_L_TO_L:G808-E0027	M01_L_TO_L	CORE13	L	L	G808-E0027	sh	ol	0	f3v	f3v	G808-P0009	f3v.3	3	3	H	A	1	2	EXACT	-0.0629925725896	22	0	0	-0.0210862503686	69	0	0	-0.0324318686599	91	-0.0312411162658	91	-0.0226885860416	65	0.00495199088696	4	-0.105255122033	6	0	0	-0.0840788229582	-0.0840788229582	-0.0856811586312	-0.189333944991	-0.0840788229582
M01_L_TO_L:G808-E0404	M01_L_TO_L	CORE13	L	L	G808-E0404	sh	ol	0	f40v	f40v	G808-P0144	f40v.16	16	1	H	B	2	3	EXACT	-0.0148991464114	33	0.0132826258352	4	-0.0112386579059	72	0	0	-0.0121956148714	109	-0.0109583253847	109	-0.0153091626522	68	0.0579514981836	4	0.0186757983132	6	0	0	-0.0128551784821	-0.0128551784821	-0.0169256832284	0.00582061983115	-0.0128551784821
M01_L_TO_L:G808-E0418	M01_L_TO_L	CORE13	L	L	G808-E0418	sh	ol	0	f42r	f42r	G808-P0149	f42r.8	8	5	H	A	1	2	EXACT	-0.126772217269	15	-0.0822556448351	1	-0.0470171951005	72	-0.0952017222519	1	-0.0625976900137	88	-0.0619574006397	89	-0.0454430622416	68	-0.0737858365594	4	-0.0408739510727	6	-0.0965072806732	1	-0.256045057205	-0.351246779456	-0.254470924346	-0.296919008277	-0.352552337878
M01_L_TO_L:G808-E0424	M01_L_TO_L	CORE13	L	L	G808-E0424	sh	ol	0	f42r	f42r	G808-P0149	f42r.12	12	3	H	A	1	2	EXACT	-0.126772217269	15	0.28073649366	2	-0.0448281568266	72	0	0	-0.0529386129559	89	-0.0516724582529	89	-0.0484531550768	68	0.0167884305682	4	-0.030531604177	6	0	0	0.109136119565	0.109136119565	0.105511121315	0.0786045153877	0.109136119565
M01_L_TO_L:G808-E0425	M01_L_TO_L	CORE13	L	L	G808-E0425	sh	ol	0	f42r	f42r	G808-P0150	f42r.17	17	2	H	A	1	2	EXACT	-0.0886319208634	16	0	0	-0.0380613376779	72	-0.33378357649	1	-0.0487502244769	88	-0.0509462195947	89	-0.0518821302749	68	0.196883753612	4	0.0564111333785	6	-0.405739540341	1	-0.126693258541	-0.460476835031	-0.140514051138	-0.0702821251628	-0.532432798882
M01_L_TO_L:G808-E0428	M01_L_TO_L	CORE13	L	L	G808-E0428	sh	ol	0	f42r	f42r	G808-P0150	f42r.23	23	2	H	A	1	1	EXACT	-0.0886319208634	16	0	0	-0.0286533066306	72	0	0	-0.0410527445291	88	-0.0397865898262	88	-0.0342319295332	68	0.0661748998549	4	-0.0642649061954	6	0	0	-0.117285227494	-0.117285227494	-0.122863850397	-0.181550133689	-0.117285227494
M01_L_TO_L:G808-E0432	M01_L_TO_L	CORE13	L	L	G808-E0432	sh	ol	0	f42v	f42v	G808-P0152	f42v.10	10	4	H	A	1	3	EXACT	-0.0622151243844	28	-0.0959913393349	2	-0.061369331251	71	0	0	-0.0632586169579	101	-0.0620347753847	101	-0.0588355146675	67	-0.103816191849	4	-0.00378881420923	6	0	0	-0.21957579497	-0.21957579497	-0.217041978387	-0.22336460918	-0.21957579497
M01_L_TO_L:G808-E0436	M01_L_TO_L	CORE13	L	L	G808-E0436	sh	ol	0	f43r	f43r	G808-P0153	f43r.1	1	7	H	B	2	3	EXACT	-0.0386063907807	31	0.0647375891329	1	0.0159635631231	72	0.0354173272982	1	-0.000564318251668	104	0.000810286932597	105	0.0160682379551	68	0.0141757502816	4	0.0740831228018	6	0.171352482065	1	0.0420947614753	0.0775120887735	0.0421994363074	0.116177884277	0.213447243541
M01_L_TO_L:G808-E0441	M01_L_TO_L	CORE13	L	L	G808-E0441	sh	ol	0	f43r	f43r	G808-P0155	f43r.11	11	3	H	B	2	3	EXACT	0.0351325736166	12	-0.10199077779	2	-0.00395861974376	72	0	0	-0.00243757847488	86	-0.00118834107869	86	-0.0109244342266	68	0.114451885769	4	0.0106443417146	6	0	0	-0.070816823917	-0.070816823917	-0.0777826383999	-0.0601724822025	-0.070816823917
M01_L_TO_L:G808-E0454	M01_L_TO_L	CORE13	L	L	G808-E0454	sh	ol	0	f44r	f44r	G808-P0160	f44r.7	7	3	H	A	1	2	EXACT	-0.118059282664	13	0	0	-0.0653161133826	72	0	0	-0.0750571544768	85	-0.0738160585987	85	-0.0649845631427	68	-0.0709607267642	4	0.082322455029	6	0	0	-0.183375396047	-0.183375396047	-0.183043845807	-0.101052941018	-0.183375396047
M01_L_TO_L:G808-E0459	M01_L_TO_L	CORE13	L	L	G808-E0459	sh	ol	0	f44v	f44v	G808-P0162	f44v.1	1	7	H	A	1	2	EXACT	-0.234975026133	4	0.189884501345	1	-0.0288677151028	72	0	0	-0.0379233808315	77	-0.0367080539922	77	-0.0264066096289	68	-0.0707149325485	4	0.0549785481394	6	0.491510869864	1	-0.0739582398909	-0.0739582398909	-0.0714971344169	-0.0189796917516	0.417552629973
M01_L_TO_L:G808-E0463	M01_L_TO_L	CORE13	L	L	G808-E0463	sh	ol	0	f44v	f44v	G808-P0162	f44v.2	2	7	H	A	1	2	EXACT	-0.234975026133	4	0	0	-0.0343792433167	72	0.158182630065	2	-0.0461151627038	76	-0.0402432135756	78	-0.0312687183291	68	-0.0872665924945	4	-0.0836838082759	6	0.0941647285148	2	-0.269354269449	-0.111171639385	-0.266243744462	-0.353038077725	-0.175189540935
M01_L_TO_L:G808-E0466	M01_L_TO_L	CORE13	L	L	G808-E0466	sh	ol	0	f44v	f44v	G808-P0163	f44v.5	5	2	H	A	1	3	EXACT	-0.211652050476	13	-0.126251380088	1	-0.012852461145	72	-0.0776378525814	2	-0.0450920480947	86	-0.0451320696187	88	-0.0243074699195	68	0.181874263634	4	0.0431617388833	6	-0.0790515603313	2	-0.350755891709	-0.428393744291	-0.362210900484	-0.307594152826	-0.429807452041
M01_L_TO_L:G808-E0471	M01_L_TO_L	CORE13	L	L	G808-E0471	sh	ol	0	f44v	f44v	G808-P0164	f44v.8	8	4	H	A	1	3	EXACT	-0.204000711911	18	0.0268222175443	1	-0.0163628901381	72	0	0	-0.0537230458827	91	-0.0525077190434	91	-0.0109417328689	68	-0.108530988104	4	-0.0345895381662	6	0	0	-0.193541384505	-0.193541384505	-0.188120227235	-0.228130922671	-0.193541384505
M01_L_TO_L:G808-E0487	M01_L_TO_L	CORE13	L	L	G808-E0487	sh	ol	0	f46r	f46r	G808-P0171	f46r.7	7	2	H	B	2	3	EXACT	-0.0378440712423	16	-0.011200417696	6	0.0275783647838	72	0	0	0.0121615882969	94	0.013453889355	94	0.0175605208063	68	0.197873644444	4	0.0118377645944	6	0	0	-0.0214661241545	-0.0214661241545	-0.0314839681321	-0.00962835956013	-0.0214661241545
M01_L_TO_L:G808-E0491	M01_L_TO_L	CORE13	L	L	G808-E0491	sh	ol	0	f46r	f46r	G808-P0172	f46r.9	9	5	H	B	2	3	EXACT	0	0	-0.135028635787	1	-0.0204426730036	72	0	0	-0.024913678942	73	-0.0236213778839	73	-0.0208756694216	68	-0.0130898018547	4	0.0498568060744	6	0	0	-0.155471308791	-0.155471308791	-0.155904305209	-0.105614502716	-0.155471308791
M01_L_TO_L:G808-E0492	M01_L_TO_L	CORE13	L	L	G808-E0492	sh	eol	1	f46r	f46r	G808-P0172	f46r.10	10	9	H	B	2	3	EXACT	0	0	-0.189531775896	1	-0.0191565555104	72	0	0	-0.0243917978544	73	-0.0230994967963	73	-0.0210162137827	68	0.0124495671606	4	0.07169496972	6	0	0	-0.208688331407	-0.208688331407	-0.210547989679	-0.136993361687	-0.208688331407
M01_L_TO_L:G808-E0493	M01_L_TO_L	CORE13	L	L	G808-E0493	sh	ol	0	f46r	f46r	G808-P0173	f46r.13	13	3	H	B	2	3	EXACT	0.0511519638918	15	-0.213527381527	2	-0.0217852158197	72	0	0	-0.0155536563561	89	-0.014261355298	89	-0.0297847334143	68	0.114198515331	4	0.066311394689	6	0	0	-0.184160633455	-0.184160633455	-0.192160151049	-0.117849238766	-0.184160633455
M01_L_TO_L:G808-E0503	M01_L_TO_L	CORE13	L	L	G808-E0503	sh	eol	1	f46v	f46v	G808-P0175	f46v.10	10	1	H	B	2	2	EXACT	-0.0236073544348	29	-0.0720302007197	3	-0.013241795487	72	-0.0157701331934	1	-0.0187431157657	104	-0.0176899601043	105	-0.0174366423864	68	0.0580623424977	4	0.0592606959865	6	0.00755198420536	2	-0.108879350642	-0.124649483835	-0.113074197541	-0.049618654655	-0.101327366436
M01_L_TO_L:G808-E0505	M01_L_TO_L	CORE13	L	L	G808-E0505	sh	ol	0	f47r	f47r	G808-P0176	f47r.1	1	4	H	A	1	2	EXACT	-0.172191397109	14	0	0	-0.0484521194037	72	-0.407128142034	1	-0.0701389905154	86	-0.073119030922	87	-0.0411573645431	68	-0.172471293477	4	0.00982779108711	6	-0.413921610668	1	-0.220643516512	-0.627771658547	-0.213348761652	-0.210815725425	-0.634565127181
M01_L_TO_L:G808-E0511	M01_L_TO_L	CORE13	L	L	G808-E0511	sh	ol	0	f47v	f47v	G808-P0178	f47v.3	3	1	H	A	1	2	EXACT	-0.110276432997	18	-0.177044153587	1	-0.0454048006662	72	0	0	-0.0609278677981	91	-0.0597372499561	91	-0.0520154216282	68	0.0669674471665	4	-0.0624774582187	6	0	0	-0.33272538725	-0.33272538725	-0.339336008212	-0.395202845469	-0.33272538725
M01_L_TO_L:G808-E0527	M01_L_TO_L	CORE13	L	L	G808-E0527	sh	ol	0	f48r	f48r	G808-P0180	f48r.8	8	2	H	B	5	2	EXACT	0.00759277118013	32	0	0	-0.0053981591823	72	0	0	-0.00215831123785	104	-0.000949931721708	104	-0.016333836385	68	0.180500157629	4	0.0486514044137	6	0	0	0.00219461199783	0.00219461199783	-0.0087410652049	0.0508460164116	0.00219461199783
M01_L_TO_L:G808-E0540	M01_L_TO_L	CORE13	L	L	G808-E0540	sh	ol	0	f49r	f49r	G808-P0183	f49r.1	1	4	H	A	1	3	EXACT	-0.1849976075	8	0	0	-0.0308155238047	72	-0.091815306888	1	-0.0478501829514	80	-0.0473423799993	81	-0.0247720510902	68	-0.133562777201	4	0.00427080852286	6	-0.0930417168558	1	-0.215813131305	-0.307628438193	-0.20976965859	-0.211542322782	-0.30885484816
M01_L_TO_L:G808-E0546	M01_L_TO_L	CORE13	L	L	G808-E0546	sh	ol	0	f49r	f49r	G808-P0185	f49r.21	21	4	H	A	1	2	EXACT	-0.0825237655356	27	0	0	-0.0271977600322	72	0.494358736704	1	-0.0430102638878	99	-0.0365272218647	100	-0.022352149368	68	-0.109581358573	4	0.0206064120291	6	0.493132326736	1	-0.109721525568	0.384637211136	-0.104875914904	-0.0891151135387	0.383410801168
M01_L_TO_L:G808-E0547	M01_L_TO_L	CORE13	L	L	G808-E0547	sh	ol	0	f49v	f49v	G808-P0186	f49v.2	2	2	H	A	1	2	EXACT	-0.131379885824	27	0	0	-0.0288314482948	72	0	0	-0.0564537680455	99	-0.055043501122	99	-0.0312098856078	68	0.0115937605039	4	-0.000421394677665	6	-0.0139400130195	1	-0.160211334118	-0.160211334118	-0.162589771431	-0.160632728796	-0.174151347138
M01_L_TO_L:G808-E0548	M01_L_TO_L	CORE13	L	L	G808-E0548	sh	ol	0	f49v	f49v	G808-P0186	f49v.10	10	1	H	A	1	1	EXACT	-0.131379885824	27	0	0	-0.035512646137	72	0	0	-0.0613128210217	99	-0.0599025540981	99	-0.0345149814334	68	-0.0524811716226	4	-0.0391451855385	6	0	0	-0.166892531961	-0.166892531961	-0.165894867257	-0.206037717499	-0.166892531961
M01_L_TO_L:G808-E0554	M01_L_TO_L	CORE13	L	L	G808-E0554	sh	ol	0	f49v	f49v	G808-P0187	f49v.28	28	2	H	A	1	2	EXACT	-0.319063537908	7	0	0	-0.00777037278814	72	0	0	-0.0349095093479	79	-0.0334992424244	79	-0.0200845952783	68	0.20156318402	4	0.00364811484209	6	0	0	-0.326833910696	-0.326833910696	-0.339148133186	-0.323185795854	-0.326833910696
M01_L_TO_L:G808-E0574	M01_L_TO_L	CORE13	L	L	G808-E0574	sh	ol	0	f51r	f51r	G808-P0191	f51r.10	10	6	H	A	1	2	EXACT	-0.0925927634939	34	0.135322816105	1	-0.0354236114613	72	0	0	-0.0527565966717	107	-0.0514547732414	107	-0.0359337252903	68	-0.0267601701082	4	0.00479760125335	6	0	0	0.00730644114994	0.00730644114994	0.00679632732093	0.0121040424033	0.00730644114994
M01_L_TO_L:G808-E0594	M01_L_TO_L	CORE13	L	L	G808-E0594	sh	eol	1	f52v	f52v	G808-P0194	f52v.3	3	7	H	A	1	2	EXACT	-0.145722848709	19	-0.0797052033618	1	0.000212059202875	72	0	0	-0.0324221464697	92	-0.0311550868899	92	-0.000485666410718	68	0.0120651539622	4	-0.125619765369	6	0	0	-0.225215992868	-0.225215992868	-0.225913718481	-0.350835758237	-0.225215992868
M01_L_TO_L:G808-E0605	M01_L_TO_L	CORE13	L	L	G808-E0605	sh	ol	0	f53v	f53v	G808-P0197	f53v.2	2	5	H	A	1	3	EXACT	-0.142201957153	30	-0.181220578954	1	-0.0133539340114	72	-0.230606043291	1	-0.0533950707942	103	-0.0540500830734	104	-0.00971934792085	68	-0.0751502997031	4	-0.0404836205441	6	-0.232169843418	1	-0.336776470119	-0.56738251341	-0.333141884028	-0.377260090663	-0.568946313537
M01_L_TO_L:G808-E0627	M01_L_TO_L	CORE13	L	L	G808-E0627	sh	ol	0	f56r	f56r	G808-P0204	f56r.9	9	3	H	A	1	1	EXACT	-0.128909469743	31	0	0	-0.037183086229	72	0	0	-0.0655033543117	103	-0.0642135606796	103	-0.0338704751627	68	-0.0935057746865	4	-0.0306915523648	6	0	0	-0.166092555972	-0.166092555972	-0.162779944906	-0.196784108337	-0.166092555972
M01_L_TO_L:G808-E0631	M01_L_TO_L	CORE13	L	L	G808-E0631	sh	ol	0	f56v	f56v	G808-P0205	f56v.1	1	2	H	A	1	2	EXACT	-0.0353735420618	16	0	0	-0.00559741832659	72	-0.0994224069247	1	-0.0119638340592	88	-0.0119852221777	89	-0.0166250635043	68	0.181864158841	4	0.0645809442484	6	-0.118461449828	1	-0.0409709603884	-0.140393367313	-0.0519986055661	0.02360998386	-0.159432410217
M01_L_TO_L:G808-E0632	M01_L_TO_L	CORE13	L	L	G808-E0632	sh	ol	0	f56v	f56v	G808-P0206	f56v.7	7	3	H	A	1	1	EXACT	-0.0732980862493	25	0	0	-0.0383621554127	72	0	0	-0.0479732412259	97	-0.0467606805806	97	-0.0352062472873	68	-0.0920209843989	4	-0.0729764315987	6	0	0	-0.111660241662	-0.111660241662	-0.108504333537	-0.184636673261	-0.111660241662
M01_L_TO_L:G808-E0636	M01_L_TO_L	CORE13	L	L	G808-E0636	sh	ol	0	f56v	f56v	G808-P0206	f56v.13	13	5	H	A	1	2	EXACT	-0.0732980862493	25	0.112716280456	1	-0.044507817623	72	-0.256152404708	2	-0.0508914547187	98	-0.0542313704154	100	-0.0463884529528	68	-0.0125454078722	4	-0.0726856863815	6	-0.299280532692	2	-0.00508962341635	-0.261242028125	-0.00697025874607	-0.0777753097979	-0.304370156108
M01_L_TO_L:G808-E0642	M01_L_TO_L	CORE13	L	L	G808-E0642	sh	ol	0	f58r	f58r	G808-P0208	f58r.18	18	2	S	A	3	3	EXACT	-0.00303110403181	31	0.212347086485	2	0.0290842282846	71	0	0	0.0222754027687	104	0.0235170217289	104	0.0190040468402	67	0.197921106312	4	0.0580873453415	6	0	0	0.238400210738	0.238400210738	0.228320029294	0.29648755608	0.238400210738
M01_L_TO_L:G808-E0647	M01_L_TO_L	CORE13	L	L	G808-E0647	sh	eol	1	f58r	f58r	G808-P0209	f58r.39	39	5	S	A	3	3	EXACT	-0.0408255926918	55	0	0	0.0234052436249	71	0	0	-0.00446766358536	126	-0.00322604462514	126	0.0255920452653	67	-0.0132298450181	4	-0.00816024208918	6	0	0	-0.0174203490668	-0.0174203490668	-0.0152335474264	-0.025580591156	-0.0174203490668
M01_L_TO_L:G808-E0657	M01_L_TO_L	CORE13	L	L	G808-E0657	sh	ol	0	f58v	f58v	G808-P0212	f58v.31	31	7	S	A	3	3	EXACT	0.0469019856298	23	-0.0775239597227	1	0.0212685486501	71	0.0515138681502	3	0.0256468099791	95	0.0269817318362	98	0.0269278857853	67	-0.0735304313751	4	0.0134248907464	6	0.0410004877011	4	-0.00935342544278	0.0421604427074	-0.00369408830763	0.00407146530358	0.0316470622583
M01_L_TO_L:G808-E0670	M01_L_TO_L	CORE13	L	L	G808-E0670	sh	eol	1	f66r	f66r	G808-P0216	f66r.64	64	2	T	B	5	3	EXACT	0.0862028062649	3	0.109433478633	1	0.0111290373331	71	0	0	0.0130201856632	75	0.0142715880701	75	0.00020305055619	67	0.194136439259	4	0.0454640797951	6	0	0	0.206765322231	0.206765322231	0.195839335454	0.252229402026	0.206765322231
M01_L_TO_L:G808-E0679	M01_L_TO_L	CORE13	L	L	G808-E0679	sh	eol	1	f66r	f66r	G808-P0218	f66r.76	76	2	T	B	5	2	EXACT	0.0886621113603	29	0	0	0.00996620556598	71	0.101058930931	1	0.0320287147224	100	0.033736535128	101	-0.001029204003	67	0.194136439259	4	0.0374453189482	6	0.024166405642	1	0.0986283169263	0.199687247857	0.0876329073573	0.136073635874	0.122794722568
M01_L_TO_L:G808-E0682	M01_L_TO_L	CORE13	L	L	G808-E0682	sh	eol	1	f66r	f66r	G808-P0218	f66r.79	79	1	T	B	5	2	EXACT	0.0886621113603	29	0	0	0.00358753890613	71	0	0	0.0274998613939	100	0.0287512638009	100	0.000501071507801	67	0.0552829912407	4	0.0421943040673	6	-0.0145625746001	1	0.0922496502664	0.0922496502664	0.0891631828681	0.134443954334	0.0776870756663
M01_L_TO_L:G808-E0048	M01_L_TO_L	CORE13	L	L	G808-E0048	sh	ol	0	f6r	f6r	G808-P0018	f6r.1	1	3	H	A	1	3	EXACT	-0.126725721695	41	-0.206491707083	1	0.00298907753394	71	0	0	-0.0462441884407	113	-0.0450064444644	113	-0.00364404637844	67	0.114087173767	4	-0.0133801161036	6	0.267621434925	1	-0.330228351244	-0.330228351244	-0.336861475157	-0.343608467348	-0.0626069163195
M01_L_TO_L:G808-E0052	M01_L_TO_L	CORE13	L	L	G808-E0052	sh	ol	0	f6r	f6r	G808-P0018	f6r.12	12	2	H	A	1	2	EXACT	-0.126725721695	41	-0.102471123779	1	-0.00793322881061	71	0.0968931153342	2	-0.0521863403624	113	-0.0487491516294	115	-0.0151176873488	67	0.112399722404	4	-0.0208179887435	6	0.0708377232203	2	-0.237130074285	-0.140236958951	-0.244314532823	-0.257948063029	-0.166292351065
M01_L_TO_L:G808-E0706	M01_L_TO_L	CORE13	L	L	G808-E0706	sh	eol	1	f75r	f75r	G808-P0222	f75r.26	26	3	B	B	2	3	EXACT	0.113307823632	77	0.0661243390533	1	0.0132931342028	72	0.105289751819	3	0.0659694481943	150	0.0675843926933	153	0.0134685955028	68	0.0103019012497	4	0.00195591204322	6	0.100751838394	3	0.192725296888	0.298015048707	0.192900758188	0.194681208931	0.293477135281
M01_L_TO_L:G808-E0743	M01_L_TO_L	CORE13	L	L	G808-E0743	sh	ol	0	f76r	f76r	G808-P0231	f76r.3	3	9	T	B	2	3	EXACT	0.101640084644	88	0.048517337293	2	-0.00914173733663	70	-0.00652212065242	1	0.0533977461018	160	0.0541038141701	161	-0.0103116176384	66	0.0101588074724	4	-0.0247814768692	6	0.0416208372518	1	0.1410156846	0.134493563948	0.139845804298	0.116234207731	0.182636521852
M01_L_TO_L:G808-E0776	M01_L_TO_L	CORE13	L	L	G808-E0776	sh	ol	0	f76r	f76r	G808-P0233	f76r.49	49	4	T	B	2	3	EXACT	-0.052822970378	13	0.185224297024	2	-0.00532713412377	72	-0.0197535347911	1	-0.00975871425182	87	-0.00890965531379	88	0.000758966055252	68	-0.108799116688	4	0.00947709466973	6	-0.0209801771897	1	0.127074192523	0.107320657731	0.133160292702	0.136551287192	0.106094015333
M01_L_TO_L:G808-E0832	M01_L_TO_L	CORE13	L	L	G808-E0832	sh	ol	0	f77r	f77r	G808-P0241	f77r.13	13	4	B	B	2	2	EXACT	0.156670058511	45	-0.00430008821536	1	-0.00599957906466	72	0	0	0.0559302100586	118	0.0571366029807	118	0.00026894076974	68	-0.112572876402	4	0.0965829722336	6	0	0	0.146370391231	0.146370391231	0.152638911065	0.242953363464	0.146370391231
M01_L_TO_L:G808-E0872	M01_L_TO_L	CORE13	L	L	G808-E0872	sh	eol	1	f77v	f77v	G808-P0245	f77v.18	18	2	B	B	2	2	EXACT	0.14229636024	22	-0.360128211939	2	0.00870854946088	72	0	0	0.030881776173	96	0.0320930031598	96	-0.00237767758955	68	0.197166127293	4	0.0556146838138	6	0	0	-0.209123302238	-0.209123302238	-0.220209529289	-0.153508618425	-0.209123302238
M01_L_TO_L:G808-E0885	M01_L_TO_L	CORE13	L	L	G808-E0885	sh	eol	1	f77v	f77v	G808-P0246	f77v.35	35	5	B	B	2	3	EXACT	0.130848088222	30	-0.0215746626156	2	0.0019615819842	72	0.134436263931	2	0.0381798435823	104	0.0407896874354	106	0.00700783647746	68	-0.0838330264269	4	0.0199572485594	6	0.119680011909	2	0.111235007591	0.245671271522	0.116281262084	0.13119225615	0.2309150195
M01_L_TO_L:G808-E0960	M01_L_TO_L	CORE13	L	L	G808-E0960	sh	ol	0	f78v	f78v	G808-P0250	f78v.30	30	2	B	B	2	3	EXACT	0.0740827659083	25	-0.00822394713894	4	0.0124187999399	72	0	0	0.0255916409534	101	0.0268547606411	101	0.00159912828756	68	0.196344936004	4	-0.023747731207	6	0	0	0.0782776187093	0.0782776187093	0.067457947057	0.0545298875023	0.0782776187093
M01_L_TO_L:G808-E0961	M01_L_TO_L	CORE13	L	L	G808-E0961	sh	eol	1	f78v	f78v	G808-P0250	f78v.32	32	3	B	B	2	2	EXACT	0.0740827659083	25	0	0	0.0176853364019	72	-0.17451778498	2	0.0311182829607	97	0.0277610552287	99	0.0228126911934	68	-0.0694879770776	4	-0.0785653817586	6	-0.167188951427	2	0.0917681023103	-0.0827496826699	0.0968954571017	0.0132027205517	-0.0754208491164
M01_L_TO_L:G808-E0963	M01_L_TO_L	CORE13	L	L	G808-E0963	sh	ol	0	f79r	f79r	G808-P0251	f79r.6	6	1	B	B	2	3	EXACT	0.155523538137	21	0.420324230565	1	0.0274124526983	72	-0.00674011579331	1	0.0582789616261	94	0.0586355740299	95	0.0248745999896	68	0.0705475373401	4	0.0536038899586	6	0.0422279510541	1	0.6032602214	0.596520105606	0.600722368691	0.656864111358	0.645488172454
M01_L_TO_L:G808-E0969	M01_L_TO_L	CORE13	L	L	G808-E0969	sh	eol	1	f79r	f79r	G808-P0253	f79r.15	15	10	B	B	2	3	EXACT	0.118899643642	39	0	0	0.0322142090532	72	0.035584857993	1	0.0620009897614	111	0.0628442877052	112	0.0348377506369	68	-0.0123944092761	4	0.0615263261818	6	0.0803386831844	2	0.151113852695	0.186698710688	0.153737394279	0.212640178877	0.23145253588
M01_L_TO_L:G808-E0975	M01_L_TO_L	CORE13	L	L	G808-E0975	sh	ol	0	f79r	f79r	G808-P0255	f79r.26	26	7	B	B	2	2	EXACT	0.0712709399775	22	0	0	-0.0136630640265	72	0	0	0.00440467760687	94	0.00569692735381	94	-0.013738185565	68	-0.0123944092761	4	0.0386247918893	6	0.0142240584173	1	0.0576078759511	0.0576078759511	0.0575327544125	0.0962326678404	0.0718319343684
M01_L_TO_L:G808-E0977	M01_L_TO_L	CORE13	L	L	G808-E0977	sh	eol	1	f79r	f79r	G808-P0256	f79r.31	31	3	B	B	2	3	EXACT	0.136366080526	11	0.14195484025	2	0.0270663758688	72	0	0	0.0410423871159	85	0.0423346368629	85	0.027663742909	68	0.0169027247793	4	0.0904019805332	6	0	0	0.305387296645	0.305387296645	0.305984663685	0.395789277178	0.305387296645
M01_L_TO_L:G808-E0984	M01_L_TO_L	CORE13	L	L	G808-E0984	sh	eol	1	f79r	f79r	G808-P0257	f79r.38	38	3	B	B	2	2	EXACT	0.0934228789053	5	0	0	0.0199585769872	72	0	0	0.0212749412836	77	0.0225671910306	77	0.021722980164	68	-0.0100446884248	4	-0.0886975062699	6	0	0	0.113381455892	0.113381455892	0.115145859069	0.0246839496226	0.113381455892
M01_L_TO_L:G808-E0064	M01_L_TO_L	CORE13	L	L	G808-E0064	sh	ol	0	f7r	f7r	G808-P0022	f7r.7	7	7	H	A	1	2	EXACT	-0.0367612172952	15	0	0	-0.0235422705825	72	-0.0832692207386	1	-0.0272868088465	87	-0.0269248275247	88	-0.0249451557126	68	0.000298455871759	4	-0.0958991262478	6	-0.0847237288809	1	-0.0603034878778	-0.143572708616	-0.0617063730079	-0.156202614126	-0.145027216759
M01_L_TO_L:G808-E0065	M01_L_TO_L	CORE13	L	L	G808-E0065	sh	ol	0	f7r	f7r	G808-P0022	f7r.8	8	5	H	A	1	3	EXACT	-0.0367612172952	15	-0.0622230162061	1	-0.0230143120003	72	-0.287001726354	1	-0.027302657242	88	-0.029219522172	89	-0.0198693490934	68	-0.0764870021741	4	-0.0778832987282	6	-0.288456234497	1	-0.121998545502	-0.409000271856	-0.118853582595	-0.19988184423	-0.410454779998
M01_L_TO_L:G808-E0068	M01_L_TO_L	CORE13	L	L	G808-E0068	sh	ol	0	f7v	f7v	G808-P0023	f7v.4	4	7	H	A	1	3	EXACT	-0.111351278617	20	0	0	-0.0379311299913	71	0.0151511936744	1	-0.0552341843478	91	-0.0534979670701	92	-0.0349181345657	67	-0.0884041836006	4	-0.0128508360707	6	0.0135884885803	1	-0.149282408608	-0.134131214934	-0.146269413183	-0.162133244679	-0.135693920028
M01_L_TO_L:G808-E1008	M01_L_TO_L	CORE13	L	L	G808-E1008	sh	eol	1	f80r	f80r	G808-P0266	f80r.18	18	2	B	B	2	3	EXACT	0.0525631346674	70	0.100248006211	3	0.0194631017134	72	-0.0896600210678	1	0.0372298195359	145	0.0372365268056	146	0.00843020226028	68	0.207014104679	4	0.0532846336415	6	-0.0913225199347	1	0.172274242592	0.0826142215237	0.161241343138	0.225558876233	0.0809517226569
M01_L_TO_L:G808-E1125	M01_L_TO_L	CORE13	L	L	G808-E1125	sh	ol	0	f82v	f82v	G808-P0286	f82v.5	5	5	B	B	2	3	EXACT	0.123228292766	11	-0.228108477594	1	0.0282281560757	72	-0.107454716223	1	0.0362169759275	84	0.0355454869443	85	0.0301390833973	68	-0.00426614392242	4	-0.0688154242952	6	-0.109522969543	1	-0.0766520287518	-0.184106744975	-0.0747411014302	-0.145467453047	-0.186174998295
M01_L_TO_L:G808-E1130	M01_L_TO_L	CORE13	L	L	G808-E1130	sh	eol	1	f82v	f82v	G808-P0286	f82v.8	8	2	B	B	2	2	EXACT	0.123228292766	11	0	0	0.0197246378723	72	0	0	0.0320754811532	83	0.033375586768	83	0.00910531763966	68	0.200244546295	4	0.035805205322	6	0	0	0.142952930639	0.142952930639	0.132333610406	0.178758135961	0.142952930639
M01_L_TO_L:G808-E1135	M01_L_TO_L	CORE13	L	L	G808-E1135	sh	ol	0	f82v	f82v	G808-P0287	f82v.12	12	2	B	B	2	3	EXACT	0.101821306032	12	-0.0821722851638	3	0.0234161794297	72	-0.102952613508	2	0.0291769667375	87	0.0269704784439	89	0.0130140087005	68	0.200244546295	4	0.0650654494962	6	-0.0702997424057	3	0.0430652002981	-0.0598874132101	0.0326630295689	0.108130649794	-0.0272345421076
M01_L_TO_L:G808-E1145	M01_L_TO_L	CORE13	L	L	G808-E1145	sh	eol	1	f82v	f82v	G808-P0289	f82v.25	25	2	B	B	2	3	EXACT	0.0686908480584	19	-0.289526010774	1	0.00196406193596	72	-0.0876919300595	1	0.0115643499427	92	0.0115400455717	93	-0.00969999805759	68	0.200244546295	4	-0.0275000240521	6	-0.0897601833789	1	-0.21887110078	-0.306563030839	-0.230535160773	-0.246371124832	-0.308631284159
M01_L_TO_L:G808-E1154	M01_L_TO_L	CORE13	L	L	G808-E1154	sh	ol	0	f83r	f83r	G808-P0292	f83r.2	2	4	B	B	2	3	EXACT	0.124869783406	15	0.1257137652	3	0.0107298791694	72	0	0	0.0320292376377	90	0.0332469154197	90	0.0175084941496	68	-0.104514905492	4	-0.0332689633745	6	-0.390567066514	1	0.261313427776	0.261313427776	0.268092042756	0.228044464402	-0.129253638738
M01_L_TO_L:G808-E1193	M01_L_TO_L	CORE13	L	L	G808-E1193	sh	eol	1	f83r	f83r	G808-P0296	f83r.43	43	2	B	B	2	1	EXACT	0.0239459970125	35	0	0	0.000957793882226	72	0.104498537257	1	0.00800364588036	107	0.00990848998916	108	-0.00531322545749	68	0.107556792659	4	0.0403389211544	6	0.0286478384564	1	0.0249037908947	0.129402328152	0.018632771555	0.0652427120491	0.0535516293511
M01_L_TO_L:G808-E1208	M01_L_TO_L	CORE13	L	L	G808-E1208	sh	eol	1	f83v	f83v	G808-P0300	f83v.17	17	4	B	B	2	3	EXACT	0.14691189244	34	0.0222920893652	1	0.00416700561249	72	0	0	0.0490807503677	107	0.0503105675413	107	0.0108514078814	68	-0.109475868916	4	0.0423522547114	6	0	0	0.173370987418	0.173370987418	0.180055389686	0.215723242129	0.173370987418
M01_L_TO_L:G808-E1211	M01_L_TO_L	CORE13	L	L	G808-E1211	sh	eol	1	f83v	f83v	G808-P0301	f83v.23	23	4	B	B	2	2	EXACT	0.167366618541	18	0.124555857953	1	-0.01030134653	72	0.0741176302126	1	0.0249201403616	91	0.0264385914979	92	0.000569807522727	68	-0.195119001384	4	-0.0752838966901	6	0.0726780434018	1	0.281621129965	0.355738760177	0.292492284017	0.206337233274	0.354299173366
M01_L_TO_L:G808-E1216	M01_L_TO_L	CORE13	L	L	G808-E1216	sh	ol	0	f83v	f83v	G808-P0301	f83v.28	28	2	B	B	2	2	EXACT	0.167366618541	18	-0.0373702071049	1	0.024406644505	72	-0.0307358608861	3	0.0506020006854	91	0.0485132744484	94	0.0142368701336	68	0.197284772863	4	0.061767150371	6	-0.0321754476969	3	0.154403055941	0.123667195055	0.14423328157	0.216170206312	0.122227608245
M01_L_TO_L:G808-E1271	M01_L_TO_L	CORE13	L	L	G808-E1271	sh	eol	1	f86v5	f86v	G808-P0324	f86v5.23	23	6	T	B	2	3	EXACT	0.0207331482391	34	-0.0107890694426	5	0.02715444908	72	-0.031789682134	1	0.0209585108176	111	0.0217747598025	112	0.0296694188919	68	-0.0156100863846	4	-0.000546147860477	6	-0.0329461677869	1	0.0370985278764	0.00530884574245	0.0396134976884	0.036552380016	0.00415236008955
M01_L_TO_L:G808-E1287	M01_L_TO_L	CORE13	L	L	G808-E1287	sh	eol	1	f86v6	f86v	G808-P0326	f86v6.6	6	2	T	B	2	3	EXACT	0.063511721373	52	0.00606796779042	3	0.0276465420904	71	0.104332364442	1	0.0415041063816	126	0.0433162857809	127	0.0173763991157	67	0.199664820838	4	0.0674583710656	6	-0.00331035565945	2	0.0972262312538	0.201558595696	0.0869560882792	0.164684602319	0.0939158755944
M01_L_TO_L:G808-E1292	M01_L_TO_L	CORE13	L	L	G808-E1292	sh	eol	1	f86v6	f86v	G808-P0326	f86v6.10	10	4	T	B	2	3	EXACT	0.063511721373	52	-0.00655993340121	2	0.0210368118117	72	0	0	0.037692297396	126	0.0392356604889	126	0.028931227866	68	-0.113178309774	4	0.0257631532389	6	0	0	0.0779885997835	0.0779885997835	0.0858830158379	0.103751753022	0.0779885997835
M01_L_TO_L:G808-E1294	M01_L_TO_L	CORE13	L	L	G808-E1294	sh	ol	0	f86v6	f86v	G808-P0327	f86v6.15	15	1	T	B	2	3	EXACT	0.0344378013402	31	0.102550285937	5	0.0443167167658	72	0	0	0.0412768908134	108	0.0428202539063	108	0.0425176215325	68	0.0748912870708	4	0.0601800637942	6	0	0	0.181304804043	0.181304804043	0.17950570881	0.241484867838	0.181304804043
M01_L_TO_L:G808-E1306	M01_L_TO_L	CORE13	L	L	G808-E1306	sh	ol	0	f86v6	f86v	G808-P0328	f86v6.29	29	3	T	B	2	3	EXACT	0.010188587759	47	0.289734091354	2	0.0432260811044	72	-0.0544032195886	1	0.0335523976535	121	0.0341396607104	122	0.0390216431475	68	0.11469147771	4	0.00733678106135	6	-0.0651844186158	1	0.343148760217	0.288745540629	0.338944322261	0.350485541279	0.277964341602
M01_L_TO_L:G808-E1317	M01_L_TO_L	CORE13	L	L	G808-E1317	sh	ol	0	f87r	f87r	G808-P0331	f87r.11	11	5	H	A	1	2	EXACT	-0.10624293625	11	0	0	-0.0171542927715	72	0	0	-0.0310580444362	83	-0.0297850770685	83	-0.0170914457218	68	-0.0182307900087	4	-0.0860483283594	6	0	0	-0.123397229021	-0.123397229021	-0.123334381972	-0.209445557381	-0.123397229021
M01_L_TO_L:G808-E1319	M01_L_TO_L	CORE13	L	L	G808-E1319	sh	ol	0	f87r	f87r	G808-P0331	f87r.14	14	2	H	A	1	2	EXACT	-0.10624293625	11	0	0	0.00102032976587	72	0.105587913969	1	-0.0152921068134	83	-0.0128572282604	84	-0.0104566268366	68	0.196120494614	4	-0.0401655487833	6	0.0298651603382	1	-0.105222606484	0.000365307485169	-0.116699563087	-0.145388155267	-0.0753574461459
M01_L_TO_L:G808-E1324	M01_L_TO_L	CORE13	L	L	G808-E1324	sh	eol	1	f87v	f87v	G808-P0332	f87v.8	8	6	H	A	1	2	EXACT	0.00792853882837	22	0	0	-0.031369508003	72	0	0	-0.0235300048102	94	-0.0222915986422	94	-0.0347541775447	68	0.026161597258	4	0.0274250199415	6	0	0	-0.0234409691747	-0.0234409691747	-0.0268256387163	0.0039840507668	-0.0234409691747
M01_L_TO_L:G808-E1357	M01_L_TO_L	CORE13	L	L	G808-E1357	sh	eol	1	f88v	f88v	G808-P0339	f88v.23	23	4	P	A	1	3	EXACT	0.00220662454835	17	-0.00622449376157	1	-0.00117047438793	72	-0.405813613682	1	-0.00218083900969	90	-0.00562969416151	91	0.00522441763245	68	-0.109891938403	4	0.0935335909503	6	-0.19010748806	2	-0.00518834360116	-0.411001957283	0.00120654841923	0.0883452473492	-0.195295831661
M01_L_TO_L:G808-E1364	M01_L_TO_L	CORE13	L	L	G808-E1364	sh	eol	1	f89r1	f89r	G808-P0341	f89r1.15	15	3	P	A	1	2	EXACT	0.0320991777738	15	-0.348770342026	1	0.0267606991275	72	0	0	0.0211920501253	88	0.0224226480993	88	0.0274244357835	68	0.0154689601214	4	0.0140405699353	6	0.169110045307	1	-0.289910465125	-0.289910465125	-0.289246728469	-0.275869895189	-0.120800419818
M01_L_TO_L:G808-E1379	M01_L_TO_L	CORE13	L	L	G808-E1379	sh	ol	0	f89v1	f89v	G808-P0344	f89v1.17	17	2	P	A	1	2	EXACT	-0.021346170274	34	0	0	0.0269354130403	72	0	0	0.010864939666	106	0.0121126941157	106	0.0167251303566	68	0.200501415803	4	0.031560995657	6	0	0	0.00558924276632	0.00558924276632	-0.00462103991737	0.0371502384233	0.00558924276632
M01_L_TO_L:G808-E0070	M01_L_TO_L	CORE13	L	L	G808-E0070	sh	ol	0	f8r	f8r	G808-P0026	f8r.11	11	1	H	A	1	3	EXACT	0.00956868115392	10	-0.25904519484	1	-0.0179009326586	72	-0.332893812194	1	-0.0194617421472	83	-0.0222157965634	84	-0.0224551643847	68	0.0595134059113	4	0.0340645580913	6	-0.40376899986	1	-0.267377446344	-0.600271258539	-0.271931678071	-0.233312888253	-0.671146446204
M01_L_TO_L:G808-E0071	M01_L_TO_L	CORE13	L	L	G808-E0071	sh	ol	0	f8r	f8r	G808-P0027	f8r.14	14	3	H	A	1	3	EXACT	-0.100223071386	25	-0.0341147606428	1	-0.00837109633781	71	0	0	-0.0333659290626	97	-0.0321169622012	97	-0.0157464220561	67	0.11516067113	4	0.0809789999734	6	0	0	-0.142708928366	-0.142708928366	-0.150084254085	-0.0617299283929	-0.142708928366
M01_L_TO_L:G808-E0076	M01_L_TO_L	CORE13	L	L	G808-E0076	sh	ol	0	f8v	f8v	G808-P0028	f8v.1	1	4	H	A	1	2	EXACT	-0.0787382609429	19	-0.0723301141654	1	-0.0440462773031	72	0	0	-0.0527364451207	92	-0.0516633326036	92	-0.0403310000157	68	-0.107214504513	4	0.0590182801074	6	0	0	-0.195114652411	-0.195114652411	-0.191399375124	-0.136096372304	-0.195114652411
M01_L_TO_L:G808-E0079	M01_L_TO_L	CORE13	L	L	G808-E0079	sh	ol	0	f8v	f8v	G808-P0028	f8v.3	3	6	H	A	1	3	EXACT	-0.0787382609429	19	0	0	-0.0229786465736	72	0.15755929414	2	-0.0357937005971	91	-0.030990942921	93	-0.0198250852557	68	-0.0765977023011	4	0.000760679100494	6	0.156988820107	2	-0.101716907516	0.0558423866232	-0.0985633461986	-0.100956228416	0.055271912591
M01_L_TO_L:G808-E0081	M01_L_TO_L	CORE13	L	L	G808-E0081	sh	ol	0	f8v	f8v	G808-P0028	f8v.4	4	2	H	A	1	2	EXACT	-0.0787382609429	19	-0.181080132695	1	-0.0216566952298	72	0	0	-0.036396228917	92	-0.0353231163999	92	-0.0354087956804	68	0.212120499105	4	0.0422541865023	6	0	0	-0.281475088867	-0.281475088867	-0.295227189318	-0.239220902365	-0.281475088867
M01_L_TO_L:G808-E0084	M01_L_TO_L	CORE13	L	L	G808-E0084	sh	ol	0	f8v	f8v	G808-P0028	f8v.9	9	1	H	A	1	2	EXACT	-0.0787382609429	19	-0.0949252088569	1	-0.0174859697463	72	0	0	-0.0321957163229	92	-0.0311226038058	92	-0.0220620964212	68	0.0602996704037	4	0.0409142715007	6	0	0	-0.191149439546	-0.191149439546	-0.195725566221	-0.150235168045	-0.191149439546
M01_L_TO_L:G808-E0087	M01_L_TO_L	CORE13	L	L	G808-E0087	sh	ol	0	f8v	f8v	G808-P0029	f8v.14	14	4	H	A	1	2	EXACT	-0.0226743699094	22	-0.036822688442	1	-0.0241048680801	72	0	0	-0.0249680331392	95	-0.0238949206221	95	-0.0192165667208	68	-0.107214504513	4	-0.0527385690401	6	0	0	-0.0836019264316	-0.0836019264316	-0.0787136250722	-0.136340495472	-0.0836019264316
M01_L_TO_L:G808-E1388	M01_L_TO_L	CORE13	L	L	G808-E1388	sh	eol	1	f90r1	f90r	G808-P0345	f90r1.8	8	2	H	A	1	3	EXACT	-0.053240600195	26	0.0166919452078	1	-0.000877359697807	71	0	0	-0.0155176869506	98	-0.0142701043506	98	-0.0124936329645	67	0.193690601823	4	-0.0236175307889	6	0	0	-0.037426014685	-0.037426014685	-0.0490422879516	-0.0610435454739	-0.037426014685
M01_L_TO_L:G808-E1393	M01_L_TO_L	CORE13	L	L	G808-E1393	sh	ol	0	f93r	f93r	G808-P0346	f93r.7	7	2	H	A	1	2	EXACT	-0.0557040486215	47	0.183172220174	1	-0.00939569340233	72	-0.094413042176	1	-0.0259890522248	120	-0.0254773986661	121	-0.0161891220663	68	0.106084188903	4	0.0118504049431	6	-0.0955775323843	1	0.11807247815	0.0236594359743	0.111279049486	0.129922883093	0.022494945766
M01_L_TO_L:G808-E1400	M01_L_TO_L	CORE13	L	L	G808-E1400	sh	ol	0	f93r	f93r	G808-P0346	f93r.19	19	2	H	A	1	2	EXACT	-0.0557040486215	47	0	0	-0.0262536282666	72	0	0	-0.0378969399883	119	-0.0366286567236	119	-0.0267382737255	68	-0.0180230604474	4	0.0884439384307	6	0	0	-0.0819576768881	-0.0819576768881	-0.082442322347	0.00648626154254	-0.0819576768881
M01_L_TO_L:G808-E1402	M01_L_TO_L	CORE13	L	L	G808-E1402	sh	ol	0	f93r	f93r	G808-P0346	f93r.21	21	2	H	A	1	1	EXACT	-0.0557040486215	47	0	0	-0.0191508110764	72	-0.409339851056	1	-0.0335994371505	119	-0.035655059039	120	-0.0192176437594	68	-0.0180230604474	4	-0.0607513818407	6	-0.417145161588	1	-0.0748548596979	-0.484194710754	-0.074921692381	-0.135606241539	-0.492000021286
M01_L_TO_L:G808-E1408	M01_L_TO_L	CORE13	L	L	G808-E1408	sh	ol	0	f93v	f93v	G808-P0347	f93v.4	4	2	H	A	1	2	EXACT	-0.0293310254471	30	-0.097572127219	1	-0.0166096420104	71	0	0	-0.0220696644008	102	-0.0208165543023	102	-0.0291942297796	67	0.194174834318	4	0.0700984017075	6	0	0	-0.143512794676	-0.143512794676	-0.156097382446	-0.0734143929689	-0.143512794676
M01_L_TO_L:G808-E1413	M01_L_TO_L	CORE13	L	L	G808-E1413	sh	eol	1	f93v	f93v	G808-P0347	f93v.8	8	4	H	A	1	3	EXACT	-0.0293310254471	30	0	0	-0.00526363184454	71	0	0	-0.0132983350135	101	-0.012045224915	101	0.00099545985201	67	-0.110110786567	4	-0.0351358906632	6	0	0	-0.0345946572916	-0.0345946572916	-0.0283355655951	-0.0697305479548	-0.0345946572916
M01_L_TO_L:G808-E1433	M01_L_TO_L	CORE13	L	L	G808-E1433	sh	ol	0	f95r2	f95r	G808-P0355	f95r2.6	6	4	H	B	3	3	EXACT	0.044538624128	16	-0.0853645322342	2	0.00518887609777	71	0.0324973885202	1	0.00889466734894	89	0.00999859680668	90	0.0118737414863	67	-0.106788432159	4	0.0144666562147	6	0.00363855149088	1	-0.0356370320085	-0.00313964348824	-0.0289521666199	-0.0211703757938	-0.0319984805176
M01_L_TO_L:G808-E1441	M01_L_TO_L	CORE13	L	L	G808-E1441	sh	eol	1	f96r	f96r	G808-P0361	f96r.2	2	3	H	A	1	2	EXACT	-0.0191067254417	38	0	0	-0.0220150710178	72	0	0	-0.0215703262447	110	-0.0202438939234	110	-0.024332508171	68	0.0173732234235	4	0.00190833957146	6	-0.0137218214199	1	-0.0411217964595	-0.0411217964595	-0.0434392336127	-0.039213456888	-0.0548436178794
M01_L_TO_L:G808-E1446	M01_L_TO_L	CORE13	L	L	G808-E1446	sh	eol	1	f96r	f96r	G808-P0361	f96r.8	8	3	H	A	1	2	EXACT	-0.0191067254417	38	-0.0751275848858	1	-0.0182694765481	72	0	0	-0.0196778976573	111	-0.018351465336	111	-0.0154361531221	68	-0.0664441119525	4	-0.00762518635418	6	0	0	-0.112503786875	-0.112503786875	-0.109670463449	-0.12012897323	-0.112503786875
M01_L_TO_L:G808-E1458	M01_L_TO_L	CORE13	L	L	G808-E1458	sh	eol	1	f99r	f99r	G808-P0364	f99r.28	28	8	P	A	1	3	EXACT	0.050785186651	6	0	0	-0.01308834525	72	0	0	-0.0122609230966	78	-0.0108113920337	78	-0.0137546447186	68	-0.00176970484546	4	-0.0414715258267	6	0	0	0.037696841401	0.037696841401	0.0370305419324	-0.00377468442566	0.037696841401
M01_L_TO_L:G808-E1465	M01_L_TO_L	CORE13	L	L	G808-E1465	sh	eol	1	f99r	f99r	G808-P0364	f99r.31	31	4	P	A	1	2	EXACT	0.050785186651	6	0	0	-0.00817494204819	72	0	0	-0.0077254739872	78	-0.00627594292434	78	0.00119201511351	68	-0.167421664359	4	-0.0712203387892	6	-0.41321732742	1	0.0426102446028	0.0426102446028	0.0519772017645	-0.0286100941864	-0.370607082817
M01_L_TO_L:G808-E1469	M01_L_TO_L	CORE13	L	L	G808-E1469	sh	eol	1	f99r	f99r	G808-P0365	f99r.42	42	2	P	A	1	3	EXACT	0.0396097415873	20	-0.16455845997	1	0.0399936343795	72	0	0	0.0352439955367	93	0.0366935265995	93	0.0307242140775	68	0.197565328952	4	0.0579753762275	6	0	0	-0.0849550840033	-0.0849550840033	-0.0942245043052	-0.0269797077758	-0.0849550840033
M01_L_TO_L:G808-E1490	M01_L_TO_L	CORE13	L	L	G808-E1490	sh	ol	0	f99v	f99v	G808-P0370	f99v.39	39	2	P	A	1	2	EXACT	0.00664540824647	12	0	0	0.0181272820054	72	0	0	0.0136379645282	84	0.0150461143088	84	0.00677286934452	68	0.211144164959	4	0.108527213214	6	-0.0923959779779	1	0.0247726902519	0.0247726902519	0.013418277591	0.133299903466	-0.067623287726
M01_L_TO_L:G808-E0092	M01_L_TO_L	CORE13	L	L	G808-E0092	sh	ol	0	f9r	f9r	G808-P0030	f9r.5	5	6	H	A	1	3	EXACT	-0.258032889709	23	-0.137969405161	3	-0.0398234638406	72	0	0	-0.0951872995722	98	-0.0939185507746	98	-0.0429774251683	68	0.013785488075	4	-0.0895654719216	6	0	0	-0.435825758711	-0.435825758711	-0.438979720038	-0.525391230632	-0.435825758711
M01_L_TO_L:G808-E0097	M01_L_TO_L	CORE13	L	L	G808-E0097	sh	ol	0	f9v	f9v	G808-P0032	f9v.1	1	8	H	A	1	3	EXACT	-0.184472732119	18	-0.217059676708	2	-0.0452345804526	72	-0.337546131686	1	-0.0776086561738	92	-0.0794090544571	93	-0.0426088363974	68	-0.0898805469818	4	-0.00939834226596	6	-0.408088649844	1	-0.446766989279	-0.784313120965	-0.444141245224	-0.456165331545	-0.854855639123
M01_L_TO_L:G808-E1623	M01_L_TO_L	CORE13	L	L	G808-E1623	t	ol	0	f104r	f104r	G808-P0414	f104r.10	10	1	S	B	3	3	EXACT	0.287938579936	4	0.23932960345	1	0.0552039651361	72	0	0	0.0705295426735	77	0.0715350891282	77	0.0480127215503	68	0.177454869731	4	0.0399332760567	6	0	0	0.582472148522	0.582472148522	0.575280904936	0.622405424578	0.582472148522
M01_L_TO_L:G808-E1679	M01_L_TO_L	CORE13	L	L	G808-E1679	t	eol	1	f105r	f105r	G808-P0442	f105r.20	20	4	S	B	3	3	EXACT	0.0351171798393	28	0.047234163444	4	0.0376152064199	72	0.381783718684	1	0.0371179265158	104	0.0414092198057	105	0.0399148444925	68	-0.00147992116104	4	0.0875876688179	6	0.204206986345	2	0.119966549703	0.501750268387	0.122266187776	0.207554218521	0.324173536048
M01_L_TO_L:G808-E2022	M01_L_TO_L	CORE13	L	L	G808-E2022	t	eol	1	f112v	f112v	G808-P0574	f112v.44	44	5	S	B	3	3	EXACT	0.0373599859719	10	0	0	0.0356591107855	72	0.425628374636	1	0.0357504441276	82	0.0411689618326	83	0.0393600666123	68	-0.0272574343411	4	-0.0889412235468	6	0.428570277554	1	0.0730190967573	0.498647471394	0.0767200525842	-0.0159221267895	0.501589374311
M01_L_TO_L:G808-E2043	M01_L_TO_L	CORE13	L	L	G808-E2043	t	ol	0	f113r	f113r	G808-P0584	f113r.26	26	1	S	B	3	3	EXACT	-0.247456480549	1	0	0	0.0297791840594	72	0	0	0.0257431494368	73	0.0267120845597	73	0.0235974974019	68	0.134868058203	4	0.0792571834727	6	0	0	-0.21767729649	-0.21767729649	-0.223858983147	-0.138420113017	-0.21767729649
M01_L_TO_L:G808-E2173	M01_L_TO_L	CORE13	L	L	G808-E2173	t	ol	0	f115v	f115v	G808-P0649	f115v.13	13	7	S	B	3	3	EXACT	0.0276651988026	30	0	0	0.0238793110675	72	0	0	0.024789364793	102	0.0257810876319	102	0.0264909513904	68	-0.0205186703769	4	-0.00647833421346	6	0	0	0.0515445098702	0.0515445098702	0.054156150193	0.0450661756567	0.0515445098702
M01_L_TO_L:G808-E0253	M01_L_TO_L	CORE13	L	L	G808-E0253	t	ol	0	f24r	f24r	G808-P0085	f24r.12	12	3	H	A	1	2	EXACT	-0.0317632831957	49	0	0	-0.0339500255599	71	-0.153527717825	2	-0.0332855008685	120	-0.034521012512	122	-0.0304944841611	67	-0.091832657825	4	-0.0423432056848	6	-0.177525365089	3	-0.0657133087556	-0.21924102658	-0.0622577673568	-0.10805651444	-0.243238673845
M01_L_TO_L:G808-E0319	M01_L_TO_L	CORE13	L	L	G808-E0319	t	ol	0	f31r	f31r	G808-P0109	f31r.10	10	1	H	B	2	2	EXACT	0.0179154423399	19	0.0571392498592	2	-0.00155437284991	72	0	0	0.0032870283082	93	0.00429457666242	93	-0.00963474016144	68	0.135811775156	4	0.0895015253323	6	0	0	0.0735003193491	0.0735003193491	0.0654199520376	0.163001844681	0.0735003193491
M01_L_TO_L:G808-E0347	M01_L_TO_L	CORE13	L	L	G808-E0347	t	ol	0	f34r	f34r	G808-P0118	f34r.12	12	5	H	B	2	3	EXACT	0.0606386784359	31	0.142509873277	5	-0.0175739928236	72	-0.0175104757336	3	0.0122087704699	108	0.0119794661922	111	-0.0173871658112	68	-0.0207502831324	4	0.0882614190071	6	-0.0658641383291	3	0.185574558889	0.168064083155	0.185761385901	0.273835977896	0.11971042056
M01_L_TO_L:G808-E0350	M01_L_TO_L	CORE13	L	L	G808-E0350	t	ol	0	f34v	f34v	G808-P0119	f34v.2	2	1	H	B	2	3	EXACT	-0.0324727746219	24	0.0596596901972	2	0.0176930294522	72	0	0	0.00611295004864	98	0.00711171034707	98	0.0108473766113	68	0.134068896648	4	0.0541876458908	6	0	0	0.0448799450275	0.0448799450275	0.0380342921867	0.0990675909183	0.0448799450275
M01_L_TO_L:G808-E0460	M01_L_TO_L	CORE13	L	L	G808-E0460	t	ol	0	f44v	f44v	G808-P0162	f44v.1	1	8	H	A	1	2	EXACT	-0.233089875245	4	-0.0144628984364	1	-0.0319913406452	72	0	0	-0.0413988064009	77	-0.0404875398453	77	-0.0260076353664	68	-0.133714526257	4	-0.0210742130824	6	0	0	-0.279544114326	-0.279544114326	-0.273560409048	-0.300618327409	-0.279544114326
M01_L_TO_L:G808-E0464	M01_L_TO_L	CORE13	L	L	G808-E0464	t	ol	0	f44v	f44v	G808-P0162	f44v.3	3	1	H	A	1	2	EXACT	-0.233089875245	4	-0.323241111051	2	-0.0193381078048	72	0	0	-0.0372548424453	78	-0.0363435758897	78	-0.0282626491623	68	0.132378899401	4	0.0679286094541	6	0	0	-0.575669094101	-0.575669094101	-0.584593635458	-0.507740484646	-0.575669094101
M01_L_TO_L:G808-E0467	M01_L_TO_L	CORE13	L	L	G808-E0467	t	ol	0	f44v	f44v	G808-P0163	f44v.6	6	1	H	A	1	3	EXACT	-0.213680636027	15	-0.139293532479	3	-0.0189247214506	72	0	0	-0.0548362511568	90	-0.0539249846011	90	-0.0278249459638	68	0.132378899401	4	0.0873511139836	6	0	0	-0.371898889957	-0.371898889957	-0.38079911447	-0.284547775973	-0.371898889957
M01_L_TO_L:G808-E0472	M01_L_TO_L	CORE13	L	L	G808-E0472	t	eol	1	f44v	f44v	G808-P0164	f44v.12	12	2	H	A	1	2	EXACT	-0.170673744035	19	0	0	-0.0230705031224	72	-0.102629578694	1	-0.0534984982303	91	-0.0532757146885	92	-0.0341345862229	68	0.165018713713	4	-0.0303198558471	6	-0.101148130288	1	-0.193744247157	-0.296373825851	-0.204808330258	-0.224064103004	-0.294892377445
M01_L_TO_L:G808-E0522	M01_L_TO_L	CORE13	L	L	G808-E0522	t	eol	1	f48r	f48r	G808-P0180	f48r.5	5	2	H	B	5	3	EXACT	0.0629169538309	27	0.165417824042	1	0.00499831623334	72	0	0	0.0221138684027	100	0.0230878202923	100	-0.00443481951347	68	0.16536144874	4	0.0550255065621	6	0	0	0.233333094106	0.233333094106	0.22389995836	0.288358600668	0.233333094106
M01_L_TO_L:G808-E0536	M01_L_TO_L	CORE13	L	L	G808-E0536	t	ol	0	f48v	f48v	G808-P0182	f48v.10	10	1	H	B	5	3	EXACT	0.0782776961956	23	0.0419344480028	5	0.022710283175	72	0	0	0.0363929826965	100	0.037391742995	100	0.0161597629061	68	0.134068896648	4	0.0767263010818	6	0	0	0.142922427373	0.142922427373	0.136371907104	0.219648728455	0.142922427373
M01_L_TO_L:G808-E0572	M01_L_TO_L	CORE13	L	L	G808-E0572	t	ol	0	f51r	f51r	G808-P0191	f51r.9	9	1	H	A	1	2	EXACT	-0.0581288027503	36	-0.227988122402	1	-0.0271690747366	72	-0.399241044331	1	-0.0395553821995	109	-0.0419050324133	110	-0.036834533441	68	0.137143337987	4	0.0868447378748	6	-0.386257739928	1	-0.313285999889	-0.71252704422	-0.322951458594	-0.226441262015	-0.699543739817
M01_L_TO_L:G808-E0590	M01_L_TO_L	CORE13	L	L	G808-E0590	t	ol	0	f52r	f52r	G808-P0193	f52r.5	5	6	H	A	1	3	EXACT	-0.0812661484305	32	-0.192424108913	1	-0.0212888187163	72	-0.0932960824026	1	-0.0414049504417	105	-0.0410403671153	106	-0.0148350544307	68	-0.131003042669	4	-0.0752953995948	6	-0.0915839260763	1	-0.29497907606	-0.388275158462	-0.288525311774	-0.370274475654	-0.386563002136
M01_L_TO_L:G808-E0613	M01_L_TO_L	CORE13	L	L	G808-E0613	t	ol	0	f54v	f54v	G808-P0198	f54v.6	6	1	H	A	1	2	EXACT	-0.0675788326314	48	0	0	-0.0151613257503	72	0	0	-0.0364717274558	120	-0.0354207619797	120	-0.0248100721354	68	0.148867027023	4	0.0700834882159	6	0	0	-0.0827401583817	-0.0827401583817	-0.0923889047668	-0.0126566701658	-0.0827401583817
M01_L_TO_L:G808-E0617	M01_L_TO_L	CORE13	L	L	G808-E0617	t	ol	0	f54v	f54v	G808-P0198	f54v.12	12	1	H	A	1	1	EXACT	-0.0675788326314	48	0.225030855475	1	-0.0130238965912	72	0	0	-0.0330200674158	121	-0.0319691019397	121	-0.0184781049333	68	0.0796973094509	4	0.00812285324614	6	0	0	0.144428126252	0.144428126252	0.13897391791	0.152550979499	0.144428126252
M01_L_TO_L:G808-E0649	M01_L_TO_L	CORE13	L	L	G808-E0649	t	ol	0	f58v	f58v	G808-P0210	f58v.1	1	1	S	A	3	3	EXACT	0.000108024616183	92	0	0	0.0314096805606	71	0	0	0.0126933784297	163	0.0136749508467	163	0.0253266381025	67	0.133301136289	4	0.0780416076473	6	0	0	0.0315177051768	0.0315177051768	0.0254346627187	0.109559312824	0.0315177051768
M01_L_TO_L:G808-E0729	M01_L_TO_L	CORE13	L	L	G808-E0729	t	ol	0	f75v	f75v	G808-P0228	f75v.46	46	9	B	B	2	3	EXACT	0.130974433784	36	0	0	0.00838394179801	72	0.21552484415	2	0.0490333372893	108	0.0528159968491	110	0.0110247980803	68	-0.0365097768781	4	-0.0238275469899	6	0.136932413474	3	0.139358375582	0.354883219733	0.141999231865	0.115530828593	0.276290789056
M01_L_TO_L:G808-E0912	M01_L_TO_L	CORE13	L	L	G808-E0912	t	ol	0	f78r	f78r	G808-P0247	f78r.13	13	7	B	B	2	2	EXACT	0.12447248428	58	-0.202697262204	2	0.0199767397271	72	-0.200047790212	1	0.062280457303	132	0.061159812028	133	0.0270885542482	68	-0.100924489933	4	-0.0475319381505	6	-0.20602424547	1	-0.0582480381966	-0.258295828408	-0.0511362236755	-0.105779976347	-0.264272283667
M01_L_TO_L:G808-E0981	M01_L_TO_L	CORE13	L	L	G808-E0981	t	eol	1	f79r	f79r	G808-P0256	f79r.34	34	5	B	B	2	2	EXACT	0.107373001641	17	0	0	0.0373518819505	72	0	0	0.0502262112493	89	0.0513175957678	89	0.0442868738095	68	-0.0805429617273	4	-0.0118229095052	6	0.0979952803026	1	0.144724883591	0.144724883591	0.15165987545	0.132901974086	0.242720163894
M01_L_TO_L:G808-E1013	M01_L_TO_L	CORE13	L	L	G808-E1013	t	eol	1	f80r	f80r	G808-P0266	f80r.21	21	7	B	B	2	2	EXACT	0.086286737594	76	-0.151961564733	1	0.0169514339033	72	0	0	0.0510485955273	149	0.052082559322	149	0.0192504738215	68	-0.0221324002338	4	-0.0400908124503	6	0	0	-0.0487233932354	-0.0487233932354	-0.0464243533173	-0.0888142056857	-0.0487233932354
M01_L_TO_L:G808-E1014	M01_L_TO_L	CORE13	L	L	G808-E1014	t	eol	1	f80r	f80r	G808-P0266	f80r.25	25	12	B	B	2	3	EXACT	0.086286737594	76	0.0337082371984	2	0.0319993664336	72	0	0	0.0594055470348	150	0.0604395108295	150	0.035980801697	68	-0.0356851885742	4	-0.0232308275618	6	0	0	0.151994341226	0.151994341226	0.155975776489	0.128763513664	0.151994341226
M01_L_TO_L:G808-E1038	M01_L_TO_L	CORE13	L	L	G808-E1038	t	ol	0	f80v	f80v	G808-P0272	f80v.9	9	3	B	B	2	3	EXACT	0.101951324966	23	0.00451406255728	2	0.0154129708947	72	0.0215301034381	1	0.0356487001417	97	0.0362331605044	98	0.0109729609564	68	0.0908925295539	4	-0.0381102820042	6	0.0232479843042	1	0.121878358418	0.143408461856	0.11743834848	0.083768076414	0.145126342722
M01_L_TO_L:G808-E1044	M01_L_TO_L	CORE13	L	L	G808-E1044	t	ol	0	f80v	f80v	G808-P0273	f80v.15	15	6	B	B	2	3	EXACT	0.121361586807	16	0.252750291792	3	0.0190170188395	72	-0.0534064378242	1	0.0447728765351	91	0.0444252650116	92	0.0212404715044	68	-0.0187822867567	4	0.0920498384567	6	-0.0737247472645	2	0.393128897439	0.339722459615	0.395352350104	0.485178735896	0.319404150175
M01_L_TO_L:G808-E1053	M01_L_TO_L	CORE13	L	L	G808-E1053	t	ol	0	f80v	f80v	G808-P0277	f80v.35	35	1	B	B	2	3	EXACT	0.0695365362328	29	0.0569645274956	6	0.0249309873244	72	0	0	0.038847919185	107	0.0397140288592	107	0.0194660162546	68	0.117834885219	4	0.0150781861133	6	0	0	0.151432051053	0.151432051053	0.145967079983	0.166510237166	0.151432051053
M01_L_TO_L:G808-E1098	M01_L_TO_L	CORE13	L	L	G808-E1098	t	eol	1	f81v	f81v	G808-P0282	f81v.24	24	8	B	B	2	3	EXACT	0.0955710071023	54	-0.0071709033577	1	-0.0134967471277	72	0	0	0.0326660733895	127	0.033664833688	127	-0.00658462568987	68	-0.131003042669	4	0.0726863578247	6	0	0	0.0749033566169	0.0749033566169	0.0818154780547	0.147589714442	0.0749033566169
M01_L_TO_L:G808-E1185	M01_L_TO_L	CORE13	L	L	G808-E1185	t	ol	0	f83r	f83r	G808-P0295	f83r.26	26	4	B	B	2	2	EXACT	0.133515865619	14	0	0	0.00361264222724	72	0.0714328022686	2	0.0244927848904	86	0.0262036663954	88	0.0155991246076	68	-0.200157692233	4	-0.0191167744732	6	0.090925641189	2	0.137128507846	0.208561310115	0.149114990226	0.118011733373	0.228054149035
M01_L_TO_L:G808-E1275	M01_L_TO_L	CORE13	L	L	G808-E1275	t	ol	0	f86v5	f86v	G808-P0325	f86v5.31	31	1	T	B	2	3	EXACT	0.0046797801948	62	0.619232632416	1	0.0436733504068	72	0.0936201265658	1	0.0299119174477	135	0.0315463997765	136	0.037365917206	68	0.150898515242	4	0.0852518640614	6	0.118793460911	1	0.667585763018	0.761205889584	0.661278329817	0.752837627079	0.786379223929
M01_L_TO_L:G808-E1338	M01_L_TO_L	CORE13	L	L	G808-E1338	t	eol	1	f88r	f88r	G808-P0335	f88r.21	21	1	P	A	1	2	EXACT	0.10283327445	14	0.167485807021	1	0.0284389396941	72	-0.0687521307412	1	0.0415491747926	87	0.041130307189	88	0.02332161021	68	0.115433641204	4	0.0246114994304	6	-0.0910441367884	1	0.298758021165	0.230005890424	0.293640691681	0.323369520596	0.207713884377
M01_L_TO_L:G808-E1384	M01_L_TO_L	CORE13	L	L	G808-E1384	t	ol	0	f90r1	f90r	G808-P0345	f90r1.6	6	1	H	A	1	2	EXACT	-0.027246724414	31	0	0	-0.00516322130822	71	0	0	-0.0121080393476	102	-0.0111322525406	102	-0.0134039804343	67	0.13286858245	4	0.0344858025772	6	0	0	-0.0324099457222	-0.0324099457222	-0.0406507048483	0.00207585685493	-0.0324099457222
M01_L_TO_L:G808-E1412	M01_L_TO_L	CORE13	L	L	G808-E1412	t	eol	1	f93v	f93v	G808-P0347	f93v.8	8	3	H	A	1	3	EXACT	-0.0481684276774	34	0	0	0.00499037891209	71	0	0	-0.0125461968795	105	-0.0115511584993	105	-0.000992738958954	67	0.105205653613	4	-0.0214897957164	6	0	0	-0.0431780487653	-0.0431780487653	-0.0491611666363	-0.0646678444817	-0.0431780487653
M01_L_TO_L:G808-E1443	M01_L_TO_L	CORE13	L	L	G808-E1443	t	ol	0	f96r	f96r	G808-P0361	f96r.5	5	4	H	A	1	2	EXACT	0.0135899714386	35	-0.154898844896	1	-0.0319701938991	72	0.245651047847	1	-0.0186908072536	108	-0.0153209807229	109	-0.0238063839277	68	-0.170754769524	4	-0.0839837056035	6	0.237129222547	1	-0.173279067356	0.0723719804905	-0.165115257385	-0.25726277296	0.063850155191
M01_L_TO_L:G808-E1448	M01_L_TO_L	CORE13	L	L	G808-E1448	t	eol	1	f96r	f96r	G808-P0361	f96r.11	11	1	H	A	1	2	EXACT	0.0135899714386	35	0.0762451426937	2	-0.0101168388298	72	0	0	-0.00124078862401	109	-0.000140779567789	109	-0.0200926204125	68	0.159471641965	4	0.066590329637	6	0	0	0.0797182753026	0.0797182753026	0.0697424937198	0.14630860494	0.0797182753026
M01_L_TO_L:G808-E1461	M01_L_TO_L	CORE13	L	L	G808-E1461	t	ol	0	f99r	f99r	G808-P0364	f99r.30	30	1	P	A	1	2	EXACT	-0.00640361347219	9	-0.135565061234	2	-0.0127996311271	72	0	0	-0.0175661063324	83	-0.0162871949393	83	-0.0199910877698	68	0.109455223538	4	0.0381337004769	6	0	0	-0.154768305833	-0.154768305833	-0.161959762476	-0.116634605356	-0.154768305833
M01_L_TO_L:G808-E1764	M01_L_TO_L	CORE13	L	L	G808-E1764	tch	eol	1	f107r	f107r	G808-P0490	f107r.9	9	3	S	B	3	3	EXACT	0.0769216578833	22	0.0134768502957	2	0.0194745340839	72	0.00216691059011	2	0.031018522619	96	0.0312009054622	98	0.0160697491548	68	0.0773533804797	4	0.0760081674287	6	0.061425150888	3	0.109873042263	0.112039952853	0.106468257334	0.185881209692	0.171298193151
M01_L_TO_L:G808-E1770	M01_L_TO_L	CORE13	L	L	G808-E1770	tch	eol	1	f107r	f107r	G808-P0492	f107r.20	20	1	S	B	3	1	EXACT	0.0867917482672	14	0	0	0.00718266116296	72	0	0	0.0181879441916	86	0.0193093904666	86	0.0133004596724	68	-0.0968224108971	4	-0.0227131696324	6	0	0	0.0939744094302	0.0939744094302	0.10009220794	0.0712612397977	0.0939744094302
M01_L_TO_L:G808-E0115	M01_L_TO_L	CORE13	L	L	G808-E0115	tch	ol	0	f11r	f11r	G808-P0039	f11r.5	5	1	H	A	1	3	EXACT	-0.312408898656	11	-0.0687664368357	5	-0.027762330027	72	-0.110281849155	1	-0.0672109328565	88	-0.0668086589532	89	-0.0248693511482	68	-0.0769457499107	4	0.0272344516546	6	-0.0881226972193	2	-0.408937665518	-0.519219514673	-0.406044686639	-0.381703213864	-0.497060362738
M01_L_TO_L:G808-E0163	M01_L_TO_L	CORE13	L	L	G808-E0163	tch	ol	0	f17v	f17v	G808-P0058	f17v.5	5	4	H	A	1	2	EXACT	-0.0323781005237	64	0	0	-0.0383257231676	72	0.0686669149296	1	-0.0359735979086	136	-0.0344493317488	137	-0.0310020107728	68	-0.162831573989	4	-0.0130074919133	6	-0.0350246177283	2	-0.0707038236913	-0.00203690876169	-0.0633801112965	-0.0837113156046	-0.10572844142
M01_L_TO_L:G808-E0216	M01_L_TO_L	CORE13	L	L	G808-E0216	tch	ol	0	f21r	f21r	G808-P0072	f21r.11	11	4	H	A	1	2	EXACT	-0.0364791725886	23	-0.075096806234	1	-0.0517011338999	72	-0.0576547387849	1	-0.0499498544823	96	-0.048844195475	97	-0.0511250175228	68	-0.061497779047	4	-0.0650061686517	6	-0.0559402327254	1	-0.163277112723	-0.220931851508	-0.162700996345	-0.228283281374	-0.219217345448
M01_L_TO_L:G808-E0219	M01_L_TO_L	CORE13	L	L	G808-E0219	tch	ol	0	f21v	f21v	G808-P0073	f21v.2	2	7	H	A	1	3	EXACT	-0.113261516456	24	-0.030441322331	1	-0.0300540402625	72	-0.340160035673	2	-0.0520222136545	97	-0.0570910314477	99	-0.0348686907159	68	0.0517922381426	4	-0.0291656392017	6	-0.325198827699	2	-0.17375687905	-0.513916914723	-0.178571529503	-0.202922518252	-0.498955706749
M01_L_TO_L:G808-E0476	M01_L_TO_L	CORE13	L	L	G808-E0476	tch	ol	0	f45r	f45r	G808-P0167	f45r.8	8	1	H	A	1	3	EXACT	-0.0897252642147	16	0.0435650790043	3	-0.0155263957132	72	0.00163989057889	2	-0.0279572475094	91	-0.0266312843678	93	-0.0121140020145	68	-0.0735399940424	4	0.0232974354091	6	0.0154431341147	2	-0.0616865809235	-0.0600466903447	-0.0582741872248	-0.0383891455145	-0.0462434468088
M01_L_TO_L:G808-E0510	M01_L_TO_L	CORE13	L	L	G808-E0510	tch	ol	0	f47r	f47r	G808-P0177	f47r.10	10	7	H	A	1	3	EXACT	-0.0700713927718	20	0.0260257909977	1	-0.0211821935334	72	0.262833389231	2	-0.0326642602521	93	-0.02571311502	95	-0.0180672062344	68	-0.0741397948564	4	-0.0218270292979	6	0.186815840543	3	-0.0652277953076	0.197605593923	-0.0621128080086	-0.0870548246055	0.121588045235
M01_L_TO_L:G808-E0542	M01_L_TO_L	CORE13	L	L	G808-E0542	tch	eol	1	f49r	f49r	G808-P0185	f49r.13	13	4	H	A	1	2	EXACT	-0.0642501252508	28	-0.116708850231	1	-0.0518355174711	72	-0.557040130757	1	-0.0572007966054	101	-0.0610565850265	102	-0.0446327844725	68	-0.174284722694	4	0.0284589057054	6	-0.26484455021	2	-0.232794492953	-0.789834623709	-0.225591759954	-0.204335587247	-0.497639043163
M01_L_TO_L:G808-E0555	M01_L_TO_L	CORE13	L	L	G808-E0555	tch	ol	0	f49v	f49v	G808-P0187	f49v.28	28	3	H	A	1	2	EXACT	-0.246461981409	5	0	0	-0.0209765300057	72	0	0	-0.0370613222433	77	-0.0357869516031	77	-0.0195706958491	68	-0.0448784048995	4	-0.0779910470167	6	0	0	-0.267438511415	-0.267438511415	-0.266032677258	-0.345429558431	-0.267438511415
M01_L_TO_L:G808-E0557	M01_L_TO_L	CORE13	L	L	G808-E0557	tch	ol	0	f49v	f49v	G808-P0187	f49v.30	30	6	H	A	1	2	EXACT	-0.246461981409	5	0	0	-0.0199832501169	72	0	0	-0.0361325410486	77	-0.0348581704084	77	-0.0196863423374	68	-0.0250333766009	4	-0.0673864654619	6	0	0	-0.266445231526	-0.266445231526	-0.266148323746	-0.333831696988	-0.266445231526
M01_L_TO_L:G808-E1031	M01_L_TO_L	CORE13	L	L	G808-E1031	tch	eol	1	f80v	f80v	G808-P0271	f80v.6	6	1	B	B	2	2	EXACT	0.0887524589147	23	-0.28318995027	1	0.0114745347527	72	0	0	0.0256975461411	96	0.0267212584471	96	0.0164697950782	68	-0.0734482406116	4	-0.0848766997039	6	0	0	-0.182962956603	-0.182962956603	-0.177967696277	-0.267839656307	-0.182962956603
M01_L_TO_L:G808-E1109	M01_L_TO_L	CORE13	L	L	G808-E1109	tch	eol	1	f82r	f82r	G808-P0284	f82r.13	13	1	B	B	2	2	EXACT	0.0609104243339	36	-0.0629620756891	1	0.0189534155627	72	-0.153015324722	1	0.0312699398455	109	0.0305387105122	110	0.0246670529066	68	-0.0781808908131	4	-0.0569585161749	6	-0.151241091775	1	0.0169017642075	-0.136113560514	0.0226154015514	-0.0400567519674	-0.134339327568
M01_L_TO_L:G808-E1253	M01_L_TO_L	CORE13	L	L	G808-E1253	tch	ol	0	f86v3	f86v	G808-P0316	f86v3.9	9	1	C	B	2	3	EXACT	0.0531994148911	28	0.0909660468269	4	0.0140995243106	70	0	0	0.0249289544316	102	0.0262678595077	102	0.0195152742072	66	-0.0752611148839	4	-0.0210123421046	6	0	0	0.158264986029	0.158264986029	0.163680735925	0.137252643924	0.158264986029
M01_L_TO_L:G808-E1363	M01_L_TO_L	CORE13	L	L	G808-E1363	tch	eol	1	f89r1	f89r	G808-P0341	f89r1.15	15	1	P	A	1	2	EXACT	0.0284487117631	15	0.625215406502	1	0.0270829667543	72	0	0	0.032136930954	88	0.0332798001212	88	0.0336915846796	68	-0.085266100824	4	-0.091502656296	6	0	0	0.680747085019	0.680747085019	0.687355702945	0.589244428723	0.680747085019
M01_L_TO_L:G808-E0095	M01_L_TO_L	CORE13	L	L	G808-E0095	tch	ol	0	f9r	f9r	G808-P0031	f9r.7	7	5	H	A	1	3	EXACT	-0.0197510541803	17	0.192945665835	2	-0.0204095743425	72	0	0	-0.0173749964772	91	-0.016284997334	91	-0.023690785171	68	0.0353681413339	4	0.0547958390669	6	-0.0196654930913	1	0.152785037313	0.152785037313	0.149503826484	0.207580876379	0.133119544221
M01_L_TO_L:G808-E1515	M01_L_TO_L	CORE13	L	L	G808-E1515	yt	ol	0	f102r1	f102r	G808-P0374	f102r1.5	5	1	P	A	1	2	EXACT	0.137825143638	5	-0.202515914616	1	-0.00644850024391	72	0	0	-0.008761881953	78	-0.00737164451739	78	-0.0121780740019	68	0.0909525909552	4	0.0736078879915	6	0	0	-0.0711392712221	-0.0711392712221	-0.0768688449801	0.00246861676943	-0.0711392712221
M01_L_TO_L:G808-E0139	M01_L_TO_L	CORE13	L	L	G808-E0139	yt	ol	0	f15r	f15r	G808-P0048	f15r.14	14	6	H	A	1	2	EXACT	-0.109894710405	47	0	0	-0.0218774018488	72	0.0376718785163	2	-0.0573197313969	119	-0.0548923165098	121	-0.0195042471114	68	-0.0622228765926	4	0.036286113364	6	-0.0135234631007	3	-0.131772112254	-0.0941002337374	-0.129398957516	-0.0954859988896	-0.145295575354
M01_L_TO_L:G808-E0182	M01_L_TO_L	CORE13	L	L	G808-E0182	yt	ol	0	f18r	f18r	G808-P0060	f18r.6	6	4	H	A	1	3	EXACT	-0.148370114827	26	-0.0435721908112	2	-0.03817208711	72	0.0147768102839	3	-0.0691536951123	100	-0.0660878098301	103	-0.0362100786916	68	-0.0715280744314	4	-0.104704375318	6	0.0150938602252	3	-0.230114392748	-0.215337582464	-0.22815238433	-0.334818768066	-0.215020532523
M01_L_TO_L:G808-E0187	M01_L_TO_L	CORE13	L	L	G808-E0187	yt	ol	0	f18v	f18v	G808-P0061	f18v.9	9	4	H	A	1	2	EXACT	-0.196855422091	39	0	0	-0.0295997850289	72	0.00213705929514	3	-0.0895571231523	111	-0.0864531645837	114	-0.0234903670475	68	-0.133461710756	4	-0.108037154198	6	-0.00324650397853	3	-0.22645520712	-0.224318147825	-0.220345789139	-0.334492361318	-0.229701711098
M01_L_TO_L:G808-E0194	M01_L_TO_L	CORE13	L	L	G808-E0194	yt	ol	0	f19v	f19v	G808-P0063	f19v.3	3	5	H	A	1	2	EXACT	-0.166963418512	17	0	0	-0.037642468992	72	0	0	-0.0647040339977	89	-0.0635859600041	89	-0.0347199824411	68	-0.0873268397042	4	0.0426065003266	6	0.0223120391649	2	-0.204605887504	-0.204605887504	-0.201683400953	-0.161999387178	-0.182293848339
M01_L_TO_L:G808-E0217	M01_L_TO_L	CORE13	L	L	G808-E0217	yt	eol	1	f21r	f21r	G808-P0072	f21r.11	11	8	H	A	1	2	EXACT	-0.065874000896	23	0	0	-0.0462205348517	72	0.250127573019	1	-0.0534731051345	95	-0.0493091107491	96	-0.0432644576027	68	-0.0964755784113	4	-0.185199931967	6	0.250479632576	1	-0.112094535748	0.138033037271	-0.109138458499	-0.297294467715	0.138385096828
M01_L_TO_L:G808-E0295	M01_L_TO_L	CORE13	L	L	G808-E0295	yt	eol	1	f28r	f28r	G808-P0095	f28r.9	9	3	H	A	1	2	EXACT	-0.136100175744	30	0	0	-0.0318834820277	72	0	0	-0.0644327460468	102	-0.0633152796216	102	-0.0279325364657	68	-0.099051575495	4	-0.156030432891	6	0	0	-0.167983657772	-0.167983657772	-0.164032712209	-0.324014090663	-0.167983657772
M01_L_TO_L:G808-E0371	M01_L_TO_L	CORE13	L	L	G808-E0371	yt	ol	0	f36v	f36v	G808-P0127	f36v.12	12	1	H	A	1	2	EXACT	-0.1263359733	20	0	0	-0.0296840675911	72	-0.0992322563726	1	-0.0536465574447	92	-0.053156815745	93	-0.0342515273747	68	0.0479609166662	4	-0.0434988576626	6	-0.0984635560653	1	-0.156020040891	-0.255252297263	-0.160587500674	-0.199518898553	-0.254483596956
M01_L_TO_L:G808-E0442	M01_L_TO_L	CORE13	L	L	G808-E0442	yt	ol	0	f43r	f43r	G808-P0155	f43r.11	11	11	H	B	2	3	EXACT	0.0207418540897	20	-0.109882006315	1	-0.0226178161387	72	0.270044582357	1	-0.0170419087538	93	-0.0130177760302	94	-0.0222340509344	68	-0.0291437259144	4	0.0053039271576	6	0.270271564959	1	-0.111757968364	0.158286613992	-0.11137420316	-0.106454041207	0.158513596595
M01_L_TO_L:G808-E0593	M01_L_TO_L	CORE13	L	L	G808-E0593	yt	ol	0	f52v	f52v	G808-P0194	f52v.3	3	6	H	A	1	2	EXACT	-0.0832776693525	19	-0.104932612334	1	-0.0144213722583	72	0	0	-0.032965157531	92	-0.0318236621143	92	-0.012237936938	68	-0.0515414541719	4	-0.0863258774067	6	0	0	-0.202631653945	-0.202631653945	-0.200448218625	-0.288957531352	-0.202631653945
M01_L_TO_L:G808-E0634	M01_L_TO_L	CORE13	L	L	G808-E0634	yt	ol	0	f56v	f56v	G808-P0206	f56v.10	10	5	H	A	1	3	EXACT	-0.086959132982	22	0.00950851637835	2	-0.0331261813336	72	0	0	-0.0467739834635	96	-0.0456387785398	96	-0.0336556543395	68	-0.0241270909469	4	-0.0341639851161	6	0	0	-0.110576797937	-0.110576797937	-0.111106270943	-0.144740783053	-0.110576797937
M01_L_TO_L:G808-E1237	M01_L_TO_L	CORE13	L	L	G808-E1237	yt	eol	1	f85r1	f85r	G808-P0309	f85r1.28	28	2	T	B	2	3	EXACT	-0.00279312958034	16	0.236732233265	2	0.0155944894364	72	0	0	0.0142873621176	90	0.0153962439204	90	0.00824734500548	68	0.140485429762	4	-0.00220957501684	6	0	0	0.249533593121	0.249533593121	0.24218644869	0.247324018104	0.249533593121
M01_L_TO_L:G808-E1440	M01_L_TO_L	CORE13	L	L	G808-E1440	yt	ol	0	f96r	f96r	G808-P0361	f96r.2	2	1	H	A	1	2	EXACT	-0.0502151735382	40	-0.134654951687	1	-0.0224493420986	72	0	0	-0.0342880397062	113	-0.0332006629925	113	-0.0278597723065	68	0.0695265127449	4	-0.00799474753675	6	0	0	-0.207319467324	-0.207319467324	-0.212729897532	-0.21531421486	-0.207319467324
M01_L_TO_L:G808-E0091	M01_L_TO_L	CORE13	L	L	G808-E0091	yt	ol	0	f9r	f9r	G808-P0030	f9r.4	4	8	H	A	1	3	EXACT	-0.222701122541	24	-0.0792402021231	1	-0.0484461196053	72	-0.0584057995564	1	-0.0942493604588	97	-0.0928574331988	98	-0.0459674687618	68	-0.0905851147023	4	-0.164715323326	6	-0.0594902563678	1	-0.35038744427	-0.408793243826	-0.347908793426	-0.515102767596	-0.409877700637
M02_DY_TO_DY:G808-E1538	M02_DY_TO_DY	CORE13	DY	DY	G808-E1538	ch	eody	1	f102v1	f102v	G808-P0378	f102v1.21	21	7	P	A	1	2	EXACT	0.0853643162765	13	0	0	0.0609546401165	72	0	0	0.0908967081429	85	0.0894161976599	85	0.0749810090157	68	-0.177508333038	4	-0.114904969527	6	0	0	0.146318956393	0.146318956393	0.160345325292	0.0314139868663	0.146318956393
M02_DY_TO_DY:G808-E1559	M02_DY_TO_DY	CORE13	DY	DY	G808-E1559	ch	edy	0	f103r	f103r	G808-P0384	f103r.13	13	8	S	B	3	3	EXACT	-0.456162427395	2	0.00939567542843	2	0.020178979927	72	-0.130230028762	1	0.046369319189	76	0.0428974705009	77	0.0229976009782	68	-0.0277490190117	4	0.0358119221375	6	-0.119066318019	1	-0.42658777204	-0.556817800802	-0.423769150989	-0.390775849902	-0.545654090059
M02_DY_TO_DY:G808-E1563	M02_DY_TO_DY	CORE13	DY	DY	G808-E1563	ch	edy	0	f103r	f103r	G808-P0386	f103r.19	19	6	S	B	3	3	EXACT	-0.481605767526	8	-0.0563243076841	1	0.00147024600548	72	0.244180060088	2	-0.014449324867	81	-0.0089805046858	83	0.00764432730528	68	-0.103500577158	4	-0.0287561010868	6	0.249569959188	2	-0.536459829204	-0.292279769117	-0.530285747905	-0.565215930291	-0.286889870016
M02_DY_TO_DY:G808-E1570	M02_DY_TO_DY	CORE13	DY	DY	G808-E1570	ch	edy	0	f103r	f103r	G808-P0389	f103r.28	28	5	S	B	3	3	EXACT	0.203313938599	7	-0.141836544981	1	-0.0157867997099	72	-0.197949810944	3	0.0353755929637	80	0.0266291509498	83	-0.0106278387463	68	-0.103500577158	4	0.31062255292	6	-0.190599422525	3	0.0456905939082	-0.152259217036	0.0508495548718	0.356313146828	-0.144908828617
M02_DY_TO_DY:G808-E1571	M02_DY_TO_DY	CORE13	DY	DY	G808-E1571	ch	edy	0	f103r	f103r	G808-P0389	f103r.29	29	6	S	B	3	2	EXACT	0.203313938599	7	0	0	-0.0335546548753	72	0.158925286354	1	0.0212064815477	79	0.0217314171369	80	-0.00720281460241	68	-0.481547380582	4	0.160690325521	6	0.170088997097	1	0.169759283724	0.328684570078	0.196111123997	0.330449609245	0.339848280821
M02_DY_TO_DY:G808-E1575	M02_DY_TO_DY	CORE13	DY	DY	G808-E1575	ch	edy	0	f103r	f103r	G808-P0392	f103r.36	36	2	S	B	3	3	EXACT	-0.310472841741	6	0.0514856363151	4	-0.00243110093815	72	-0.120663400041	2	0.0116790230695	82	0.00775408029207	84	-0.00918828886673	68	0.112429652781	4	0.306421912458	6	-0.115189257282	2	-0.261418306364	-0.382081706406	-0.268175494293	0.0450036060935	-0.376607563646
M02_DY_TO_DY:G808-E1582	M02_DY_TO_DY	CORE13	DY	DY	G808-E1582	ch	edy	0	f103r	f103r	G808-P0398	f103r.53	53	6	S	B	3	3	EXACT	-0.307611001148	10	-0.163030556657	1	-0.0166958378315	72	-0.147826185197	3	-0.0230501278337	83	-0.0277628906727	86	-0.0160463237072	68	-0.0277490190117	4	-0.04571230269	6	-0.121117484853	4	-0.487337395636	-0.635163580833	-0.486687881512	-0.533049698326	-0.608454880489
M02_DY_TO_DY:G808-E1584	M02_DY_TO_DY	CORE13	DY	DY	G808-E1584	ch	edy	0	f103v	f103v	G808-P0399	f103v.3	3	3	S	B	3	3	EXACT	-0.32098277069	20	0.219650753996	4	0.00544104156129	72	0.00619791690291	2	-0.0315917472489	96	-0.0317842311266	98	-0.00392143478697	68	0.164589404501	4	0.194202109102	6	-0.0497799530755	2	-0.0958909751331	-0.0896930582302	-0.105253451481	0.0983111339687	-0.145670928209
M02_DY_TO_DY:G808-E1594	M02_DY_TO_DY	CORE13	DY	DY	G808-E1594	ch	edy	0	f103v	f103v	G808-P0404	f103v.17	17	2	S	B	3	2	EXACT	-0.0956792102307	4	-0.0393623648851	2	-0.00574171647966	72	-0.189522533201	2	0.0266322432887	78	0.0204467472638	80	-0.0116371793337	68	0.0944674170586	4	-0.0467906656562	6	-0.226877672173	2	-0.140783291595	-0.330305824796	-0.146678754449	-0.187573957252	-0.367660963769
M02_DY_TO_DY:G808-E1597	M02_DY_TO_DY	CORE13	DY	DY	G808-E1597	ch	edy	0	f103v	f103v	G808-P0404	f103v.18	18	6	S	B	3	3	EXACT	-0.0956792102307	4	-0.0664186715924	1	-0.00515019821931	72	0.0662688678833	1	0.027423876222	77	0.0266573229138	78	-0.00452140417388	68	-0.0158534319724	4	-0.114950388853	6	0.00459030824402	1	-0.167248080042	-0.100979212159	-0.166619285997	-0.282198468895	-0.162657771798
M02_DY_TO_DY:G808-E1606	M02_DY_TO_DY	CORE13	DY	DY	G808-E1606	ch	edy	0	f103v	f103v	G808-P0407	f103v.31	31	7	S	B	3	3	EXACT	-0.608477157875	2	-0.0948301259838	5	-0.00156182457112	72	0.483824051535	1	0.0167078637736	79	0.0212695411669	80	-0.000721949722851	68	-0.0158534319724	4	0.143741374968	6	0.0931343237241	3	-0.70486910843	-0.221045056895	-0.704029233582	-0.561127733462	-0.611734784706
M02_DY_TO_DY:G808-E1607	M02_DY_TO_DY	CORE13	DY	DY	G808-E1607	ch	edy	0	f103v	f103v	G808-P0407	f103v.32	32	6	S	B	3	2	EXACT	-0.608477157875	2	-0.0567867008231	1	-0.00449375660479	72	0	0	0.0192519805253	75	0.0174790572306	75	-0.00642194052759	68	0.0282716351021	4	0.280963250252	6	0	0	-0.669757615303	-0.669757615303	-0.671685799226	-0.388794365051	-0.669757615303
M02_DY_TO_DY:G808-E1608	M02_DY_TO_DY	CORE13	DY	DY	G808-E1608	ch	eody	1	f103v	f103v	G808-P0408	f103v.33	33	6	S	B	3	3	EXACT	-0.406605704203	19	-0.0710791607758	1	-0.0155229965097	72	0.0640479863038	2	-0.0739637866499	92	-0.0719566324928	94	-0.0155043670696	68	-0.0158534319724	4	0.306639963554	6	0.0743845520588	2	-0.493207861488	-0.429159875184	-0.493189232048	-0.186567897934	-0.418823309429
M02_DY_TO_DY:G808-E1616	M02_DY_TO_DY	CORE13	DY	DY	G808-E1616	ch	edy	0	f104r	f104r	G808-P0412	f104r.1	1	2	S	B	3	2	EXACT	-0.0189758044706	20	0	0	0.0145620357475	72	0	0	0.0265760206176	92	0.0250763841776	92	0.00806067100093	68	0.125073353573	4	-0.201938454375	6	0	0	-0.00441376872315	-0.00441376872315	-0.0109151334697	-0.206352223098	-0.00441376872315
M02_DY_TO_DY:G808-E1620	M02_DY_TO_DY	CORE13	DY	DY	G808-E1620	ch	edy	0	f104r	f104r	G808-P0413	f104r.7	7	7	S	B	3	3	EXACT	-0.158731279542	29	0.243341106752	1	0.0246691794945	72	0	0	-0.0119672017849	102	-0.0134668382249	102	0.0279987421353	68	-0.0319452682652	4	-0.143113587404	6	0	0	0.109279006704	0.109279006704	0.112608569345	-0.0338345807001	0.109279006704
M02_DY_TO_DY:G808-E1625	M02_DY_TO_DY	CORE13	DY	DY	G808-E1625	ch	eody	1	f104r	f104r	G808-P0415	f104r.13	13	7	S	B	3	3	EXACT	0.159722663098	19	-0.22809974371	1	-0.024980105176	72	0.268525822166	1	0.0309830650562	92	0.032390091366	93	-0.0165905799184	68	-0.167613917422	4	0.0912872173993	6	0.226100973575	1	-0.0933571857883	0.175168636377	-0.0849676605307	-0.00206996838901	0.132743787787
M02_DY_TO_DY:G808-E1626	M02_DY_TO_DY	CORE13	DY	DY	G808-E1626	ch	edy	0	f104r	f104r	G808-P0416	f104r.17	17	5	S	B	3	3	EXACT	0.12620706284	8	0.116383816982	1	-0.0309589358981	72	-0.07559501417	1	0.0156377613206	81	0.0134252480895	82	-0.0299543625583	68	-0.0480485655398	4	-0.00198751296756	6	-0.107905985823	1	0.211631943924	0.136036929754	0.212636517264	0.209644430957	0.103725958101
M02_DY_TO_DY:G808-E1639	M02_DY_TO_DY	CORE13	DY	DY	G808-E1639	ch	edy	0	f104v	f104v	G808-P0426	f104v.6	6	7	S	B	3	3	EXACT	0	0	0.155178586156	1	-0.0135498075213	72	0	0	0.0281516406907	73	0.026642447894	73	-0.00838778248704	68	-0.101317214941	4	-0.243473006869	6	-0.173675426344	2	0.141628778635	0.141628778635	0.146790803669	-0.101844228235	-0.0320466477093
M02_DY_TO_DY:G808-E1640	M02_DY_TO_DY	CORE13	DY	DY	G808-E1640	ch	edy	0	f104v	f104v	G808-P0427	f104v.8	8	9	S	B	3	3	EXACT	-0.224169874261	13	0	0	-0.00393957873485	72	0	0	-0.0114864241168	85	-0.0129956169135	85	0.00449038392439	68	-0.147261925779	4	0.206221087029	6	0	0	-0.228109452996	-0.228109452996	-0.219679490337	-0.0218883659668	-0.228109452996
M02_DY_TO_DY:G808-E1645	M02_DY_TO_DY	CORE13	DY	DY	G808-E1645	ch	eody	1	f104v	f104v	G808-P0428	f104v.13	13	2	S	B	3	3	EXACT	0.0677113065547	4	0.226571660114	3	0.0509197836554	72	0	0	0.092738883188	79	0.0912296903914	79	0.0473681605826	68	0.111284394057	4	-0.393164136153	6	0	0	0.345202750324	0.345202750324	0.341651127251	-0.047961385829	0.345202750324
M02_DY_TO_DY:G808-E1647	M02_DY_TO_DY	CORE13	DY	DY	G808-E1647	ch	edy	0	f104v	f104v	G808-P0429	f104v.15	15	8	S	B	3	3	EXACT	-0.311525700729	11	0	0	0.00202624562124	72	0	0	-0.0115798351142	83	-0.0130890279109	83	0.0108071391249	68	-0.147261925779	4	0.312405702348	6	0	0	-0.309499455108	-0.309499455108	-0.300718561604	0.00290624724018	-0.309499455108
M02_DY_TO_DY:G808-E1654	M02_DY_TO_DY	CORE13	DY	DY	G808-E1654	ch	edy	0	f104v	f104v	G808-P0431	f104v.25	25	12	S	B	3	3	EXACT	0.0234557880335	27	0.0659082302646	2	-0.054956850678	72	0.0993660020996	2	-0.0161130924048	101	-0.0147414524771	103	-0.0304487513739	68	-0.471607520684	4	-0.0479824520243	6	0.230134694544	2	0.03440716762	0.13377316972	0.0589152669241	-0.0135752844043	0.264541862164
M02_DY_TO_DY:G808-E1655	M02_DY_TO_DY	CORE13	DY	DY	G808-E1655	ch	eody	1	f104v	f104v	G808-P0432	f104v.28	28	9	S	B	3	3	EXACT	0.176732580859	7	-0.0690775043559	1	-0.00619215915005	72	0	0	0.0406725111641	80	0.0391633183675	80	0.0211844514204	68	-0.471607520684	4	0.167947088872	6	0	0	0.101462917353	0.101462917353	0.128839527924	0.269410006226	0.101462917353
M02_DY_TO_DY:G808-E1660	M02_DY_TO_DY	CORE13	DY	DY	G808-E1660	ch	edy	0	f104v	f104v	G808-P0436	f104v.37	37	3	S	B	3	3	EXACT	-0.0200883303258	15	-0.0657991170318	3	0.00724931936352	72	0	0	0.0243601649544	90	0.0228509721577	90	-0.00280333076922	68	0.178131389783	4	0.0686071120484	6	0	0	-0.078638127994	-0.078638127994	-0.0886907781268	-0.0100310159457	-0.078638127994
M02_DY_TO_DY:G808-E1661	M02_DY_TO_DY	CORE13	DY	DY	G808-E1661	ch	edy	0	f104v	f104v	G808-P0436	f104v.38	38	2	S	B	3	3	EXACT	-0.0200883303258	15	0.151639058667	5	-0.00244051817502	72	0	0	0.0269669397035	92	0.0254577469068	92	-0.009130982532	68	0.111284394057	4	0.197064563136	6	0	0	0.129110210166	0.129110210166	0.122419745809	0.326174773302	0.129110210166
M02_DY_TO_DY:G808-E1664	M02_DY_TO_DY	CORE13	DY	DY	G808-E1664	ch	edy	0	f104v	f104v	G808-P0437	f104v.42	42	11	S	B	3	3	EXACT	-0.157359188799	22	0.160897028932	1	-0.0361094262111	72	0	0	-0.0432232468932	95	-0.0447324396898	95	-0.0104926548796	68	-0.471607520684	4	0.0499933941056	6	0	0	-0.032571586078	-0.032571586078	-0.00695481474645	0.0174218080276	-0.032571586078
M02_DY_TO_DY:G808-E1670	M02_DY_TO_DY	CORE13	DY	DY	G808-E1670	ch	eody	1	f105r	f105r	G808-P0441	f105r.14	14	8	S	B	3	3	EXACT	0.0901612895013	12	0	0	0.032887145421	72	0	0	0.0701383756731	84	0.0687605032318	84	0.0372071041215	68	-0.0405738675555	4	0.197769409589	6	0	0	0.123048434922	0.123048434922	0.127368393623	0.320817844512	0.123048434922
M02_DY_TO_DY:G808-E1676	M02_DY_TO_DY	CORE13	DY	DY	G808-E1676	ch	edy	0	f105r	f105r	G808-P0442	f105r.18	18	5	S	B	3	3	EXACT	0.023297728318	18	0.0756953128071	3	-0.0393985328861	71	-0.119558327634	2	-0.000261951389936	92	-0.00354069341936	94	-0.0365741346866	67	-0.0867215977645	4	0.176164810628	6	-0.0630654562561	2	0.059594508239	-0.059963819395	0.0624189064385	0.235759318867	-0.00347094801711
M02_DY_TO_DY:G808-E1683	M02_DY_TO_DY	CORE13	DY	DY	G808-E1683	ch	edy	0	f105r	f105r	G808-P0443	f105r.25	25	3	S	B	3	2	EXACT	0.0855982116576	10	0	0	0.0138695613123	72	0	0	0.053684492774	82	0.0523066203326	82	0.01416128833	68	0.00888848694331	4	0.338393582992	6	0	0	0.09946777297	0.09946777297	0.0997594999877	0.437861355962	0.09946777297
M02_DY_TO_DY:G808-E1687	M02_DY_TO_DY	CORE13	DY	DY	G808-E1687	ch	eody	1	f105r	f105r	G808-P0445	f105r.30	30	8	S	B	3	3	EXACT	-0.0686391579105	6	-0.21073315972	2	0.0462285521334	72	0	0	0.0660503850812	80	0.0646725126399	80	0.0538724419585	68	-0.0837392899614	4	0.175829972591	6	0	0	-0.233143765498	-0.233143765498	-0.225499875672	-0.0573137929063	-0.233143765498
M02_DY_TO_DY:G808-E1690	M02_DY_TO_DY	CORE13	DY	DY	G808-E1690	ch	edy	0	f105r	f105r	G808-P0447	f105r.36	36	5	S	B	3	3	EXACT	-0.223893231178	11	0.0620202059971	2	-0.0205685019512	72	-0.0667013848937	3	-0.0152370777896	85	-0.0173482048275	88	-0.0166784207309	68	-0.0867215977645	4	0.245040626763	6	-0.0624746505658	3	-0.182441527132	-0.249142912026	-0.178551445912	0.0625990996312	-0.244916177698
M02_DY_TO_DY:G808-E1693	M02_DY_TO_DY	CORE13	DY	DY	G808-E1693	ch	edy	0	f105v	f105v	G808-P0449	f105v.5	5	4	S	B	3	3	EXACT	0.0688200097971	12	0	0	0.0380754259405	72	-0.0128393059632	2	0.0699258363416	84	0.067251180064	86	0.0303514872928	68	0.169369419083	4	0.310555612088	6	0.122816422506	2	0.106895435738	0.0940561297745	0.0991714970899	0.417451047826	0.229711858244
M02_DY_TO_DY:G808-E1697	M02_DY_TO_DY	CORE13	DY	DY	G808-E1697	ch	edy	0	f105v	f105v	G808-P0450	f105v.10	10	10	S	B	3	4	EXACT	0.0386726795536	32	-0.0212608987538	1	-0.00290834499065	71	0	0	0.0221169959151	104	0.0205994013193	104	-0.0016237579353	67	-0.0244337094261	4	0.0738158096546	6	0.087622082839	2	0.0145034358091	0.0145034358091	0.0157880228645	0.0883192454637	0.102125518648
M02_DY_TO_DY:G808-E1703	M02_DY_TO_DY	CORE13	DY	DY	G808-E1703	ch	edy	0	f105v	f105v	G808-P0457	f105v.35	35	9	S	B	3	3	EXACT	0.114920027795	35	0.0516477678245	1	-0.00587888694633	72	0.115637985029	2	0.0447493025577	108	0.0451208020066	110	0.00152967080795	68	-0.131837332639	4	0.18590909785	6	0.0946378866219	2	0.160688908673	0.276326893702	0.168097466428	0.346598006523	0.255326795295
M02_DY_TO_DY:G808-E1705	M02_DY_TO_DY	CORE13	DY	DY	G808-E1705	ch	eody	1	f105v	f105v	G808-P0457	f105v.38	38	1	S	B	3	2	EXACT	0.114920027795	35	0	0	0.0156946567637	72	0	0	0.0590807783475	107	0.0575631837517	107	0.0200974893936	68	-0.0591664618149	4	0.0812778779612	6	0	0	0.130614684559	0.130614684559	0.135017517189	0.21189256252	0.130614684559
M02_DY_TO_DY:G808-E1721	M02_DY_TO_DY	CORE13	DY	DY	G808-E1721	ch	edy	0	f106r	f106r	G808-P0462	f106r.14	14	7	S	B	3	2	EXACT	0.147953988719	7	0	0	0.004656300793	72	0.539175760771	1	0.0505162471242	79	0.0555461467699	80	0.0139443850772	68	-0.153245174688	4	-0.280320305076	6	0.549400574542	1	0.152610289512	0.691786050283	0.161898373796	-0.127710015564	0.702010864054
M02_DY_TO_DY:G808-E1729	M02_DY_TO_DY	CORE13	DY	DY	G808-E1729	ch	edy	0	f106r	f106r	G808-P0464	f106r.20	20	7	S	B	3	3	EXACT	-0.251468815323	13	-0.118567025917	2	-0.0296242871321	72	0.108498465628	1	-0.0378499349723	87	-0.0373024222788	88	-0.0235261509338	68	-0.133296645153	4	0.298588487233	6	0.0446574580708	1	-0.399660128372	-0.291161662744	-0.393561992174	-0.101071641139	-0.355002670301
M02_DY_TO_DY:G808-E1742	M02_DY_TO_DY	CORE13	DY	DY	G808-E1742	ch	eody	1	f106r	f106r	G808-P0471	f106r.39	39	5	S	B	3	3	EXACT	-0.0956493692003	14	0.0101544470801	1	-0.03229030025	72	0.100344858522	2	-0.0158120943225	87	-0.0139537906338	89	-0.028685349747	68	-0.09357850145	4	0.134548994053	6	0.236226886433	2	-0.11778522237	-0.0174403638484	-0.114180271867	0.0167637716832	0.118441664063
M02_DY_TO_DY:G808-E1755	M02_DY_TO_DY	CORE13	DY	DY	G808-E1755	ch	edy	0	f106v	f106v	G808-P0484	f106v.35	35	9	S	B	3	3	EXACT	-0.199213032091	11	-0.164630279586	3	-0.00114985111791	72	0	0	-0.00433983888795	86	-0.00563074352868	86	0.0112899309892	68	-0.21263851534	4	-0.277687805381	6	-0.0100334115682	1	-0.364993162795	-0.364993162795	-0.352553380688	-0.642680968176	-0.375026574363
M02_DY_TO_DY:G808-E1763	M02_DY_TO_DY	CORE13	DY	DY	G808-E1763	ch	edy	0	f107r	f107r	G808-P0489	f107r.5	5	7	S	B	3	3	EXACT	-0.27740757963	16	0.246633285589	1	-0.0122984191067	72	-0.156599880984	1	-0.0330984700031	89	-0.035597611973	90	-0.00456887471445	68	-0.143713236857	4	-0.115794302226	6	-0.155965229296	1	-0.0430727131474	-0.199672594132	-0.0353431687552	-0.158867015373	-0.199037942443
M02_DY_TO_DY:G808-E1765	M02_DY_TO_DY	CORE13	DY	DY	G808-E1765	ch	edy	0	f107r	f107r	G808-P0490	f107r.9	9	6	S	B	3	3	EXACT	-0.0409240598988	24	-0.067934966347	2	-0.0307784272588	72	-0.0375892906232	1	-0.0162252350662	98	-0.0176006430626	99	-0.0262258039656	68	-0.108185586326	4	0.0371324553145	6	-0.114886276138	2	-0.139637453505	-0.177226744128	-0.135084830211	-0.10250499819	-0.254523729643
M02_DY_TO_DY:G808-E1772	M02_DY_TO_DY	CORE13	DY	DY	G808-E1772	ch	eody	1	f107r	f107r	G808-P0494	f107r.26	26	9	S	B	3	3	EXACT	0	0	-0.278395402972	3	-0.0426529161236	72	0	0	-0.0123764306569	75	-0.0138630939654	75	-0.0165806528956	68	-0.485893954082	4	0.0384623239186	6	0	0	-0.321048319095	-0.321048319095	-0.294976055867	-0.282585995177	-0.321048319095
M02_DY_TO_DY:G808-E1775	M02_DY_TO_DY	CORE13	DY	DY	G808-E1775	ch	edy	0	f107r	f107r	G808-P0497	f107r.35	35	7	S	B	3	3	EXACT	-0.180839123229	16	-0.027122924986	2	-0.0021871616784	72	0.264509101224	1	-0.0106193707018	90	-0.00872683836877	91	-0.000351742014369	68	-0.0334018590498	4	0.0993577121232	6	0.275373262819	1	-0.210149209893	0.0543598913304	-0.208313790229	-0.11079149777	0.0652240529252
M02_DY_TO_DY:G808-E1778	M02_DY_TO_DY	CORE13	DY	DY	G808-E1778	ch	edy	0	f107r	f107r	G808-P0500	f107r.45	45	2	S	B	3	3	EXACT	-0.236926422385	10	0.0478431547053	2	0.0232236240141	72	-0.0109414811022	1	0.0220471948342	84	0.0205533510024	85	0.0178454839295	68	0.11463944237	4	0.210245243381	6	-0.0109213624115	1	-0.165859643666	-0.176801124768	-0.17123778375	0.0443855997154	-0.176781006077
M02_DY_TO_DY:G808-E1782	M02_DY_TO_DY	CORE13	DY	DY	G808-E1782	ch	edy	0	f107v	f107v	G808-P0502	f107v.2	2	8	S	B	3	3	EXACT	-0.0833848382395	20	-0.083902800197	5	-0.00967934259055	72	0.0353627429155	1	-0.00845739945587	97	-0.00920146076555	98	-0.00853621773861	68	-0.0291240225164	4	-0.21772766959	6	0.179572353394	1	-0.176966981027	-0.141604238112	-0.175823856175	-0.394694650617	0.00260537236672
M02_DY_TO_DY:G808-E1795	M02_DY_TO_DY	CORE13	DY	DY	G808-E1795	ch	eody	1	f107v	f107v	G808-P0505	f107v.14	14	7	S	B	3	3	EXACT	-0.290598083366	20	0.246284909907	1	-2.96663306671e-05	72	0.109846028452	3	-0.0394017331673	93	-0.0352270775926	96	0.00895166833795	68	-0.15272391314	4	0.133728041597	6	0.113075638603	3	-0.0443428397898	0.0655031886621	-0.0353615051212	0.0893852018074	0.0687327988133
M02_DY_TO_DY:G808-E1801	M02_DY_TO_DY	CORE13	DY	DY	G808-E1801	ch	eody	1	f107v	f107v	G808-P0507	f107v.20	20	7	S	B	3	3	EXACT	0	0	0.43718904032	1	0.00560702919503	71	0	0	0.0511774674907	72	0.0496459619227	72	0.0150591686263	67	-0.15272391314	4	0.100276306866	6	-0.132464052414	1	0.442796069515	0.442796069515	0.452248208946	0.543072376381	0.310332017101
M02_DY_TO_DY:G808-E1810	M02_DY_TO_DY	CORE13	DY	DY	G808-E1810	ch	eody	1	f107v	f107v	G808-P0510	f107v.29	29	3	S	B	3	3	EXACT	0	0	0	0	0.0140016628496	72	-0.457190824696	1	0.0539229799209	72	0.0458467564122	73	0.00440570185276	68	0.177121442353	4	-0.187685799139	6	-0.143209352652	2	0.0140016628496	-0.443189161846	0.00440570185276	-0.17368413629	-0.129207689803
M02_DY_TO_DY:G808-E1816	M02_DY_TO_DY	CORE13	DY	DY	G808-E1816	ch	edy	0	f107v	f107v	G808-P0512	f107v.35	35	8	S	B	3	3	EXACT	-0.170376627	7	-0.0430458118303	1	0.00337959308819	72	0	0	0.0193996700581	80	0.0178681644901	80	0.00628647432303	68	-0.0460489453469	4	-0.0218900467786	6	-0.587072293774	1	-0.210042845742	-0.210042845742	-0.207135964508	-0.231932892521	-0.797115139517
M02_DY_TO_DY:G808-E1818	M02_DY_TO_DY	CORE13	DY	DY	G808-E1818	ch	edy	0	f107v	f107v	G808-P0513	f107v.37	37	4	S	B	3	3	EXACT	-0.16218853199	18	-0.192080338133	2	0.0212906542546	72	0	0	0.00267930835296	92	0.0011478027849	92	0.0124513394092	68	0.171547449184	4	0.112996534063	6	-0.0469664644659	1	-0.332978215868	-0.332978215868	-0.341817530713	-0.219981681804	-0.379944680333
M02_DY_TO_DY:G808-E1821	M02_DY_TO_DY	CORE13	DY	DY	G808-E1821	ch	edy	0	f107v	f107v	G808-P0516	f107v.46	46	6	S	B	3	3	EXACT	-0.155048871356	22	-0.0734400722919	2	-0.0522011132123	72	0.109557399085	2	-0.0572552480667	96	-0.0547018140001	98	-0.0535592689852	68	-0.0291240225164	4	-0.0256016992342	6	0.0959855306829	2	-0.280690056861	-0.171132657776	-0.282048212633	-0.306291756095	-0.184704526178
M02_DY_TO_DY:G808-E1833	M02_DY_TO_DY	CORE13	DY	DY	G808-E1833	ch	edy	0	f108r	f108r	G808-P0519	f108r.9	9	3	S	B	3	3	EXACT	0.0210852810543	27	-0.216165362093	2	0.0042883654974	72	0	0	0.0221974418965	101	0.0206075805183	101	-0.00552571694171	68	0.171113683102	4	-0.188720710999	6	0	0	-0.190791715542	-0.190791715542	-0.200605797981	-0.379512426541	-0.190791715542
M02_DY_TO_DY:G808-E1837	M02_DY_TO_DY	CORE13	DY	DY	G808-E1837	ch	edy	0	f108r	f108r	G808-P0521	f108r.18	18	6	S	B	3	3	EXACT	-0.358953111818	7	0.0148890812291	4	-0.00603210038971	72	0	0	0.0013273153951	83	-0.000262545983148	83	-0.000248917034779	68	-0.104360301284	4	-0.51800380528	6	0	0	-0.350096130979	-0.350096130979	-0.344312947624	-0.868099936259	-0.350096130979
M02_DY_TO_DY:G808-E1856	M02_DY_TO_DY	CORE13	DY	DY	G808-E1856	ch	edy	0	f108r	f108r	G808-P0525	f108r.32	32	2	S	B	3	2	EXACT	-0.625288398486	6	0.42332212679	1	0.00894931915123	72	-0.0892565089559	1	0.00386344510404	79	0.00156933852581	80	0.00349206516953	68	0.10170855298	4	-0.051342011769	6	-0.0606552454324	2	-0.193016952544	-0.2822734615	-0.198474206526	-0.244358964313	-0.253672197977
M02_DY_TO_DY:G808-E1863	M02_DY_TO_DY	CORE13	DY	DY	G808-E1863	ch	edy	0	f108r	f108r	G808-P0526	f108r.36	36	9	S	B	3	2	EXACT	-0.235474693329	4	-0.195281547774	1	-0.00532794830644	72	-0.0612338125992	1	0.0205740648239	77	0.0184069273	78	0.0213278220227	68	-0.458490127762	4	-0.0846661091723	6	-0.0517971200149	1	-0.436084189409	-0.497318002008	-0.40942841908	-0.520750298581	-0.487881309424
M02_DY_TO_DY:G808-E1865	M02_DY_TO_DY	CORE13	DY	DY	G808-E1865	ch	edy	0	f108r	f108r	G808-P0527	f108r.37	37	5	S	B	3	3	EXACT	-0.480069776474	3	-0.0273072267887	2	-0.0144630375521	72	-0.0487027809655	1	0.0084254372771	77	0.00657470564012	78	-0.00917579167727	68	-0.104360301284	4	0.0970775227808	6	-0.0392660883812	1	-0.521840040814	-0.57054282178	-0.51655279494	-0.424762518034	-0.561106129196
M02_DY_TO_DY:G808-E1869	M02_DY_TO_DY	CORE13	DY	DY	G808-E1869	ch	edy	0	f108r	f108r	G808-P0528	f108r.41	41	7	S	B	3	3	EXACT	-0.0819214891937	10	0.208540449056	1	-0.00317652195845	72	0.234180004461	1	0.0231136522927	83	0.0244743467505	84	0.00347654206707	68	-0.116292694253	4	0.149309380033	6	0.492078056344	1	0.123442437904	0.357622442365	0.13009550193	0.272751817937	0.615520494248
M02_DY_TO_DY:G808-E1870	M02_DY_TO_DY	CORE13	DY	DY	G808-E1870	ch	eody	1	f108r	f108r	G808-P0528	f108r.44	44	6	S	B	3	2	EXACT	-0.0819214891937	10	0	0	-0.00359200935951	72	0	0	0.0202184768651	82	0.0186286154868	82	0.0231658750253	68	-0.458490127762	4	0.151693462633	6	0	0	-0.0855134985532	-0.0855134985532	-0.0587556141684	0.0661799640802	-0.0855134985532
M02_DY_TO_DY:G808-E1872	M02_DY_TO_DY	CORE13	DY	DY	G808-E1872	ch	edy	0	f108r	f108r	G808-P0529	f108r.45	45	8	S	B	3	3	EXACT	-0.162467843278	14	-0.0465544193781	4	-0.0120395854287	72	0	0	-0.00816739186763	90	-0.00975725324588	90	-0.00590787807788	68	-0.116292694253	4	-0.394118701235	6	0	0	-0.221061848085	-0.221061848085	-0.214930140734	-0.61518054932	-0.221061848085
M02_DY_TO_DY:G808-E1895	M02_DY_TO_DY	CORE13	DY	DY	G808-E1895	ch	edy	0	f108v	f108v	G808-P0535	f108v.16	16	9	S	B	3	3	EXACT	-0.218593828417	16	-0.244886158543	1	-0.0099343402632	71	0.504634558209	1	-0.0284482296079	88	-0.023541757083	89	-0.00710280619982	67	-0.0573712742443	4	-0.173000452165	6	0.516749237723	1	-0.473414327223	0.0312202309859	-0.47058279316	-0.646414779388	0.0433349104998
M02_DY_TO_DY:G808-E1896	M02_DY_TO_DY	CORE13	DY	DY	G808-E1896	ch	edy	0	f108v	f108v	G808-P0535	f108v.17	17	3	S	B	3	3	EXACT	-0.218593828417	16	0	0	0.00606981784966	72	0.159772065117	1	-0.012405444269	88	-0.0115540872321	89	-0.00428014323379	68	0.18200587817	4	-0.0620759381888	6	0.171886744631	1	-0.212524010567	-0.0527519454502	-0.222873971651	-0.274599948756	-0.0406372659364
M02_DY_TO_DY:G808-E1900	M02_DY_TO_DY	CORE13	DY	DY	G808-E1900	ch	eody	1	f108v	f108v	G808-P0536	f108v.21	21	11	S	B	3	3	EXACT	-0.079947904961	39	-0.0265173936178	2	-0.0349162169624	72	0	0	-0.0422715925363	113	-0.0437190013363	113	-0.027672914911	68	-0.158065629936	4	-0.142974148021	6	0	0	-0.141381515541	-0.141381515541	-0.13413821349	-0.284355663562	-0.141381515541
M02_DY_TO_DY:G808-E1910	M02_DY_TO_DY	CORE13	DY	DY	G808-E1910	ch	edy	0	f108v	f108v	G808-P0537	f108v.32	32	8	S	B	3	3	EXACT	-0.175959296877	65	-0.0664659438175	2	-0.00570597389898	72	0	0	-0.0885023453568	139	-0.0899497541569	139	-0.00266761964918	68	-0.0573712742443	4	0.0428665870718	6	0	0	-0.248131214594	-0.248131214594	-0.245092860344	-0.205264627522	-0.248131214594
M02_DY_TO_DY:G808-E1914	M02_DY_TO_DY	CORE13	DY	DY	G808-E1914	ch	edy	0	f108v	f108v	G808-P0537	f108v.36	36	8	S	B	3	3	EXACT	-0.175959296877	65	-0.0782914469581	3	0.00848730714602	72	0	0	-0.0812036968527	140	-0.0826511056527	140	0.0107339236681	68	-0.029718451828	4	0.0341795133135	6	0	0	-0.245763436689	-0.245763436689	-0.243516820167	-0.211583923376	-0.245763436689
M02_DY_TO_DY:G808-E1918	M02_DY_TO_DY	CORE13	DY	DY	G808-E1918	ch	edy	0	f108v	f108v	G808-P0537	f108v.39	39	12	S	B	3	3	EXACT	-0.175959296877	65	-0.0568078310188	3	-0.00942090397468	72	0	0	-0.0899532708018	140	-0.0914006796018	140	-0.000677877629833	68	-0.158065629936	4	0.16276090323	6	0	0	-0.242188031871	-0.242188031871	-0.233445005526	-0.0794271286412	-0.242188031871
M02_DY_TO_DY:G808-E1930	M02_DY_TO_DY	CORE13	DY	DY	G808-E1930	ch	edy	0	f111r	f111r	G808-P0539	f111r.6	6	4	S	B	3	3	EXACT	-0.140592314836	96	-0.152288782577	5	5.42450585032e-05	69	0	0	-0.0999110251515	170	-0.102002007573	170	-0.0156279157658	65	0.25488936069	4	0.0216084270157	6	0	0	-0.292826852354	-0.292826852354	-0.308509013179	-0.271218425339	-0.292826852354
M02_DY_TO_DY:G808-E1936	M02_DY_TO_DY	CORE13	DY	DY	G808-E1936	ch	edy	0	f111r	f111r	G808-P0539	f111r.14	14	11	S	B	3	3	EXACT	-0.140592314836	96	-0.0204372868862	2	-0.023065552361	69	0	0	-0.107369001732	167	-0.109459984154	167	-0.0153608399374	65	-0.148267127007	4	-0.0490425271381	6	0	0	-0.184095154083	-0.184095154083	-0.176390441659	-0.233137681221	-0.184095154083
M02_DY_TO_DY:G808-E1940	M02_DY_TO_DY	CORE13	DY	DY	G808-E1940	ch	edy	0	f111r	f111r	G808-P0539	f111r.28	28	10	S	B	3	3	EXACT	-0.140592314836	96	0	0	-0.0328747351562	69	-0.08848825488	1	-0.112811821508	165	-0.114486189788	166	-0.022234203331	65	-0.20578337508	4	0.0324721488008	6	-0.0463620087065	2	-0.173467049992	-0.261955304872	-0.162826518167	-0.140994901191	-0.219829058699
M02_DY_TO_DY:G808-E1941	M02_DY_TO_DY	CORE13	DY	DY	G808-E1941	ch	edy	0	f111r	f111r	G808-P0539	f111r.30	30	9	S	B	3	3	EXACT	-0.140592314836	96	0	0	-0.0281917150264	69	-0.0865088619888	2	-0.110853467636	165	-0.112115959199	167	-0.0270603232646	65	-0.0465768289198	4	0.3147176064	6	0.0492149317555	2	-0.168784029862	-0.255292891851	-0.167652638101	0.145933576538	-0.119569098107
M02_DY_TO_DY:G808-E1944	M02_DY_TO_DY	CORE13	DY	DY	G808-E1944	ch	eody	1	f111r	f111r	G808-P0540	f111r.41	41	3	S	B	3	3	EXACT	-0.182338160532	14	0.637950293916	1	-0.00844352361029	72	-0.181557967184	1	0.00308299369345	87	-0.00059669986327	88	-0.018514641133	68	0.162742362809	4	0.0701055120975	6	-0.171491387581	1	0.447168609774	0.26561064259	0.437097492251	0.517274121872	0.275677222194
M02_DY_TO_DY:G808-E1950	M02_DY_TO_DY	CORE13	DY	DY	G808-E1950	ch	edy	0	f111v	f111v	G808-P0544	f111v.4	4	11	S	B	3	3	EXACT	-0.239763753682	75	0.0344170532677	2	0.00151218345876	72	0	0	-0.12445414346	149	-0.125726008609	149	0.0100736556348	68	-0.144047353579	4	-0.298755779177	6	0	0	-0.203834516955	-0.203834516955	-0.195273044779	-0.502590296132	-0.203834516955
M02_DY_TO_DY:G808-E1952	M02_DY_TO_DY	CORE13	DY	DY	G808-E1952	ch	edy	0	f111v	f111v	G808-P0544	f111v.5	5	6	S	B	3	3	EXACT	-0.239763753682	75	-0.077015164407	2	-0.00877703805099	72	-0.239501745632	2	-0.130921850735	149	-0.133260830341	151	-0.00390654318755	68	-0.0915899607743	4	-0.207596948422	6	-0.23446331757	2	-0.32555595614	-0.565057701772	-0.320685461276	-0.533152904561	-0.56001927371
M02_DY_TO_DY:G808-E1967	M02_DY_TO_DY	CORE13	DY	DY	G808-E1967	ch	edy	0	f111v	f111v	G808-P0547	f111v.32	32	8	S	B	3	3	EXACT	-0.32501618628	11	-0.215293521381	2	0.00868083355832	71	0.0478389720798	3	-0.0151697320902	84	-0.0133029262872	87	0.0105617241023	67	-0.0228336928686	4	0.179606132133	6	0.0439407531623	3	-0.531628874102	-0.483789902022	-0.529747983558	-0.352022741969	-0.48768812094
M02_DY_TO_DY:G808-E1975	M02_DY_TO_DY	CORE13	DY	DY	G808-E1975	ch	edy	0	f112r	f112r	G808-P0552	f112r.10	10	3	S	B	3	2	EXACT	-0.0991830414322	26	0	0	0.0104653635517	72	-0.107947756293	1	-0.00146783278101	98	-0.00374194690381	99	0.00753113191125	68	0.060336886906	4	0.31628128539	6	-0.147293891783	1	-0.0887176778804	-0.196665434174	-0.0916519095209	0.22756360751	-0.236011569664
M02_DY_TO_DY:G808-E1979	M02_DY_TO_DY	CORE13	DY	DY	G808-E1979	ch	edy	0	f112r	f112r	G808-P0554	f112r.18	18	9	S	B	3	3	EXACT	-0.116535605154	15	-0.0467439866708	4	-0.0190710740359	72	0	0	-0.0109322844279	91	-0.0124814135786	91	-0.0107646787208	68	-0.160290208927	4	0.27752591856	6	0	0	-0.18235066586	-0.18235066586	-0.174044270545	0.0951752526993	-0.18235066586
M02_DY_TO_DY:G808-E1985	M02_DY_TO_DY	CORE13	DY	DY	G808-E1985	ch	edy	0	f112r	f112r	G808-P0556	f112r.26	26	2	S	B	3	1	EXACT	-0.0342717659129	15	0	0	0.013160398861	72	0	0	0.0308863549905	87	0.0293372258398	87	0.0106250964336	68	0.0562501255929	4	0.280314303796	6	0	0	-0.0211113670519	-0.0211113670519	-0.0236466694793	0.259202936744	-0.0211113670519
M02_DY_TO_DY:G808-E1989	M02_DY_TO_DY	CORE13	DY	DY	G808-E1989	ch	edy	0	f112r	f112r	G808-P0558	f112r.33	33	6	S	B	3	2	EXACT	-0.0436590047827	13	0	0	0.0270811135117	72	0	0	0.0439994889334	85	0.0424503597827	85	0.0281394168668	68	0.00907954193979	4	0.0808633678149	6	0	0	-0.016577891271	-0.016577891271	-0.0155195879159	0.0642854765439	-0.016577891271
M02_DY_TO_DY:G808-E1991	M02_DY_TO_DY	CORE13	DY	DY	G808-E1991	ch	edy	0	f112r	f112r	G808-P0559	f112r.35	35	6	S	B	3	3	EXACT	-0.298810653927	13	0.0427665680894	4	-0.0306173206645	72	-0.132997130208	1	-0.0393324387764	89	-0.0415366599288	90	-0.0264365772522	68	-0.101700373208	4	0.0866608588386	6	-0.122670318479	1	-0.286661406502	-0.41965853671	-0.282480663089	-0.200000547663	-0.40933172498
M02_DY_TO_DY:G808-E2003	M02_DY_TO_DY	CORE13	DY	DY	G808-E2003	ch	edy	0	f112v	f112v	G808-P0566	f112v.16	16	6	S	B	3	3	EXACT	-0.145381230249	21	-0.126242139112	2	-0.0155153481999	72	-0.218756396045	3	-0.0259964083246	95	-0.0323976202523	98	-0.0083988649031	68	-0.136507679271	4	0.306685797457	6	-0.208565667071	3	-0.287138717561	-0.505895113606	-0.280022234265	0.0195470798961	-0.495704384632
M02_DY_TO_DY:G808-E2024	M02_DY_TO_DY	CORE13	DY	DY	G808-E2024	ch	edy	0	f113r	f113r	G808-P0576	f113r.1	1	12	S	B	3	3	EXACT	-0.20650301196	9	-0.150909280462	1	-0.0206381669378	72	0	0	-0.0153707775141	82	-0.0169745819629	82	0.00733262798804	68	-0.496153536663	4	0.0316575416275	6	0	0	-0.37805045936	-0.37805045936	-0.350079664434	-0.346392917733	-0.37805045936
M02_DY_TO_DY:G808-E2033	M02_DY_TO_DY	CORE13	DY	DY	G808-E2033	ch	eody	1	f113r	f113r	G808-P0580	f113r.13	13	2	S	B	3	3	EXACT	0	0	0	0	0.00510372282658	72	0	0	0.0415386853381	72	0.0399348808893	72	-4.31479247972e-05	68	0.0925886696139	4	-0.159301215049	6	0	0	0.00510372282658	0.00510372282658	-4.31479247972e-05	-0.154197492222	0.00510372282658
M02_DY_TO_DY:G808-E2037	M02_DY_TO_DY	CORE13	DY	DY	G808-E2037	ch	edy	0	f113r	f113r	G808-P0581	f113r.16	16	7	S	B	3	3	EXACT	-0.265595336269	7	0.165206084794	2	-0.00373818956633	72	0	0	0.00661143951157	81	0.00500763506273	81	-0.000170477499883	68	-0.0644011506821	4	0.304181105915	6	0	0	-0.104127441042	-0.104127441042	-0.100559728975	0.200053664873	-0.104127441042
M02_DY_TO_DY:G808-E2055	M02_DY_TO_DY	CORE13	DY	DY	G808-E2055	ch	edy	0	f113r	f113r	G808-P0590	f113r.43	43	10	S	B	3	3	EXACT	0	0	0.10605238182	3	0.01228769107	72	0.0285600809822	1	0.0514136017642	75	0.0499694988406	76	0.0167981019974	68	-0.0644011506821	4	0.195787987938	6	0.0402595260479	1	0.11834007289	0.146900153872	0.122850483817	0.314128060828	0.158599598938
M02_DY_TO_DY:G808-E2071	M02_DY_TO_DY	CORE13	DY	DY	G808-E2071	ch	eody	1	f113v	f113v	G808-P0598	f113v.22	22	7	S	B	3	3	EXACT	-0.169239821124	3	0.00325818689506	1	-0.0205080088904	72	-0.040478213423	2	0.00798793009521	76	0.0061153086838	78	-0.0198409162503	68	-0.0318606730112	4	0.245393621853	6	-0.0353263316739	2	-0.186489643119	-0.226967856542	-0.185822550479	0.0589039787341	-0.221815974793
M02_DY_TO_DY:G808-E2072	M02_DY_TO_DY	CORE13	DY	DY	G808-E2072	ch	eody	1	f113v	f113v	G808-P0598	f113v.23	23	9	S	B	3	3	EXACT	-0.169239821124	3	0.0382758366153	3	-0.021199340126	72	-0.104981110599	1	0.00887448759498	78	0.00639878717629	79	-0.0205729140292	68	-0.0318606730112	4	-0.0729580536693	6	-0.137838336021	2	-0.152163324634	-0.257144435234	-0.151536898537	-0.225121378304	-0.290001660655
M02_DY_TO_DY:G808-E2079	M02_DY_TO_DY	CORE13	DY	DY	G808-E2079	ch	edy	0	f113v	f113v	G808-P0600	f113v.29	29	2	S	B	3	3	EXACT	0.0834483424871	21	-0.148299434443	6	-0.0123888080128	72	-0.456849126701	1	0.0180845758042	99	0.0122179085527	100	-0.0184555670849	68	0.0907340069723	4	0.175283164853	6	-0.446271560281	1	-0.0772398999687	-0.53408902667	-0.0833066590407	0.0980432648838	-0.523511460249
M02_DY_TO_DY:G808-E2084	M02_DY_TO_DY	CORE13	DY	DY	G808-E2084	ch	eody	1	f113v	f113v	G808-P0603	f113v.41	41	7	S	B	3	2	EXACT	-0.0616153543614	13	0.0758677333137	3	-0.013626627169	72	0.285532295015	1	0.00679158431771	88	0.00884468898036	89	0.0127430292484	68	-0.461922875505	4	0.048750183104	6	0.259322913384	2	0.000625751783257	0.286158046798	0.0269954082007	0.0493759348873	0.259948665167
M02_DY_TO_DY:G808-E2087	M02_DY_TO_DY	CORE13	DY	DY	G808-E2087	ch	edy	0	f114r	f114r	G808-P0608	f114r.4	4	5	S	B	3	3	EXACT	0	0	0	0	-0.00274910224312	72	0	0	0.0377758836404	72	0.0363063174204	72	0.00308406591429	68	-0.101927309312	4	0.224795030693	6	0	0	-0.00274910224312	-0.00274910224312	0.00308406591429	0.22204592845	-0.00274910224312
M02_DY_TO_DY:G808-E2091	M02_DY_TO_DY	CORE13	DY	DY	G808-E2091	ch	edy	0	f114r	f114r	G808-P0608	f114r.6	6	4	S	B	3	3	EXACT	0	0	0	0	-0.00435597630674	72	-0.290328487533	1	0.0361690095768	72	0.0306741782353	73	-0.0143409467054	68	0.165374172077	4	0.0656498877697	6	-0.280277722633	1	-0.00435597630674	-0.29468446384	-0.0143409467054	0.0612939114629	-0.28463369894
M02_DY_TO_DY:G808-E2097	M02_DY_TO_DY	CORE13	DY	DY	G808-E2097	ch	edy	0	f114r	f114r	G808-P0611	f114r.16	16	14	S	B	3	3	EXACT	0.0272177998468	23	0.0914061117805	2	-0.0073311680668	72	0	0	0.02135348159	97	0.01988391537	97	0.0197504069644	68	-0.46773229199	4	-0.422476931667	6	0	0	0.11129274356	0.11129274356	0.138374318592	-0.311184188106	0.11129274356
M02_DY_TO_DY:G808-E2101	M02_DY_TO_DY	CORE13	DY	DY	G808-E2101	ch	edy	0	f114r	f114r	G808-P0614	f114r.25	25	4	S	B	3	3	EXACT	0.1441610864	12	0.427402793927	1	0.0162627948372	72	-0.0891924496577	2	0.0665538599819	85	0.0622545657988	87	0.00259460757022	68	0.248607629983	4	0.231997341484	6	-0.0909397402669	2	0.587826675164	0.498634225507	0.574158487897	0.819824016648	0.496886934898
M02_DY_TO_DY:G808-E2103	M02_DY_TO_DY	CORE13	DY	DY	G808-E2103	ch	eody	1	f114r	f114r	G808-P0614	f114r.26	26	8	S	B	3	3	EXACT	0.1441610864	12	0.119810921203	1	0.0172602707555	72	-0.0738374251544	1	0.0637800528453	85	0.0610899711049	86	0.0200918160688	68	-0.030890347964	4	0.310853676807	6	-0.0750340172228	1	0.281232278359	0.207394853204	0.284063823672	0.592085955166	0.206198261136
M02_DY_TO_DY:G808-E2112	M02_DY_TO_DY	CORE13	DY	DY	G808-E2112	ch	eody	1	f114r	f114r	G808-P0619	f114r.42	42	10	S	B	3	3	EXACT	-0.0998080590255	8	0.295512325745	1	-0.00890552722853	72	0	0	0.0171177695226	81	0.0156482033026	81	0.0180834384402	68	-0.46773229199	4	0.100399899289	6	0	0	0.18679873949	0.18679873949	0.213787705159	0.287198638779	0.18679873949
M02_DY_TO_DY:G808-E2113	M02_DY_TO_DY	CORE13	DY	DY	G808-E2113	ch	edy	0	f114r	f114r	G808-P0619	f114r.45	45	6	S	B	3	2	EXACT	-0.0998080590255	8	0.026417489619	1	0.00190147838936	72	0	0	0.0234018382678	81	0.0219322720479	81	0.000907538293009	68	0.0187841116345	4	0.281608739896	6	0	0	-0.0714890910172	-0.0714890910172	-0.0724830311135	0.210119648879	-0.0714890910172
M02_DY_TO_DY:G808-E2116	M02_DY_TO_DY	CORE13	DY	DY	G808-E2116	ch	edy	0	f114v	f114v	G808-P0620	f114v.5	5	1	S	B	3	2	EXACT	-0.170683018836	20	0	0	-0.00699806166362	72	-0.483402987253	1	-0.0210170647933	92	-0.0274013281231	93	-0.00971577467788	68	0.03918777521	4	0.172644387026	6	-0.618419592241	1	-0.177681080499	-0.661084067752	-0.180398793513	-0.00503669347332	-0.79610067274
M02_DY_TO_DY:G808-E2122	M02_DY_TO_DY	CORE13	DY	DY	G808-E2122	ch	edy	0	f114v	f114v	G808-P0622	f114v.9	9	11	S	B	3	3	EXACT	-0.35587514747	10	0.0323025801425	2	-0.00661882599529	72	0	0	-0.0173123551079	84	-0.019169354549	84	0.0205317841042	68	-0.468194482055	4	-0.26455066645	6	-0.116675003723	1	-0.330191393322	-0.330191393322	-0.303040783223	-0.594742059773	-0.446866397046
M02_DY_TO_DY:G808-E2138	M02_DY_TO_DY	CORE13	DY	DY	G808-E2138	ch	eody	1	f115r	f115r	G808-P0632	f115r.2	2	6	S	B	@	3	EXACT	-0.122991566499	3	0	0	-0.0185338376245	70	0	0	0.0150742074649	73	0.0134219316219	73	-0.0133743090806	66	-0.103662310801	4	-0.0397129350482	6	0	0	-0.141525404123	-0.141525404123	-0.13636587558	-0.181238339172	-0.141525404123
M02_DY_TO_DY:G808-E2141	M02_DY_TO_DY	CORE13	DY	DY	G808-E2141	ch	eody	1	f115r	f115r	G808-P0634	f115r.9	9	10	S	B	@	3	EXACT	0	0	0.101159843579	1	-0.026723037066	70	0.616266683607	1	0.0164946720041	71	0.0236777241066	72	6.45066066312e-06	66	-0.467755836757	4	0.0562422810845	6	0.627859136001	1	0.074436806513	0.69070349012	0.10116629424	0.130679087597	0.702295942514
M02_DY_TO_DY:G808-E2147	M02_DY_TO_DY	CORE13	DY	DY	G808-E2147	ch	edy	0	f115r	f115r	G808-P0637	f115r.20	20	4	S	B	@	3	EXACT	0	0	-0.0330324924917	5	0.0231275220618	70	-0.0139327867985	2	0.059536581816	75	0.0569207275798	77	0.00929463455458	66	0.251373913729	4	0.20443030552	6	-0.00795486626321	2	-0.00990497042998	-0.0238377572285	-0.0237378579372	0.19452533509	-0.0178598366932
M02_DY_TO_DY:G808-E2148	M02_DY_TO_DY	CORE13	DY	DY	G808-E2148	ch	edy	0	f115r	f115r	G808-P0638	f115r.22	22	5	S	B	@	3	EXACT	-0.0693661394354	13	0.0439326691367	3	0.0211202293158	70	0	0	0.0349779205639	86	0.0333256447209	86	0.028683034644	66	-0.103662310801	4	0.130098034474	6	0	0	-0.0043132409829	-0.0043132409829	0.00324956434525	0.125784793491	-0.0043132409829
M02_DY_TO_DY:G808-E2158	M02_DY_TO_DY	CORE13	DY	DY	G808-E2158	ch	eody	1	f115r	f115r	G808-P0642	f115r.39	39	5	S	B	@	2	EXACT	0.155835569881	4	0.643865071554	1	0.000788428652494	69	0	0	0.0542204252347	74	0.0525681493918	74	-0.000110581134522	65	0.0153971033305	4	0.103297686633	6	0	0	0.800489070087	0.800489070087	0.7995900603	0.903786756721	0.800489070087
M02_DY_TO_DY:G808-E2171	M02_DY_TO_DY	CORE13	DY	DY	G808-E2171	ch	edy	0	f115v	f115v	G808-P0647	f115v.10	10	7	S	B	3	2	EXACT	0.013602472092	12	0.11082553662	2	0.00395251876789	72	0	0	0.032577212081	86	0.0311927690896	86	0.0325142981954	68	-0.481611854755	4	0.040410072158	6	0	0	0.12838052748	0.12838052748	0.156942306907	0.168790599638	0.12838052748
M02_DY_TO_DY:G808-E2182	M02_DY_TO_DY	CORE13	DY	DY	G808-E2182	ch	eody	1	f115v	f115v	G808-P0652	f115v.27	27	6	S	B	3	3	EXACT	-0.0853593520047	16	0	0	-0.0066138072	72	0.0331103403926	1	0.000835356256164	88	0.000158391458938	89	0.0012909492708	68	-0.141008790458	4	0.128767398231	6	0.189975551935	1	-0.0919731592047	-0.0588628188121	-0.0840684027339	0.036794239026	0.0980023927302
M02_DY_TO_DY:G808-E2187	M02_DY_TO_DY	CORE13	DY	DY	G808-E2187	ch	edy	0	f116r	f116r	G808-P0659	f116r.5	5	5	S	B	3	3	EXACT	0	0	0.0671928215072	7	-0.0048528226398	72	0	0	0.0325909789774	79	0.0312577896575	79	0.000440686798173	68	-0.0948583633247	4	-0.156927328651	6	0.059602382095	1	0.0623399988674	0.0623399988674	0.0676335083054	-0.0945873297836	0.121942380962
M02_DY_TO_DY:G808-E2192	M02_DY_TO_DY	CORE13	DY	DY	G808-E2192	ch	edy	0	f116r	f116r	G808-P0660	f116r.8	8	3	S	B	3	3	EXACT	-0.471779061259	7	0	0	-0.00718243808142	72	-0.168966938787	3	-0.0217440985154	79	-0.0273611384661	82	-0.0174687926931	68	0.167669710079	4	0.0704163873515	6	-0.188008240695	3	-0.47896149934	-0.647928438127	-0.489247853952	-0.408545111989	-0.666969740035
M02_DY_TO_DY:G808-E2197	M02_DY_TO_DY	CORE13	DY	DY	G808-E2197	ch	edy	0	f116r	f116r	G808-P0661	f116r.11	11	8	S	B	3	3	EXACT	-0.359254049579	20	-0.0833536608446	3	-0.0226647116656	72	0	0	-0.0785816460851	95	-0.079914835405	95	-0.0166859001588	68	-0.12432038752	4	-0.173114444508	6	0	0	-0.465272422089	-0.465272422089	-0.459293610583	-0.638386866597	-0.465272422089
M02_DY_TO_DY:G808-E2198	M02_DY_TO_DY	CORE13	DY	DY	G808-E2198	ch	edy	0	f116r	f116r	G808-P0661	f116r.13	13	7	S	B	3	3	EXACT	-0.359254049579	20	0	0	-0.00268986443588	72	-0.152207852994	1	-0.0631064575359	92	-0.0650737379572	93	-0.00213671274078	68	-0.0121093234918	4	0.150805019688	6	-0.0915146099333	2	-0.361943914015	-0.514151767009	-0.36139076232	-0.211138894327	-0.453458523948
M02_DY_TO_DY:G808-E2199	M02_DY_TO_DY	CORE13	DY	DY	G808-E2199	ch	edy	0	f116r	f116r	G808-P0662	f116r.17	17	8	S	B	3	3	EXACT	-0.186682322022	9	-0.113471194295	4	-0.0156902963804	72	0	0	-0.0141752878542	85	-0.0155084771742	85	0.0115795673846	68	-0.479293860625	4	0.159239068657	6	0	0	-0.315843812698	-0.315843812698	-0.288573948933	-0.156604744041	-0.315843812698
M02_DY_TO_DY:G808-E0203	M02_DY_TO_DY	CORE13	DY	DY	G808-E0203	ch	eody	1	f20r	f20r	G808-P0066	f20r.8	8	4	H	A	1	2	EXACT	-0.0679542253014	6	0	0	0.0875895206259	72	0	0	0.108638760694	78	0.107127496509	78	0.104584147466	68	-0.201331789429	4	0.15690559808	6	0	0	0.0196352953246	0.0196352953246	0.0366299221642	0.176540893405	0.0196352953246
M02_DY_TO_DY:G808-E0204	M02_DY_TO_DY	CORE13	DY	DY	G808-E0204	ch	eody	1	f20r	f20r	G808-P0067	f20r.12	12	2	H	A	1	3	EXACT	0.421898847862	7	0.620052025937	2	0.0913764272046	72	0	0	0.164542559728	81	0.163031295544	81	0.0904065452243	68	0.10785176709	4	0.303156537634	6	0	0	1.133327301	1.133327301	1.13235741902	1.43648383864	1.133327301
M02_DY_TO_DY:G808-E0271	M02_DY_TO_DY	CORE13	DY	DY	G808-E0271	ch	eody	1	f26r	f26r	G808-P0091	f26r.10	10	4	H	B	2	2	EXACT	-0.177666811046	15	0	0	-0.0285037398941	72	0.186493894501	1	-0.0278344249603	87	-0.0267032986016	88	-0.047274912931	68	0.290593341278	4	0.0477545217792	6	0.133284807199	1	-0.20617055094	-0.0196766564392	-0.224941723977	-0.158416029161	-0.0728857437412
M02_DY_TO_DY:G808-E0274	M02_DY_TO_DY	CORE13	DY	DY	G808-E0274	ch	edy	0	f26v	f26v	G808-P0092	f26v.2	2	12	H	B	2	3	EXACT	0.0861919079402	24	-0.152432527431	2	-0.0895939044899	72	0	0	-0.0300731737171	98	-0.031677798146	98	-0.0677050819709	68	-0.461716881049	4	-0.0816087007029	6	0	0	-0.15583452398	-0.15583452398	-0.133945701461	-0.237443224683	-0.15583452398
M02_DY_TO_DY:G808-E0275	M02_DY_TO_DY	CORE13	DY	DY	G808-E0275	ch	edy	0	f26v	f26v	G808-P0092	f26v.3	3	9	H	B	2	3	EXACT	0.0861919079402	24	-0.138894978461	1	-0.0655625810165	72	0	0	-0.010998910348	97	-0.0126035347769	97	-0.0613415603119	68	-0.137332926731	4	-0.187061009548	6	0	0	-0.118265651537	-0.118265651537	-0.114044630833	-0.305326661085	-0.118265651537
M02_DY_TO_DY:G808-E0279	M02_DY_TO_DY	CORE13	DY	DY	G808-E0279	ch	edy	0	f26v	f26v	G808-P0092	f26v.6	6	5	H	B	2	3	EXACT	0.0861919079402	24	-0.170077717539	2	-0.0501996810884	72	0.420315681357	1	-0.00149058489373	98	0.0015232024243	99	-0.0464659787308	68	-0.113685614903	4	-0.110942947518	6	0.420850713031	1	-0.134085490687	0.286230190669	-0.13035178833	-0.245028438206	0.286765222344
M02_DY_TO_DY:G808-E0317	M02_DY_TO_DY	CORE13	DY	DY	G808-E0317	ch	edy	0	f31r	f31r	G808-P0108	f31r.7	7	7	H	B	2	2	EXACT	-0.0146338640774	6	-0.22259553867	1	-0.0459298793046	72	-0.243699394489	1	-0.0122643468708	79	-0.0162700492853	80	-0.039356595304	68	-0.157688647556	4	-0.136833627105	6	-0.232865713172	1	-0.283159282052	-0.526858676541	-0.276585998052	-0.419992909157	-0.516024995225
M02_DY_TO_DY:G808-E0323	M02_DY_TO_DY	CORE13	DY	DY	G808-E0323	ch	edy	0	f31r	f31r	G808-P0109	f31r.14	14	3	H	B	2	2	EXACT	-0.00823680627985	15	0	0	-0.00997391514943	72	-0.268326008077	1	0.0153978864282	87	0.0110225649405	88	-0.0150167826637	68	0.0757418923526	4	0.305062921247	6	-0.1534862756	2	-0.0182107214293	-0.286536729506	-0.0232535889435	0.286852199818	-0.171696997029
M02_DY_TO_DY:G808-E0342	M02_DY_TO_DY	CORE13	DY	DY	G808-E0342	ch	edy	0	f34r	f34r	G808-P0117	f34r.5	5	9	H	B	2	3	EXACT	-0.0498918586686	43	-0.201738760476	3	-0.06723605876	72	0.245513167291	1	-0.0575316323826	118	-0.0562405954932	119	-0.0683550490127	68	-0.0482255568163	4	-0.0383336893782	6	0.0332976522572	2	-0.318866677904	-0.0733535106134	-0.319985668157	-0.357200367282	-0.285569025647
M02_DY_TO_DY:G808-E0348	M02_DY_TO_DY	CORE13	DY	DY	G808-E0348	ch	edy	0	f34r	f34r	G808-P0118	f34r.14	14	10	H	B	2	3	EXACT	0.00415245965311	27	-0.0109943181666	5	-0.0442943159666	72	-0.0585602800486	1	-0.0144628965304	104	-0.0161010087263	105	-0.0388440102038	68	-0.136961846287	4	0.125919486948	6	-0.0591908407158	1	-0.0511361744801	-0.109696454529	-0.0456858687173	0.0747833124679	-0.110327015196
M02_DY_TO_DY:G808-E0394	M02_DY_TO_DY	CORE13	DY	DY	G808-E0394	ch	edy	0	f39v	f39v	G808-P0140	f39v.11	11	2	H	B	2	3	EXACT	-0.0246859447929	30	0.0752602025447	2	-0.0431096751119	72	0.0574901607027	1	-0.0218051646759	104	-0.022247256813	105	-0.0519905042873	68	0.10785176709	4	0.303156537634	6	0.0570918940652	1	0.00746458263999	0.0649547433427	-0.00141624653547	0.310621120274	0.0645564767052
M02_DY_TO_DY:G808-E0021	M02_DY_TO_DY	CORE13	DY	DY	G808-E0021	ch	eody	1	f3r	f3r	G808-P0006	f3r.13	13	6	H	A	1	2	EXACT	0.106651119028	6	-0.085498217216	2	0.051433705929	72	0	0	0.0826596288007	80	0.0811897369311	80	0.0820847257606	68	-0.46964380547	4	0.0581715687844	6	0	0	0.0725866077411	0.0725866077411	0.103237627573	0.130758176526	0.0725866077411
M02_DY_TO_DY:G808-E0395	M02_DY_TO_DY	CORE13	DY	DY	G808-E0395	ch	edy	0	f40r	f40r	G808-P0141	f40r.2	2	8	H	B	2	3	EXACT	-0.0601839264008	30	0	0	-0.0153889561081	72	0	0	-0.014870074611	102	-0.0163813387954	102	-0.00828625245873	68	-0.136147571928	4	-0.00714752440492	6	0	0	-0.0755728825089	-0.0755728825089	-0.0684701788595	-0.0827204069138	-0.0755728825089
M02_DY_TO_DY:G808-E0398	M02_DY_TO_DY	CORE13	DY	DY	G808-E0398	ch	edy	0	f40r	f40r	G808-P0141	f40r.5	5	6	H	B	2	3	EXACT	-0.0601839264008	30	0.246201808857	1	-0.0259933129709	72	0.37264263982	2	-0.0196052261757	103	-0.0130171454918	105	-0.0215999351047	68	-0.100693390478	4	0.1579540819	6	0.383237139648	2	0.160024569486	0.532667209306	0.164417947352	0.317978651386	0.543261709134
M02_DY_TO_DY:G808-E0401	M02_DY_TO_DY	CORE13	DY	DY	G808-E0401	ch	edy	0	f40v	f40v	G808-P0144	f40v.13	13	2	H	B	2	2	EXACT	-0.119499724196	36	-0.116922475345	1	-0.00298653646044	72	0	0	-0.0322159899595	109	-0.0336922534905	109	-0.00946341024246	68	0.107107628052	4	-0.113999760327	6	0	0	-0.239408736001	-0.239408736001	-0.245885609783	-0.353408496329	-0.239408736001
M02_DY_TO_DY:G808-E0408	M02_DY_TO_DY	CORE13	DY	DY	G808-E0408	ch	edy	0	f41r	f41r	G808-P0146	f41r.7	7	8	H	B	5	2	EXACT	-0.204280061102	8	-0.0725016141573	1	-0.00796028708492	71	0	0	0.00377457457384	80	0.00224523332186	80	0.000847202483776	67	-0.15550148119	4	-0.42715457491	6	0	0	-0.284741962344	-0.284741962344	-0.275934472775	-0.711896537254	-0.284741962344
M02_DY_TO_DY:G808-E0448	M02_DY_TO_DY	CORE13	DY	DY	G808-E0448	ch	eody	1	f43v	f43v	G808-P0158	f43v.11	11	5	H	B	2	3	EXACT	-0.0767767454693	15	-0.291157641577	2	-0.0305326850857	72	-0.165602274489	1	-0.0196356483023	89	-0.0224001604506	90	-0.0263565268454	68	-0.101532144143	4	0.190110081067	6	-0.154574427389	1	-0.398467072132	-0.564069346622	-0.394290913892	-0.208356991066	-0.553041499522
M02_DY_TO_DY:G808-E0489	M02_DY_TO_DY	CORE13	DY	DY	G808-E0489	ch	edy	0	f46r	f46r	G808-P0171	f46r.7	7	11	H	B	2	3	EXACT	-0.125121571875	16	-0.0183770051083	3	-0.0562058813096	72	0.193866188983	1	-0.0431446183022	91	-0.041739624531	92	-0.0512596952358	68	-0.140303221301	4	-0.335491327835	6	0.1710060475	1	-0.199704458293	-0.00583826930995	-0.194758272219	-0.535195786127	-0.0286984107926
M02_DY_TO_DY:G808-E0501	M02_DY_TO_DY	CORE13	DY	DY	G808-E0501	ch	edy	0	f46v	f46v	G808-P0175	f46v.5	5	8	H	B	2	3	EXACT	-0.0552949890657	40	0.261734109407	1	-0.0519732839127	72	0.284677901546	1	-0.0421410554176	113	-0.0405838556269	114	-0.0535589932991	68	-0.0250290234367	4	-0.105984460377	6	0.242052502444	3	0.154465836428	0.439143737974	0.152880127042	0.0484813760515	0.396518338873
M02_DY_TO_DY:G808-E0532	M02_DY_TO_DY	CORE13	DY	DY	G808-E0532	ch	edy	0	f48v	f48v	G808-P0181	f48v.3	3	7	H	B	5	3	EXACT	-0.137875185325	25	0.357948189659	4	-0.01654264207	72	0	0	-0.0147528935606	101	-0.0162770476109	101	-0.0111973451103	68	-0.107425410028	4	0.0988413654249	6	0.233217364065	1	0.203530362265	0.203530362265	0.208875659224	0.30237172769	0.43674772633
M02_DY_TO_DY:G808-E0537	M02_DY_TO_DY	CORE13	DY	DY	G808-E0537	ch	edy	0	f48v	f48v	G808-P0182	f48v.10	10	2	H	B	5	3	EXACT	-0.0974376811512	21	-0.172336912986	4	0.0284804067849	72	0	0	0.0127116049042	97	0.0111874508538	97	0.0227259348172	68	0.126293710592	4	-0.502047386015	6	0	0	-0.241294187352	-0.241294187352	-0.24704865932	-0.743341573367	-0.241294187352
M02_DY_TO_DY:G808-E0562	M02_DY_TO_DY	CORE13	DY	DY	G808-E0562	ch	edy	0	f50r	f50r	G808-P0189	f50r.4	4	3	H	B	2	3	EXACT	-0.0553729272224	47	-0.139655580813	2	-0.0391349905869	72	0.170721465209	1	-0.042214791487	121	-0.0417104491445	122	-0.0517289766822	68	0.174950119252	4	0.145942297282	6	-0.00761551166377	2	-0.234163498622	-0.0634420334133	-0.246757484717	-0.0882212013399	-0.241779010286
M02_DY_TO_DY:G808-E0569	M02_DY_TO_DY	CORE13	DY	DY	G808-E0569	ch	eody	1	f51r	f51r	G808-P0191	f51r.4	4	4	H	A	1	2	EXACT	0.125050126083	33	-0.0724410287038	1	0.0954108418939	72	0	0	0.115250849405	106	0.113577539089	106	0.0872870822195	68	0.233502102579	4	0.00728005832049	6	0	0	0.148019939274	0.148019939274	0.139896179599	0.155299997594	0.148019939274
M02_DY_TO_DY:G808-E0640	M02_DY_TO_DY	CORE13	DY	DY	G808-E0640	ch	eody	1	f58r	f58r	G808-P0207	f58r.13	13	6	S	A	3	3	EXACT	-0.0838049287683	51	-0.284749296636	1	-0.00620474354506	71	0	0	-0.0380334497826	123	-0.0395743619403	123	-0.00485324531121	67	-0.0288400138098	4	0.14926519424	6	0	0	-0.374758968949	-0.374758968949	-0.373407470715	-0.22549377471	-0.374758968949
M02_DY_TO_DY:G808-E0662	M02_DY_TO_DY	CORE13	DY	DY	G808-E0662	ch	edy	0	f66r	f66r	G808-P0214	f66r.53	53	4	T	B	5	3	EXACT	-0.113648110693	13	-0.0975400101478	2	0.00614031969582	71	0	0	0.0121158386423	86	0.0105915273727	86	-0.00188274703512	67	0.140508223896	4	-0.196207518553	6	0	0	-0.205047801144	-0.205047801144	-0.213070867875	-0.401255319698	-0.205047801144
M02_DY_TO_DY:G808-E0668	M02_DY_TO_DY	CORE13	DY	DY	G808-E0668	ch	edy	0	f66r	f66r	G808-P0215	f66r.61	61	8	T	B	5	3	EXACT	-0.081325473652	26	-0.0700782378279	1	-0.0271586602914	71	0.00515515272561	1	-0.0256247885368	98	-0.0264996122345	99	-0.0218446762677	67	-0.116186356232	4	-0.343979596299	6	0.101698846188	2	-0.178562371771	-0.173407219046	-0.173248387748	-0.522541968071	-0.0768635255833
M02_DY_TO_DY:G808-E0669	M02_DY_TO_DY	CORE13	DY	DY	G808-E0669	ch	edy	0	f66r	f66r	G808-P0216	f66r.63	63	6	T	B	5	3	EXACT	-0.139116590918	16	0	0	0.00311016356929	71	-0.0415794602942	1	0.00102480938	87	-0.000602739859155	88	0.0102312415549	67	-0.116186356232	4	0.217609134321	6	-0.0292941098494	1	-0.136006427349	-0.177585887643	-0.128885349363	0.0816027069723	-0.165300537198
M02_DY_TO_DY:G808-E0672	M02_DY_TO_DY	CORE13	DY	DY	G808-E0672	ch	eody	1	f66r	f66r	G808-P0217	f66r.68	68	7	T	B	5	3	EXACT	-0.145731722	8	-0.163409400945	4	-0.0156778822021	71	0	0	-0.00443509741424	83	-0.00595940868382	83	-0.0152295767756	67	-0.0232054616389	4	-0.254667778535	6	0.195809485649	1	-0.324819005147	-0.324819005147	-0.32437069972	-0.579486783682	-0.129009519498
M02_DY_TO_DY:G808-E0690	M02_DY_TO_DY	CORE13	DY	DY	G808-E0690	ch	eody	1	f66v	f66v	G808-P0220	f66v.8	8	2	H	B	5	2	EXACT	0.619647042792	6	-0.214681113749	1	0.0137349151347	72	0	0	0.0884611186934	79	0.0870590375949	79	0.00824773879282	68	0.107004103724	4	-0.0869379088506	6	-0.198899009547	1	0.418700844177	0.418700844177	0.413213667835	0.331762935327	0.219801834631
M02_DY_TO_DY:G808-E0693	M02_DY_TO_DY	CORE13	DY	DY	G808-E0693	ch	edy	0	f66v	f66v	G808-P0221	f66v.11	11	8	H	B	5	3	EXACT	-0.151397902925	17	0.039629439057	2	0.0068275312438	72	-0.0497705114634	1	-0.000183309864067	91	-0.00178899524334	92	0.016252739616	68	-0.153413820307	4	0.0923822042781	6	-0.0392939882897	1	-0.104940932624	-0.154711444087	-0.0955157242519	-0.0125587283459	-0.144234920914
M02_DY_TO_DY:G808-E0700	M02_DY_TO_DY	CORE13	DY	DY	G808-E0700	ch	edy	0	f75r	f75r	G808-P0222	f75r.15	15	5	B	B	2	3	EXACT	-0.324203248954	80	-0.0805107251991	2	-0.11054935792	72	0.423579841678	1	-0.226970109235	154	-0.223782452519	155	-0.110804018304	68	-0.106234451055	4	0.214591702551	6	0.420994771537	1	-0.515263332073	-0.091683490395	-0.515517992457	-0.300671629521	-0.0942685605354
M02_DY_TO_DY:G808-E0703	M02_DY_TO_DY	CORE13	DY	DY	G808-E0703	ch	edy	0	f75r	f75r	G808-P0222	f75r.16	16	9	B	B	2	3	EXACT	-0.324203248954	80	-0.0268715183548	2	-0.118221200195	72	-0.124388827688	1	-0.229860331508	154	-0.230189309936	155	-0.0972857653293	68	-0.474137912573	4	0.0729482494217	6	-0.11455137783	1	-0.469295967503	-0.593684795192	-0.448360532638	-0.396347718082	-0.583847345333
M02_DY_TO_DY:G808-E0710	M02_DY_TO_DY	CORE13	DY	DY	G808-E0710	ch	edy	0	f75r	f75r	G808-P0223	f75r.29	29	11	B	B	2	3	EXACT	-0.355932163865	20	-0.00701861763529	3	-0.0629416517747	72	-0.287062653733	2	-0.105071341241	95	-0.109456759858	97	-0.0578970464087	68	-0.148714262662	4	0.159334575087	6	-0.289130161655	2	-0.425892433275	-0.712955087008	-0.420847827909	-0.266557858187	-0.71502259493
M02_DY_TO_DY:G808-E0711	M02_DY_TO_DY	CORE13	DY	DY	G808-E0711	ch	edy	0	f75r	f75r	G808-P0223	f75r.30	30	9	B	B	2	3	EXACT	-0.355932163865	20	0.000108323697106	5	-0.0696748540949	72	-0.0939312988618	1	-0.1074624538	97	-0.108234116479	98	-0.0716565882735	68	-0.0359996927247	4	-0.00907138373961	6	-0.0953185338321	1	-0.425498694263	-0.519429993125	-0.427480428441	-0.434570078002	-0.520817228095
M02_DY_TO_DY:G808-E0725	M02_DY_TO_DY	CORE13	DY	DY	G808-E0725	ch	edy	0	f75v	f75v	G808-P0226	f75v.14	14	7	B	B	2	3	EXACT	-0.327699864632	49	-0.126093064416	1	-0.0979984797924	72	-0.0239518014279	1	-0.186931958016	122	-0.186634096368	123	-0.0957472545662	68	-0.136282286005	4	-0.0489796741937	6	-0.0137177100968	1	-0.55179140884	-0.575743210267	-0.549540183613	-0.600771083033	-0.565509118936
M02_DY_TO_DY:G808-E0726	M02_DY_TO_DY	CORE13	DY	DY	G808-E0726	ch	edy	0	f75v	f75v	G808-P0226	f75v.15	15	8	B	B	2	3	EXACT	-0.327699864632	49	-0.276409250639	1	-0.0689062436275	72	0.211434498349	2	-0.170994869347	122	-0.165633059558	124	-0.0712338646191	68	-0.0293496641377	4	0.185943893652	6	0.200263972805	2	-0.673015358898	-0.461580860549	-0.675342979889	-0.487071465246	-0.472751386093
M02_DY_TO_DY:G808-E0732	M02_DY_TO_DY	CORE13	DY	DY	G808-E0732	ch	edy	0	f75v	f75v	G808-P0228	f75v.48	48	2	B	B	2	3	EXACT	-0.359020018011	27	0.216880036673	6	-0.0746700266609	72	0	0	-0.116805627466	105	-0.118057201451	105	-0.0851242448894	68	0.103038705857	4	-0.00774664587028	6	0	0	-0.216810007998	-0.216810007998	-0.227264226227	-0.224556653869	-0.216810007998
M02_DY_TO_DY:G808-E0733	M02_DY_TO_DY	CORE13	DY	DY	G808-E0733	ch	edy	0	f75v	f75v	G808-P0228	f75v.49	49	4	B	B	2	2	EXACT	-0.359020018011	27	0	0	-0.0769787537095	72	0	0	-0.139486808644	99	-0.140738382629	99	-0.0943785840075	68	0.218805383988	4	0.054998977659	6	-0.0117470906069	1	-0.43599877172	-0.43599877172	-0.453398602018	-0.380999794061	-0.447745862327
M02_DY_TO_DY:G808-E0749	M02_DY_TO_DY	CORE13	DY	DY	G808-E0749	ch	edy	0	f76r	f76r	G808-P0231	f76r.9	9	13	T	B	2	3	EXACT	-0.2082148271	80	0.0984213356756	3	-0.0319589119447	69	0	0	-0.128111942198	152	-0.129116972786	152	-0.0208800727638	65	-0.211990048008	4	0.117806978728	6	-0.0690986725371	1	-0.141752403369	-0.141752403369	-0.130673564188	-0.0239454246409	-0.210851075906
M02_DY_TO_DY:G808-E0750	M02_DY_TO_DY	CORE13	DY	DY	G808-E0750	ch	edy	0	f76r	f76r	G808-P0231	f76r.11	11	4	T	B	2	3	EXACT	-0.2082148271	80	-0.014860957261	3	-0.00216403685359	69	-0.224916014426	3	-0.116822471787	152	-0.119480672548	155	-0.0131009328223	65	0.175560523264	4	0.31217187985	6	-0.229876111198	3	-0.225239821214	-0.45015583564	-0.236176717183	0.086932058636	-0.455115932412
M02_DY_TO_DY:G808-E0752	M02_DY_TO_DY	CORE13	DY	DY	G808-E0752	ch	edy	0	f76r	f76r	G808-P0231	f76r.13	13	12	T	B	2	3	EXACT	-0.2082148271	80	-0.0171909066109	5	-0.0309003724528	69	0	0	-0.128336856877	154	-0.129341887465	154	-0.0233347884237	65	-0.1538411123	4	0.175362044414	6	-0.0888896005744	1	-0.256306106163	-0.256306106163	-0.248740522134	-0.0809440617494	-0.345195706738
M02_DY_TO_DY:G808-E0754	M02_DY_TO_DY	CORE13	DY	DY	G808-E0754	ch	edy	0	f76r	f76r	G808-P0231	f76r.15	15	13	T	B	2	3	EXACT	-0.2082148271	80	0.143354825189	3	-0.00583938006621	69	0	0	-0.11536820425	152	-0.116373234838	152	0.0230866273066	65	-0.475886999249	4	-0.264366964071	6	0	0	-0.0706993819765	-0.0706993819765	-0.0417733746037	-0.335066346047	-0.0706993819765
M02_DY_TO_DY:G808-E0755	M02_DY_TO_DY	CORE13	DY	DY	G808-E0755	ch	edy	0	f76r	f76r	G808-P0231	f76r.16	16	2	T	B	2	3	EXACT	-0.2082148271	80	0.434283490155	1	-0.00535811466679	69	-0.0398443712481	1	-0.116772395261	150	-0.117117771714	151	-0.0121492519734	65	0.104997867191	4	0.192070739617	6	-0.0300846417729	1	0.220710548389	0.180866177141	0.213919411082	0.412781288006	0.190625906616
M02_DY_TO_DY:G808-E0757	M02_DY_TO_DY	CORE13	DY	DY	G808-E0757	ch	edy	0	f76r	f76r	G808-P0231	f76r.19	19	5	T	B	2	3	EXACT	-0.2082148271	80	0	0	-0.0225918299255	69	0.178608843493	2	-0.128509586693	149	-0.125146429459	151	-0.0183534600494	65	-0.0914653397857	4	-0.151907743678	6	0.0817627181845	3	-0.230806657025	-0.0521978135324	-0.226568287149	-0.382714400703	-0.149043938841
M02_DY_TO_DY:G808-E0762	M02_DY_TO_DY	CORE13	DY	DY	G808-E0762	ch	edy	0	f76r	f76r	G808-P0231	f76r.24	24	9	T	B	2	3	EXACT	-0.2082148271	80	-0.0975827452945	1	-0.0197054068218	69	0	0	-0.126917924555	150	-0.127922955143	150	-0.012431067632	65	-0.13791341803	4	0.118233151602	6	0	0	-0.325502979216	-0.325502979216	-0.318228640026	-0.207269827614	-0.325502979216
M02_DY_TO_DY:G808-E0763	M02_DY_TO_DY	CORE13	DY	DY	G808-E0763	ch	edy	0	f76r	f76r	G808-P0231	f76r.30	30	4	T	B	2	3	EXACT	-0.2082148271	80	-0.129162261455	2	0.00207479942374	69	0	0	-0.117132032747	151	-0.118137063335	151	-0.00860124508174	65	0.175560523264	4	0.333817062207	6	-0.0963928228091	1	-0.335302289131	-0.335302289131	-0.345978333637	-0.00148522692373	-0.43169511194
M02_DY_TO_DY:G808-E0768	M02_DY_TO_DY	CORE13	DY	DY	G808-E0768	ch	edy	0	f76r	f76r	G808-P0232	f76r.41	41	12	T	B	2	3	EXACT	-0.235596848453	17	-0.0743389894121	5	-0.0169696560129	72	0	0	-0.0421046539953	94	-0.0431096845834	94	-0.00891845253162	68	-0.1538411123	4	0.0491377650833	6	0	0	-0.326905493878	-0.326905493878	-0.318854290397	-0.277767728795	-0.326905493878
M02_DY_TO_DY:G808-E0777	M02_DY_TO_DY	CORE13	DY	DY	G808-E0777	ch	edy	0	f76r	f76r	G808-P0233	f76r.49	49	9	T	B	2	3	EXACT	-0.191943071346	32	-0.215632111881	1	-0.0127215837488	72	0	0	-0.0594996109083	105	-0.0605046414964	105	-0.0053574168561	68	-0.13791341803	4	0.111821773631	6	0	0	-0.420296766976	-0.420296766976	-0.412932600083	-0.308474993345	-0.420296766976
M02_DY_TO_DY:G808-E0778	M02_DY_TO_DY	CORE13	DY	DY	G808-E0778	ch	edy	0	f76r	f76r	G808-P0234	f76r.51	51	9	T	B	2	3	EXACT	-0.321435524428	22	-0.280973457524	2	0.00120147606189	72	0	0	-0.0638070118675	96	-0.0648120424556	96	0.00417595614591	68	-0.0493656824706	4	-0.238737697406	6	0	0	-0.60120750589	-0.60120750589	-0.598233025806	-0.839945203296	-0.60120750589
M02_DY_TO_DY:G808-E0781	M02_DY_TO_DY	CORE13	DY	DY	G808-E0781	ch	edy	0	f76r	f76r	G808-P0234	f76r.54	54	3	T	B	2	3	EXACT	-0.321435524428	22	0.11593445075	3	-0.00537322295295	72	0.162847531988	1	-0.0585612568652	97	-0.0570755880734	98	-0.0157670207315	68	0.171320342179	4	0.118233151602	6	0.303049708232	1	-0.21087429663	-0.048026764642	-0.221268094409	-0.092641145028	0.092175411602
M02_DY_TO_DY:G808-E0783	M02_DY_TO_DY	CORE13	DY	DY	G808-E0783	ch	edy	0	f76v	f76v	G808-P0235	f76v.2	2	7	B	B	2	3	EXACT	-0.204887165373	35	-0.180561383305	1	-0.0887813178418	72	0	0	-0.116481083518	108	-0.117929507308	108	-0.0921569413521	68	-0.0314114980237	4	-0.171926578761	6	-0.642205830648	1	-0.474229866519	-0.474229866519	-0.47760549003	-0.64615644528	-1.11643569717
M02_DY_TO_DY:G808-E0785	M02_DY_TO_DY	CORE13	DY	DY	G808-E0785	ch	edy	0	f76v	f76v	G808-P0235	f76v.5	5	9	B	B	2	3	EXACT	-0.204887165373	35	-0.0243167562307	3	-0.0939648829106	72	0	0	-0.116454927876	110	-0.117903351666	110	-0.0962888094095	68	-0.0544739122886	4	-0.43427027679	6	0	0	-0.323168804514	-0.323168804514	-0.325492731013	-0.757439081304	-0.323168804514
M02_DY_TO_DY:G808-E0792	M02_DY_TO_DY	CORE13	DY	DY	G808-E0792	ch	edy	0	f76v	f76v	G808-P0236	f76v.13	13	7	B	B	2	3	EXACT	-0.375699798766	13	-0.144964539054	3	-0.0837303379491	72	-0.305912949107	1	-0.102603236747	88	-0.105975403478	89	-0.0868088449952	68	-0.0314114980237	4	-0.0911327486244	6	-0.293951852255	1	-0.60439467577	-0.910307624877	-0.607473182816	-0.695527424394	-0.898346528025
M02_DY_TO_DY:G808-E0809	M02_DY_TO_DY	CORE13	DY	DY	G808-E0809	ch	edy	0	f76v	f76v	G808-P0237	f76v.23	23	7	B	B	2	2	EXACT	-0.350042623354	25	0.0929846013223	1	-0.100001642334	72	0	0	-0.144751281485	98	-0.146199705276	98	-0.0971761665411	68	-0.148050510668	4	-0.387633839714	6	0	0	-0.357059664366	-0.357059664366	-0.354234188573	-0.74469350408	-0.357059664366
M02_DY_TO_DY:G808-E0817	M02_DY_TO_DY	CORE13	DY	DY	G808-E0817	ch	edy	0	f76v	f76v	G808-P0238	f76v.31	31	10	B	B	2	3	EXACT	-0.289658286451	36	0.123983667802	3	-0.113643734456	72	0	0	-0.153959747663	111	-0.155408171453	111	-0.0904024570655	68	-0.508761229948	4	-0.0178051916887	6	0	0	-0.279318353105	-0.279318353105	-0.256077075714	-0.297123544793	-0.279318353105
M02_DY_TO_DY:G808-E0819	M02_DY_TO_DY	CORE13	DY	DY	G808-E0819	ch	edy	0	f76v	f76v	G808-P0239	f76v.34	34	3	B	B	2	3	EXACT	-0.43552992088	4	0	0	-0.0546669038658	72	-0.0867575103993	1	-0.0388832868415	76	-0.0405366149557	77	-0.0681534179127	68	0.174588055073	4	0.203589540199	6	-0.0432887209854	2	-0.490196824745	-0.576954335145	-0.503683338792	-0.286607284547	-0.533485545731
M02_DY_TO_DY:G808-E0823	M02_DY_TO_DY	CORE13	DY	DY	G808-E0823	ch	edy	0	f76v	f76v	G808-P0240	f76v.38	38	2	B	B	2	3	EXACT	-0.229304898871	19	-0.0653682911966	5	-0.0850428599996	72	-0.0186569044536	1	-0.0912282041271	96	-0.0915975775019	97	-0.096515774886	68	0.10998091321	4	-0.0156517717606	6	-0.00669580760197	1	-0.379716050067	-0.39837295452	-0.391188964953	-0.395367821827	-0.386411857669
M02_DY_TO_DY:G808-E0839	M02_DY_TO_DY	CORE13	DY	DY	G808-E0839	ch	edy	0	f77r	f77r	G808-P0241	f77r.21	21	6	B	B	2	2	EXACT	-0.277557420711	48	-0.178029942067	1	-0.0944103863938	72	-0.0661531861426	1	-0.163689686663	121	-0.164076580364	122	-0.0963983907045	68	-0.0606276916423	4	0.0019151735393	6	-0.116791666814	1	-0.549997749172	-0.616150935314	-0.551985753482	-0.548082575632	-0.666789415986
M02_DY_TO_DY:G808-E0844	M02_DY_TO_DY	CORE13	DY	DY	G808-E0844	ch	edy	0	f77r	f77r	G808-P0242	f77r.25	25	7	B	B	2	2	EXACT	-0.365560828323	22	-0.110851967367	1	-0.0681692045536	72	0	0	-0.119585752214	95	-0.121033555163	95	-0.0635029127127	68	-0.14750954438	4	0.0476986205761	6	-0.226637882912	1	-0.544582000244	-0.544582000244	-0.539915708403	-0.496883379668	-0.771219883156
M02_DY_TO_DY:G808-E0848	M02_DY_TO_DY	CORE13	DY	DY	G808-E0848	ch	edy	0	f77r	f77r	G808-P0242	f77r.33	33	2	B	B	2	3	EXACT	-0.365560828323	22	0.0417514207614	2	-0.088699392621	72	0.0800361365576	2	-0.131586628248	96	-0.128064692575	98	-0.100455418548	68	0.11113966961	4	0.129905066786	6	0.215726609983	2	-0.412508800183	-0.332472663625	-0.42426482611	-0.282603733397	-0.1967821902
M02_DY_TO_DY:G808-E0850	M02_DY_TO_DY	CORE13	DY	DY	G808-E0850	ch	edy	0	f77r	f77r	G808-P0242	f77r.35	35	3	B	B	2	3	EXACT	-0.365560828323	22	-0.0831461247922	1	-0.0778438974962	72	0.0613715816046	3	-0.126626510628	95	-0.121342909907	98	-0.087629338299	68	0.0884952176202	4	0.184597507495	6	0.0533900548449	3	-0.526550850612	-0.465179269007	-0.536336291414	-0.341953343117	-0.473160795767
M02_DY_TO_DY:G808-E0853	M02_DY_TO_DY	CORE13	DY	DY	G808-E0853	ch	edy	0	f77r	f77r	G808-P0242	f77r.36	36	4	B	B	2	2	EXACT	-0.365560828323	22	0	0	-0.0769359661869	72	-0.0188498456899	1	-0.126522874587	94	-0.126501546414	95	-0.0918428234604	68	0.176467228933	4	0.0019151735393	6	-0.0192225146067	1	-0.44249679451	-0.4613466402	-0.457403651784	-0.440581620971	-0.461719309117
M02_DY_TO_DY:G808-E0859	M02_DY_TO_DY	CORE13	DY	DY	G808-E0859	ch	edy	0	f77v	f77v	G808-P0244	f77v.7	7	10	B	B	2	3	EXACT	-0.177951985504	17	0	0	-0.0953199495076	72	0	0	-0.0881986928015	89	-0.0897303170545	89	-0.0921045779656	68	-0.149994699205	4	-0.0832251700701	6	0	0	-0.273271935012	-0.273271935012	-0.27005656347	-0.356497105082	-0.273271935012
M02_DY_TO_DY:G808-E0862	M02_DY_TO_DY	CORE13	DY	DY	G808-E0862	ch	edy	0	f77v	f77v	G808-P0244	f77v.10	10	7	B	B	2	3	EXACT	-0.177951985504	17	-0.0871460634271	1	-0.0769659728098	72	-0.0772636243257	2	-0.0733523715284	90	-0.0742423357687	92	-0.0798327972129	68	-0.0282433914401	4	-0.225539311668	6	-0.0663823630911	2	-0.342064021741	-0.419327646067	-0.344930846144	-0.567603333409	-0.408446384832
M02_DY_TO_DY:G808-E0864	M02_DY_TO_DY	CORE13	DY	DY	G808-E0864	ch	edy	0	f77v	f77v	G808-P0244	f77v.11	11	6	B	B	2	3	EXACT	-0.177951985504	17	-0.0413322226242	2	-0.0833102334906	72	-0.0815870308783	2	-0.0773669079718	91	-0.0782704141501	93	-0.0823125896379	68	-0.10028361247	4	-0.175945932881	6	-0.0707057696437	2	-0.302594441619	-0.384181472497	-0.301596797766	-0.478540374501	-0.373300211263
M02_DY_TO_DY:G808-E0874	M02_DY_TO_DY	CORE13	DY	DY	G808-E0874	ch	edy	0	f77v	f77v	G808-P0245	f77v.22	22	3	B	B	2	3	EXACT	-0.292606629758	31	0.17211048795	2	-0.0662717470967	72	0	0	-0.115471491637	105	-0.11700311589	105	-0.0753645198119	68	0.0882919555782	4	0.305429229231	6	0	0	-0.186767888904	-0.186767888904	-0.195860661619	0.118661340327	-0.186767888904
M02_DY_TO_DY:G808-E0877	M02_DY_TO_DY	CORE13	DY	DY	G808-E0877	ch	edy	0	f77v	f77v	G808-P0245	f77v.27	27	7	B	B	2	3	EXACT	-0.292606629758	31	-0.360849478899	1	-0.0805247923425	72	0.306743906861	2	-0.133359868244	104	-0.125956937997	106	-0.0823138656892	68	-0.0501239789316	4	0.211406152047	6	0.312389518162	2	-0.733980900999	-0.427236994138	-0.735769974346	-0.522574748953	-0.421591382837
M02_DY_TO_DY:G808-E0880	M02_DY_TO_DY	CORE13	DY	DY	G808-E0880	ch	edy	0	f77v	f77v	G808-P0246	f77v.30	30	9	B	B	2	2	EXACT	-0.24077093439	36	-0.17664216602	4	-0.0978728671778	72	0.237605178247	1	-0.136316629278	112	-0.134243391399	113	-0.0756581724867	68	-0.475536110409	4	-0.193870560353	6	0.400122513203	2	-0.515285967588	-0.277680789341	-0.493071272897	-0.709156527942	-0.115163454385
M02_DY_TO_DY:G808-E0883	M02_DY_TO_DY	CORE13	DY	DY	G808-E0883	ch	edy	0	f77v	f77v	G808-P0246	f77v.33	33	4	B	B	2	3	EXACT	-0.24077093439	36	-0.0225107584778	3	-0.064189672174	72	-0.199150508787	1	-0.110061855975	111	-0.112090453794	112	-0.0777975861335	68	0.167131431655	4	0.0514194338373	6	-0.0590826041578	2	-0.327471365042	-0.526621873829	-0.341079279002	-0.276051931205	-0.3865539692
M02_DY_TO_DY:G808-E0892	M02_DY_TO_DY	CORE13	DY	DY	G808-E0892	ch	edy	0	f77v	f77v	G808-P0246	f77v.41	41	1	B	B	2	3	EXACT	-0.24077093439	36	0.048181330848	4	-0.072156507091	72	0	0	-0.111755272906	112	-0.113286897159	112	-0.0792440457344	68	0.0483182163639	4	-0.0651845556238	6	0	0	-0.264746110633	-0.264746110633	-0.271833649277	-0.329930666257	-0.264746110633
M02_DY_TO_DY:G808-E0905	M02_DY_TO_DY	CORE13	DY	DY	G808-E0905	ch	edy	0	f78r	f78r	G808-P0247	f78r.9	9	6	B	B	2	2	EXACT	-0.213594799005	58	0	0	-0.0971390244824	72	-0.126572438796	1	-0.148929247952	130	-0.149795424844	131	-0.0991755534741	68	-0.0625317927653	4	-0.25164015171	6	-0.115681653321	1	-0.310733823487	-0.437306262283	-0.312770352479	-0.562373975197	-0.426415476808
M02_DY_TO_DY:G808-E0916	M02_DY_TO_DY	CORE13	DY	DY	G808-E0916	ch	edy	0	f78r	f78r	G808-P0247	f78r.18	18	3	B	B	2	2	EXACT	-0.213594799005	58	0.241671355757	1	-0.0698361628522	72	0.340651582781	2	-0.130873775282	131	-0.124617567322	133	-0.0783448379664	68	0.0747975529475	4	0.199947266001	6	0.105269102793	4	-0.0417596061003	0.298891976681	-0.0502682812144	0.1581876599	0.0635094966927
M02_DY_TO_DY:G808-E0920	M02_DY_TO_DY	CORE13	DY	DY	G808-E0920	ch	edy	0	f78r	f78r	G808-P0248	f78r.30	30	6	B	B	2	3	EXACT	-0.345646313045	41	-0.0453143978305	3	-0.0895333312066	72	0	0	-0.172606343065	116	-0.17385190048	116	-0.0870191681198	68	-0.132287864824	4	0.0474515691173	6	-0.226785213151	1	-0.480494042082	-0.480494042082	-0.477979878995	-0.433042472965	-0.707279255233
M02_DY_TO_DY:G808-E0923	M02_DY_TO_DY	CORE13	DY	DY	G808-E0923	ch	edy	0	f78r	f78r	G808-P0248	f78r.32	32	4	B	B	2	3	EXACT	-0.345646313045	41	0.178741116805	1	-0.0829641007701	72	-0.126572438796	1	-0.168880591678	114	-0.169520495247	115	-0.0977145264798	68	0.167779375154	4	0.212703083286	6	-0.115681653321	1	-0.24986929701	-0.376441735806	-0.26461972272	-0.0371662137243	-0.365550950331
M02_DY_TO_DY:G808-E0925	M02_DY_TO_DY	CORE13	DY	DY	G808-E0925	ch	edy	0	f78r	f78r	G808-P0248	f78r.38	38	6	B	B	2	2	EXACT	-0.345646313045	41	0.0503210966412	1	-0.111250903635	72	0.0948659360734	2	-0.187872432261	114	-0.18377177575	116	-0.0890935061784	68	-0.487940421539	4	0.146664231052	6	0.225849230133	2	-0.406576120039	-0.311710183966	-0.384418722582	-0.259911888987	-0.180726889906
M02_DY_TO_DY:G808-E0943	M02_DY_TO_DY	CORE13	DY	DY	G808-E0943	ch	edy	0	f78v	f78v	G808-P0249	f78v.11	11	2	B	B	2	3	EXACT	-0.301759968713	63	0.00264471850588	4	-0.0911872103548	72	-0.0246486705953	2	-0.184988332029	139	-0.183545559678	141	-0.102301497139	68	0.097741731903	4	0.183296881657	6	0.175866192522	2	-0.390302460562	-0.414951131158	-0.401416747346	-0.207005578905	-0.214436268041
M02_DY_TO_DY:G808-E0946	M02_DY_TO_DY	CORE13	DY	DY	G808-E0946	ch	edy	0	f78v	f78v	G808-P0249	f78v.14	14	6	B	B	2	2	EXACT	-0.301759968713	63	0	0	-0.0842306009945	72	0.288449777866	2	-0.187120031545	135	-0.180997946811	137	-0.0869478589203	68	-0.0380511493246	4	-0.32174549801	6	0.299746423123	2	-0.385990569708	-0.0975407918416	-0.388707827634	-0.707736067718	-0.0862441465847
M02_DY_TO_DY:G808-E0951	M02_DY_TO_DY	CORE13	DY	DY	G808-E0951	ch	edy	0	f78v	f78v	G808-P0249	f78v.18	18	1	B	B	2	3	EXACT	-0.301759968713	63	0.0821936510343	3	-0.103610614923	72	0	0	-0.191169507091	138	-0.192378109857	138	-0.112386630639	68	0.0455677191813	4	0.0305261451951	6	0	0	-0.323176932602	-0.323176932602	-0.331952948318	-0.292650787407	-0.323176932602
M02_DY_TO_DY:G808-E0954	M02_DY_TO_DY	CORE13	DY	DY	G808-E0954	ch	edy	0	f78v	f78v	G808-P0250	f78v.21	21	1	B	B	2	2	EXACT	-0.202968072304	30	-0.0666594523299	2	-0.0961034326339	72	0	0	-0.114625052174	104	-0.115833654941	104	-0.104437849392	68	0.0455677191813	4	-0.278018264791	6	0	0	-0.365730957268	-0.365730957268	-0.374065374025	-0.643749222059	-0.365730957268
M02_DY_TO_DY:G808-E0957	M02_DY_TO_DY	CORE13	DY	DY	G808-E0957	ch	edy	0	f78v	f78v	G808-P0250	f78v.23	23	2	B	B	2	2	EXACT	-0.202968072304	30	-0.0382821925805	3	-0.0899487942186	72	-0.241531372877	1	-0.109046365302	105	-0.111254050363	106	-0.100990232994	68	0.097741731903	4	-0.0602456125247	6	-0.230234727621	1	-0.331199059103	-0.57273043198	-0.342240497879	-0.391444671628	-0.561433786723
M02_DY_TO_DY:G808-E0967	M02_DY_TO_DY	CORE13	DY	DY	G808-E0967	ch	edy	0	f79r	f79r	G808-P0253	f79r.14	14	9	B	B	2	3	EXACT	-0.14187655154	31	-0.358406387495	1	-0.102459134527	72	0.0871220256256	2	-0.103351012679	104	-0.100639422907	106	-0.0989735273342	68	-0.161728920975	4	0.182277989168	6	0.0974234685461	2	-0.602742073563	-0.515620047937	-0.59925646637	-0.420464084395	-0.505318605017
M02_DY_TO_DY:G808-E0987	M02_DY_TO_DY	CORE13	DY	DY	G808-E0987	ch	edy	0	f79r	f79r	G808-P0258	f79r.41	41	8	B	B	2	3	EXACT	-0.174120591257	11	-0.0996441566104	2	-0.0890750280767	72	0.0329027693942	3	-0.0721006074178	85	-0.068890222823	88	-0.0848021205043	68	-0.161728920975	4	0.182277989168	6	0.0394368982064	3	-0.362839775944	-0.32993700655	-0.358566868372	-0.180561786776	-0.323402877737
M02_DY_TO_DY:G808-E0988	M02_DY_TO_DY	CORE13	DY	DY	G808-E0988	ch	edy	0	f79r	f79r	G808-P0258	f79r.42	42	3	B	B	2	3	EXACT	-0.174120591257	11	0.0382420439089	1	-0.0785876292065	72	0.0372625915396	1	-0.0613120214354	84	-0.0612739166552	85	-0.0883372793994	68	0.0871419599062	4	0.21600244468	6	0.181095427085	1	-0.214466176554	-0.177203585015	-0.224215826747	0.0015362681259	-0.0333707494698
M02_DY_TO_DY:G808-E0990	M02_DY_TO_DY	CORE13	DY	DY	G808-E0990	ch	edy	0	f79v	f79v	G808-P0259	f79v.4	4	5	B	B	2	2	EXACT	-0.404009761464	26	-0.294209773507	2	-0.0983821986326	72	0.0361984844177	1	-0.165528730212	100	-0.164581268789	101	-0.0965921225196	68	-0.128826377834	4	0.0480636826202	6	0.046248595216	1	-0.796601733603	-0.760403249185	-0.79481165749	-0.748538050983	-0.750353138387
M02_DY_TO_DY:G808-E1003	M02_DY_TO_DY	CORE13	DY	DY	G808-E1003	ch	edy	0	f79v	f79v	G808-P0265	f79v.41	41	7	B	B	2	3	EXACT	-0.239603481348	23	-0.0495632746565	3	-0.0825343758084	72	0	0	-0.100141010574	98	-0.101485436569	98	-0.0845228592772	68	-0.0487430421178	4	0.104015345275	6	0	0	-0.371701131813	-0.371701131813	-0.373689615281	-0.267685786537	-0.371701131813
M02_DY_TO_DY:G808-E0060	M02_DY_TO_DY	CORE13	DY	DY	G808-E0060	ch	eody	1	f7r	f7r	G808-P0021	f7r.2	2	9	H	A	1	3	EXACT	0.383219388692	10	0	0	0.0768619448129	72	0	0	0.143231330298	82	0.141720066113	82	0.109149312964	68	-0.47203596754	4	0.0406510726674	6	0	0	0.460081333505	0.460081333505	0.492368701656	0.500732406173	0.460081333505
M02_DY_TO_DY:G808-E1016	M02_DY_TO_DY	CORE13	DY	DY	G808-E1016	ch	edy	0	f80r	f80r	G808-P0267	f80r.29	29	3	B	B	2	3	EXACT	-0.406212481089	25	0.203526365717	3	-0.080778200628	72	0.494444601833	1	-0.137558836216	100	-0.132400139636	101	-0.0957532554301	68	0.1737844883	4	-0.0238318737415	6	0.505393394985	1	-0.283464316001	0.210980285832	-0.298439370803	-0.307296189742	0.221929078984
M02_DY_TO_DY:G808-E1020	M02_DY_TO_DY	CORE13	DY	DY	G808-E1020	ch	edy	0	f80r	f80r	G808-P0269	f80r.41	41	3	B	B	2	2	EXACT	-0.363192431434	19	0.218968982638	2	-0.0729826484338	72	0.150364996281	2	-0.105836600047	93	-0.101193303625	95	-0.0874991413421	68	0.1737844883	4	-0.25763931205	6	0.139917476292	2	-0.21720609723	-0.0668411009486	-0.231722590138	-0.47484540928	-0.0772886209376
M02_DY_TO_DY:G808-E1022	M02_DY_TO_DY	CORE13	DY	DY	G808-E1022	ch	edy	0	f80r	f80r	G808-P0269	f80r.44	44	4	B	B	2	2	EXACT	-0.363192431434	19	-0.0658184589763	1	-0.0665514902142	72	0.494444601833	1	-0.107581550278	92	-0.102180309657	93	-0.0740137864966	68	0.0602943038777	4	0.328245585008	6	0.505393394985	1	-0.495562380624	-0.0011177787915	-0.503024676906	-0.167316795616	0.00983101436078
M02_DY_TO_DY:G808-E1024	M02_DY_TO_DY	CORE13	DY	DY	G808-E1024	ch	edy	0	f80r	f80r	G808-P0269	f80r.45	45	4	B	B	2	2	EXACT	-0.363192431434	19	0	0	-0.0572247393443	72	-0.0881476253738	1	-0.100814768051	91	-0.101745589715	92	-0.070387105673	68	0.166522245535	4	0.148606389664	6	-0.0771988322215	1	-0.420417170778	-0.508564796152	-0.433579537107	-0.271810781114	-0.497616002999
M02_DY_TO_DY:G808-E1029	M02_DY_TO_DY	CORE13	DY	DY	G808-E1029	ch	edy	0	f80v	f80v	G808-P0271	f80v.4	4	4	B	B	2	2	EXACT	-0.578148553725	14	0	0	-0.0772657639971	72	-0.0925435453946	4	-0.132984727924	86	-0.131212575117	90	-0.0919266815199	68	0.171956898581	4	0.224464943474	6	-0.113899152072	4	-0.655414317722	-0.747957863117	-0.670075235245	-0.430949374248	-0.769313469794
M02_DY_TO_DY:G808-E1030	M02_DY_TO_DY	CORE13	DY	DY	G808-E1030	ch	edy	0	f80v	f80v	G808-P0271	f80v.5	5	2	B	B	2	3	EXACT	-0.578148553725	14	-0.125537098544	2	-0.0976730074396	72	0	0	-0.149165207671	88	-0.150690040609	88	-0.109929073668	68	0.110667183134	4	0.147875287868	6	-0.0142796898252	1	-0.801358659709	-0.801358659709	-0.813614725937	-0.65348337184	-0.815638349534
M02_DY_TO_DY:G808-E1035	M02_DY_TO_DY	CORE13	DY	DY	G808-E1035	ch	edy	0	f80v	f80v	G808-P0271	f80v.6	6	9	B	B	2	2	EXACT	-0.578148553725	14	-0.169748603007	1	-0.109399385144	72	0	0	-0.159825102315	87	-0.161349935252	87	-0.0878595671632	68	-0.475589226127	4	-0.289130049694	6	0	0	-0.857296541876	-0.857296541876	-0.835756723896	-1.14642659157	-0.857296541876
M02_DY_TO_DY:G808-E1051	M02_DY_TO_DY	CORE13	DY	DY	G808-E1051	ch	edy	0	f80v	f80v	G808-P0275	f80v.24	24	8	B	B	2	3	EXACT	-0.266782934235	14	-0.0568302507458	2	-0.102863419366	72	0.158012610563	3	-0.102314949606	88	-0.0941452147342	91	-0.106062273807	68	-0.0484958291844	4	0.0612697608884	6	0.151460458811	3	-0.426476604347	-0.268463993784	-0.429675458788	-0.365206843459	-0.275016145536
M02_DY_TO_DY:G808-E1055	M02_DY_TO_DY	CORE13	DY	DY	G808-E1055	ch	edy	0	f80v	f80v	G808-P0278	f80v.40	40	8	B	B	2	3	EXACT	-0.279163497842	25	-0.340248992172	2	-0.093529224276	72	0	0	-0.128232053246	99	-0.129756886183	99	-0.0961790084174	68	-0.0484958291844	4	0.119462911935	6	0.041995085158	1	-0.71294171429	-0.71294171429	-0.715591498432	-0.593478802356	-0.670946629132
M02_DY_TO_DY:G808-E1058	M02_DY_TO_DY	CORE13	DY	DY	G808-E1058	ch	edy	0	f80v	f80v	G808-P0278	f80v.41	41	7	B	B	2	3	EXACT	-0.279163497842	25	0.426659982058	1	-0.0888292089243	72	0.494422578248	1	-0.114945777809	98	-0.109974556678	99	-0.0858596543176	68	-0.139324572549	4	-0.325647577666	6	0.504529395396	1	0.0586672752918	0.55308985354	0.0616368298986	-0.266980302374	0.563196670688
M02_DY_TO_DY:G808-E1062	M02_DY_TO_DY	CORE13	DY	DY	G808-E1062	ch	edy	0	f81r	f81r	G808-P0279	f81r.3	3	6	B	B	2	2	EXACT	-0.323782771052	26	-0.0927477593209	1	-0.0857436048103	72	0.024291237336	1	-0.132360589889	99	-0.131935099421	100	-0.0875675989155	68	-0.0547488330572	4	-0.0367775524265	6	0.0351660846122	1	-0.502274135184	-0.477982897848	-0.504098129289	-0.53905168761	-0.467108050571
M02_DY_TO_DY:G808-E1072	M02_DY_TO_DY	CORE13	DY	DY	G808-E1072	ch	edy	0	f81r	f81r	G808-P0280	f81r.19	19	3	B	B	2	2	EXACT	-0.341330896093	33	0	0	-0.0753168369772	72	-0.0241001106094	1	-0.147205699808	105	-0.147203566379	106	-0.0833477329457	68	0.0611952664524	4	0.00108568236539	6	0.0687467695738	2	-0.41664773307	-0.44074784368	-0.424678629039	-0.415562050705	-0.347900963496
M02_DY_TO_DY:G808-E1074	M02_DY_TO_DY	CORE13	DY	DY	G808-E1074	ch	edy	0	f81r	f81r	G808-P0280	f81r.20	20	3	B	B	2	2	EXACT	-0.341330896093	33	0	0	-0.0766017484041	72	-0.467153673586	1	-0.14808678193	105	-0.152256086999	106	-0.0860758298466	68	0.0844445080835	4	0.16016513938	6	-0.45627882631	1	-0.417932644497	-0.885086318083	-0.42740672594	-0.257767505117	-0.874211470807
M02_DY_TO_DY:G808-E1076	M02_DY_TO_DY	CORE13	DY	DY	G808-E1076	ch	edy	0	f81r	f81r	G808-P0280	f81r.22	22	2	B	B	2	3	EXACT	-0.341330896093	33	-0.115898530072	4	-0.0552001292015	72	0.021461621297	2	-0.132291974954	109	-0.130404688172	111	-0.0654168782632	68	0.118471476813	4	0.0106867085711	6	0.0273449443311	2	-0.512429555366	-0.490967934069	-0.522646304428	-0.501742846795	-0.485084611035
M02_DY_TO_DY:G808-E1080	M02_DY_TO_DY	CORE13	DY	DY	G808-E1080	ch	edy	0	f81r	f81r	G808-P0280	f81r.25	25	7	B	B	2	2	EXACT	-0.341330896093	33	0	0	-0.0772268281913	72	-0.110491725136	1	-0.14851540807	105	-0.149315934133	106	-0.0724792712985	68	-0.157948423404	4	0.0754199045642	6	-0.151470658692	1	-0.418557724284	-0.52904944942	-0.413810167392	-0.34313781972	-0.570028382976
M02_DY_TO_DY:G808-E1084	M02_DY_TO_DY	CORE13	DY	DY	G808-E1084	ch	edy	0	f81r	f81r	G808-P0280	f81r.28	28	2	B	B	2	2	EXACT	-0.341330896093	33	0	0	-0.0863469849554	72	0.0275098834277	2	-0.154769229851	105	-0.152223519785	107	-0.0983959020027	68	0.118471476813	4	0.308630442593	6	0.000576688100109	2	-0.427677881048	-0.400167997621	-0.439726798096	-0.119047438455	-0.427101192948
M02_DY_TO_DY:G808-E1093	M02_DY_TO_DY	CORE13	DY	DY	G808-E1093	ch	edy	0	f81v	f81v	G808-P0282	f81v.17	17	2	B	B	2	3	EXACT	-0.311007910572	47	-0.0547443728337	1	-0.0980443813866	72	-0.237746772596	1	-0.176645988545	120	-0.178313267465	121	-0.109965770425	68	0.10460598264	4	0.0925381260211	6	-0.242176610006	1	-0.463796664792	-0.701543437388	-0.47571805383	-0.371258538771	-0.705973274798
M02_DY_TO_DY:G808-E1096	M02_DY_TO_DY	CORE13	DY	DY	G808-E1096	ch	edy	0	f81v	f81v	G808-P0282	f81v.21	21	5	B	B	2	2	EXACT	-0.311007910572	47	-0.0559688119784	2	-0.0951605439644	72	0	0	-0.173838756239	121	-0.175260252594	121	-0.0947813145003	68	-0.101620694486	4	-0.210945155487	6	0	0	-0.462137266514	-0.462137266514	-0.46175803705	-0.673082422001	-0.462137266514
M02_DY_TO_DY:G808-E1108	M02_DY_TO_DY	CORE13	DY	DY	G808-E1108	ch	edy	0	f82r	f82r	G808-P0284	f82r.11	11	7	B	B	2	2	EXACT	-0.254492985337	32	0	0	-0.0856510189947	72	0	0	-0.125351025134	104	-0.126873572661	104	-0.0813895781653	68	-0.158108435221	4	-0.346272000525	6	0	0	-0.340144004332	-0.340144004332	-0.335882563502	-0.686416004857	-0.340144004332
M02_DY_TO_DY:G808-E1117	M02_DY_TO_DY	CORE13	DY	DY	G808-E1117	ch	edy	0	f82r	f82r	G808-P0285	f82r.21	21	8	B	B	2	3	EXACT	-0.183599115935	47	0.0774501837851	2	-0.0762112117074	72	-0.0575549341828	3	-0.110630458283	121	-0.1100505099	124	-0.0779186375381	68	-0.0471978947119	4	0.221854329492	6	-0.0474150418335	3	-0.182360143858	-0.23991507804	-0.184067569688	0.0394941856346	-0.229775185691
M02_DY_TO_DY:G808-E1128	M02_DY_TO_DY	CORE13	DY	DY	G808-E1128	ch	edy	0	f82v	f82v	G808-P0286	f82v.7	7	4	B	B	2	3	EXACT	-0.400190140212	11	0.246531087055	2	-0.091514830571	72	0	0	-0.094848142983	85	-0.096413198581	85	-0.106477812956	68	0.162842301807	4	-0.280712496372	6	-0.120855614342	2	-0.245173883728	-0.245173883728	-0.260136866114	-0.5258863801	-0.36602949807
M02_DY_TO_DY:G808-E1136	M02_DY_TO_DY	CORE13	DY	DY	G808-E1136	ch	edy	0	f82v	f82v	G808-P0287	f82v.12	12	7	B	B	2	3	EXACT	-0.324893518421	18	-0.00398052508403	2	-0.0881360489075	72	0.191570978201	1	-0.110057790535	92	-0.108006128662	93	-0.0920159444157	68	-0.0221913934426	4	0.219014704856	6	0.168937518987	1	-0.417010092412	-0.225439114211	-0.420889987921	-0.197995387556	-0.248072573425
M02_DY_TO_DY:G808-E1143	M02_DY_TO_DY	CORE13	DY	DY	G808-E1143	ch	edy	0	f82v	f82v	G808-P0289	f82v.22	22	2	B	B	2	3	EXACT	-0.269636622955	28	-0.109221436828	2	-0.115586888975	72	-0.124621667763	1	-0.142426927817	102	-0.143481971607	103	-0.128313884698	68	0.100758470128	4	-0.0207486646961	6	-0.114588905908	1	-0.494444948759	-0.619066616522	-0.507171944482	-0.515193613455	-0.609033854668
M02_DY_TO_DY:G808-E1155	M02_DY_TO_DY	CORE13	DY	DY	G808-E1155	ch	edy	0	f83r	f83r	G808-P0292	f83r.2	2	10	B	B	2	3	EXACT	-0.385550722898	19	-0.0582506510015	3	-0.089986320003	72	0	0	-0.12731708429	94	-0.128828786032	94	-0.085948226239	68	-0.158648697568	4	0.00732023025971	6	-0.0273444109194	2	-0.533787693903	-0.533787693903	-0.529749600139	-0.526467463643	-0.561132104822
M02_DY_TO_DY:G808-E1159	M02_DY_TO_DY	CORE13	DY	DY	G808-E1159	ch	edy	0	f83r	f83r	G808-P0292	f83r.6	6	6	B	B	2	3	EXACT	-0.385550722898	19	-0.117355688018	2	-0.0846744825087	72	-0.265690046493	2	-0.125361938687	93	-0.129104229927	95	-0.0813376664601	68	-0.14141513891	4	0.0761080832599	6	-0.330622118861	2	-0.587580893425	-0.853270939917	-0.584244077376	-0.511472810165	-0.918203012285
M02_DY_TO_DY:G808-E1163	M02_DY_TO_DY	CORE13	DY	DY	G808-E1163	ch	edy	0	f83r	f83r	G808-P0292	f83r.8	8	5	B	B	2	2	EXACT	-0.385550722898	19	0	0	-0.0730176957749	72	0	0	-0.11660829428	91	-0.118119996021	91	-0.0777007106864	68	0.00657877414694	4	0.185270739741	6	0	0	-0.458568418673	-0.458568418673	-0.463251433585	-0.273297678933	-0.458568418673
M02_DY_TO_DY:G808-E1177	M02_DY_TO_DY	CORE13	DY	DY	G808-E1177	ch	edy	0	f83r	f83r	G808-P0294	f83r.22	22	5	B	B	2	2	EXACT	-0.216265886317	18	0	0	-0.0747576121825	72	0.105064958211	1	-0.0805975165658	90	-0.0796912229068	91	-0.0728627871991	68	-0.106984420476	4	-0.102323631722	6	0.0434198952149	1	-0.291023498499	-0.185958540288	-0.289128673516	-0.393347130221	-0.247603603284
M02_DY_TO_DY:G808-E1184	M02_DY_TO_DY	CORE13	DY	DY	G808-E1184	ch	edy	0	f83r	f83r	G808-P0295	f83r.25	25	5	B	B	2	2	EXACT	-0.22217857374	12	-0.402253548585	1	-0.0582393587337	72	0.160231982816	1	-0.0579491592931	85	-0.0565241604674	86	-0.0620530597017	68	0.00657877414694	4	-0.294631105454	6	0.172595442393	1	-0.682671481059	-0.522439498243	-0.686485182027	-0.977302586513	-0.510076038666
M02_DY_TO_DY:G808-E1186	M02_DY_TO_DY	CORE13	DY	DY	G808-E1186	ch	edy	0	f83r	f83r	G808-P0295	f83r.27	27	2	B	B	2	2	EXACT	-0.22217857374	12	0	0	-0.0686819787198	72	-0.463189044762	1	-0.0629600104945	84	-0.0687758760901	85	-0.0728605924453	68	0.00233967103922	4	0.30186748971	6	-0.605416649075	1	-0.29086055246	-0.754049597222	-0.295039166185	0.0110069372507	-0.896277201535
M02_DY_TO_DY:G808-E1194	M02_DY_TO_DY	CORE13	DY	DY	G808-E1194	ch	edy	0	f83r	f83r	G808-P0296	f83r.43	43	3	B	B	2	1	EXACT	-0.168416779483	31	0	0	-0.0789795172952	72	-0.149426137349	1	-0.0926034584499	103	-0.0943310022321	104	-0.0875822720242	68	0.0672525295221	4	-0.443388920903	6	0.00603816586871	1	-0.247396296778	-0.396822434127	-0.255999051507	-0.690785217681	-0.241358130909
M02_DY_TO_DY:G808-E1197	M02_DY_TO_DY	CORE13	DY	DY	G808-E1197	ch	edy	0	f83r	f83r	G808-P0297	f83r.49	49	3	B	B	2	1	EXACT	-0.488441387479	3	0	0	-0.0630201552571	72	0.126106699617	1	-0.0430480063055	75	-0.0418816841971	76	-0.0600686340463	68	-0.113210799415	4	0.155008725663	6	0.138470159195	1	-0.551461542736	-0.425354843119	-0.548510021526	-0.396452817074	-0.412991383542
M02_DY_TO_DY:G808-E1200	M02_DY_TO_DY	CORE13	DY	DY	G808-E1200	ch	edy	0	f83v	f83v	G808-P0299	f83v.5	5	4	B	B	2	3	EXACT	-0.373145676695	19	0.0621299234227	3	-0.0596048659515	72	0	0	-0.0978703621119	94	-0.0993861732064	94	-0.0730010167765	68	0.168116904898	4	-0.170969595752	6	0.449190339206	1	-0.370620619224	-0.370620619224	-0.384016770049	-0.541590214976	0.0785697199819
M02_DY_TO_DY:G808-E1203	M02_DY_TO_DY	CORE13	DY	DY	G808-E1203	ch	edy	0	f83v	f83v	G808-P0299	f83v.7	7	4	B	B	2	3	EXACT	-0.373145676695	19	0.233585006664	4	-0.0854714601957	72	-0.110408607114	1	-0.108415389535	95	-0.109608187692	96	-0.100389175388	68	0.168116904898	4	-0.0277808959664	6	-0.151282074759	1	-0.225032130227	-0.335440737341	-0.239949845419	-0.252813026193	-0.376314204985
M02_DY_TO_DY:G808-E1207	M02_DY_TO_DY	CORE13	DY	DY	G808-E1207	ch	edy	0	f83v	f83v	G808-P0300	f83v.16	16	8	B	B	2	3	EXACT	-0.281960594597	23	0.030951941335	3	-0.0816865724433	72	0.161645902551	1	-0.106914293871	98	-0.105384017531	99	-0.0836682320305	68	-0.048011152637	4	0.300673553968	6	0.172233026997	1	-0.332695225705	-0.171049323155	-0.334676885293	-0.0320216717372	-0.160462198708
M02_DY_TO_DY:G808-E1209	M02_DY_TO_DY	CORE13	DY	DY	G808-E1209	ch	edy	0	f83v	f83v	G808-P0300	f83v.18	18	7	B	B	2	3	EXACT	-0.281960594597	23	-0.0882565781913	4	-0.0741842028986	72	-0.278106906167	2	-0.104732482495	99	-0.109027936443	101	-0.0757245466303	68	-0.048011152637	4	0.193423226564	6	-0.346196025264	2	-0.444401375687	-0.722508281854	-0.445941719419	-0.250978149123	-0.790597400951
M02_DY_TO_DY:G808-E1217	M02_DY_TO_DY	CORE13	DY	DY	G808-E1217	ch	edy	0	f83v	f83v	G808-P0301	f83v.31	31	4	B	B	2	2	EXACT	-0.368425496954	37	0	0	-0.0551092899285	72	0.180460373841	2	-0.151785193852	109	-0.14671995941	111	-0.0748144185978	68	0.279865104272	4	0.284953798745	6	0.11919528495	3	-0.423534786883	-0.243074413042	-0.443239915552	-0.138580988138	-0.304339501933
M02_DY_TO_DY:G808-E1247	M02_DY_TO_DY	CORE13	DY	DY	G808-E1247	ch	edy	0	f85r2	f85r	G808-P0313	f85r2.15	15	3	C	B	2	2	EXACT	-0.0670344811791	9	0	0	-0.00291911414161	70	0.210350811049	1	0.0200047812175	79	0.0213095644145	80	-0.00988521247177	66	0.112023350716	4	0.307326712423	6	0.221274960965	1	-0.0699535953207	0.140397215728	-0.0769196936509	0.237373117103	0.151321365645
M02_DY_TO_DY:G808-E1248	M02_DY_TO_DY	CORE13	DY	DY	G808-E1248	ch	edy	0	f85r2	f85r	G808-P0314	f85r2.19	19	5	C	B	2	2	EXACT	-0.095586679123	12	0	0	-0.0447569170889	70	0	0	-0.0248610212278	82	-0.0263704217249	82	-0.0206007256118	66	-0.44333223405	4	0.174803916214	6	0	0	-0.140343596212	-0.140343596212	-0.116187404735	0.0344603200024	-0.140343596212
M02_DY_TO_DY:G808-E1261	M02_DY_TO_DY	CORE13	DY	DY	G808-E1261	ch	edy	0	f86v3	f86v	G808-P0320	f86v3.34	34	3	C	B	2	2	EXACT	-0.0627521610096	21	-0.0415685600611	1	-0.0339208768952	69	-0.189795318823	1	-0.0141668056288	91	-0.0175163995979	92	-0.0410176648053	65	0.081401876343	4	0.20890636785	6	-0.0200828289251	2	-0.138241597966	-0.328036916789	-0.145338385876	0.0706647698842	-0.158324426891
M02_DY_TO_DY:G808-E1282	M02_DY_TO_DY	CORE13	DY	DY	G808-E1282	ch	edy	0	f86v5	f86v	G808-P0325	f86v5.39	39	2	T	B	2	2	EXACT	0.014449557531	55	-0.202227432814	1	-0.0452788762364	72	0	0	-0.0211077787459	128	-0.022999583749	128	-0.0477852116395	68	-0.00268636214841	4	-0.000505547608706	6	0	0	-0.233056751519	-0.233056751519	-0.235563086922	-0.233562299128	-0.233056751519
M02_DY_TO_DY:G808-E1283	M02_DY_TO_DY	CORE13	DY	DY	G808-E1283	ch	edy	0	f86v6	f86v	G808-P0326	f86v6.1	1	6	T	B	2	3	EXACT	-0.105769252108	36	0	0	-0.042723615919	72	0.204647615407	1	-0.0507618453096	108	-0.049929600872	109	-0.0437837762693	68	-0.0247160777286	4	0.183819435163	6	0.14770946948	1	-0.148492868027	0.0561547473801	-0.149553028377	0.035326567136	-0.000783398546895
M02_DY_TO_DY:G808-E1285	M02_DY_TO_DY	CORE13	DY	DY	G808-E1285	ch	edy	0	f86v6	f86v	G808-P0326	f86v6.3	3	4	T	B	2	3	EXACT	-0.105769252108	36	-0.141737072076	3	-0.0398127780579	72	0.758608295338	1	-0.0505822536535	111	-0.0448785008235	112	-0.0527438525451	68	0.18000030046	4	0.201446701797	6	0.765454979886	1	-0.287319102242	0.471289193096	-0.300250176729	-0.0858724004454	0.478135877644
M02_DY_TO_DY:G808-E1288	M02_DY_TO_DY	CORE13	DY	DY	G808-E1288	ch	edy	0	f86v6	f86v	G808-P0326	f86v6.6	6	5	T	B	2	3	EXACT	-0.105769252108	36	0.0423853932813	3	-0.0396822718593	71	0	0	-0.0461014762062	110	-0.0479932812092	110	-0.036074011073	67	-0.100130781973	4	-0.038740868356	6	-0.140272403357	1	-0.103066130686	-0.103066130686	-0.0994578698999	-0.141806999042	-0.243338534043
M02_DY_TO_DY:G808-E1298	M02_DY_TO_DY	CORE13	DY	DY	G808-E1298	ch	edy	0	f86v6	f86v	G808-P0328	f86v6.23	23	4	T	B	2	3	EXACT	-0.182912910725	39	-0.0794031419965	5	-0.0135904441521	72	0	0	-0.0620680537575	116	-0.0639598587606	116	-0.0296030654964	68	0.258608930937	4	-0.195895262108	6	-0.0268655431186	2	-0.275906496873	-0.275906496873	-0.291919118218	-0.471801758981	-0.302772039992
M02_DY_TO_DY:G808-E1302	M02_DY_TO_DY	CORE13	DY	DY	G808-E1302	ch	edy	0	f86v6	f86v	G808-P0328	f86v6.26	26	4	T	B	2	3	EXACT	-0.182912910725	39	0.311756571821	2	-0.0201539357109	72	0	0	-0.0596036885187	113	-0.0614954935218	113	-0.0319286077071	68	0.18000030046	4	0.151073751793	6	0	0	0.108689725385	0.108689725385	0.0969150533891	0.259763477178	0.108689725385
M02_DY_TO_DY:G808-E1307	M02_DY_TO_DY	CORE13	DY	DY	G808-E1307	ch	edy	0	f86v6	f86v	G808-P0328	f86v6.29	29	7	T	B	2	3	EXACT	-0.182912910725	39	0	0	-0.0453535907416	72	-0.136580224952	2	-0.0831407669119	111	-0.0852436786358	113	-0.0404584889823	68	-0.128585508416	4	0.107838830001	6	-0.155257030279	2	-0.228266501466	-0.364846726418	-0.223371399707	-0.120427671465	-0.383523531746
M02_DY_TO_DY:G808-E1309	M02_DY_TO_DY	CORE13	DY	DY	G808-E1309	ch	eody	1	f86v6	f86v	G808-P0329	f86v6.35	35	4	T	B	2	3	EXACT	-0.0543524536153	69	-0.296471932422	4	-0.0383759429371	72	0.154636343312	4	-0.0601970344865	145	-0.0552070863053	149	-0.0512224977113	68	0.18000030046	4	0.201446701797	6	0.145536820242	4	-0.389200328974	-0.234563985662	-0.402046883749	-0.187753627178	-0.243663508733
M02_DY_TO_DY:G808-E1330	M02_DY_TO_DY	CORE13	DY	DY	G808-E1330	ch	eody	1	f88r	f88r	G808-P0334	f88r.9	9	11	P	A	1	3	EXACT	-0.0121769794895	12	0.332618504457	1	0.0708281409378	71	-0.182321796476	1	0.0885516252123	84	0.0843732392637	85	0.103342581558	67	-0.473790212312	4	0.0579619422895	6	-0.18384918316	1	0.391269665905	0.208947869429	0.423784106525	0.449231608194	0.207420482745
M02_DY_TO_DY:G808-E1347	M02_DY_TO_DY	CORE13	DY	DY	G808-E1347	ch	eody	1	f88v	f88v	G808-P0338	f88v.16	16	7	P	A	1	2	EXACT	0.321645362281	6	0	0	0.101900202952	72	0.0301631037626	1	0.149357626123	78	0.146813994389	79	0.111151955307	68	-0.0553896129147	4	-0.0611961379376	6	0.0405607428215	1	0.423545565232	0.453708668995	0.432797317588	0.362349427295	0.464106308054
M02_DY_TO_DY:G808-E1351	M02_DY_TO_DY	CORE13	DY	DY	G808-E1351	ch	eody	1	f88v	f88v	G808-P0338	f88v.18	18	5	P	A	1	2	EXACT	0.321645362281	6	0	0	0.093813286036	72	0	0	0.141892779739	78	0.140461918783	78	0.106550111153	68	-0.122722766768	4	0.137496830125	6	0	0	0.415458648317	0.415458648317	0.428195473434	0.552955478442	0.415458648317
M02_DY_TO_DY:G808-E1352	M02_DY_TO_DY	CORE13	DY	DY	G808-E1352	ch	eody	1	f88v	f88v	G808-P0338	f88v.19	19	6	P	A	1	3	EXACT	0.321645362281	6	-0.0787626701195	2	0.0831324099817	72	0.175629092678	1	0.127066396482	80	0.126621317341	81	0.0952409482719	68	-0.122722766768	4	-0.0357481271261	6	0.186026731737	1	0.326015102143	0.501644194821	0.338123640433	0.290266975017	0.51204183388
M02_DY_TO_DY:G808-E1354	M02_DY_TO_DY	CORE13	DY	DY	G808-E1354	ch	eody	1	f88v	f88v	G808-P0338	f88v.20	20	2	P	A	1	2	EXACT	0.321645362281	6	0	0	0.107500918191	72	0	0	0.154527517113	78	0.153096656157	78	0.112606432014	68	0.0206971573825	4	0.129232245978	6	0	0	0.429146280472	0.429146280472	0.434251794295	0.558378526449	0.429146280472
M02_DY_TO_DY:G808-E1358	M02_DY_TO_DY	CORE13	DY	DY	G808-E1358	ch	edy	0	f89r1	f89r	G808-P0340	f89r1.7	7	5	P	A	1	3	EXACT	-0.00613463049977	11	0.0335343043391	1	0.0874185814051	72	0	0	0.100692111652	84	0.0992036663081	84	0.0987417387542	68	-0.105086495264	4	0.0984030187826	6	-0.225541094639	1	0.114818255244	0.114818255244	0.126141412594	0.213221274027	-0.110722839394
M02_DY_TO_DY:G808-E1366	M02_DY_TO_DY	CORE13	DY	DY	G808-E1366	ch	eody	1	f89r1	f89r	G808-P0342	f89r1.20	20	5	P	A	1	3	EXACT	0.0947607498813	16	0	0	0.108951240832	72	0.0292474037294	1	0.128616108361	88	0.12637770095	89	0.121541025206	68	-0.105086495264	4	0.198025787003	6	0.0416179596755	1	0.203711990713	0.232959394442	0.216301775087	0.401737777716	0.245329950389
M02_DY_TO_DY:G808-E1368	M02_DY_TO_DY	CORE13	DY	DY	G808-E1368	ch	eody	1	f89r1	f89r	G808-P0342	f89r1.23	23	3	P	A	1	2	EXACT	0.0947607498813	16	0	0	0.106583994915	72	0.486502753348	1	0.126679270793	88	0.129600326159	89	0.114704344283	68	-0.0314733460691	4	0.145717507121	6	0.448741305862	1	0.201344744796	0.687847498144	0.209465094164	0.347062251917	0.650086050659
M02_DY_TO_DY:G808-E1376	M02_DY_TO_DY	CORE13	DY	DY	G808-E1376	ch	eody	1	f89v1	f89v	G808-P0344	f89v1.13	13	9	P	A	1	3	EXACT	0.0402016826931	27	0.439733104565	1	0.112067417452	72	0	0	0.111339657626	100	0.109815982921	100	0.127820221352	68	-0.155741650591	4	-0.354504504177	6	0	0	0.59200220471	0.59200220471	0.60775500861	0.237497700533	0.59200220471
M02_DY_TO_DY:G808-E1417	M02_DY_TO_DY	CORE13	DY	DY	G808-E1417	ch	eody	1	f94r	f94r	G808-P0348	f94r.2	2	2	H	B	3	3	EXACT	-0.218783412364	28	0.133108113623	4	0.00465777622372	72	0.0248599669777	1	-0.0358205413174	104	-0.0364116130348	105	-0.00142200835355	68	0.108001041503	4	0.13459584459	6	0.0350539862076	1	-0.0810175225172	-0.0561575555395	-0.0870973070944	0.0535783220728	-0.0459635363095
M02_DY_TO_DY:G808-E1420	M02_DY_TO_DY	CORE13	DY	DY	G808-E1420	ch	edy	0	f94v	f94v	G808-P0350	f94v.5	5	2	H	B	3	3	EXACT	-0.0536688802443	10	0.237709863825	1	0.00296243502592	72	0	0	0.0283956738726	83	0.0268038675814	83	-0.00333133452371	68	0.109943716837	4	0.338863179663	6	0	0	0.187003418607	0.187003418607	0.180709649057	0.52586659827	0.187003418607
M02_DY_TO_DY:G808-E1432	M02_DY_TO_DY	CORE13	DY	DY	G808-E1432	ch	edy	0	f95r2	f95r	G808-P0355	f95r2.5	5	6	H	B	3	3	EXACT	-0.193474728788	13	0	0	-0.0184491487635	71	0	0	-0.0194463527077	84	-0.020957616892	84	-0.0114228743563	67	-0.136147571928	4	0.310249384657	6	0	0	-0.211923877552	-0.211923877552	-0.204897603144	0.0983255071056	-0.211923877552
M02_DY_TO_DY:G808-E1462	M02_DY_TO_DY	CORE13	DY	DY	G808-E1462	ch	eody	1	f99r	f99r	G808-P0364	f99r.30	30	2	P	A	1	2	EXACT	0.0931485125499	8	0.0928771149075	1	0.0848398435422	72	0	0	0.115698453889	81	0.114292824242	81	0.0841873352305	68	0.0959204195173	4	-0.41128795675	6	0	0	0.270865471	0.270865471	0.270212962688	-0.14042248575	0.270865471
M02_DY_TO_DY:G808-E1523	M02_DY_TO_DY	CORE13	DY	DY	G808-E1523	cth	edy	0	f102r1	f102r	G808-P0375	f102r1.10	10	9	P	A	1	2	EXACT	0.0294200617066	9	0	0	0.0614207350698	72	0	0	0.0904666229129	81	0.0882992739722	81	0.0804919831525	68	-0.262802967113	4	-0.110480352646	6	-0.0392831870377	1	0.0908407967763	0.0908407967763	0.109912044859	-0.01963955587	0.0515576097387
M02_DY_TO_DY:G808-E1768	M02_DY_TO_DY	CORE13	DY	DY	G808-E1768	cth	edy	0	f107r	f107r	G808-P0491	f107r.14	14	1	S	B	3	3	EXACT	-0.0970232382119	13	-0.0364569811821	4	0.0211236507901	72	0	0	0.0303008405545	89	0.0280562495001	89	0.0147769049708	68	0.12900502812	4	-0.0881928407484	6	0	0	-0.112356568604	-0.112356568604	-0.118703314423	-0.200549409352	-0.112356568604
M02_DY_TO_DY:G808-E2118	M02_DY_TO_DY	CORE13	DY	DY	G808-E2118	cth	edy	0	f114v	f114v	G808-P0621	f114v.6	6	3	S	B	3	3	EXACT	0.0246471203356	7	0	0	0.0788999425702	72	0	0	0.109939277929	79	0.107509062721	79	0.0739303347471	68	0.163367366421	4	0.0432328067226	6	0	0	0.103547062906	0.103547062906	0.0985774550827	0.146779869628	0.103547062906
M02_DY_TO_DY:G808-E2205	M02_DY_TO_DY	CORE13	DY	DY	G808-E2205	cth	edy	0	f116r	f116r	G808-P0663	f116r.28	28	7	S	B	3	3	EXACT	-0.247406145961	74	-0.23606479985	1	-0.0300316375221	71	0	0	-0.147895709515	146	-0.150087446759	146	-0.0297378785147	67	-0.034963164223	4	-0.151788552237	6	0	0	-0.513502583334	-0.513502583334	-0.513208824327	-0.665291135571	-0.513502583334
M02_DY_TO_DY:G808-E0268	M02_DY_TO_DY	CORE13	DY	DY	G808-E0268	cth	edy	0	f26r	f26r	G808-P0090	f26r.5	5	8	H	B	2	2	EXACT	-0.0100137759414	13	-0.0652124404904	1	-0.0562041604478	72	-0.117385831735	2	-0.0188416893772	86	-0.0225764769448	88	-0.0530641562944	68	-0.109597745201	4	-0.149312685922	6	-0.205758735399	2	-0.13143037688	-0.248816208615	-0.128290372726	-0.280743062802	-0.337189112279
M02_DY_TO_DY:G808-E0583	M02_DY_TO_DY	CORE13	DY	DY	G808-E0583	cth	eody	1	f51v	f51v	G808-P0192	f51v.6	6	2	H	A	1	2	EXACT	0.0780232209276	38	0.214100063695	2	0.0567884302481	72	0	0	0.076942302453	112	0.0746534839973	112	0.0550504180474	68	0.0863211595713	4	0.016911650926	6	-0.138796756041	1	0.348911714871	0.348911714871	0.34717370267	0.365823365797	0.21011495883
M02_DY_TO_DY:G808-E0610	M02_DY_TO_DY	CORE13	DY	DY	G808-E0610	cth	eody	1	f53v	f53v	G808-P0197	f53v.5	5	5	H	A	1	2	EXACT	0.121115270848	25	0	0	0.0446707295029	72	0.0821619770236	1	0.0831577046618	97	0.0812048866662	98	0.0531069496989	68	-0.0987584036034	4	0.0445013570131	6	0.0791797579108	1	0.165786000351	0.247947977374	0.174222220547	0.210287357364	0.244965758262
M02_DY_TO_DY:G808-E0719	M02_DY_TO_DY	CORE13	DY	DY	G808-E0719	cth	edy	0	f75v	f75v	G808-P0226	f75v.5	5	10	B	B	2	3	EXACT	-0.299994551962	53	-0.187588082852	1	-0.114418528108	72	-0.0347553931887	1	-0.191212525947	126	-0.191794972901	127	-0.10756027075	68	-0.231022760203	4	-0.0362627739895	6	-0.0303860364719	1	-0.602001162922	-0.63675655611	-0.595142905564	-0.638263936911	-0.632387199393
M02_DY_TO_DY:G808-E0793	M02_DY_TO_DY	CORE13	DY	DY	G808-E0793	cth	edy	0	f76v	f76v	G808-P0236	f76v.14	14	5	B	B	2	3	EXACT	-0.341297115373	20	-0.187992581262	2	-0.0845982605875	72	-0.0349774257407	1	-0.118215044439	94	-0.119255999024	95	-0.08419690846	68	-0.0914363535971	4	-0.313715574491	6	-0.0292560981302	1	-0.613887957222	-0.648865382963	-0.613486605095	-0.927603531713	-0.643144055353
M02_DY_TO_DY:G808-E0804	M02_DY_TO_DY	CORE13	DY	DY	G808-E0804	cth	edy	0	f76v	f76v	G808-P0237	f76v.21	21	1	B	B	2	3	EXACT	-0.262759965114	31	-0.0161528866922	3	-0.0648007657445	72	0	0	-0.10647960606	106	-0.108803272172	106	-0.0762633194147	68	0.130047539808	4	-0.131803705425	6	0	0	-0.343713617551	-0.343713617551	-0.355176171221	-0.475517322976	-0.343713617551
M02_DY_TO_DY:G808-E1316	M02_DY_TO_DY	CORE13	DY	DY	G808-E1316	cth	eody	1	f87r	f87r	G808-P0330	f87r.10	10	4	H	A	1	2	EXACT	0.103295417903	24	0	0	0.0590210019915	72	0.0319785348842	1	0.0896834512129	96	0.0871177443043	97	0.0544189634339	68	0.137242465853	4	0.19814066454	6	0.0371569050435	1	0.162316419894	0.194294954779	0.157714381337	0.360457084435	0.199473324938
M02_DY_TO_DY:G808-E1361	M02_DY_TO_DY	CORE13	DY	DY	G808-E1361	cth	eody	1	f89r1	f89r	G808-P0340	f89r1.8	8	8	P	A	1	2	EXACT	0.141136541681	19	-0.072692421855	1	0.0776130968758	72	0	0	0.11244380534	92	0.110219746004	92	0.0958249324175	68	-0.232000453525	4	-0.0137999854807	6	0.0699753165091	1	0.146057216702	0.146057216702	0.164269052244	0.132257231221	0.216032533211
M02_DY_TO_DY:G808-E1836	M02_DY_TO_DY	CORE13	DY	DY	G808-E1836	k	edy	0	f108r	f108r	G808-P0519	f108r.9	9	9	S	B	3	3	EXACT	0.0338538494477	28	0	0	-0.00816022299858	72	0.00913456439451	1	0.0218982466335	100	0.0198108435076	101	-0.00447215934134	68	-0.0708719244228	4	-0.104840551269	6	-0.0275066478448	2	0.0256936264491	0.0348281908436	0.0293816901064	-0.0791469248195	-0.00181302139567
M02_DY_TO_DY:G808-E1840	M02_DY_TO_DY	CORE13	DY	DY	G808-E1840	k	edy	0	f108r	f108r	G808-P0521	f108r.19	19	5	S	B	3	2	EXACT	-0.394012014457	13	0.161042988481	1	0.000217389021517	72	-0.113820404642	1	-0.0254229474949	86	-0.0283331306775	87	0.00756045511903	68	-0.124629353887	4	-0.322251960126	6	-0.126493039469	1	-0.232751636954	-0.346572041596	-0.225408570857	-0.55500359708	-0.359244676424
M02_DY_TO_DY:G808-E1984	M02_DY_TO_DY	CORE13	DY	DY	G808-E1984	k	edy	0	f112r	f112r	G808-P0556	f112r.25	25	6	S	B	3	3	EXACT	-0.0351018048144	11	0	0	0.0113204684243	72	0.155929152697	1	0.0370833069167	83	0.0366937144971	84	0.0192354390334	68	-0.123252109433	4	-0.120436499751	6	0.160869923706	1	-0.0237813363901	0.132147816307	-0.015866365781	-0.144217836141	0.137088587316
M02_DY_TO_DY:G808-E2001	M02_DY_TO_DY	CORE13	DY	DY	G808-E2001	k	edy	0	f112v	f112v	G808-P0564	f112v.8	8	8	S	B	3	3	EXACT	-0.217167143979	10	0.180810118538	1	0.0210452019155	72	0	0	0.026261350693	83	0.0239875091851	83	0.0272805994552	68	-0.084969815329	4	0.0369344015197	6	0.0336210872948	1	-0.0153118235252	-0.0153118235252	-0.00907642598553	0.0216225779945	0.0183092637696
M02_DY_TO_DY:G808-E2016	M02_DY_TO_DY	CORE13	DY	DY	G808-E2016	k	edy	0	f112v	f112v	G808-P0572	f112v.37	37	10	S	B	3	3	EXACT	-0.236420833179	14	-0.0847170250083	3	-0.018742438982	72	-0.199445395507	1	-0.0273705924875	89	-0.031129066948	90	-0.014847490907	68	-0.084969815329	4	-0.116737380871	6	-0.193908455894	1	-0.33988029717	-0.539325692677	-0.335985349095	-0.456617678041	-0.533788753064
M02_DY_TO_DY:G808-E2186	M02_DY_TO_DY	CORE13	DY	DY	G808-E2186	k	eody	1	f115v	f115v	G808-P0657	f115v.42	42	5	S	B	3	3	EXACT	0.105902279887	16	-0.0587860225995	1	-0.0428668543845	72	0.064621220518	1	0.00834840190285	89	0.00741207599508	90	-0.0366475786925	68	-0.148609992297	4	0.213996914864	6	0.0705151123987	1	0.00424940290325	0.0688706234212	0.0104686785953	0.218246317768	0.074764515302
M02_DY_TO_DY:G808-E2202	M02_DY_TO_DY	CORE13	DY	DY	G808-E2202	k	edy	0	f116r	f116r	G808-P0663	f116r.24	24	9	S	B	3	3	EXACT	-0.265926916653	78	0.0335980141793	2	-0.0290047477268	71	-0.0668610679532	1	-0.156148116315	151	-0.157285573922	152	-0.0293742172005	67	-0.022827197369	4	-0.126808243916	6	-0.0630069835048	1	-0.261333650201	-0.328194718154	-0.261703119674	-0.388141894116	-0.324340633705
M02_DY_TO_DY:G808-E0208	M02_DY_TO_DY	CORE13	DY	DY	G808-E0208	k	eody	1	f20v	f20v	G808-P0069	f20v.9	9	2	H	A	1	2	EXACT	0.176045494634	25	0.117162763802	1	0.0713394208313	72	0	0	0.117255476697	98	0.11503976705	98	0.0732703796769	68	0.0384996423679	4	0.17776116455	6	0	0	0.364547679268	0.364547679268	0.366478638113	0.542308843818	0.364547679268
M02_DY_TO_DY:G808-E0278	M02_DY_TO_DY	CORE13	DY	DY	G808-E0278	k	eody	1	f26v	f26v	G808-P0092	f26v.6	6	2	H	B	2	3	EXACT	0.0190675169028	36	0.124632999371	3	-0.0559191040881	72	-0.025316461189	1	-0.0151431969778	111	-0.017092234239	112	-0.0612105855024	68	0.0340222265741	4	-0.215447256693	6	-0.12951992935	1	0.0877814121862	0.0624649509972	0.0824899307719	-0.127665844506	-0.0417385171639
M02_DY_TO_DY:G808-E0281	M02_DY_TO_DY	CORE13	DY	DY	G808-E0281	k	eody	1	f26v	f26v	G808-P0092	f26v.8	8	6	H	B	2	3	EXACT	0.0190675169028	36	0	0	-0.0753790191806	72	0	0	-0.0324712472861	108	-0.0346592777828	108	-0.0726097546247	68	-0.122470370011	4	-0.0787951552937	6	0.0778065107145	2	-0.0563115022778	-0.0563115022778	-0.053542237722	-0.135106657571	0.0214950084367
M02_DY_TO_DY:G808-E0402	M02_DY_TO_DY	CORE13	DY	DY	G808-E0402	k	edy	0	f40v	f40v	G808-P0144	f40v.13	13	3	H	B	2	2	EXACT	-0.115469400668	31	-0.0136187413735	1	-0.0225054697083	72	0	0	-0.0354915907728	104	-0.0377032975458	104	-0.0266814748057	68	0.0484730847577	4	-0.280276661102	6	0	0	-0.15159361175	-0.15159361175	-0.155769616847	-0.431870272852	-0.15159361175
M02_DY_TO_DY:G808-E0449	M02_DY_TO_DY	CORE13	DY	DY	G808-E0449	k	edy	0	f43v	f43v	G808-P0158	f43v.12	12	2	H	B	2	3	EXACT	0.0675705348351	23	0.107462900965	3	-0.0463456215751	72	0.00606613799719	2	0.00562394957461	98	0.00420604602381	100	-0.0519037945545	68	0.0481367870997	4	-0.0497061136237	6	-0.0170015265915	2	0.128687814225	0.134753952222	0.123129641246	0.0789817006014	0.111686287634
M02_DY_TO_DY:G808-E0452	M02_DY_TO_DY	CORE13	DY	DY	G808-E0452	k	eody	1	f43v	f43v	G808-P0158	f43v.13	13	6	H	B	2	2	EXACT	0.0675705348351	23	0	0	-0.0560644663388	72	0	0	-0.00547665180906	95	-0.0076301126299	95	-0.0566274322619	68	-0.0465005776203	4	-0.216182360681	6	-0.0619731160378	1	0.0115060684963	0.0115060684963	0.0109431025731	-0.204676292185	-0.0504670475415
M02_DY_TO_DY:G808-E0498	M02_DY_TO_DY	CORE13	DY	DY	G808-E0498	k	eody	1	f46v	f46v	G808-P0175	f46v.3	3	2	H	B	2	3	EXACT	-0.0546797098975	41	-0.166142124722	4	-0.070413785279	72	0	0	-0.0593231848224	117	-0.0615391640174	117	-0.0770674273949	68	0.0426845197132	4	-0.277555389026	6	0	0	-0.291235619898	-0.291235619898	-0.297889262014	-0.568791008925	-0.291235619898
M02_DY_TO_DY:G808-E0520	M02_DY_TO_DY	CORE13	DY	DY	G808-E0520	k	edy	0	f48r	f48r	G808-P0180	f48r.3	3	8	H	B	5	3	EXACT	0.0203714873489	34	0	0	-0.0327229702369	72	-0.0852270221913	1	-0.00292860136267	106	-0.00560479629983	107	-0.0328759548722	68	-0.0301346629308	4	-0.0594394457873	6	-0.0937514885294	2	-0.012351482888	-0.0975785050793	-0.0125044675233	-0.0717909286753	-0.106102971417
M02_DY_TO_DY:G808-E0688	M02_DY_TO_DY	CORE13	DY	DY	G808-E0688	k	eody	1	f66v	f66v	G808-P0220	f66v.6	6	7	H	B	5	3	EXACT	-0.106055916485	9	0	0	0.0389516242437	72	0	0	0.0555779093686	81	0.0532965891194	81	0.0429438989625	68	-0.0289304478058	4	-0.000638701854827	6	0	0	-0.0671042922417	-0.0671042922417	-0.0631120175228	-0.0677429940965	-0.0671042922417
M02_DY_TO_DY:G808-E0913	M02_DY_TO_DY	CORE13	DY	DY	G808-E0913	k	edy	0	f78r	f78r	G808-P0247	f78r.14	14	6	B	B	2	3	EXACT	-0.236608533167	55	-0.0986773110326	2	-0.111846737978	72	0	0	-0.162784060433	129	-0.164682275284	129	-0.112860982218	68	-0.0946191307727	4	-0.167789842813	6	0	0	-0.447132582177	-0.447132582177	-0.448146826417	-0.614922424991	-0.447132582177
M02_DY_TO_DY:G808-E0917	M02_DY_TO_DY	CORE13	DY	DY	G808-E0917	k	edy	0	f78r	f78r	G808-P0247	f78r.24	24	2	B	B	2	2	EXACT	-0.236608533167	55	0	0	-0.104575382976	72	-0.358882742258	2	-0.159856702482	127	-0.164350143695	129	-0.110508349437	68	-0.00372949802357	4	0.0811270358708	6	-0.368261010914	2	-0.341183916143	-0.700066658401	-0.347116882604	-0.260056880272	-0.709444927058
M02_DY_TO_DY:G808-E0958	M02_DY_TO_DY	CORE13	DY	DY	G808-E0958	k	edy	0	f78v	f78v	G808-P0250	f78v.24	24	9	B	B	2	2	EXACT	-0.236601786594	49	-0.0274789425802	3	-0.118078654828	72	0	0	-0.15818850346	124	-0.160087425296	124	-0.109621257862	68	-0.261869197362	4	-0.165289148478	6	0	0	-0.382159384002	-0.382159384002	-0.373701987036	-0.54744853248	-0.382159384002
M02_DY_TO_DY:G808-E1223	M02_DY_TO_DY	CORE13	DY	DY	G808-E1223	k	edy	0	f85r1	f85r	G808-P0302	f85r1.5	5	8	T	B	2	2	EXACT	-0.183637768149	22	0.46118312936	1	-0.00437225162471	72	0	0	-0.0201663876866	95	-0.0223687606032	95	-0.00428410153691	68	-0.00586769361269	4	-0.145587392656	6	0	0	0.273173109586	0.273173109586	0.273261259674	0.12758571693	0.273173109586
M02_DY_TO_DY:G808-E1227	M02_DY_TO_DY	CORE13	DY	DY	G808-E1227	k	eody	1	f85r1	f85r	G808-P0304	f85r1.14	14	3	T	B	2	3	EXACT	0.0170450867257	29	0.0342186888555	6	-0.0199731841244	72	0	0	0.00891425927863	107	0.00671188636205	107	-0.029301421147	68	0.138609954765	4	-0.152029350249	6	0.0280676341647	2	0.0312905914568	0.0312905914568	0.0219623544342	-0.120738758792	0.0593582256215
M02_DY_TO_DY:G808-E1300	M02_DY_TO_DY	CORE13	DY	DY	G808-E1300	k	eody	1	f86v6	f86v	G808-P0328	f86v6.24	24	2	T	B	2	3	EXACT	-0.163328269314	48	-0.114978801433	4	-0.0719572573056	72	-0.082023450453	1	-0.103068610266	124	-0.105348685043	125	-0.0787618350568	68	0.0437076220201	4	-0.0460347219779	6	-0.0798777927998	1	-0.350264328052	-0.432287778505	-0.357068905803	-0.39629905003	-0.430142120852
M02_DY_TO_DY:G808-E1419	M02_DY_TO_DY	CORE13	DY	DY	G808-E1419	k	edy	0	f94v	f94v	G808-P0349	f94v.4	4	4	H	B	3	2	EXACT	-0.180348878339	15	0	0	-0.0126832554586	72	0.0788915802287	2	-0.0145875372714	87	-0.0138798876702	89	-0.0190479395623	68	0.0955027341814	4	0.246151281531	6	0.0368959520878	3	-0.193032133797	-0.114140553568	-0.199396817901	0.0531191477341	-0.156136181709
M02_DY_TO_DY:G808-E1470	M02_DY_TO_DY	CORE13	DY	DY	G808-E1470	k	eody	1	f99r	f99r	G808-P0365	f99r.43	43	7	P	A	1	3	EXACT	0.215343319027	15	0.357453999831	2	0.0660939929196	72	0.0882560938462	2	0.124116925261	89	0.121944879027	91	0.071040887433	68	-0.0180162400412	4	0.30396265273	6	0.0877865804034	2	0.638891311778	0.727147405624	0.643838206291	0.942853964507	0.726677892181
M02_DY_TO_DY:G808-E1631	M02_DY_TO_DY	CORE13	DY	DY	G808-E1631	kch	eody	1	f104r	f104r	G808-P0422	f104r.38	38	4	S	B	3	2	EXACT	0.0642464789208	9	-0.0750218690654	1	0.00827021290838	72	0	0	0.0466830248346	82	0.0447613463679	82	-0.000553075350365	68	0.158264733924	4	0.0674311706029	6	0	0	-0.00250517723619	-0.00250517723619	-0.0113284654949	0.0649259933667	-0.00250517723619
M02_DY_TO_DY:G808-E1665	M02_DY_TO_DY	CORE13	DY	DY	G808-E1665	kch	eody	1	f105r	f105r	G808-P0438	f105r.3	3	4	S	B	3	3	EXACT	-0.0876277362069	29	-0.00906391192917	3	-0.0342158335382	72	0.344587152422	1	-0.0325363772966	104	-0.03041010452	105	-0.0407080333572	68	0.0761408039651	4	-0.0267151954517	6	0.346507735656	1	-0.130907481674	0.213679670748	-0.137399681493	-0.157622677126	0.215600253981
M02_DY_TO_DY:G808-E1667	M02_DY_TO_DY	CORE13	DY	DY	G808-E1667	kch	edy	0	f105r	f105r	G808-P0440	f105r.12	12	6	S	B	3	3	EXACT	-0.23637853838	9	-0.0529651251734	2	-0.0150904407812	72	0	0	-0.0081311070254	83	-0.00987226126726	83	-0.00789597475044	68	-0.137407122725	4	0.0219322451538	6	0	0	-0.304434104334	-0.304434104334	-0.297239638304	-0.282501859181	-0.304434104334
M02_DY_TO_DY:G808-E2047	M02_DY_TO_DY	CORE13	DY	DY	G808-E2047	kch	eody	1	f113r	f113r	G808-P0585	f113r.29	29	5	S	B	3	3	EXACT	-0.0958981673752	14	0.147286404056	4	-0.0154438592281	72	0	0	0.00529106438886	90	0.0034179947097	90	-0.00657816835902	68	-0.166162295019	4	0.0487742076368	6	0	0	0.0359443774531	0.0359443774531	0.0448100683222	0.0847185850899	0.0359443774531
M02_DY_TO_DY:G808-E2089	M02_DY_TO_DY	CORE13	DY	DY	G808-E2089	kch	edy	0	f114r	f114r	G808-P0608	f114r.5	5	9	S	B	3	3	EXACT	0.120922000637	13	0.0563208648778	3	0.00194628892268	72	0	0	0.0503765198489	88	0.0484085911768	88	0.0077716692687	68	-0.0970872023103	4	0.0697499005854	6	0	0	0.179189154438	0.179189154438	0.185014534784	0.248939055023	0.179189154438
M02_DY_TO_DY:G808-E2127	M02_DY_TO_DY	CORE13	DY	DY	G808-E2127	kch	edy	0	f114v	f114v	G808-P0624	f114v.15	15	10	S	B	3	3	EXACT	0.0850756106322	17	0.184226984038	1	-0.0241980016532	72	-0.0340976163804	1	0.0248122677811	90	0.0224095631066	91	-0.0172336990266	68	-0.142594215184	4	-0.113436982125	6	-0.0322145643279	1	0.245104593017	0.211006976636	0.252068895643	0.131667610892	0.212890028689
M02_DY_TO_DY:G808-E2157	M02_DY_TO_DY	CORE13	DY	DY	G808-E2157	kch	edy	0	f115r	f115r	G808-P0642	f115r.38	38	9	S	B	@	3	EXACT	0.0731824200106	9	0.0275061607411	2	-0.0044523189234	69	0.0324675595172	2	0.0380230694271	80	0.0367571932826	82	0.00146683424297	65	-0.100638671017	4	-0.124993402824	6	0.0326418508815	2	0.0962362618283	0.128703821345	0.102155414995	-0.0287571409958	0.12887811271
M02_DY_TO_DY:G808-E2181	M02_DY_TO_DY	CORE13	DY	DY	G808-E2181	kch	edy	0	f115v	f115v	G808-P0652	f115v.26	26	2	S	B	3	3	EXACT	-0.177206164849	22	-0.0153073855717	3	0.0178373496949	72	0	0	-0.00762486348078	97	-0.0092205775516	97	0.00656925566187	68	0.209392816243	4	0.00849674124872	6	0	0	-0.174676200726	-0.174676200726	-0.185944294759	-0.166179459478	-0.174676200726
M02_DY_TO_DY:G808-E0437	M02_DY_TO_DY	CORE13	DY	DY	G808-E0437	kch	edy	0	f43r	f43r	G808-P0153	f43r.6	6	1	H	B	2	1	EXACT	0.125938070839	29	0	0	-0.0038730289785	72	0	0	0.0498389886412	101	0.0478694810581	101	-0.0102356221941	68	0.104288566143	4	-0.13650143471	6	0	0	0.122065041861	0.122065041861	0.115702448645	-0.0144363928497	0.122065041861
M02_DY_TO_DY:G808-E0980	M02_DY_TO_DY	CORE13	DY	DY	G808-E0980	kch	edy	0	f79r	f79r	G808-P0256	f79r.34	34	2	B	B	2	2	EXACT	-0.185804884817	17	-0.224774028164	1	-0.0633207638444	72	0	0	-0.0625790200072	90	-0.0645495738487	90	-0.0775720371665	68	0.178948418153	4	-0.221795626154	6	0	0	-0.473899676825	-0.473899676825	-0.488150950148	-0.69569530298	-0.473899676825
M02_DY_TO_DY:G808-E1222	M02_DY_TO_DY	CORE13	DY	DY	G808-E1222	kch	edy	0	f85r1	f85r	G808-P0302	f85r1.5	5	2	T	B	2	2	EXACT	-0.163944006233	22	0	0	0.00958975029345	72	0	0	-0.00940376435163	94	-0.0113956867576	94	0.00216528800839	68	0.135821948224	4	-0.165295935641	6	0	0	-0.15435425594	-0.15435425594	-0.161778718225	-0.319650191581	-0.15435425594
M02_DY_TO_DY:G808-E1524	M02_DY_TO_DY	CORE13	DY	DY	G808-E1524	ok	eody	1	f102r1	f102r	G808-P0375	f102r1.11	11	5	P	A	1	3	EXACT	0.0361642211721	7	0	0	0.0850733031791	72	0.00748233236606	2	0.118076921733	79	0.11401487181	81	0.0994858429024	68	-0.159951588097	4	0.261223309067	6	0.00989752865775	2	0.121237524351	0.128719856717	0.135650064074	0.382460833418	0.131135053009
M02_DY_TO_DY:G808-E1545	M02_DY_TO_DY	CORE13	DY	DY	G808-E1545	ok	eody	1	f102v2	f102v	G808-P0379	f102v2.22	22	13	P	A	1	3	EXACT	-0.0689531613827	31	-0.034756714591	6	0.0580294618132	71	0.401628879179	1	0.0308001230788	108	0.03228332093	109	0.0735573842372	67	-0.202069479101	4	-0.145594141157	6	0.404879413938	1	-0.0456804141605	0.355948465018	-0.0301524917365	-0.191274555317	0.359198999777
M02_DY_TO_DY:G808-E1552	M02_DY_TO_DY	CORE13	DY	DY	G808-E1552	ok	edy	0	f103r	f103r	G808-P0381	f103r.4	4	3	S	B	3	2	EXACT	-0.2228254277	27	-0.126272602259	1	-0.02744859887	71	-0.364736554537	1	-0.0636461444196	99	-0.0686269537174	100	-0.0393376416168	67	0.171685216135	4	-0.358894958694	6	-0.361530600688	1	-0.376546628829	-0.741283183366	-0.388435671576	-0.735441587523	-0.738077229517
M02_DY_TO_DY:G808-E1565	M02_DY_TO_DY	CORE13	DY	DY	G808-E1565	ok	edy	0	f103r	f103r	G808-P0387	f103r.21	21	7	S	B	3	3	EXACT	-0.464935831301	11	0.0019362684322	2	0.00113644584737	72	0.00859007258432	2	-0.0260259774418	85	-0.0266664264835	87	0.00366814286707	68	-0.04191411055	4	-0.191951846445	6	0.00589386237663	2	-0.461863117022	-0.453273044437	-0.459331420002	-0.653814963466	-0.455969254645
M02_DY_TO_DY:G808-E1610	M02_DY_TO_DY	CORE13	DY	DY	G808-E1610	ok	edy	0	f103v	f103v	G808-P0408	f103v.35	35	9	S	B	3	3	EXACT	-0.338143455631	21	-0.172519560228	2	-0.0376226007207	72	0	0	-0.0831470295982	95	-0.0856811202087	95	-0.0316193159729	68	-0.139691030885	4	0.181570509526	6	0	0	-0.548285616579	-0.548285616579	-0.542282331832	-0.366715107054	-0.548285616579
M02_DY_TO_DY:G808-E1628	M02_DY_TO_DY	CORE13	DY	DY	G808-E1628	ok	eody	1	f104r	f104r	G808-P0420	f104r.30	30	8	S	B	3	3	EXACT	-0.0788500288159	16	-0.192706815443	2	-0.0113196284036	72	0	0	-0.00149521176434	90	-0.00386631097179	90	-0.00194849824063	68	-0.170640706581	4	0.10942126846	6	0	0	-0.282876472663	-0.282876472663	-0.2735053425	-0.173455204203	-0.282876472663
M02_DY_TO_DY:G808-E1675	M02_DY_TO_DY	CORE13	DY	DY	G808-E1675	ok	edy	0	f105r	f105r	G808-P0442	f105r.17	17	10	S	B	3	3	EXACT	0.0310313591701	30	0	0	-0.0290789844646	70	0.297523619376	1	0.00449675704991	100	0.00554149554204	101	-0.0172887714944	66	-0.223624494149	4	-0.221778126744	6	0.216039699332	2	0.00195237470556	0.299475994082	0.0137425876757	-0.219825752038	0.217992074037
M02_DY_TO_DY:G808-E1831	M02_DY_TO_DY	CORE13	DY	DY	G808-E1831	ok	edy	0	f108r	f108r	G808-P0518	f108r.7	7	2	S	B	3	3	EXACT	-0.243059220769	14	-0.149615789418	3	0.0238514536387	72	-0.0247080229363	1	0.00717021092803	89	0.004974143595	90	0.0195425209822	68	0.0970918303706	4	-0.0422054751783	6	-0.0342255062438	1	-0.368823556548	-0.393531579484	-0.373132489204	-0.411029031726	-0.403049062792
M02_DY_TO_DY:G808-E1834	M02_DY_TO_DY	CORE13	DY	DY	G808-E1834	ok	edy	0	f108r	f108r	G808-P0519	f108r.9	9	4	S	B	3	3	EXACT	-0.000121421780445	28	-0.159570496883	3	-0.00218013890114	72	0	0	0.0121572983292	103	0.00986900362004	103	-0.0101263003405	68	0.13289312714	4	-0.253359683897	6	0	0	-0.161872057564	-0.161872057564	-0.169818219004	-0.415231741461	-0.161872057564
M02_DY_TO_DY:G808-E1842	M02_DY_TO_DY	CORE13	DY	DY	G808-E1842	ok	edy	0	f108r	f108r	G808-P0521	f108r.20	20	6	S	B	3	2	EXACT	-0.313781195414	10	-0.108894891089	3	-0.0122566592934	72	0	0	-0.0155608632062	85	-0.0178491579153	85	0.00566986993797	68	-0.317019134655	4	0.218019110887	6	0	0	-0.434932745796	-0.434932745796	-0.417006216565	-0.216913634909	-0.434932745796
M02_DY_TO_DY:G808-E1848	M02_DY_TO_DY	CORE13	DY	DY	G808-E1848	ok	edy	0	f108r	f108r	G808-P0524	f108r.29	29	2	S	B	3	2	EXACT	-0.51170976809	3	0.309794429534	1	0.0369237548378	72	0	0	0.0637768465185	76	0.0614885518094	76	0.0333837810755	68	0.0970918303706	4	-0.14758322926	6	0	0	-0.164991583718	-0.164991583718	-0.16853155748	-0.312574812978	-0.164991583718
M02_DY_TO_DY:G808-E1876	M02_DY_TO_DY	CORE13	DY	DY	G808-E1876	ok	edy	0	f108r	f108r	G808-P0529	f108r.47	47	5	S	B	3	3	EXACT	-0.311668175872	5	0.153205006949	2	0.0010126249135	72	0	0	0.0270187370774	79	0.0247304423683	79	0.00721168790772	68	-0.104382924416	4	-0.243645131225	6	0.0217293181771	1	-0.157450544009	-0.157450544009	-0.151251481015	-0.401095675234	-0.135721225832
M02_DY_TO_DY:G808-E1880	M02_DY_TO_DY	CORE13	DY	DY	G808-E1880	ok	edy	0	f108r	f108r	G808-P0530	f108r.50	50	6	S	B	3	3	EXACT	-0.384669575443	4	0.227695178896	2	0.00465350456091	72	-0.0456485661432	2	0.0336950259463	78	0.0304276088778	80	0.00669095346377	68	-0.0299946052157	4	0.0716352292888	6	-0.0433755455936	2	-0.152320891985	-0.197969458129	-0.150283443083	-0.0806856626966	-0.195696437579
M02_DY_TO_DY:G808-E1887	M02_DY_TO_DY	CORE13	DY	DY	G808-E1887	ok	edy	0	f108v	f108v	G808-P0533	f108v.7	7	2	S	B	3	3	EXACT	-0.264951434357	27	0.0915417354101	3	-0.00418613917048	72	0	0	-0.0537106740657	102	-0.0557115388788	102	-0.0108018418881	68	0.108268893532	4	0.0407775864169	6	0	0	-0.177595838118	-0.177595838118	-0.184211540835	-0.136818251701	-0.177595838118
M02_DY_TO_DY:G808-E1970	M02_DY_TO_DY	CORE13	DY	DY	G808-E1970	ok	edy	0	f111v	f111v	G808-P0549	f111v.41	41	7	S	B	3	3	EXACT	-0.304141444137	44	-0.121304165392	2	-0.00974338949559	72	-0.00316024013266	2	-0.11516938916	118	-0.114692468653	120	-0.00808982852175	68	-0.0378665223621	4	-0.175957053413	6	-0.00616443240667	2	-0.435188999025	-0.438349239158	-0.433535438051	-0.611146052439	-0.441353431432
M02_DY_TO_DY:G808-E1986	M02_DY_TO_DY	CORE13	DY	DY	G808-E1986	ok	eody	1	f112r	f112r	G808-P0557	f112r.30	30	4	S	B	3	2	EXACT	-0.237373410074	20	0	0	0.0098993492975	72	0.247158664419	2	-0.0195815604691	92	-0.0154313269465	94	0.000571345150334	68	0.168458453306	4	-0.0617279065638	6	0.245871072825	2	-0.227474060776	0.0196846036425	-0.236802064924	-0.28920196734	0.0183970120489
M02_DY_TO_DY:G808-E1993	M02_DY_TO_DY	CORE13	DY	DY	G808-E1993	ok	edy	0	f112r	f112r	G808-P0560	f112r.37	37	4	S	B	3	3	EXACT	0	0	-0.0816993784628	1	0.0411843842817	72	-0.134085883988	1	0.0866561707223	73	0.081829688542	74	0.03369667631	68	0.168458453306	4	-0.191237993123	6	-0.0650307425729	3	-0.0405149941812	-0.174600878169	-0.0480027021528	-0.231752987304	-0.105545736754
M02_DY_TO_DY:G808-E2000	M02_DY_TO_DY	CORE13	DY	DY	G808-E2000	ok	edy	0	f112v	f112v	G808-P0563	f112v.5	5	7	S	B	3	3	EXACT	-0.0655821412328	23	-0.0414328014649	2	-0.00733453040743	72	0.154420648553	1	-0.000764927832384	97	-0.00106340095156	98	-0.00364127365271	68	-0.0701308056966	4	0.1209685106	6	0.156811328458	1	-0.114349473105	0.0400711754476	-0.11065621635	0.00661903749464	0.042461855353
M02_DY_TO_DY:G808-E2008	M02_DY_TO_DY	CORE13	DY	DY	G808-E2008	ok	edy	0	f112v	f112v	G808-P0570	f112v.30	30	7	S	B	3	3	EXACT	-0.0136698891728	2	-0.104029675531	1	-0.00393216537122	72	0	0	0.0378687268141	75	0.0355949084956	75	0.00530880971999	68	-0.161039652381	4	-0.0343348025993	6	0.104933651589	1	-0.121631730075	-0.121631730075	-0.112390754984	-0.155966532675	-0.0166980784861
M02_DY_TO_DY:G808-E0270	M02_DY_TO_DY	CORE13	DY	DY	G808-E0270	ok	edy	0	f26r	f26r	G808-P0091	f26r.9	9	3	H	B	2	3	EXACT	0.0565260585236	11	0.174458457281	3	-0.0558674939274	72	0.314424894101	1	-0.000411556891204	86	0.00124328106581	87	-0.0679683776549	68	0.149835921851	4	0.147986283207	6	0.442057596665	1	0.175117021878	0.489541915979	0.16301613815	0.323103305085	0.617174618542
M02_DY_TO_DY:G808-E0321	M02_DY_TO_DY	CORE13	DY	DY	G808-E0321	ok	edy	0	f31r	f31r	G808-P0109	f31r.12	12	3	H	B	2	2	EXACT	0.0107840632856	13	0.00224244469405	1	-0.0122874195	72	0	0	0.0213872343536	86	0.0191308273225	86	-0.0113362156224	68	-0.0284697863426	4	0.28114602612	6	-0.0865193195133	1	0.000739088479681	0.000739088479681	0.0016902923573	0.281885114599	-0.0857802310336
M02_DY_TO_DY:G808-E0339	M02_DY_TO_DY	CORE13	DY	DY	G808-E0339	ok	edy	0	f33v	f33v	G808-P0116	f33v.8	8	7	H	B	2	3	EXACT	-0.0684156800012	24	0.0659202824444	7	-0.0320679978642	72	0	0	-0.0140340344852	103	-0.0162572909748	103	-0.0279833301666	68	-0.101519064704	4	0.084876139815	6	0.398015702806	2	-0.034563395421	-0.034563395421	-0.0304787277233	0.0503127443941	0.363452307385
M02_DY_TO_DY:G808-E0410	M02_DY_TO_DY	CORE13	DY	DY	G808-E0410	ok	edy	0	f41r	f41r	G808-P0146	f41r.9	9	2	H	B	5	3	EXACT	-0.214684184	14	0.396236167792	3	0.00175572317378	71	-0.414449786088	1	0.0099352087159	88	0.00332017529128	89	-0.00461919988262	67	0.108520852471	4	-0.188187357872	6	-0.424582233831	1	0.183307706965	-0.231142079123	0.176932783909	-0.00487965090645	-0.241274526865
M02_DY_TO_DY:G808-E0416	M02_DY_TO_DY	CORE13	DY	DY	G808-E0416	ok	eody	1	f41v	f41v	G808-P0147	f41v.7	7	8	H	B	5	3	EXACT	-0.239775192152	17	0	0	-0.00885778580912	72	-0.0357736988522	1	-0.0261324369971	89	-0.0281617915337	90	-0.00179390256162	68	-0.128955516997	4	0.126697323798	6	0.144668932938	2	-0.248632977961	-0.284406676813	-0.241569094713	-0.121935654163	-0.103964045023
M02_DY_TO_DY:G808-E0438	M02_DY_TO_DY	CORE13	DY	DY	G808-E0438	ok	edy	0	f43r	f43r	G808-P0154	f43r.7	7	6	H	B	2	3	EXACT	-0.181382614935	8	0.0509831145634	4	-0.00931186270823	72	-0.0228855339496	1	0.0113060140709	84	0.00913144631167	85	-0.00378519696103	68	-0.103278619934	4	-0.00192181018959	6	-0.0314348941603	1	-0.139711363079	-0.162596897029	-0.134184697332	-0.141633173269	-0.17114625724
M02_DY_TO_DY:G808-E0445	M02_DY_TO_DY	CORE13	DY	DY	G808-E0445	ok	eody	1	f43v	f43v	G808-P0156	f43v.2	2	7	H	B	2	3	EXACT	-0.178212429254	14	-0.0458320547838	1	-0.0268444563874	71	-0.0934908247492	1	-0.022621120796	86	-0.0252919282994	87	-0.0253572532356	67	-0.0517626567689	4	-0.0949774967528	6	-0.165408238921	1	-0.250888940425	-0.344379765174	-0.249401737273	-0.345866437178	-0.416297179346
M02_DY_TO_DY:G808-E0523	M02_DY_TO_DY	CORE13	DY	DY	G808-E0523	ok	eody	1	f48r	f48r	G808-P0180	f48r.5	5	3	H	B	5	3	EXACT	-0.0168467579776	33	-0.0186247442706	1	-0.0134200691162	72	0	0	-0.00138160999546	106	-0.00357418288479	106	-0.0237187172941	68	0.161645287874	4	-0.118791380787	6	0	0	-0.0488915713644	-0.0488915713644	-0.0591902195423	-0.167682952152	-0.0488915713644
M02_DY_TO_DY:G808-E0650	M02_DY_TO_DY	CORE13	DY	DY	G808-E0650	ok	eody	1	f58v	f58v	G808-P0210	f58v.2	2	9	S	A	3	3	EXACT	0.0214189678571	84	0.170342870544	4	0.00313983697418	71	0.593629812842	1	0.00811959784257	159	0.00975318754519	160	0.00557462521886	67	-0.0376502183118	4	0.130826847612	6	0.458195072905	2	0.194901675376	0.788531488217	0.19733646362	0.325728522987	0.65309674828
M02_DY_TO_DY:G808-E0664	M02_DY_TO_DY	CORE13	DY	DY	G808-E0664	ok	edy	0	f66r	f66r	G808-P0214	f66r.54	54	7	T	B	5	2	EXACT	-0.205954063134	14	0	0	-0.000229008718289	71	0	0	-0.00465652807255	85	-0.00693227412202	85	0.0076787194136	67	-0.13269933858	4	0.0655771675172	6	0	0	-0.206183071852	-0.206183071852	-0.19827534372	-0.140605904335	-0.206183071852
M02_DY_TO_DY:G808-E0671	M02_DY_TO_DY	CORE13	DY	DY	G808-E0671	ok	eody	1	f66r	f66r	G808-P0217	f66r.67	67	4	T	B	5	2	EXACT	-0.197989027203	13	-0.0938755234777	1	-0.00225622737764	71	0	0	-0.00283245456711	85	-0.00510820061657	85	-0.0113758172007	67	0.150481018507	4	-0.136167395157	6	0	0	-0.294120778059	-0.294120778059	-0.303240367882	-0.430288173216	-0.294120778059
M02_DY_TO_DY:G808-E0717	M02_DY_TO_DY	CORE13	DY	DY	G808-E0717	ok	edy	0	f75r	f75r	G808-P0224	f75r.45	45	4	B	B	2	2	EXACT	-0.287892278199	40	-0.13565483836	1	-0.102548549143	72	-0.0566396727191	2	-0.160540874038	113	-0.160103546233	115	-0.117776486728	68	0.156313163685	4	-0.107973531856	6	-0.0530659489739	2	-0.526095665702	-0.582735338421	-0.541323603287	-0.634069197558	-0.579161614676
M02_DY_TO_DY:G808-E0740	M02_DY_TO_DY	CORE13	DY	DY	G808-E0740	ok	edy	0	f76r	f76r	G808-P0231	f76r.3	3	5	T	B	2	3	EXACT	-0.222291941182	121	0.126156969136	3	-0.0455842972805	69	-0.0238674589555	1	-0.169470185712	193	-0.170277447523	194	-0.0425822479465	65	-0.0943676038377	4	-0.0358819519711	6	-0.0205603897584	1	-0.141719269327	-0.165586728283	-0.138717219993	-0.177601221298	-0.162279659085
M02_DY_TO_DY:G808-E0784	M02_DY_TO_DY	CORE13	DY	DY	G808-E0784	ok	edy	0	f76v	f76v	G808-P0235	f76v.5	5	8	B	B	2	3	EXACT	-0.221211543198	39	-0.0800116359112	2	-0.111186958374	72	0	0	-0.138952670554	113	-0.141062390576	113	-0.107686794982	68	-0.170702860231	4	-0.512728841678	6	-0.0498654763581	1	-0.412410137483	-0.412410137483	-0.408909974091	-0.925138979161	-0.462275613841
M02_DY_TO_DY:G808-E0825	M02_DY_TO_DY	CORE13	DY	DY	G808-E0825	ok	edy	0	f76v	f76v	G808-P0240	f76v.39	39	5	B	B	2	3	EXACT	-0.326295829695	24	-0.139777556477	1	-0.110588033765	72	-0.149658281461	2	-0.144262469002	97	-0.14575453309	99	-0.111804367691	68	-0.0899234811952	4	-0.138706855611	6	-0.151005949817	2	-0.576661419937	-0.726319701397	-0.577877753864	-0.715368275547	-0.727667369754
M02_DY_TO_DY:G808-E0841	M02_DY_TO_DY	CORE13	DY	DY	G808-E0841	ok	edy	0	f77r	f77r	G808-P0241	f77r.22	22	9	B	B	2	3	EXACT	-0.261784944271	54	0.158180985527	3	-0.121180839804	72	0.0407961401973	1	-0.171475935984	129	-0.17171688086	130	-0.120029021802	68	-0.140774151396	4	0.217231180471	6	0.0438315750843	1	-0.224784798548	-0.183988658351	-0.223632980546	-0.00755361807734	-0.180953223464
M02_DY_TO_DY:G808-E0858	M02_DY_TO_DY	CORE13	DY	DY	G808-E0858	ok	edy	0	f77v	f77v	G808-P0244	f77v.7	7	6	B	B	2	3	EXACT	-0.284881162623	33	0	0	-0.100125385049	72	0	0	-0.14486844549	105	-0.147093104266	105	-0.0999651192388	68	-0.102862438381	4	-0.243461951575	6	0	0	-0.385006547672	-0.385006547672	-0.384846281862	-0.628468499247	-0.385006547672
M02_DY_TO_DY:G808-E0929	M02_DY_TO_DY	CORE13	DY	DY	G808-E0929	ok	edy	0	f78v	f78v	G808-P0249	f78v.3	3	4	B	B	2	2	EXACT	-0.351104441871	65	-0.0653744370964	2	-0.10215647528	72	0	0	-0.220437324641	139	-0.22236222371	139	-0.117192617678	68	0.153445309137	4	-0.0766154942258	6	0	0	-0.518635354248	-0.518635354248	-0.533671496646	-0.595250848473	-0.518635354248
M02_DY_TO_DY:G808-E0931	M02_DY_TO_DY	CORE13	DY	DY	G808-E0931	ok	edy	0	f78v	f78v	G808-P0249	f78v.6	6	8	B	B	2	3	EXACT	-0.351104441871	65	0.102866253967	2	-0.117879410026	72	-0.0998988551312	2	-0.226160849243	139	-0.225833543418	141	-0.121461964705	68	-0.0569886168558	4	-0.0399564744498	6	-0.0968083487876	2	-0.366117597931	-0.466016453062	-0.36970015261	-0.406074072381	-0.462925946719
M02_DY_TO_DY:G808-E0941	M02_DY_TO_DY	CORE13	DY	DY	G808-E0941	ok	edy	0	f78v	f78v	G808-P0249	f78v.10	10	8	B	B	2	2	EXACT	-0.351104441871	65	0.370955348171	1	-0.112244574957	72	0	0	-0.223788808392	138	-0.225713707461	138	-0.110568995206	68	-0.140742067081	4	-0.167379698509	6	0.17173830208	1	-0.0923936686574	-0.0923936686574	-0.0907180889067	-0.259773367167	0.0793446334226
M02_DY_TO_DY:G808-E0992	M02_DY_TO_DY	CORE13	DY	DY	G808-E0992	ok	edy	0	f79v	f79v	G808-P0259	f79v.8	8	3	B	B	2	2	EXACT	-0.329679241706	30	-0.176817214653	2	-0.0862146559657	72	0	0	-0.142866479187	104	-0.145075285209	104	-0.0957282360175	68	0.0755043581622	4	-0.0527619275966	6	-0.211211813412	1	-0.592711112324	-0.592711112324	-0.602224692376	-0.645473039921	-0.803922925737
M02_DY_TO_DY:G808-E1090	M02_DY_TO_DY	CORE13	DY	DY	G808-E1090	ok	edy	0	f81v	f81v	G808-P0282	f81v.14	14	5	B	B	2	2	EXACT	-0.260630301081	59	0	0	-0.106594553649	72	0.295068915412	1	-0.176610415726	131	-0.174890463561	132	-0.104266573273	68	-0.146182425912	4	-0.0436938588123	6	0.540386121034	1	-0.36722485473	-0.0721559393178	-0.364896874354	-0.410918713542	0.173161266304
M02_DY_TO_DY:G808-E1168	M02_DY_TO_DY	CORE13	DY	DY	G808-E1168	ok	edy	0	f83r	f83r	G808-P0293	f83r.12	12	7	B	B	2	2	EXACT	-0.240927468989	37	-0.0765511307918	1	-0.0906746904137	72	0	0	-0.13016365445	110	-0.132429991056	110	-0.0921897497834	68	-0.0649322749744	4	-0.209465855145	6	0.151267669973	2	-0.408153290195	-0.408153290195	-0.409668349564	-0.617619145339	-0.256885620222
M02_DY_TO_DY:G808-E1226	M02_DY_TO_DY	CORE13	DY	DY	G808-E1226	ok	eody	1	f85r1	f85r	G808-P0304	f85r1.12	12	2	T	B	2	3	EXACT	0.0040635790951	29	0.218294304486	3	-0.00529991583167	72	0	0	0.019907982106	104	0.0178286523999	104	-0.0118309576315	68	0.105732887508	4	0.0575718855791	6	0	0	0.21705796775	0.21705796775	0.21052692595	0.274629853329	0.21705796775
M02_DY_TO_DY:G808-E1230	M02_DY_TO_DY	CORE13	DY	DY	G808-E1230	ok	edy	0	f85r1	f85r	G808-P0306	f85r1.22	22	6	T	B	2	2	EXACT	-0.0169792559702	12	0	0	-0.000902674161086	72	0	0	0.0274194386229	84	0.0253401089169	84	0.0166063106317	68	-0.298550322897	4	-0.199263361647	6	0	0	-0.0178819301313	-0.0178819301313	-0.000372945338421	-0.217145291778	-0.0178819301313
M02_DY_TO_DY:G808-E1236	M02_DY_TO_DY	CORE13	DY	DY	G808-E1236	ok	edy	0	f85r1	f85r	G808-P0308	f85r1.27	27	4	T	B	2	3	EXACT	0.0659791647645	6	-0.180327176265	1	6.79215899665e-05	72	-0.176163203827	1	0.0398433729865	79	0.0355141686358	80	-0.00752148287769	68	0.129092890282	4	0.0489479496376	6	-0.189048009342	1	-0.114280089911	-0.290443293737	-0.121869494379	-0.0653321402732	-0.303328099253
M02_DY_TO_DY:G808-E1423	M02_DY_TO_DY	CORE13	DY	DY	G808-E1423	ok	edy	0	f94v	f94v	G808-P0351	f94v.9	9	2	H	B	3	3	EXACT	-0.0634227242686	22	-0.0352005406082	5	-0.0200000160153	72	-0.186738869804	1	-0.00863494119162	99	-0.0123375016564	100	-0.0274815138739	68	0.107173708093	4	0.145652033198	6	-0.199743498862	1	-0.118623280892	-0.305362150697	-0.126104778751	0.0270287523056	-0.318366779754
M02_DY_TO_DY:G808-E1540	M02_DY_TO_DY	CORE13	DY	DY	G808-E1540	ot	eody	1	f102v1	f102v	G808-P0378	f102v1.22	22	7	P	A	1	2	EXACT	0.161917180382	19	0	0	0.0534111254526	72	0	0	0.0974373944761	91	0.0956073052128	91	0.0673342749123	68	-0.183300575553	4	0.0689924482712	6	0	0	0.215328305835	0.215328305835	0.229251455294	0.284320754106	0.215328305835
M02_DY_TO_DY:G808-E1600	M02_DY_TO_DY	CORE13	DY	DY	G808-E1600	ot	edy	0	f103v	f103v	G808-P0406	f103v.27	27	8	S	B	3	3	EXACT	-0.234909309635	14	-0.111556115486	2	-0.00496433260708	72	0	0	-0.016905311666	88	-0.0189513861012	88	-0.00453904790045	68	-0.0122103893951	4	-0.158463083696	6	0	0	-0.351429757728	-0.351429757728	-0.351004473021	-0.509892841424	-0.351429757728
M02_DY_TO_DY:G808-E1604	M02_DY_TO_DY	CORE13	DY	DY	G808-E1604	ot	edy	0	f103v	f103v	G808-P0407	f103v.30	30	6	S	B	3	2	EXACT	-0.103103996077	13	0.040518437077	1	0.0118059170244	72	0	0	0.0228225273949	86	0.0207764529597	86	0.0117742341602	68	0.0123283089401	4	-0.351958419765	6	0	0	-0.0507796419752	-0.0507796419752	-0.0508113248394	-0.402738061741	-0.0507796419752
M02_DY_TO_DY:G808-E1609	M02_DY_TO_DY	CORE13	DY	DY	G808-E1609	ot	edy	0	f103v	f103v	G808-P0408	f103v.34	34	9	S	B	3	3	EXACT	-0.413138144083	19	-0.00450379859422	5	-0.0466521497169	72	-0.283062954935	1	-0.0942529657924	96	-0.0978598309335	97	-0.0486790895461	68	-0.0122103893951	4	0.127881768254	6	-0.278085291462	1	-0.464294092394	-0.74735704733	-0.466321032224	-0.336412324141	-0.742379383856
M02_DY_TO_DY:G808-E1617	M02_DY_TO_DY	CORE13	DY	DY	G808-E1617	ot	edy	0	f104r	f104r	G808-P0412	f104r.3	3	6	S	B	3	3	EXACT	-0.103808762532	19	-0.303139644359	2	0.00311914373116	72	0	0	-0.0050863789765	93	-0.00696074586647	93	0.0051961858876	68	-0.0322045248971	4	0.0342060632627	6	0	0	-0.40382926316	-0.40382926316	-0.401752221003	-0.369623199897	-0.40382926316
M02_DY_TO_DY:G808-E1677	M02_DY_TO_DY	CORE13	DY	DY	G808-E1677	ot	edy	0	f105r	f105r	G808-P0442	f105r.18	18	8	S	B	3	3	EXACT	0.0323606930705	19	0.0610706186463	3	-0.0346932983684	71	0.0937214106968	1	0.00433859558848	93	0.00386888514181	94	-0.0359471877237	67	-0.0137069463263	4	0.230540761773	6	0.0453725752651	1	0.0587380133484	0.152459424045	0.0574841239931	0.289278775121	0.104110588613
M02_DY_TO_DY:G808-E1733	M02_DY_TO_DY	CORE13	DY	DY	G808-E1733	ot	edy	0	f106r	f106r	G808-P0465	f106r.23	23	8	S	B	3	3	EXACT	-0.321698794871	4	0.13112881257	2	0.0131942530367	72	-0.0531006543498	1	0.0348415599853	78	0.032407068908	79	0.014984396098	68	-0.0172557198827	4	0.0676087186642	6	-0.0579390306364	1	-0.177375729265	-0.230476383615	-0.175585586204	-0.109767010601	-0.235314759902
M02_DY_TO_DY:G808-E1751	M02_DY_TO_DY	CORE13	DY	DY	G808-E1751	ot	eody	1	f106v	f106v	G808-P0482	f106v.28	28	7	S	B	3	3	EXACT	0.00599012690207	12	-0.0144894732334	1	0.0285026211559	72	-0.134263578258	3	0.0521906346825	85	0.0452282846781	88	0.0405584145389	68	-0.176461499008	4	0.162937151919	6	-0.136235168736	3	0.0200032748246	-0.114260303433	0.0320590682076	0.182940426743	-0.116231893911
M02_DY_TO_DY:G808-E1758	M02_DY_TO_DY	CORE13	DY	DY	G808-E1758	ot	edy	0	f106v	f106v	G808-P0486	f106v.41	41	1	S	B	3	3	EXACT	0.121251527746	6	-0.120797505825	3	0.0210263972593	72	0.0311318343418	1	0.0559715528803	81	0.0544433067997	82	0.0161951462313	68	0.103142032084	4	0.135052228237	6	0.0329494229422	1	0.0214804191809	0.0526122535228	0.0166491681528	0.156532647418	0.0544298421231
M02_DY_TO_DY:G808-E1797	M02_DY_TO_DY	CORE13	DY	DY	G808-E1797	ot	edy	0	f107v	f107v	G808-P0506	f107v.16	16	6	S	B	3	3	EXACT	-0.0973358935186	17	0	0	0.011871924492	72	0	0	0.0136505806724	89	0.0119861561759	89	0.0125700812728	68	-1.19730153977e-05	4	-0.0908894720752	6	0	0	-0.0854639690266	-0.0854639690266	-0.0847658122457	-0.176353441102	-0.0854639690266
M02_DY_TO_DY:G808-E1822	M02_DY_TO_DY	CORE13	DY	DY	G808-E1822	ot	edy	0	f108r	f108r	G808-P0517	f108r.1	1	10	S	B	3	3	EXACT	-0.420792810767	4	0	0	0.0186016879664	71	0	0	0.0333284545937	75	0.0313887938677	75	0.0300728295345	67	-0.173551468771	4	0.15561672337	6	0	0	-0.4021911228	-0.4021911228	-0.390719981232	-0.24657439943	-0.4021911228
M02_DY_TO_DY:G808-E1824	M02_DY_TO_DY	CORE13	DY	DY	G808-E1824	ot	edy	0	f108r	f108r	G808-P0517	f108r.2	2	8	S	B	3	3	EXACT	-0.420792810767	4	0.212222589603	1	-0.0170179311463	72	0	0	0.00299146515246	77	0.00105180442654	77	-0.0118473076852	68	-0.104936174803	4	-0.0156999017156	6	-0.0627411050351	1	-0.22558815231	-0.22558815231	-0.220417528848	-0.241288054025	-0.288329257345
M02_DY_TO_DY:G808-E1825	M02_DY_TO_DY	CORE13	DY	DY	G808-E1825	ot	edy	0	f108r	f108r	G808-P0517	f108r.3	3	7	S	B	3	3	EXACT	-0.420792810767	4	0	0	0.00176701551268	72	0	0	0.0177561898499	76	0.015816529124	76	0.00804263583614	68	-0.104936174803	4	-0.309117265454	6	0	0	-0.419025795254	-0.419025795254	-0.41275017493	-0.728143060708	-0.419025795254
M02_DY_TO_DY:G808-E1830	M02_DY_TO_DY	CORE13	DY	DY	G808-E1830	ot	edy	0	f108r	f108r	G808-P0518	f108r.6	6	8	S	B	3	3	EXACT	-0.138847060108	6	-0.000183685299937	6	-0.0157930827163	72	-0.102453451054	1	0.0113561415752	84	0.00850280266555	85	-0.0173062444453	68	0.0099130218599	4	0.196570317248	6	-0.177246190332	1	-0.154823828124	-0.257277279178	-0.156336989853	0.0417464891241	-0.332070018456
M02_DY_TO_DY:G808-E1841	M02_DY_TO_DY	CORE13	DY	DY	G808-E1841	ot	edy	0	f108r	f108r	G808-P0521	f108r.19	19	9	S	B	3	2	EXACT	-0.386868715856	13	0	0	0.000491336805133	72	0	0	-0.03024641673	85	-0.0321860774559	85	0.00117654220275	68	-0.0111747997713	4	-0.138173365753	6	0	0	-0.386377379051	-0.386377379051	-0.385692173653	-0.524550744804	-0.386377379051
M02_DY_TO_DY:G808-E1855	M02_DY_TO_DY	CORE13	DY	DY	G808-E1855	ot	edy	0	f108r	f108r	G808-P0525	f108r.31	31	7	S	B	3	2	EXACT	-0.553483032378	4	0.169993577813	2	-0.0078496994171	72	0	0	0.006520835113	78	0.00458117438708	78	-0.00213976820717	68	-0.104936174803	4	-0.254020306984	6	0	0	-0.391339153982	-0.391339153982	-0.385629222772	-0.645359460966	-0.391339153982
M02_DY_TO_DY:G808-E1866	M02_DY_TO_DY	CORE13	DY	DY	G808-E1866	ot	edy	0	f108r	f108r	G808-P0528	f108r.39	39	6	S	B	3	3	EXACT	-0.0922308007325	21	0.165004477364	2	0.0147900382163	72	0	0	0.0157316685427	95	0.0137920078168	95	0.0207594109125	68	-0.0867069424357	4	-0.0793013269155	6	-0.0678661277381	1	0.0875637148481	0.0875637148481	0.0935330875443	0.00826238793258	0.01969758711
M02_DY_TO_DY:G808-E1873	M02_DY_TO_DY	CORE13	DY	DY	G808-E1873	ot	edy	0	f108r	f108r	G808-P0529	f108r.46	46	5	S	B	3	3	EXACT	-0.258667128469	11	0.294240240254	1	-0.0376274109251	72	0.00689463859578	2	-0.032249097441	84	-0.0324378120495	86	-0.0347414175902	68	-0.0867069424357	4	-0.154772556122	6	-0.0202231493023	3	-0.00205429914006	0.00484033945571	0.000831694194863	-0.156826855262	-0.0222774484424
M02_DY_TO_DY:G808-E1879	M02_DY_TO_DY	CORE13	DY	DY	G808-E1879	ot	edy	0	f108r	f108r	G808-P0530	f108r.48	48	8	S	B	3	3	EXACT	-0.242605321964	9	0.0132660132899	2	0.00152162047858	72	-0.0831893976249	1	0.00761884720703	83	0.00502845674518	84	0.00102697070222	68	0.0099130218599	4	-0.14828621125	6	-0.0571982643583	2	-0.227817688195	-0.31100708582	-0.228312337972	-0.376103899445	-0.285015952554
M02_DY_TO_DY:G808-E1881	M02_DY_TO_DY	CORE13	DY	DY	G808-E1881	ot	edy	0	f108v	f108v	G808-P0531	f108v.1	1	3	S	B	3	3	EXACT	-0.289699660521	17	0.0745396793909	3	0.00159567148488	72	-0.44059229737	1	-0.0278105163639	92	-0.0335328440692	93	-0.00637903376712	68	0.137150157169	4	0.209744418349	6	-0.57798072767	1	-0.213564309646	-0.654156607015	-0.221539014898	-0.00381989129647	-0.791545037315
M02_DY_TO_DY:G808-E1898	M02_DY_TO_DY	CORE13	DY	DY	G808-E1898	ot	edy	0	f108v	f108v	G808-P0536	f108v.20	20	5	S	B	3	3	EXACT	-0.179908823547	51	-0.095806690047	2	-0.00182562870382	72	0	0	-0.0728337736619	125	-0.0744338056072	125	0.00264163274308	68	-0.077784576901	4	0.202070537008	6	0	0	-0.277541142298	-0.277541142298	-0.273073880851	-0.0754706052901	-0.277541142298
M02_DY_TO_DY:G808-E1908	M02_DY_TO_DY	CORE13	DY	DY	G808-E1908	ot	edy	0	f108v	f108v	G808-P0537	f108v.31	31	8	S	B	3	3	EXACT	-0.176195725468	87	-0.120272376198	3	0.00776223935994	72	-0.222088500938	1	-0.101435512904	162	-0.103595328363	163	0.00805182062444	68	0.00282385426337	4	-0.208325823656	6	-0.218621822935	1	-0.288705862306	-0.510794363243	-0.288416281041	-0.497031685961	-0.50732768524
M02_DY_TO_DY:G808-E1925	M02_DY_TO_DY	CORE13	DY	DY	G808-E1925	ot	edy	0	f108v	f108v	G808-P0537	f108v.53	53	5	S	B	3	2	EXACT	-0.176195725468	87	0.0933216596601	1	-0.0162220886632	72	0	0	-0.110864176581	160	-0.112464208527	160	0.00260324065531	68	-0.336268190678	4	-0.112771404175	6	0	0	-0.0990961544707	-0.0990961544707	-0.0802708251521	-0.211867558646	-0.0990961544707
M02_DY_TO_DY:G808-E1934	M02_DY_TO_DY	CORE13	DY	DY	G808-E1934	ot	edy	0	f111r	f111r	G808-P0539	f111r.7	7	10	S	B	3	3	EXACT	-0.117879742383	131	-0.270990215192	1	-0.0354848461156	69	-0.013351580265	2	-0.111998171788	201	-0.112715763558	203	-0.0303279988621	65	-0.119283400181	4	-0.0423153450447	6	0.0539632224313	2	-0.42435480369	-0.437706383955	-0.419197956437	-0.466670148735	-0.370391581259
M02_DY_TO_DY:G808-E1938	M02_DY_TO_DY	CORE13	DY	DY	G808-E1938	ot	eody	1	f111r	f111r	G808-P0539	f111r.18	18	3	S	B	3	3	EXACT	-0.117879742383	131	0.0517734706021	2	-0.0180650718553	69	-0.211588449413	1	-0.103530833298	202	-0.105933719612	203	-0.0271119320824	65	0.128946620639	4	0.080048695783	6	-0.183515669225	2	-0.084171343636	-0.295759793049	-0.0932182038631	-0.00412264785295	-0.267687012861
M02_DY_TO_DY:G808-E1943	M02_DY_TO_DY	CORE13	DY	DY	G808-E1943	ot	edy	0	f111r	f111r	G808-P0540	f111r.40	40	5	S	B	3	3	EXACT	-0.220554911175	27	-0.0042346317251	3	-0.0206689841609	72	0.00322198362334	1	-0.0555830476572	102	-0.0567068792517	103	-0.0169240957963	68	-0.08435246631	4	0.152784213625	6	-0.00544515571307	1	-0.245458527061	-0.242236543437	-0.241713638696	-0.0926743134355	-0.250903682774
M02_DY_TO_DY:G808-E1951	M02_DY_TO_DY	CORE13	DY	DY	G808-E1951	ot	edy	0	f111v	f111v	G808-P0544	f111v.5	5	4	S	B	3	3	EXACT	-0.198396318915	107	-0.151076159766	3	0.00610681068348	72	0.351079284517	1	-0.128568978743	182	-0.127364132147	183	-0.00315828227682	68	0.163597720326	4	-0.156214906041	6	0.268673660483	2	-0.343365667997	0.00771361651993	-0.352630760958	-0.499580574038	-0.0746920075141
M02_DY_TO_DY:G808-E1957	M02_DY_TO_DY	CORE13	DY	DY	G808-E1957	ot	edy	0	f111v	f111v	G808-P0544	f111v.11	11	7	S	B	3	3	EXACT	-0.198396318915	107	-0.0572728632237	3	-0.00752823420812	72	0.298984646739	1	-0.132416854252	182	-0.131475651166	183	-0.00842689776391	68	0.00773337555803	4	0.105813008809	6	0.302557900377	1	-0.263197416347	0.0357872303922	-0.264096079903	-0.157384407537	0.03936048403
M02_DY_TO_DY:G808-E1977	M02_DY_TO_DY	CORE13	DY	DY	G808-E1977	ot	edy	0	f112r	f112r	G808-P0554	f112r.15	15	4	S	B	3	2	EXACT	-0.0649166468235	21	0	0	0.00386237026761	72	0	0	0.0090125509635	93	0.0072363545492	93	-0.00481261073169	68	0.151316830686	4	-0.231564364419	6	-0.593903936373	1	-0.0610542765559	-0.0610542765559	-0.0697292575552	-0.292618640975	-0.654958212929
M02_DY_TO_DY:G808-E1992	M02_DY_TO_DY	CORE13	DY	DY	G808-E1992	ot	edy	0	f112r	f112r	G808-P0559	f112r.35	35	8	S	B	3	3	EXACT	-0.294909592893	13	-0.171241878895	2	-0.0290081965788	72	0.210472881372	3	-0.0447564386536	87	-0.0369410463501	90	-0.023963178906	68	-0.114793713585	4	0.113721772217	6	0.210009410546	3	-0.495159668367	-0.284686786995	-0.490114650694	-0.381437896149	-0.28515025782
M02_DY_TO_DY:G808-E1997	M02_DY_TO_DY	CORE13	DY	DY	G808-E1997	ot	eody	1	f112r	f112r	G808-P0562	f112r.42	42	9	S	B	3	3	EXACT	-0.140585183338	17	0.063969332954	3	-0.0509702998523	72	0	0	-0.040031375227	92	-0.0418075716413	92	-0.0445948235368	68	-0.159373613786	4	-0.193716419626	6	0.0882294898016	1	-0.127586150236	-0.127586150236	-0.121210673921	-0.321302569862	-0.0393566604346
M02_DY_TO_DY:G808-E2009	M02_DY_TO_DY	CORE13	DY	DY	G808-E2009	ot	eody	1	f112v	f112v	G808-P0570	f112v.31	31	4	S	B	3	2	EXACT	-0.347228891658	4	0	0	0.0357250716554	72	0.147862407049	1	0.0531058814304	76	0.0529095045163	77	0.0224999930047	68	0.260535982125	4	0.220733220291	6	0.13909462781	1	-0.311503820002	-0.163641412953	-0.324728898653	-0.090770599711	-0.172409192193
M02_DY_TO_DY:G808-E2061	M02_DY_TO_DY	CORE13	DY	DY	G808-E2061	ot	eody	1	f113v	f113v	G808-P0593	f113v.4	4	8	S	B	3	3	EXACT	1.09753342418	1	0	0	-0.00316039818345	72	-0.232488501687	1	0.0492200512975	73	0.0441451893901	74	0.00356884775443	68	-0.117572463014	4	0.19152186306	6	-0.228552230705	1	1.094373026	0.861884524311	1.10110227194	1.28589488906	0.865820795293
M02_DY_TO_DY:G808-E2100	M02_DY_TO_DY	CORE13	DY	DY	G808-E2100	ot	edy	0	f114r	f114r	G808-P0612	f114r.20	20	11	S	B	3	3	EXACT	0.0701344590842	7	0.102459530646	2	-0.00445033269145	72	0.0852402238473	2	0.0362439413014	81	0.036447420084	83	0.0073294542695	68	-0.204723396725	4	0.301849037447	6	0.05670012702	2	0.168143657039	0.253383880886	0.179923444	0.469992694486	0.224843784059
M02_DY_TO_DY:G808-E2106	M02_DY_TO_DY	CORE13	DY	DY	G808-E2106	ot	edy	0	f114r	f114r	G808-P0615	f114r.31	31	5	S	B	3	2	EXACT	-0.119419212729	22	-0.020110192812	1	0.0104749345745	72	0.0168853308884	1	-0.000891185643109	95	-0.00211900843089	96	0.0119216573551	68	-0.0141360383924	4	0.180934882879	6	0.00923066815908	1	-0.129054470967	-0.112169140078	-0.127607748186	0.0518804119119	-0.119823802808
M02_DY_TO_DY:G808-E2165	M02_DY_TO_DY	CORE13	DY	DY	G808-E2165	ot	eody	1	f115v	f115v	G808-P0646	f115v.6	6	8	S	B	3	3	EXACT	0.182096495489	4	0	0	0.00305718268835	72	0	0	0.0455250778516	76	0.0440198807906	76	0.00469801169176	68	-0.0248540458658	4	0.285048084312	6	0	0	0.185153678177	0.185153678177	0.186794507181	0.470201762489	0.185153678177
M02_DY_TO_DY:G808-E2189	M02_DY_TO_DY	CORE13	DY	DY	G808-E2189	ot	edy	0	f116r	f116r	G808-P0659	f116r.6	6	8	S	B	3	2	EXACT	-0.501209329446	18	-0.277007963304	2	0.00896871489472	72	0	0	-0.0788945109921	92	-0.0802869391385	92	0.0195118641472	68	-0.170283518267	4	-0.152055384234	6	0	0	-0.769248577855	-0.769248577855	-0.758705428603	-0.921303962089	-0.769248577855
M02_DY_TO_DY:G808-E2191	M02_DY_TO_DY	CORE13	DY	DY	G808-E2191	ot	edy	0	f116r	f116r	G808-P0660	f116r.7	7	8	S	B	3	3	EXACT	-0.715050923391	4	0.0301227590309	1	-0.0200718131558	72	0	0	-0.0267407880121	77	-0.0281332161585	77	-0.0213818890653	68	0.00218078143497	4	0.202744618581	6	0	0	-0.704999977516	-0.704999977516	-0.706310053426	-0.502255358935	-0.704999977516
M02_DY_TO_DY:G808-E2193	M02_DY_TO_DY	CORE13	DY	DY	G808-E2193	ot	edy	0	f116r	f116r	G808-P0660	f116r.8	8	8	S	B	3	3	EXACT	-0.715050923391	4	-0.0834001404002	4	-0.0208697222345	72	-0.223901078074	1	-0.0305467447218	80	-0.0340143226545	81	-0.0222267339721	68	0.00218078143497	4	-0.0386256257907	6	-0.221729414644	1	-0.819320786026	-1.0432218641	-0.820677797764	-0.857946411817	-1.04105020067
M02_DY_TO_DY:G808-E2200	M02_DY_TO_DY	CORE13	DY	DY	G808-E2200	ot	edy	0	f116r	f116r	G808-P0663	f116r.18	18	5	S	B	3	3	EXACT	-0.264196546754	72	0.160759809364	4	0.00780885404456	71	0	0	-0.124547198961	147	-0.125939627108	147	0.0129062383953	67	-0.0775845573689	4	0.177967177658	6	0.0385539003477	1	-0.0956278833452	-0.0956278833452	-0.0905304989944	0.082339294313	-0.0570739829975
M02_DY_TO_DY:G808-E0273	M02_DY_TO_DY	CORE13	DY	DY	G808-E0273	ot	edy	0	f26v	f26v	G808-P0092	f26v.2	2	4	H	B	2	3	EXACT	0.0395043108197	32	0.295790517607	1	-0.0526677665285	72	0	0	-0.00853465080247	105	-0.0103741891991	105	-0.0643585236006	68	0.146059396784	4	-0.124965231474	6	0	0	0.282627061898	0.282627061898	0.270936304826	0.157661830424	0.282627061898
M02_DY_TO_DY:G808-E0341	M02_DY_TO_DY	CORE13	DY	DY	G808-E0341	ot	edy	0	f34r	f34r	G808-P0117	f34r.3	3	6	H	B	2	3	EXACT	-0.186797221711	29	0	0	-0.057616698132	72	0.120831724928	1	-0.0802408768208	101	-0.0797249604004	102	-0.05603664045	68	-0.0844927223149	4	-0.273845160717	6	0.0463146115831	1	-0.244413919843	-0.123582194915	-0.242833862161	-0.518259080561	-0.19809930826
M02_DY_TO_DY:G808-E0488	M02_DY_TO_DY	CORE13	DY	DY	G808-E0488	ot	edy	0	f46r	f46r	G808-P0171	f46r.7	7	10	H	B	2	3	EXACT	-0.138350752105	16	-0.140150041572	3	-0.0455719052863	72	-0.0720820409653	2	-0.041153284816	91	-0.0428974215997	93	-0.0482099861777	68	-0.000739403030312	4	-0.152212631374	6	-0.0745150170784	2	-0.324072698963	-0.396154739929	-0.326710779855	-0.476285330338	-0.398587716042
M02_DY_TO_DY:G808-E0497	M02_DY_TO_DY	CORE13	DY	DY	G808-E0497	ot	edy	0	f46v	f46v	G808-P0175	f46v.2	2	10	H	B	2	3	EXACT	-0.0304181027273	46	0.142563891965	3	-0.025675588129	72	0.672288878889	1	-0.0176099077975	121	-0.013543936417	122	-0.0275461931041	68	0.00610925990922	4	0.0901087918525	6	0.67567107425	1	0.0864702011089	0.758759079998	0.0845995961338	0.176578992961	0.762141275359
M02_DY_TO_DY:G808-E0504	M02_DY_TO_DY	CORE13	DY	DY	G808-E0504	ot	edy	0	f46v	f46v	G808-P0175	f46v.11	11	2	H	B	2	2	EXACT	-0.0304181027273	46	0.0258281680645	1	-0.0492727662835	72	-0.0585846619696	1	-0.0358592340558	119	-0.0376329981676	120	-0.049777307486	68	-0.0407110023803	4	0.293208746132	6	-0.0552024666084	1	-0.0538627009463	-0.112447362916	-0.0543672421488	0.239346045186	-0.109065167555
M02_DY_TO_DY:G808-E0534	M02_DY_TO_DY	CORE13	DY	DY	G808-E0534	ot	edy	0	f48v	f48v	G808-P0181	f48v.5	5	6	H	B	5	3	EXACT	-0.0865078522158	34	-0.00745874930323	1	-0.0125184059294	72	-0.165760119816	2	-0.02454663502	107	-0.0282884168438	109	-0.0131395835252	68	-0.00197380747006	4	0.140884388981	6	-0.156548678278	3	-0.106485007448	-0.272245127265	-0.107106185044	0.0343993815322	-0.263033685726
M02_DY_TO_DY:G808-E0678	M02_DY_TO_DY	CORE13	DY	DY	G808-E0678	ot	eody	1	f66r	f66r	G808-P0218	f66r.75	75	3	T	B	5	3	EXACT	-0.0756515983712	47	-0.144029538774	5	0.0196305413966	71	-0.0179956118706	1	-0.0185078740715	123	-0.0200120006015	124	0.0123803033311	67	0.141053662581	4	0.185006711927	6	-0.0362912355832	2	-0.200050595749	-0.218046207619	-0.207300833814	-0.0150438838221	-0.236341831332
M02_DY_TO_DY:G808-E0720	M02_DY_TO_DY	CORE13	DY	DY	G808-E0720	ot	edy	0	f75v	f75v	G808-P0226	f75v.7	7	9	B	B	2	3	EXACT	-0.29645917068	48	-0.147144492112	3	-0.105682963814	72	0	0	-0.176772377108	123	-0.178238494131	123	-0.110520898695	68	-0.0234537813674	4	-0.233998334927	6	0	0	-0.549286626606	-0.549286626606	-0.554124561488	-0.783284961533	-0.549286626606
M02_DY_TO_DY:G808-E0742	M02_DY_TO_DY	CORE13	DY	DY	G808-E0742	ot	edy	0	f76r	f76r	G808-P0231	f76r.3	3	8	T	B	2	3	EXACT	-0.224624251145	121	-0.0721909821996	3	-0.0301129956117	69	0	0	-0.165044727784	193	-0.166254858655	193	-0.0321442479673	65	0.00289502239302	4	-0.236841237658	6	0	0	-0.326928228956	-0.326928228956	-0.328959481311	-0.563769466614	-0.326928228956
M02_DY_TO_DY:G808-E0767	M02_DY_TO_DY	CORE13	DY	DY	G808-E0767	ot	edy	0	f76r	f76r	G808-P0232	f76r.41	41	7	T	B	2	3	EXACT	-0.280408373413	23	-0.186872107011	3	-0.0174536365534	72	-0.0826037273572	3	-0.0701758448578	98	-0.0710936232214	101	-0.0140043334894	68	-0.0760979387006	4	0.078199782143	6	-0.0843310760249	3	-0.484734116978	-0.567337844335	-0.481284813913	-0.406534334835	-0.569065193002
M02_DY_TO_DY:G808-E0772	M02_DY_TO_DY	CORE13	DY	DY	G808-E0772	ot	edy	0	f76r	f76r	G808-P0233	f76r.46	46	4	T	B	2	2	EXACT	-0.22096366156	35	0.109762569511	1	0.00167438925669	72	0	0	-0.0609820171108	108	-0.062192147982	108	-0.00780318525846	68	0.162787005956	4	-0.477101534998	6	0	0	-0.109526702792	-0.109526702792	-0.119004277308	-0.58662823779	-0.109526702792
M02_DY_TO_DY:G808-E0774	M02_DY_TO_DY	CORE13	DY	DY	G808-E0774	ot	edy	0	f76r	f76r	G808-P0233	f76r.47	47	9	T	B	2	3	EXACT	-0.22096366156	35	0.156638741085	4	-0.0159070387572	72	0.259285125498	1	-0.0657865649078	111	-0.0638954269636	112	-0.0153598807425	68	-0.025214875065	4	0.17674761927	6	0.262727529611	1	-0.0802319592315	0.179053166267	-0.0796848012168	0.0965156600387	0.18249557038
M02_DY_TO_DY:G808-E0797	M02_DY_TO_DY	CORE13	DY	DY	G808-E0797	ot	edy	0	f76v	f76v	G808-P0237	f76v.17	17	5	B	B	2	3	EXACT	-0.266570809721	27	-0.299878956929	1	-0.0910706110685	72	0	0	-0.124798863601	100	-0.126552316003	100	-0.0921978694478	68	-0.0719241495912	4	0.0524520872544	6	0	0	-0.657520377718	-0.657520377718	-0.658647636098	-0.605068290464	-0.657520377718
M02_DY_TO_DY:G808-E0816	M02_DY_TO_DY	CORE13	DY	DY	G808-E0816	ot	edy	0	f76v	f76v	G808-P0238	f76v.31	31	8	B	B	2	3	EXACT	-0.29859819935	36	0.0426540681066	1	-0.0860067231138	72	0.0500816864012	1	-0.144700212037	109	-0.144388621117	110	-0.089238617562	68	-0.0310814484652	4	0.0692143540077	6	0.04368785199	1	-0.341950854357	-0.291869167956	-0.345182748805	-0.272736500349	-0.298263002367
M02_DY_TO_DY:G808-E0842	M02_DY_TO_DY	CORE13	DY	DY	G808-E0842	ot	edy	0	f77r	f77r	G808-P0242	f77r.25	25	1	B	B	2	2	EXACT	-0.386585595813	39	0.418284479856	2	-0.0626151998379	72	0	0	-0.15738719015	113	-0.159084166148	113	-0.0693686841532	68	0.0521779126128	4	-0.156042116542	6	0.140988071045	1	-0.0309163157959	-0.0309163157959	-0.0376698001112	-0.186958432338	0.110071755249
M02_DY_TO_DY:G808-E0870	M02_DY_TO_DY	CORE13	DY	DY	G808-E0870	ot	edy	0	f77v	f77v	G808-P0245	f77v.16	16	7	B	B	2	2	EXACT	-0.303130953968	38	0.339487389973	1	-0.0732550596405	72	-0.148483206329	1	-0.138806373147	111	-0.140343332349	112	-0.0672048373652	68	-0.176125073228	4	-0.0465488759661	6	-0.143181516164	1	-0.0368986236362	-0.185381829965	-0.0308484013608	-0.0834474996023	-0.1800801398
M02_DY_TO_DY:G808-E0907	M02_DY_TO_DY	CORE13	DY	DY	G808-E0907	ot	edy	0	f78r	f78r	G808-P0247	f78r.10	10	4	B	B	2	2	EXACT	-0.245049192034	60	0	0	-0.0814871070132	72	-0.324474536891	1	-0.155858717661	132	-0.158335131464	133	-0.0954295137994	68	0.155517438811	4	-0.263856201593	6	-0.349225079439	1	-0.326536299047	-0.651010835938	-0.340478705833	-0.590392500639	-0.675761378485
M02_DY_TO_DY:G808-E0909	M02_DY_TO_DY	CORE13	DY	DY	G808-E0909	ot	edy	0	f78r	f78r	G808-P0247	f78r.12	12	5	B	B	2	2	EXACT	-0.245049192034	60	-0.0464156092254	1	-0.106577271229	72	-0.226034587344	1	-0.168538855622	133	-0.170177957748	134	-0.105987803924	68	-0.116614584957	4	-0.209234314215	6	-0.223040236545	1	-0.398042072488	-0.624076659833	-0.397452605183	-0.607276386703	-0.621082309034
M02_DY_TO_DY:G808-E0927	M02_DY_TO_DY	CORE13	DY	DY	G808-E0927	ot	edy	0	f78v	f78v	G808-P0249	f78v.2	2	5	B	B	2	3	EXACT	-0.320105278292	63	0.172864934261	3	-0.102420168988	72	0.108591215417	1	-0.1965255254	138	-0.195544095666	139	-0.10336794304	68	-0.0863246286254	4	-0.135401487643	6	0.111901930396	1	-0.249660513018	-0.141069297602	-0.250608287071	-0.385062000661	-0.137758582622
M02_DY_TO_DY:G808-E0935	M02_DY_TO_DY	CORE13	DY	DY	G808-E0935	ot	edy	0	f78v	f78v	G808-P0249	f78v.8	8	2	B	B	2	2	EXACT	-0.320105278292	63	0.0105022840987	3	-0.0939767050612	72	0.498716015923	1	-0.195649862703	138	-0.191868079459	139	-0.104132136062	68	0.0786490034355	4	-0.311880144654	6	0.267036322277	2	-0.403579699254	0.0951363166684	-0.413735130255	-0.715459843908	-0.136543376977
M02_DY_TO_DY:G808-E1078	M02_DY_TO_DY	CORE13	DY	DY	G808-E1078	ot	edy	0	f81r	f81r	G808-P0280	f81r.24	24	6	B	B	2	2	EXACT	-0.266594814406	48	0.22730896172	1	-0.0919446252463	72	0.179373026827	1	-0.154049919812	121	-0.152803353643	122	-0.0971683810062	68	-0.00315667429221	4	-0.0110434267786	6	0.18323732919	1	-0.131230477932	0.0481425488951	-0.136454233692	-0.142273904711	0.052006851258
M02_DY_TO_DY:G808-E1162	M02_DY_TO_DY	CORE13	DY	DY	G808-E1162	ot	edy	0	f83r	f83r	G808-P0292	f83r.8	8	2	B	B	2	2	EXACT	-0.363500962561	31	0	0	-0.0673109764174	72	0.0455308765328	1	-0.142950053629	103	-0.142611226106	104	-0.0766903644963	68	0.0921213396171	4	0.198727214792	6	0.0495397964681	1	-0.430811938978	-0.385281062445	-0.440191327057	-0.232084724186	-0.38127214251
M02_DY_TO_DY:G808-E1198	M02_DY_TO_DY	CORE13	DY	DY	G808-E1198	ot	edy	0	f83v	f83v	G808-P0299	f83v.1	1	3	B	B	2	2	EXACT	-0.340438382888	28	0	0	-0.0816936469159	72	0	0	-0.139144674443	100	-0.140867145624	100	-0.0942831886584	68	0.132313011746	4	-0.0478848272954	6	0	0	-0.422132029804	-0.422132029804	-0.434721571546	-0.470016857099	-0.422132029804
M02_DY_TO_DY:G808-E1228	M02_DY_TO_DY	CORE13	DY	DY	G808-E1228	ot	edy	0	f85r1	f85r	G808-P0306	f85r1.21	21	8	T	B	2	3	EXACT	-0.0983125194794	7	0.216917017892	2	-0.0240996166503	72	0.307540014653	1	0.0073441952492	81	0.00969575948278	82	-0.0193781241067	68	-0.104364096893	4	-0.0400596279067	6	0.310520086119	1	0.0945048817619	0.402044896415	0.0992263743054	0.0544452538552	0.405024967881
M02_DY_TO_DY:G808-E1234	M02_DY_TO_DY	CORE13	DY	DY	G808-E1234	ot	eody	1	f85r1	f85r	G808-P0307	f85r1.25	25	2	T	B	2	2	EXACT	-0.289960310481	11	0	0	0.0307341442251	72	0.102143879337	1	0.0167211293646	83	0.016419470894	84	0.0346022705542	68	-0.0350231103721	4	0.303821819455	6	0.105123950804	1	-0.259226166256	-0.157082286919	-0.255358039927	0.0445956531991	-0.154102215452
M02_DY_TO_DY:G808-E1242	M02_DY_TO_DY	CORE13	DY	DY	G808-E1242	ot	edy	0	f85r1	f85r	G808-P0310	f85r1.33	33	6	T	B	2	3	EXACT	0.233731966992	20	0.0719989554718	2	-0.00415682723024	72	0.0764198577447	3	0.0689118237612	94	0.0684305081397	97	0.000881105003854	68	-0.0898007822126	4	0.174278227419	6	0.124261421805	3	0.301574095234	0.377993952979	0.306612027468	0.475852322652	0.425835517039
M02_DY_TO_DY:G808-E1314	M02_DY_TO_DY	CORE13	DY	DY	G808-E1314	ot	eody	1	f87r	f87r	G808-P0330	f87r.9	9	3	H	A	1	2	EXACT	0.203941932419	26	0	0	0.0692537396413	72	0	0	0.121245368066	98	0.119514671156	98	0.0716029893904	68	0.0293011347044	4	0.060770158536	6	0	0	0.27319567206	0.27319567206	0.275544921809	0.333965830596	0.27319567206
M02_DY_TO_DY:G808-E1348	M02_DY_TO_DY	CORE13	DY	DY	G808-E1348	ot	eody	1	f88v	f88v	G808-P0338	f88v.17	17	4	P	A	1	2	EXACT	0.211481852004	6	-0.0755826438406	2	0.091641600495	72	0	0	0.127384495009	80	0.125687315102	80	0.0868058976728	68	0.173834795029	4	-0.258382379521	6	0	0	0.227540808658	0.227540808658	0.222705105836	-0.0308415708629	0.227540808658
M02_DY_TO_DY:G808-E1353	M02_DY_TO_DY	CORE13	DY	DY	G808-E1353	ot	eody	1	f88v	f88v	G808-P0338	f88v.19	19	8	P	A	1	3	EXACT	0.211481852004	6	-0.176719539945	2	0.0795297835028	72	-0.248536214831	1	0.113955437313	80	0.108159346904	81	0.0943019902947	68	-0.171611485403	4	-0.0301798134106	6	-0.297038850802	1	0.114292095562	-0.134244119269	0.129064302354	0.0841122821512	-0.18274675524
M02_DY_TO_DY:G808-E1437	M02_DY_TO_DY	CORE13	DY	DY	G808-E1437	ot	edy	0	f95v2	f95v	G808-P0360	f95v2.1	1	6	H	B	3	3	EXACT	-0.0583775974941	32	0	0	-0.00512324231142	72	0	0	-0.0088600367721	104	-0.0106215435875	104	0.001647594736	68	-0.120242902039	4	0.179321228097	6	0	0	-0.0635008398056	-0.0635008398056	-0.0567300027581	0.115820388292	-0.0635008398056
M02_DY_TO_DY:G808-E1451	M02_DY_TO_DY	CORE13	DY	DY	G808-E1451	ot	eody	1	f99r	f99r	G808-P0363	f99r.15	15	2	P	A	1	3	EXACT	0.364987330297	13	-0.0401486416723	2	0.102347955369	72	-0.426491548058	1	0.163794742926	87	0.155835741442	88	0.103230992731	68	0.0873211260338	4	-0.0307715291836	6	-0.42384696998	1	0.427186643993	0.000695095934952	0.428069681355	0.39641511481	0.003339674013
M02_DY_TO_DY:G808-E1576	M02_DY_TO_DY	CORE13	DY	DY	G808-E1576	pch	edy	0	f103r	f103r	G808-P0393	f103r.37	37	1	S	B	3	3	EXACT	-0.464472771492	9	0.0445033692055	2	-0.0131928174255	72	-0.301936633201	1	-0.03443487972	83	-0.0389493192259	84	-0.0126985202099	68	-0.0216021553686	4	0.120454708956	6	-0.300757783291	1	-0.433162219712	-0.735098852913	-0.432667922496	-0.312707510756	-0.733920003003
M02_DY_TO_DY:G808-E1589	M02_DY_TO_DY	CORE13	DY	DY	G808-E1589	pch	edy	0	f103v	f103v	G808-P0401	f103v.9	9	7	S	B	3	3	EXACT	-0.322960881952	12	-0.150487975036	1	-0.000799481776961	72	-0.0206543396826	1	-0.0237873826836	85	-0.0251054737996	86	0.00113502048257	68	-0.0336940138446	4	-0.0860410273858	6	-0.0286017382504	2	-0.474248338765	-0.494902678448	-0.472313836506	-0.560289366151	-0.502850077015
M02_DY_TO_DY:G808-E1590	M02_DY_TO_DY	CORE13	DY	DY	G808-E1590	pch	edy	0	f103v	f103v	G808-P0402	f103v.12	12	10	S	B	3	3	EXACT	-0.317552685353	9	-0.0364020377631	4	0.00586000710538	72	-0.142561108827	1	-0.00409578157949	85	-0.00706036537285	86	0.0147293458849	68	-0.144926745802	4	-0.111856164549	6	-0.188424107209	1	-0.34809471601	-0.490655824837	-0.339225377231	-0.459950880559	-0.53651882322
M02_DY_TO_DY:G808-E1633	M02_DY_TO_DY	CORE13	DY	DY	G808-E1633	pch	edy	0	f104r	f104r	G808-P0424	f104r.43	43	5	S	B	3	3	EXACT	-0.0668773948572	12	0.0166834121265	4	0.0307036531334	72	-0.420347228399	1	0.037766418123	88	0.0313360950774	89	0.0346463385096	68	-0.0363284714053	4	0.245130164058	6	-0.336353223292	2	-0.0194903295974	-0.439837557997	-0.0155476442211	0.22563983446	-0.355843552889
M02_DY_TO_DY:G808-E1695	M02_DY_TO_DY	CORE13	DY	DY	G808-E1695	pch	edy	0	f105v	f105v	G808-P0450	f105v.8	8	7	S	B	3	3	EXACT	0.0411135994377	37	0	0	0.00220491045432	72	0	0	0.0242762341437	109	0.0227234244176	109	0.00446081733892	68	-0.036152826041	4	-0.0903275337117	6	0	0	0.043318509892	0.043318509892	0.0455744167766	-0.0470090238197	0.043318509892
M02_DY_TO_DY:G808-E1753	M02_DY_TO_DY	CORE13	DY	DY	G808-E1753	pch	edy	0	f106v	f106v	G808-P0483	f106v.32	32	9	S	B	3	3	EXACT	0.0331257512103	6	-0.0454815784721	1	-0.000731601004977	72	-0.00640489965955	1	0.0286022271982	79	0.0270623261623	80	0.0010829883362	68	-0.0315869791226	4	0.111040497817	6	-0.0577009790432	1	-0.0130874282667	-0.0194923279263	-0.0112728389256	0.0979530695504	-0.07078840731
M02_DY_TO_DY:G808-E1754	M02_DY_TO_DY	CORE13	DY	DY	G808-E1754	pch	eody	1	f106v	f106v	G808-P0484	f106v.34	34	9	S	B	3	3	EXACT	-0.0731990446927	12	-0.0455783025121	1	0.0233800892037	72	0.123223110269	2	0.0315868070567	85	0.0328303165222	87	0.0348720842804	68	-0.171991186418	4	0.230284487363	6	0.123014668932	2	-0.0953972580011	0.0278258522677	-0.0839052629244	0.134887229362	0.0276174109305
M02_DY_TO_DY:G808-E1826	M02_DY_TO_DY	CORE13	DY	DY	G808-E1826	pch	edy	0	f108r	f108r	G808-P0518	f108r.5	5	10	S	B	3	3	EXACT	-0.23870447015	16	-0.0716056179851	4	-0.00286815220868	72	0	0	-0.023912927326	92	-0.0256550442642	92	0.00517036995357	68	-0.139531511398	4	-0.33831933312	6	0	0	-0.313178240344	-0.313178240344	-0.305139718182	-0.651497573464	-0.313178240344
M02_DY_TO_DY:G808-E1966	M02_DY_TO_DY	CORE13	DY	DY	G808-E1966	pch	edy	0	f111v	f111v	G808-P0546	f111v.29	29	5	S	B	3	3	EXACT	-0.334781612025	6	0	0	0.00987203973912	72	-0.105689215775	1	0.00741751433743	78	0.00507147156368	79	0.0151129299368	68	-0.0792308059022	4	0.00744832371274	6	-0.124466446317	1	-0.324909572286	-0.430598788061	-0.319668682088	-0.317461248573	-0.449376018603
M02_DY_TO_DY:G808-E1978	M02_DY_TO_DY	CORE13	DY	DY	G808-E1978	pch	edy	0	f112r	f112r	G808-P0554	f112r.15	15	7	S	B	3	2	EXACT	-0.0615824435051	21	0	0	-0.0142030962863	72	0	0	-0.00705893518508	93	-0.00867812568116	93	-0.00814918579015	68	-0.117131413634	4	-0.268454072419	6	0.0920223360361	1	-0.0757855397914	-0.0757855397914	-0.0697316292953	-0.344239612211	0.0162367962446
M02_DY_TO_DY:G808-E2050	M02_DY_TO_DY	CORE13	DY	DY	G808-E2050	pch	eody	1	f113r	f113r	G808-P0588	f113r.37	37	6	S	B	3	3	EXACT	0.135140226308	5	0	0	0.00885257811961	72	0	0	0.0443554912808	77	0.0432122277745	77	0.0122120195156	68	-0.0482649769987	4	-0.155110586287	6	0	0	0.143992804427	0.143992804427	0.147352245823	-0.01111778186	0.143992804427
M02_DY_TO_DY:G808-E2152	M02_DY_TO_DY	CORE13	DY	DY	G808-E2152	pch	edy	0	f115r	f115r	G808-P0639	f115r.26	26	10	S	B	@	3	EXACT	-0.103197146575	10	0.0208537831359	2	0.00217454495209	70	-0.0495566739811	1	0.0141626618607	82	0.012140018709	83	0.0107613985825	66	-0.139506838703	4	-0.101500440269	6	-0.0487359260737	1	-0.080168818487	-0.129725492468	-0.0715819648566	-0.181669258756	-0.128904744561
M02_DY_TO_DY:G808-E0280	M02_DY_TO_DY	CORE13	DY	DY	G808-E0280	pch	edy	0	f26v	f26v	G808-P0092	f26v.7	7	1	H	B	2	3	EXACT	0.0541847533225	38	-0.00789323940386	2	-0.0511769704903	72	-0.01303996069	1	-0.00632841818121	112	-0.00773832048564	113	-0.0520464963931	68	-0.036402750429	4	0.172376181221	6	-0.0192512268176	1	-0.00488545657168	-0.0179254172616	-0.00575498247449	0.167490724649	-0.0241366833893
M02_DY_TO_DY:G808-E0413	M02_DY_TO_DY	CORE13	DY	DY	G808-E0413	pch	eody	1	f41v	f41v	G808-P0147	f41v.2	2	1	H	B	5	3	EXACT	-0.065309329678	25	0.428326739781	1	-0.00866637040175	72	0	0	-0.00441080345907	98	-0.00587162139295	98	-0.00784592124725	68	-0.0226206252124	4	0.0753433054994	6	0	0	0.354351039701	0.354351039701	0.355171488855	0.4296943452	0.354351039701
M02_DY_TO_DY:G808-E0694	M02_DY_TO_DY	CORE13	DY	DY	G808-E0694	pch	edy	0	f75r	f75r	G808-P0222	f75r.7	7	1	B	B	2	2	EXACT	-0.283675327903	86	-0.079186107158	3	-0.0883604120165	72	0	0	-0.197896484399	161	-0.199284304092	161	-0.0919444025593	68	-0.0274409197794	4	-0.142447986379	6	0	0	-0.451221847077	-0.451221847077	-0.45480583762	-0.593669833456	-0.451221847077
M02_DY_TO_DY:G808-E0699	M02_DY_TO_DY	CORE13	DY	DY	G808-E0699	pch	edy	0	f75r	f75r	G808-P0222	f75r.13	13	1	B	B	2	2	EXACT	-0.283675327903	86	-0.114652908633	1	-0.0825601088786	72	0	0	-0.197101625306	159	-0.198489444999	159	-0.0858029051193	68	-0.0274409197794	4	-0.177292434545	6	0	0	-0.480888345414	-0.480888345414	-0.484131141655	-0.65818077996	-0.480888345414
M02_DY_TO_DY:G808-E0709	M02_DY_TO_DY	CORE13	DY	DY	G808-E0709	pch	edy	0	f75r	f75r	G808-P0223	f75r.28	28	2	B	B	2	3	EXACT	-0.268883376128	27	0.0802257905684	4	-0.0636820291051	72	-0.367682299022	1	-0.0997587050144	103	-0.103497786607	104	-0.0739890077088	68	0.111528260166	4	-0.0987652798787	6	-0.366328466158	1	-0.252339614665	-0.620021913687	-0.262646593268	-0.351104894543	-0.618668080823
M02_DY_TO_DY:G808-E0765	M02_DY_TO_DY	CORE13	DY	DY	G808-E0765	pch	edy	0	f76r	f76r	G808-P0231	f76r.33	33	8	T	B	2	3	EXACT	-0.21606633399	121	0.0731225283359	4	-0.00359741789573	69	0	0	-0.144037860999	194	-0.145046773416	194	0.00106884151289	65	-0.0794241990142	4	-0.0168655664459	6	-0.1589157705	1	-0.14654122355	-0.14654122355	-0.141874964141	-0.163406789996	-0.30545699405
M02_DY_TO_DY:G808-E0852	M02_DY_TO_DY	CORE13	DY	DY	G808-E0852	pch	edy	0	f77r	f77r	G808-P0242	f77r.36	36	2	B	B	2	2	EXACT	-0.356622418673	42	0.0484601186933	1	-0.0816074307986	72	-0.0333145813373	1	-0.174541304692	115	-0.174536065473	116	-0.0930333679053	68	0.112625366859	4	-0.334622385152	6	-0.0324966661537	1	-0.389769730779	-0.423084312116	-0.401195667885	-0.724392115931	-0.422266396932
M02_DY_TO_DY:G808-E0926	M02_DY_TO_DY	CORE13	DY	DY	G808-E0926	pch	edy	0	f78r	f78r	G808-P0248	f78r.43	43	2	B	B	2	1	EXACT	-0.333618812765	52	0	0	-0.0732085354532	72	0	0	-0.179731065488	124	-0.180847359199	124	-0.0802283430228	68	0.0461197839776	4	-0.157022887467	6	0.00540022636677	2	-0.406827348218	-0.406827348218	-0.413847155788	-0.563850235685	-0.401427121852
M02_DY_TO_DY:G808-E0940	M02_DY_TO_DY	CORE13	DY	DY	G808-E0940	pch	edy	0	f78v	f78v	G808-P0249	f78v.10	10	5	B	B	2	2	EXACT	-0.313531368147	70	0	0	-0.097174907602	72	-0.0738125767572	1	-0.205640022929	142	-0.205712790836	143	-0.0975736157059	68	-0.0904055274006	4	-0.298917600106	6	-0.0836441778948	1	-0.410706275749	-0.484518852506	-0.411104983853	-0.709623875855	-0.494350453644
M02_DY_TO_DY:G808-E1081	M02_DY_TO_DY	CORE13	DY	DY	G808-E1081	pch	edy	0	f81r	f81r	G808-P0280	f81r.26	26	1	B	B	2	2	EXACT	-0.25214340154	49	-0.0270944869643	1	-0.0804946583615	72	-0.101527604804	1	-0.145049153103	122	-0.145990820025	123	-0.0839437015223	68	-0.0218688344489	4	-0.169167669585	6	-0.127824946103	1	-0.359732546866	-0.461260151669	-0.363181590026	-0.52890021645	-0.487557492969
M02_DY_TO_DY:G808-E1086	M02_DY_TO_DY	CORE13	DY	DY	G808-E1086	pch	edy	0	f81v	f81v	G808-P0281	f81v.1	1	8	B	B	2	3	EXACT	-0.301618619692	44	0.04033498209	4	-0.0958889559093	72	0.0693673190089	1	-0.16119958445	120	-0.160496900752	121	-0.0924578248194	68	-0.154226147458	4	0.117349963816	6	0.038606094145	3	-0.357172593511	-0.287805274502	-0.353741462421	-0.239822629695	-0.318566499366
M02_DY_TO_DY:G808-E1138	M02_DY_TO_DY	CORE13	DY	DY	G808-E1138	pch	edy	0	f82v	f82v	G808-P0288	f82v.15	15	8	B	B	2	3	EXACT	-0.235068983915	25	-0.0872486074117	4	-0.0681728963368	72	0.150803932611	1	-0.0953614805299	101	-0.0942485392146	102	-0.0705641465246	68	-0.0275293318012	4	-0.12652702667	6	0.151136581897	1	-0.390490487663	-0.239686555052	-0.392881737851	-0.517017514333	-0.239353905766
M02_DY_TO_DY:G808-E1225	M02_DY_TO_DY	CORE13	DY	DY	G808-E1225	pch	edy	0	f85r1	f85r	G808-P0303	f85r1.7	7	1	T	B	2	3	EXACT	-0.00692555086191	16	-0.0699058686464	1	0.00627165602147	72	0	0	0.0231215237014	89	0.0216708003958	89	0.00975078686739	68	-0.0528641323812	4	-8.15752154918e-05	6	0	0	-0.0705597634869	-0.0705597634869	-0.067080632641	-0.0706413387024	-0.0705597634869
M02_DY_TO_DY:G808-E1301	M02_DY_TO_DY	CORE13	DY	DY	G808-E1301	pch	edy	0	f86v6	f86v	G808-P0328	f86v6.24	24	7	T	B	2	3	EXACT	-0.136082725409	48	0.0139446074119	5	-0.0621901699916	72	-0.388823787806	1	-0.0822251429354	125	-0.0865599253393	126	-0.0606618719339	68	-0.0881755335618	4	-0.058586147756	6	-0.415609512406	1	-0.184328287989	-0.573152075795	-0.182799989931	-0.242914435745	-0.599937800395
M02_DY_TO_DY:G808-E1450	M02_DY_TO_DY	CORE13	DY	DY	G808-E1450	pch	eody	1	f99r	f99r	G808-P0363	f99r.15	15	1	P	A	1	3	EXACT	0.367620469639	13	0.0658454807638	2	0.099384943688	72	0.171978471295	1	0.15992466477	87	0.158969431604	88	0.10694693925	68	-0.0291761415018	4	-0.0201831399957	6	0.114783980597	1	0.53285089409	0.704829365386	0.540412889652	0.512667754095	0.647634874687
M02_DY_TO_DY:G808-E1536	M02_DY_TO_DY	CORE13	DY	DY	G808-E1536	qok	eody	1	f102v1	f102v	G808-P0378	f102v1.20	20	5	P	A	1	3	EXACT	0.246002250553	19	-0.102817831964	1	0.047690313385	72	-0.0123702538089	1	0.111885410515	92	0.10867448706	93	0.0565355611816	68	-0.102700047632	4	0.0900785974811	6	-0.0093079075407	1	0.190874731974	0.178504478166	0.199719979771	0.280953329456	0.181566824434
M02_DY_TO_DY:G808-E1551	M02_DY_TO_DY	CORE13	DY	DY	G808-E1551	qok	edy	0	f103r	f103r	G808-P0381	f103r.4	4	2	S	B	3	2	EXACT	-0.250391292237	26	-0.135233007769	1	-0.0283173335428	71	-0.00758707603643	1	-0.0686716945705	98	-0.0699923972448	99	-0.0365651789183	67	0.109822951682	4	-0.424832654095	6	-0.00507024296376	1	-0.413941633549	-0.421528709585	-0.422189478925	-0.838774287644	-0.419011876513
M02_DY_TO_DY:G808-E1672	M02_DY_TO_DY	CORE13	DY	DY	G808-E1672	qok	edy	0	f105r	f105r	G808-P0442	f105r.17	17	4	S	B	3	3	EXACT	0.0195856498857	27	0.61624568722	1	-0.0128236231845	70	0	0	0.0210878558105	98	0.0188861604421	98	-0.0249476536878	66	0.187214486644	4	-0.304386821126	6	0	0	0.623007713921	0.623007713921	0.610883683418	0.318620892796	0.623007713921
M02_DY_TO_DY:G808-E1681	M02_DY_TO_DY	CORE13	DY	DY	G808-E1681	qok	edy	0	f105r	f105r	G808-P0442	f105r.21	21	4	S	B	3	3	EXACT	0.0195856498857	27	-0.159230010684	1	0.000835882158545	71	0	0	0.0232012948183	99	0.0209995994499	99	-0.0102922638668	67	0.187214486644	4	-0.158516854043	6	0	0	-0.13880847864	-0.13880847864	-0.149936624665	-0.297325332682	-0.13880847864
M02_DY_TO_DY:G808-E1692	M02_DY_TO_DY	CORE13	DY	DY	G808-E1692	qok	edy	0	f105v	f105v	G808-P0448	f105v.3	3	8	S	B	3	3	EXACT	-0.025273522484	16	0.462011938857	1	-0.0227555185985	72	0.0775941948892	1	0.0102566522409	89	0.00920913391659	90	-0.0143164935682	68	-0.166236716179	4	-0.153810140093	6	0.00249409110916	1	0.413982897774	0.491577092664	0.422421922805	0.260172757681	0.416476988883
M02_DY_TO_DY:G808-E1732	M02_DY_TO_DY	CORE13	DY	DY	G808-E1732	qok	edy	0	f106r	f106r	G808-P0465	f106r.23	23	5	S	B	3	3	EXACT	-0.329922842732	4	0.119130452309	1	0.0132953294747	72	-0.0719000536343	1	0.0388707940694	77	0.0357235016028	78	0.0203075455979	68	-0.105930446039	4	-0.0127598494331	6	-0.118051510537	1	-0.197497060949	-0.269397114583	-0.190484844826	-0.210256910382	-0.315548571486
M02_DY_TO_DY:G808-E1781	M02_DY_TO_DY	CORE13	DY	DY	G808-E1781	qok	edy	0	f107v	f107v	G808-P0502	f107v.2	2	6	S	B	3	3	EXACT	-0.0907745766504	20	0.139096665011	5	-0.012893054338	72	-0.111870173969	1	0.0029024159459	97	3.32364490098e-05	98	-0.00720036685863	68	-0.109687248759	4	-0.190840429952	6	0.0330932631302	1	0.0354290340228	-0.0764411399462	0.0411217215022	-0.155411395929	0.068522297153
M02_DY_TO_DY:G808-E1798	M02_DY_TO_DY	CORE13	DY	DY	G808-E1798	qok	eody	1	f107v	f107v	G808-P0506	f107v.16	16	7	S	B	3	3	EXACT	-0.113851730995	17	-0.162616252248	2	0.00383491904683	72	0	0	0.00499063143578	91	0.00290179019386	91	0.0142670859341	68	-0.173530425307	4	-0.248999209837	6	0	0	-0.272633064197	-0.272633064197	-0.26220089731	-0.521632274034	-0.272633064197
M02_DY_TO_DY:G808-E1832	M02_DY_TO_DY	CORE13	DY	DY	G808-E1832	qok	edy	0	f108r	f108r	G808-P0518	f108r.7	7	5	S	B	3	3	EXACT	-0.27947999564	14	0	0	0.0159096452799	72	-0.336899707776	1	0.000708558740506	86	-0.00500459160616	87	0.023449621097	68	-0.112288695376	4	-0.195111695789	6	-0.250765132531	2	-0.26357035036	-0.600470058136	-0.256030374543	-0.458682046149	-0.514335482891
M02_DY_TO_DY:G808-E1847	M02_DY_TO_DY	CORE13	DY	DY	G808-E1847	qok	edy	0	f108r	f108r	G808-P0523	f108r.27	27	8	S	B	3	3	EXACT	-0.191355997149	15	-0.0321149728579	2	-0.0148299229713	72	-0.336899707776	1	-0.0133197445032	89	-0.0187646754077	90	-0.0113020700072	68	-0.074822175128	4	-0.217325849397	6	-0.352928488849	1	-0.238300892978	-0.575200600754	-0.234773040014	-0.455626742375	-0.591229381827
M02_DY_TO_DY:G808-E1852	M02_DY_TO_DY	CORE13	DY	DY	G808-E1852	qok	edy	0	f108r	f108r	G808-P0524	f108r.30	30	5	S	B	3	2	EXACT	-0.256622378378	5	0	0	0.0369479671053	72	0	0	0.0621739827713	77	0.0598313146076	77	0.047872362437	68	-0.148785505299	4	-0.157988437564	6	0	0	-0.219674411273	-0.219674411273	-0.208750015941	-0.377662848837	-0.219674411273
M02_DY_TO_DY:G808-E1858	M02_DY_TO_DY	CORE13	DY	DY	G808-E1858	qok	edy	0	f108r	f108r	G808-P0525	f108r.33	33	3	S	B	3	2	EXACT	-0.160832297426	3	-0.0127445195339	2	0.0105257463048	72	0	0	0.0499072654066	77	0.0475645972429	77	0.000859804232478	68	0.174828009768	4	-0.277558456755	6	0	0	-0.163051070655	-0.163051070655	-0.172717012727	-0.44060952741	-0.163051070655
M02_DY_TO_DY:G808-E1860	M02_DY_TO_DY	CORE13	DY	DY	G808-E1860	qok	edy	0	f108r	f108r	G808-P0525	f108r.34	34	3	S	B	3	1	EXACT	-0.160832297426	3	0	0	0.0306501377738	72	-0.0149750065711	1	0.0701856273432	75	0.0673063234253	76	0.0209309100346	68	0.195858257574	4	0.0949097409281	6	-0.0137555044117	1	-0.130182159652	-0.145157166223	-0.139901387391	-0.0352724187239	-0.143937664064
M02_DY_TO_DY:G808-E1874	M02_DY_TO_DY	CORE13	DY	DY	G808-E1874	qok	edy	0	f108r	f108r	G808-P0529	f108r.46	46	10	S	B	3	3	EXACT	-0.259194289647	7	-0.0649058477994	4	-0.0335506451429	72	0	0	-0.0132766723386	83	-0.0156193405024	83	-0.0294007791136	68	-0.104117119408	4	-0.0765215069245	6	0	0	-0.35765078259	-0.35765078259	-0.35350091656	-0.434172289514	-0.35765078259
M02_DY_TO_DY:G808-E1891	M02_DY_TO_DY	CORE13	DY	DY	G808-E1891	qok	edy	0	f108v	f108v	G808-P0533	f108v.11	11	6	S	B	3	3	EXACT	-0.224372196847	26	-0.126804128781	2	-0.000445719124752	72	0	0	-0.0429299346433	100	-0.044921680573	100	0.00572966306848	68	-0.105445164585	4	-0.00252289590536	6	0	0	-0.351622044753	-0.351622044753	-0.34544666256	-0.354144940659	-0.351622044753
M02_DY_TO_DY:G808-E1892	M02_DY_TO_DY	CORE13	DY	DY	G808-E1892	qok	edy	0	f108v	f108v	G808-P0534	f108v.12	12	6	S	B	3	3	EXACT	-0.210878404676	13	0.0514170535354	3	-0.0144803413756	72	-0.078928985193	2	-0.0120565363121	88	-0.0147045325682	90	-0.00913052519712	68	-0.105445164585	4	0.298116872392	6	-0.144156591307	2	-0.173941692516	-0.252870677709	-0.168591876338	0.124175179875	-0.318098283823
M02_DY_TO_DY:G808-E1913	M02_DY_TO_DY	CORE13	DY	DY	G808-E1913	qok	edy	0	f108v	f108v	G808-P0537	f108v.36	36	3	S	B	3	3	EXACT	-0.210234205628	81	0.044018174512	3	0.0172469800238	72	0.186085901816	2	-0.108131272468	156	-0.105926077151	158	0.0073503434728	68	0.185471853215	4	0.0773161034503	6	0.259393214021	2	-0.148969051092	0.037116850724	-0.158865687643	-0.0716529476414	0.110424162929
M02_DY_TO_DY:G808-E1916	M02_DY_TO_DY	CORE13	DY	DY	G808-E1916	qok	edy	0	f108v	f108v	G808-P0537	f108v.38	38	6	S	B	3	3	EXACT	-0.210234205628	81	-0.205203227221	3	-0.0216676661131	72	0.232241076465	1	-0.130884597642	156	-0.130325599251	157	-0.0196077224893	68	-0.0567046558946	4	-0.127699385225	6	-0.0879108461276	2	-0.437105098961	-0.204864022496	-0.435045155338	-0.564804484186	-0.525015945089
M02_DY_TO_DY:G808-E1928	M02_DY_TO_DY	CORE13	DY	DY	G808-E1928	qok	edy	0	f111r	f111r	G808-P0538	f111r.4	4	7	S	B	3	3	EXACT	-0.284048575975	22	-0.0437385837774	6	-0.0309608903424	72	0	0	-0.0635709025299	100	-0.0660193063549	100	-0.0264398394615	68	-0.107841802462	4	-0.495131021545	6	0	0	-0.358748050094	-0.358748050094	-0.354226999214	-0.853879071639	-0.358748050094
M02_DY_TO_DY:G808-E1933	M02_DY_TO_DY	CORE13	DY	DY	G808-E1933	qok	eody	1	f111r	f111r	G808-P0539	f111r.7	7	8	S	B	3	3	EXACT	-0.112516150423	120	-0.106741303511	5	-0.0360556975173	69	0	0	-0.106452629419	194	-0.108901033244	194	-0.0349732142668	65	-0.0536457597957	4	-0.151733675146	6	0	0	-0.255313151452	-0.255313151452	-0.254230668201	-0.407046826598	-0.255313151452
M02_DY_TO_DY:G808-E1981	M02_DY_TO_DY	CORE13	DY	DY	G808-E1981	qok	edy	0	f112r	f112r	G808-P0556	f112r.24	24	6	S	B	3	2	EXACT	-0.0481531153539	12	0	0	-0.00457105588106	72	0	0	0.0224148143231	84	0.0200905194383	84	0.00466804814501	68	-0.161658240666	4	-0.557607955195	6	0	0	-0.0527241712349	-0.0527241712349	-0.0434850672089	-0.61033212643	-0.0527241712349
M02_DY_TO_DY:G808-E1987	M02_DY_TO_DY	CORE13	DY	DY	G808-E1987	qok	edy	0	f112r	f112r	G808-P0557	f112r.30	30	8	S	B	3	2	EXACT	-0.281005987707	20	-0.203309532133	2	-0.0110341955401	72	-0.0058333410971	1	-0.047531562597	94	-0.0489654735467	95	-0.00506032308657	68	-0.112612443592	4	-0.196353510939	6	-0.0152760207529	1	-0.49534971538	-0.501183056477	-0.489375842926	-0.691703226319	-0.510625736133
M02_DY_TO_DY:G808-E2004	M02_DY_TO_DY	CORE13	DY	DY	G808-E2004	qok	edy	0	f112v	f112v	G808-P0567	f112v.20	20	5	S	B	3	3	EXACT	-0.225436176703	4	-0.102055193393	1	-0.0348223521188	72	0.298338698501	1	-0.00362587523496	77	-0.00148411542071	78	-0.0269385987013	68	-0.168864096526	4	0.138085895744	6	0.300273114287	1	-0.362313722214	-0.063975023713	-0.354429968797	-0.22422782647	-0.0620406079272
M02_DY_TO_DY:G808-E2011	M02_DY_TO_DY	CORE13	DY	DY	G808-E2011	qok	edy	0	f112v	f112v	G808-P0571	f112v.33	33	4	S	B	3	3	EXACT	-0.261241990473	16	-0.207327920982	1	0.0210797747126	72	-0.427070440064	1	-0.00389492292682	89	-0.0103964959808	90	0.013272678514	68	0.153782473779	4	0.190395136173	6	-0.233945519865	3	-0.447490136742	-0.874560576806	-0.455297232941	-0.257095000569	-0.681435656607
M02_DY_TO_DY:G808-E2019	M02_DY_TO_DY	CORE13	DY	DY	G808-E2019	qok	edy	0	f112v	f112v	G808-P0574	f112v.42	42	10	S	B	3	3	EXACT	-0.130008707827	9	0	0	-0.0189002919719	71	0	0	0.00441164990183	80	0.00215675411072	80	-0.00330474240732	67	-0.280137380866	4	0.218873889977	6	0	0	-0.148908999798	-0.148908999798	-0.133313450234	0.0699648901786	-0.148908999798
M02_DY_TO_DY:G808-E2025	M02_DY_TO_DY	CORE13	DY	DY	G808-E2025	qok	edy	0	f113r	f113r	G808-P0576	f113r.2	2	4	S	B	3	3	EXACT	-0.20668805488	6	-0.103784977678	4	0.00889842613644	72	0	0	0.0230262801341	82	0.0210286239986	82	-0.0075028365899	68	0.287701876635	4	0.208062634597	6	0	0	-0.301574606421	-0.301574606421	-0.317975869148	-0.093511971824	-0.301574606421
M02_DY_TO_DY:G808-E2026	M02_DY_TO_DY	CORE13	DY	DY	G808-E2026	qok	edy	0	f113r	f113r	G808-P0577	f113r.4	4	7	S	B	3	3	EXACT	-0.266276564245	22	0.0666367173003	4	0.027767087798	72	0	0	-0.0156176849815	98	-0.017615341117	98	0.0350543671149	68	-0.0961346764383	4	0.157984348711	6	-0.134678342865	1	-0.171872759146	-0.171872759146	-0.164585479829	-0.013888410435	-0.306551102012
M02_DY_TO_DY:G808-E2029	M02_DY_TO_DY	CORE13	DY	DY	G808-E2029	qok	eody	1	f113r	f113r	G808-P0579	f113r.10	10	2	S	B	3	3	EXACT	0.272514251191	12	0.0743109982362	2	0.0248569770343	72	0	0	0.0903012026527	86	0.0883035465172	86	0.0203180234916	68	0.102001171412	4	-0.325582101158	6	0	0	0.371682226462	0.371682226462	0.367143272919	0.0461001253038	0.371682226462
M02_DY_TO_DY:G808-E2139	M02_DY_TO_DY	CORE13	DY	DY	G808-E2139	qok	edy	0	f115r	f115r	G808-P0633	f115r.6	6	4	S	B	@	3	EXACT	-0.23154034611	11	0.357171588908	1	0.0118961024211	70	0.17245223886	1	0.0164258175961	82	0.0165632652115	83	0.00255241310236	66	0.166066385075	4	0.102336930026	6	0.1422924733	1	0.137527345219	0.309979584078	0.1281836559	0.239864275244	0.279819818518
M02_DY_TO_DY:G808-E0269	M02_DY_TO_DY	CORE13	DY	DY	G808-E0269	qok	edy	0	f26r	f26r	G808-P0091	f26r.7	7	2	H	B	2	3	EXACT	-0.208366945512	8	0.0715958935111	1	-0.0268853216891	72	-0.237439468335	1	-0.00572932243047	81	-0.0104441475956	82	-0.0343486416529	68	0.099973283313	4	0.182806543431	6	-0.242281196183	1	-0.16365637369	-0.401095842025	-0.171119693654	0.0191501697415	-0.405937569873
M02_DY_TO_DY:G808-E0313	M02_DY_TO_DY	CORE13	DY	DY	G808-E0313	qok	edy	0	f31r	f31r	G808-P0108	f31r.6	6	2	H	B	2	2	EXACT	-0.0451689617727	3	0.225647251228	2	-0.012446416433	72	0	0	0.0347527559789	77	0.0325233417396	77	-0.0193265652893	68	0.104498071502	4	-0.109898443069	6	0	0	0.168031873022	0.168031873022	0.161151724166	0.0581334299534	0.168031873022
M02_DY_TO_DY:G808-E0316	M02_DY_TO_DY	CORE13	DY	DY	G808-E0316	qok	edy	0	f31r	f31r	G808-P0108	f31r.7	7	5	H	B	2	2	EXACT	-0.0451689617727	3	-0.00769184237577	1	-0.0401076685637	72	0	0	0.00269038096522	76	0.000460966725862	76	-0.0325628193156	68	-0.168388148405	4	-0.399425915037	6	0	0	-0.0929684727122	-0.0929684727122	-0.0854236234641	-0.492394387749	-0.0929684727122
M02_DY_TO_DY:G808-E0320	M02_DY_TO_DY	CORE13	DY	DY	G808-E0320	qok	edy	0	f31r	f31r	G808-P0109	f31r.10	10	5	H	B	2	2	EXACT	0.0142356535951	17	0	0	-0.00962742457494	72	-0.42688884914	1	0.0219684675994	89	0.0151991283954	90	-0.000289619798047	68	-0.168388148405	4	-0.458469868779	6	-0.242345793935	2	0.00460822902013	-0.42228062012	0.013946033797	-0.453861639759	-0.237737564915
M02_DY_TO_DY:G808-E0336	M02_DY_TO_DY	CORE13	DY	DY	G808-E0336	qok	edy	0	f33r	f33r	G808-P0114	f33r.3	3	4	H	B	2	3	EXACT	-0.00682417197509	35	0	0	-0.0273570358772	72	0	0	-0.00811041946432	107	-0.0103217102083	107	-0.0391039731314	68	0.172323041215	4	-0.0408506727454	6	-0.0869167685066	1	-0.0341812078523	-0.0341812078523	-0.0459281451065	-0.0750318805976	-0.121097976359
M02_DY_TO_DY:G808-E0344	M02_DY_TO_DY	CORE13	DY	DY	G808-E0344	qok	edy	0	f34r	f34r	G808-P0117	f34r.7	7	1	H	B	2	3	EXACT	-0.0841701340392	42	-0.0776212831573	2	-0.0619824520525	72	-0.215782279107	2	-0.0617570158356	116	-0.0659181916188	118	-0.0689619056054	68	0.0566503600484	4	0.0313011545596	6	-0.222179879863	2	-0.223773869249	-0.439556148356	-0.230753322802	-0.192472714689	-0.445953749112
M02_DY_TO_DY:G808-E0349	M02_DY_TO_DY	CORE13	DY	DY	G808-E0349	qok	edy	0	f34r	f34r	G808-P0118	f34r.15	15	6	H	B	2	3	EXACT	0.0258878391743	35	-0.00998442307182	1	-0.0524745603929	71	0	0	-0.0140693787005	107	-0.0163035649207	107	-0.0504052225167	67	-0.0871475777882	4	0.326742901312	6	0	0	-0.0365711442904	-0.0365711442904	-0.0345018064142	0.290171757021	-0.0365711442904
M02_DY_TO_DY:G808-E0386	M02_DY_TO_DY	CORE13	DY	DY	G808-E0386	qok	edy	0	f39r	f39r	G808-P0136	f39r.2	2	3	H	B	2	3	EXACT	-0.158309570919	18	0.0175341958719	2	-0.0183923908517	72	-0.120444916133	1	-0.0192734275462	92	-0.0221556067064	93	-0.029969269906	68	0.178396394356	4	0.174988028436	6	-0.118265918891	1	-0.159167765898	-0.279612682032	-0.170744644953	0.0158202625374	-0.277433684789
M02_DY_TO_DY:G808-E0403	M02_DY_TO_DY	CORE13	DY	DY	G808-E0403	qok	edy	0	f40v	f40v	G808-P0144	f40v.13	13	5	H	B	2	2	EXACT	-0.132272294972	36	0	0	-0.015346064798	72	-0.274783961154	1	-0.0423204391383	108	-0.0462651957704	109	-0.010807606882	68	-0.092517701319	4	-0.0027701699021	6	-0.272722351095	1	-0.14761835977	-0.422402320924	-0.143079901854	-0.150388529672	-0.420340710864
M02_DY_TO_DY:G808-E0405	M02_DY_TO_DY	CORE13	DY	DY	G808-E0405	qok	edy	0	f41r	f41r	G808-P0145	f41r.2	2	11	H	B	5	3	EXACT	-0.0823931398886	11	0.117983211027	2	-0.0318087299872	72	0	0	-0.00117262761776	85	-0.00345708937463	85	-0.0270783241037	68	-0.112254239398	4	0.0331181788963	6	-0.194199536398	1	0.00378134115118	0.00378134115118	0.0085117470347	0.0368995200475	-0.190418195247
M02_DY_TO_DY:G808-E0409	M02_DY_TO_DY	CORE13	DY	DY	G808-E0409	qok	edy	0	f41r	f41r	G808-P0146	f41r.8	8	6	H	B	5	3	EXACT	-0.168736093644	10	0.199489454662	1	-0.0257162688495	71	-0.0929196949757	1	-0.00565574400522	82	-0.00849045858173	83	-0.0239938142713	67	-0.0545860891402	4	-0.0347017227727	6	-0.14240917376	2	0.00503709216871	-0.087882602807	0.00675954674689	-0.029664630604	-0.137372081591
M02_DY_TO_DY:G808-E0412	M02_DY_TO_DY	CORE13	DY	DY	G808-E0412	qok	edy	0	f41r	f41r	G808-P0146	f41r.10	10	7	H	B	5	2	EXACT	-0.168736093644	10	0	0	-0.0139529571702	71	0	0	0.00185160644729	81	-0.000432855309576	81	-0.00808534068537	67	-0.112254239398	4	-0.124519621051	6	-0.376456781404	1	-0.182689050814	-0.182689050814	-0.176821434329	-0.307208671865	-0.559145832218
M02_DY_TO_DY:G808-E0440	M02_DY_TO_DY	CORE13	DY	DY	G808-E0440	qok	edy	0	f43r	f43r	G808-P0155	f43r.10	10	9	H	B	2	3	EXACT	-0.222158586156	14	-0.0267310169027	1	-0.040168031806	72	0.0690774614397	2	-0.0398686431056	87	-0.0387163343545	89	-0.0367611811126	68	-0.098104134652	4	0.100950401107	6	0.192735284311	2	-0.289057634864	-0.219980173425	-0.285650784171	-0.188107233757	-0.0963223505529
M02_DY_TO_DY:G808-E0500	M02_DY_TO_DY	CORE13	DY	DY	G808-E0500	qok	edy	0	f46v	f46v	G808-P0175	f46v.5	5	3	H	B	2	3	EXACT	-0.0659311415797	33	-0.0740416013452	5	-0.0423943517988	72	-0.0607850258593	1	-0.0365034177841	110	-0.0386655638197	111	-0.0553219133411	68	0.177356263861	4	-0.450456493907	6	-0.0700594686569	1	-0.182367094724	-0.243152120583	-0.195294656266	-0.63282358863	-0.252426563381
M02_DY_TO_DY:G808-E0524	M02_DY_TO_DY	CORE13	DY	DY	G808-E0524	qok	edy	0	f48r	f48r	G808-P0180	f48r.6	6	4	H	B	5	3	EXACT	0.0233405722971	32	0	0	-0.0100855045741	72	0	0	0.0147324339175	104	0.0124711285538	104	-0.0215187100454	68	0.184262231836	4	-0.203039687614	6	0	0	0.013255067723	0.013255067723	0.00182186225167	-0.189784619891	0.013255067723
M02_DY_TO_DY:G808-E0566	M02_DY_TO_DY	CORE13	DY	DY	G808-E0566	qok	edy	0	f50v	f50v	G808-P0190	f50v.8	8	4	H	B	2	3	EXACT	-0.159896003132	37	-0.261546563283	1	-0.0388086953464	72	0	0	-0.0702616607195	110	-0.0724707819175	110	-0.0512979674158	68	0.173491073604	4	0.327407319129	6	-0.013539404464	1	-0.460251261761	-0.460251261761	-0.47274053383	-0.132843942631	-0.473790666225
M02_DY_TO_DY:G808-E0666	M02_DY_TO_DY	CORE13	DY	DY	G808-E0666	qok	eody	1	f66r	f66r	G808-P0215	f66r.57	57	4	T	B	5	2	EXACT	-0.137146026235	28	0	0	-0.00613902744182	71	0	0	-0.0258101530952	99	-0.0280618557635	99	-0.0158767523266	67	0.156950924973	4	0.114488083678	6	0	0	-0.143285053677	-0.143285053677	-0.153022778561	-0.0287969699986	-0.143285053677
M02_DY_TO_DY:G808-E0674	M02_DY_TO_DY	CORE13	DY	DY	G808-E0674	qok	eody	1	f66r	f66r	G808-P0218	f66r.71	71	8	T	B	5	2	EXACT	-0.0746972890692	44	0	0	-0.00690625326985	71	0	0	-0.0260074849956	115	-0.0282591876639	115	-0.00222414752947	67	-0.0853484638267	4	-0.383901834735	6	-0.0349740992206	1	-0.0816035423391	-0.0816035423391	-0.0769214365987	-0.465505377074	-0.11657764156
M02_DY_TO_DY:G808-E0686	M02_DY_TO_DY	CORE13	DY	DY	G808-E0686	qok	edy	0	f66v	f66v	G808-P0219	f66v.5	5	3	H	B	5	2	EXACT	-0.0570930296163	21	0	0	-0.00453487127723	72	0.124813565151	1	0.0058686976749	93	0.00542811875446	94	-0.00792376310385	68	0.0530585666825	4	0.232120240055	6	0.052071332486	2	-0.0616279008935	0.0631856642577	-0.0650167927201	0.170492339161	-0.00955656840745
M02_DY_TO_DY:G808-E0695	M02_DY_TO_DY	CORE13	DY	DY	G808-E0695	qok	edy	0	f75r	f75r	G808-P0222	f75r.9	9	4	B	B	2	3	EXACT	-0.270803821266	83	-0.0391468475345	2	-0.0780618360673	72	0	0	-0.18734911815	157	-0.189319122657	157	-0.0927897080105	68	0.172292609276	4	0.291787375989	6	0	0	-0.388012504868	-0.388012504868	-0.402740376811	-0.0962251288786	-0.388012504868
M02_DY_TO_DY:G808-E0715	M02_DY_TO_DY	CORE13	DY	DY	G808-E0715	qok	edy	0	f75r	f75r	G808-P0224	f75r.42	42	2	B	B	2	2	EXACT	-0.293745485273	35	0.000235003157325	1	-0.0981539969539	72	0.331320594238	1	-0.149492318054	108	-0.146718520895	109	-0.110387212361	68	0.109791287279	4	-0.209036868905	6	-0.116705144915	2	-0.39166447907	-0.060343884832	-0.403897694477	-0.600701347975	-0.508369623985
M02_DY_TO_DY:G808-E0718	M02_DY_TO_DY	CORE13	DY	DY	G808-E0718	qok	edy	0	f75v	f75v	G808-P0226	f75v.1	1	3	B	B	2	2	EXACT	-0.285080257056	50	-0.0799622320036	1	-0.0588995407588	72	0	0	-0.147211070811	123	-0.149265118807	123	-0.072276605646	68	0.168492495359	4	-0.319495046735	6	0	0	-0.423942029819	-0.423942029819	-0.437319094706	-0.743437076554	-0.423942029819
M02_DY_TO_DY:G808-E0724	M02_DY_TO_DY	CORE13	DY	DY	G808-E0724	qok	edy	0	f75v	f75v	G808-P0226	f75v.12	12	1	B	B	2	3	EXACT	-0.285080257056	50	0.0614461679393	7	-0.0865341410513	72	-0.089314113374	1	-0.150916378545	129	-0.152208796398	130	-0.0940470369742	68	0.0411670226736	4	-0.0253851776689	6	-0.087310234109	1	-0.310168230168	-0.399482343542	-0.317681126091	-0.335553407837	-0.397478464277
M02_DY_TO_DY:G808-E0731	M02_DY_TO_DY	CORE13	DY	DY	G808-E0731	qok	edy	0	f75v	f75v	G808-P0228	f75v.47	47	7	B	B	2	3	EXACT	-0.335897539988	30	-0.208186150862	2	-0.0975316817965	72	-0.228301215553	2	-0.153332406455	104	-0.156095117767	106	-0.0999756230918	68	-0.0560027467414	4	-0.113317684475	6	-0.225508321633	3	-0.641615372647	-0.8699165882	-0.644059313942	-0.754933057122	-0.86712369428
M02_DY_TO_DY:G808-E0735	M02_DY_TO_DY	CORE13	DY	DY	G808-E0735	qok	edy	0	f75v	f75v	G808-P0230	f75v.60	60	2	B	B	2	2	EXACT	-0.318212292204	36	-0.038289535603	1	-0.0967745744674	72	-0.0358082337372	1	-0.158136411444	109	-0.158738297339	110	-0.108329463456	68	0.0996404713677	4	0.290898566089	6	-0.0338043544722	1	-0.453276402274	-0.489084636011	-0.464831291262	-0.162377836185	-0.487080756746
M02_DY_TO_DY:G808-E0747	M02_DY_TO_DY	CORE13	DY	DY	G808-E0747	qok	edy	0	f76r	f76r	G808-P0231	f76r.6	6	7	T	B	2	3	EXACT	-0.248004937427	112	0.220849085874	3	-0.00893588588806	69	0	0	-0.164988754256	184	-0.166717646017	184	-0.00328414598965	65	-0.100776351152	4	-0.194724418183	6	0	0	-0.0360917374416	-0.0360917374416	-0.0304399975432	-0.230816155624	-0.0360917374416
M02_DY_TO_DY:G808-E0760	M02_DY_TO_DY	CORE13	DY	DY	G808-E0760	qok	edy	0	f76r	f76r	G808-P0231	f76r.23	23	2	T	B	2	3	EXACT	-0.248004937427	112	0.125580654121	4	-0.00272837468839	69	0	0	-0.162557036914	185	-0.164285928675	185	-0.00912269166323	65	0.101179584238	4	-0.273905133647	6	0.180086124077	1	-0.125152657995	-0.125152657995	-0.131546974969	-0.399057791642	0.0549334660823
M02_DY_TO_DY:G808-E0764	M02_DY_TO_DY	CORE13	DY	DY	G808-E0764	qok	edy	0	f76r	f76r	G808-P0231	f76r.33	33	1	T	B	2	3	EXACT	-0.248004937427	112	0.019447219544	8	-0.010352208811	69	0	0	-0.163379364836	189	-0.165108256597	189	-0.014137962944	65	0.0511666039359	4	-0.11927243496	6	0	0	-0.238909926694	-0.238909926694	-0.242695680827	-0.358182361654	-0.238909926694
M02_DY_TO_DY:G808-E0787	M02_DY_TO_DY	CORE13	DY	DY	G808-E0787	qok	edy	0	f76v	f76v	G808-P0235	f76v.7	7	9	B	B	2	3	EXACT	-0.231532942903	40	-0.0330329617969	1	-0.0940149460105	72	0	0	-0.132693914219	113	-0.134830584258	113	-0.0939969101163	68	-0.0943407544705	4	-0.368981116725	6	0	0	-0.35858085071	-0.35858085071	-0.358562814816	-0.727561967435	-0.35858085071
M02_DY_TO_DY:G808-E0795	M02_DY_TO_DY	CORE13	DY	DY	G808-E0795	qok	edy	0	f76v	f76v	G808-P0237	f76v.16	16	4	B	B	2	2	EXACT	-0.357437705076	18	0	0	-0.0466135354643	72	0	0	-0.0828956666749	90	-0.0850323367132	90	-0.0599212688802	68	0.179598734347	4	-0.0933697800539	6	0	0	-0.40405124054	-0.40405124054	-0.417358973956	-0.497421020594	-0.40405124054
M02_DY_TO_DY:G808-E0798	M02_DY_TO_DY	CORE13	DY	DY	G808-E0798	qok	edy	0	f76v	f76v	G808-P0237	f76v.17	17	8	B	B	2	3	EXACT	-0.357437705076	18	-0.0544480197455	1	-0.0881137637969	72	-0.339977640764	1	-0.11516788817	91	-0.119319331535	92	-0.0877485995373	68	-0.0943407544705	4	-0.0564500999925	6	-0.354629222381	1	-0.499999488618	-0.839977129382	-0.499634324359	-0.556449588611	-0.854628711
M02_DY_TO_DY:G808-E0800	M02_DY_TO_DY	CORE13	DY	DY	G808-E0800	qok	edy	0	f76v	f76v	G808-P0237	f76v.18	18	5	B	B	2	2	EXACT	-0.357437705076	18	-0.129463965602	1	-0.0803002182965	72	0	0	-0.109810093333	91	-0.111946763371	91	-0.0792206237445	68	-0.0986725239408	4	-0.0610924851504	6	0	0	-0.567201888974	-0.567201888974	-0.566122294422	-0.628294374125	-0.567201888974
M02_DY_TO_DY:G808-E0803	M02_DY_TO_DY	CORE13	DY	DY	G808-E0803	qok	edy	0	f76v	f76v	G808-P0237	f76v.20	20	3	B	B	2	3	EXACT	-0.357437705076	18	0.155312585264	3	-0.0705855861782	72	-0.201590459494	1	-0.0930351611326	93	-0.0959069874674	94	-0.0852591158225	68	0.178845219516	4	-0.128706641168	6	-0.198506850552	1	-0.27271070599	-0.474301165484	-0.287384235634	-0.401417347158	-0.471217556542
M02_DY_TO_DY:G808-E0811	M02_DY_TO_DY	CORE13	DY	DY	G808-E0811	qok	edy	0	f76v	f76v	G808-P0238	f76v.25	25	4	B	B	2	3	EXACT	-0.240357343296	37	0.0313956085177	1	-0.0690201689788	72	-0.0521954008131	1	-0.114429804496	110	-0.115650393362	111	-0.0836459396603	68	0.179598734347	4	0.115393501257	6	-0.0306940467792	2	-0.277981903757	-0.33017730457	-0.292607674438	-0.1625884025	-0.308675950536
M02_DY_TO_DY:G808-E0826	M02_DY_TO_DY	CORE13	DY	DY	G808-E0826	qok	edy	0	f76v	f76v	G808-P0240	f76v.41	41	4	B	B	2	2	EXACT	-0.299422623603	25	-0.107802024118	2	-0.0657466493005	72	-0.048114259999	2	-0.105739301615	99	-0.105953681592	101	-0.0801798600009	68	0.179598734347	4	-0.284090866331	6	-0.0552320298466	2	-0.472971297022	-0.521085557021	-0.487404507722	-0.757062163353	-0.528203326868
M02_DY_TO_DY:G808-E0838	M02_DY_TO_DY	CORE13	DY	DY	G808-E0838	qok	edy	0	f77r	f77r	G808-P0241	f77r.21	21	4	B	B	2	2	EXACT	-0.266939688218	50	0	0	-0.0777571999708	72	-0.432138190668	2	-0.151332401468	122	-0.157359311622	124	-0.0927688393587	68	0.177422083759	4	-0.14854836156	6	-0.430298399206	2	-0.344696888189	-0.776835078857	-0.359708527577	-0.493245249749	-0.774995287395
M02_DY_TO_DY:G808-E0860	M02_DY_TO_DY	CORE13	DY	DY	G808-E0860	qok	edy	0	f77v	f77v	G808-P0244	f77v.8	8	5	B	B	2	3	EXACT	-0.25084937428	24	0	0	-0.0852997932637	72	0.105021730519	1	-0.106070591518	96	-0.105675105516	97	-0.0838821038169	68	-0.109418948811	4	-0.0418664585763	6	0.0348490408028	1	-0.336149167543	-0.231127437024	-0.334731478096	-0.37801562612	-0.30130012674
M02_DY_TO_DY:G808-E0861	M02_DY_TO_DY	CORE13	DY	DY	G808-E0861	qok	edy	0	f77v	f77v	G808-P0244	f77v.9	9	10	B	B	2	3	EXACT	-0.25084937428	24	-0.0539560107499	1	-0.0906802812186	72	-0.00666637729058	1	-0.109325130067	97	-0.110062527676	98	-0.0897581070609	68	-0.106375676851	4	-0.157269884411	6	0.0836282173835	2	-0.395485666248	-0.402152043539	-0.39456349209	-0.55275555066	-0.311857448865
M02_DY_TO_DY:G808-E0863	M02_DY_TO_DY	CORE13	DY	DY	G808-E0863	qok	edy	0	f77v	f77v	G808-P0244	f77v.10	10	8	B	B	2	3	EXACT	-0.25084937428	24	0	0	-0.0840781755409	72	-0.0600819019319	2	-0.105154378226	96	-0.105610864985	98	-0.0791916631362	68	-0.167167321372	4	-0.400573849824	6	-0.0622006089377	2	-0.33492754982	-0.395009451752	-0.330041037416	-0.735501399644	-0.397128158758
M02_DY_TO_DY:G808-E0866	M02_DY_TO_DY	CORE13	DY	DY	G808-E0866	qok	edy	0	f77v	f77v	G808-P0244	f77v.12	12	3	B	B	2	2	EXACT	-0.25084937428	24	-0.0348262446786	3	-0.0556180882007	72	0	0	-0.0817313314837	99	-0.0839248700747	99	-0.069410350996	68	0.178831944369	4	-0.206928604362	6	0	0	-0.341293707159	-0.341293707159	-0.355085969954	-0.548222311521	-0.341293707159
M02_DY_TO_DY:G808-E0869	M02_DY_TO_DY	CORE13	DY	DY	G808-E0869	qok	edy	0	f77v	f77v	G808-P0245	f77v.16	16	5	B	B	2	2	EXACT	-0.323802683277	32	0.0492775953566	1	-0.0713126819398	72	0.486228967114	1	-0.132439769819	105	-0.128419046142	106	-0.0656752581468	68	-0.167167321372	4	-0.316130271995	6	0.203515323689	2	-0.34583776986	0.140391197254	-0.340200346067	-0.661968041854	-0.142322446171
M02_DY_TO_DY:G808-E0873	M02_DY_TO_DY	CORE13	DY	DY	G808-E0873	qok	edy	0	f77v	f77v	G808-P0245	f77v.20	20	3	B	B	2	2	EXACT	-0.323802683277	32	0	0	-0.0970886475714	72	-0.147555353993	2	-0.152220319852	104	-0.15357031072	106	-0.101420984329	68	-0.0234573576377	4	0.324300446928	6	-0.0721858536055	2	-0.420891330848	-0.568446684841	-0.425223667606	-0.0965908839196	-0.493077184453
M02_DY_TO_DY:G808-E0879	M02_DY_TO_DY	CORE13	DY	DY	G808-E0879	qok	edy	0	f77v	f77v	G808-P0246	f77v.30	30	4	B	B	2	2	EXACT	-0.1914482584	39	-0.102488646035	3	-0.0640840659703	72	0.154836963545	3	-0.0983233151534	114	-0.0929988193299	117	-0.0778616361086	68	0.17011619143	4	-0.155179992848	6	0.154607574078	3	-0.358020970405	-0.20318400686	-0.371798540543	-0.513200963252	-0.203413396326
M02_DY_TO_DY:G808-E0884	M02_DY_TO_DY	CORE13	DY	DY	G808-E0884	qok	edy	0	f77v	f77v	G808-P0246	f77v.34	34	7	B	B	2	2	EXACT	-0.1914482584	39	-0.387469134727	1	-0.0967401800938	72	0	0	-0.12213644613	112	-0.124329984721	112	-0.0961744705758	68	-0.106375676851	4	0.186892489349	6	0	0	-0.67565757322	-0.67565757322	-0.675091863702	-0.488765083871	-0.67565757322
M02_DY_TO_DY:G808-E0898	M02_DY_TO_DY	CORE13	DY	DY	G808-E0898	qok	edy	0	f78r	f78r	G808-P0247	f78r.4	4	2	B	B	2	2	EXACT	-0.261308229437	45	-0.117459627628	2	-0.0748217308988	72	-0.297652462851	1	-0.140123597342	119	-0.143004380151	120	-0.0860259093686	68	0.115630626169	4	-0.254039836559	6	-0.296014733233	1	-0.453589587964	-0.751242050815	-0.464793766434	-0.707629424523	-0.749604321197
M02_DY_TO_DY:G808-E0901	M02_DY_TO_DY	CORE13	DY	DY	G808-E0901	qok	edy	0	f78r	f78r	G808-P0247	f78r.5	5	5	B	B	2	2	EXACT	-0.261308229437	45	0	0	-0.0888296610216	72	0.48612946684	1	-0.149372937093	117	-0.145550652482	118	-0.0881688021213	68	-0.100082939247	4	-0.479837920482	6	0.487767196458	1	-0.350137890459	0.135991576381	-0.349477031558	-0.829975810941	0.137629305999
M02_DY_TO_DY:G808-E0911	M02_DY_TO_DY	CORE13	DY	DY	G808-E0911	qok	edy	0	f78r	f78r	G808-P0247	f78r.13	13	1	B	B	2	2	EXACT	-0.261308229437	45	0.0543351359352	3	-0.0816138055819	72	0	0	-0.139597298971	120	-0.141443424877	120	-0.0908241742196	68	0.0749437843392	4	-0.25562439951	6	-0.178426855162	1	-0.288586899084	-0.288586899084	-0.297797267722	-0.544211298594	-0.467013754246
M02_DY_TO_DY:G808-E0914	M02_DY_TO_DY	CORE13	DY	DY	G808-E0914	qok	edy	0	f78r	f78r	G808-P0247	f78r.15	15	3	B	B	2	2	EXACT	-0.261308229437	45	-0.20586867218	1	-0.0935389352191	72	0.100904770168	1	-0.152605365534	118	-0.152040733685	119	-0.103378163429	68	0.0737092674289	4	-0.0169135198316	6	0.102542499787	1	-0.560715836836	-0.459811066668	-0.570555065046	-0.577629356668	-0.45817333705
M02_DY_TO_DY:G808-E0921	M02_DY_TO_DY	CORE13	DY	DY	G808-E0921	qok	edy	0	f78r	f78r	G808-P0248	f78r.31	31	3	B	B	2	2	EXACT	-0.323579331813	45	-0.108203190373	1	-0.0815585669009	72	0	0	-0.16821509101	118	-0.170061216917	118	-0.0906930675627	68	0.0737092674289	4	-0.192485654614	6	0	0	-0.513341089087	-0.513341089087	-0.522475589749	-0.705826743701	-0.513341089087
M02_DY_TO_DY:G808-E0922	M02_DY_TO_DY	CORE13	DY	DY	G808-E0922	qok	edy	0	f78r	f78r	G808-P0248	f78r.32	32	1	B	B	2	3	EXACT	-0.323579331813	45	0.239093691718	1	-0.0865738485852	72	-0.140459958707	1	-0.168332068969	118	-0.169663554981	119	-0.0960759844584	68	0.0749437843392	4	0.106281052497	6	-0.157857021654	1	-0.17105948868	-0.311519447387	-0.180561624554	-0.0647784361831	-0.328916510335
M02_DY_TO_DY:G808-E0928	M02_DY_TO_DY	CORE13	DY	DY	G808-E0928	qok	edy	0	f78v	f78v	G808-P0249	f78v.3	3	1	B	B	2	2	EXACT	-0.400558615479	35	-0.100030896881	2	-0.0979898826227	72	0	0	-0.183908688101	109	-0.185757935343	109	-0.106716678125	68	0.0503468356157	4	-0.00778120911458	6	0	0	-0.598579394983	-0.598579394983	-0.607306190485	-0.606360604098	-0.598579394983
M02_DY_TO_DY:G808-E0932	M02_DY_TO_DY	CORE13	DY	DY	G808-E0932	qok	edy	0	f78v	f78v	G808-P0249	f78v.6	6	9	B	B	2	3	EXACT	-0.400558615479	35	0.142459088171	2	-0.110658385294	72	-0.15128668438	2	-0.187827515828	109	-0.188415135534	111	-0.111156139218	68	-0.102215373881	4	-0.162159391164	6	-0.14936382716	2	-0.368757912601	-0.520044596981	-0.369255666526	-0.530917303766	-0.518121739761
M02_DY_TO_DY:G808-E0933	M02_DY_TO_DY	CORE13	DY	DY	G808-E0933	qok	edy	0	f78v	f78v	G808-P0249	f78v.7	7	7	B	B	2	2	EXACT	-0.400558615479	35	-0.052008006392	1	-0.0983443110035	72	-0.290422960047	2	-0.184620119164	108	-0.187784336299	110	-0.0996489469955	68	-0.0761843044381	4	-0.279705068053	6	-0.288500102827	2	-0.550910932874	-0.841333892921	-0.552215568866	-0.830616000928	-0.839411035701
M02_DY_TO_DY:G808-E0934	M02_DY_TO_DY	CORE13	DY	DY	G808-E0934	qok	edy	0	f78v	f78v	G808-P0249	f78v.8	8	1	B	B	2	2	EXACT	-0.400558615479	35	0.198741650148	3	-0.09357497631	72	-0.139264734747	1	-0.171967510852	110	-0.173220521401	111	-0.102042071441	68	0.0503468356157	4	-0.196497439993	6	-0.156376670093	1	-0.295391941641	-0.434656676388	-0.303859036772	-0.491889381634	-0.451768611734
M02_DY_TO_DY:G808-E0936	M02_DY_TO_DY	CORE13	DY	DY	G808-E0936	qok	edy	0	f78v	f78v	G808-P0249	f78v.9	9	5	B	B	2	3	EXACT	-0.400558615479	35	0.273660136519	2	-0.0996460847171	72	-0.165859541709	1	-0.178145976945	109	-0.17957917026	110	-0.0989166341219	68	-0.112065550136	4	0.0992379484218	6	-0.119459730561	2	-0.226544563677	-0.392404105386	-0.225815113082	-0.127306615255	-0.346004294238
M02_DY_TO_DY:G808-E0938	M02_DY_TO_DY	CORE13	DY	DY	G808-E0938	qok	edy	0	f78v	f78v	G808-P0249	f78v.10	10	2	B	B	2	2	EXACT	-0.400558615479	35	0.239074485962	1	-0.0840875415025	72	0.185664632991	1	-0.172420397901	108	-0.170677310027	109	-0.0947224529926	68	0.0966871485296	4	-0.401670883279	6	0.187587490211	1	-0.245571671019	-0.0599070380281	-0.256206582509	-0.647242554298	-0.057984180808
M02_DY_TO_DY:G808-E0944	M02_DY_TO_DY	CORE13	DY	DY	G808-E0944	qok	edy	0	f78v	f78v	G808-P0249	f78v.13	13	3	B	B	2	2	EXACT	-0.400558615479	35	-0.0551937087069	1	-0.0861406270822	72	-0.0364053495233	1	-0.176513827127	108	-0.176770524145	109	-0.0958319887904	68	0.0785937166589	4	-0.365326452439	6	-0.111623560876	2	-0.541892951268	-0.578298300791	-0.551584312976	-0.907219403707	-0.653516512144
M02_DY_TO_DY:G808-E0948	M02_DY_TO_DY	CORE13	DY	DY	G808-E0948	qok	edy	0	f78v	f78v	G808-P0249	f78v.16	16	5	B	B	2	3	EXACT	-0.400558615479	35	-0.0342426827317	2	-0.111273668354	72	0	0	-0.191476175664	109	-0.193325422906	109	-0.111228193266	68	-0.112065550136	4	-0.241099142188	6	0	0	-0.546074966564	-0.546074966564	-0.546029491477	-0.787174108752	-0.546074966564
M02_DY_TO_DY:G808-E0952	M02_DY_TO_DY	CORE13	DY	DY	G808-E0952	qok	edy	0	f78v	f78v	G808-P0249	f78v.18	18	3	B	B	2	3	EXACT	-0.400558615479	35	0.161887585493	2	-0.0933712779905	72	-0.100072434099	1	-0.17605202298	109	-0.176906187625	110	-0.108700153213	68	0.167200795497	4	0.0447503065553	6	-0.0981495768791	1	-0.332042307976	-0.432114742075	-0.347371183199	-0.287292001421	-0.430191884855
M02_DY_TO_DY:G808-E0972	M02_DY_TO_DY	CORE13	DY	DY	G808-E0972	qok	edy	0	f79r	f79r	G808-P0254	f79r.24	24	4	B	B	2	3	EXACT	-0.299651844277	20	-0.0462519688393	1	-0.0765207566916	72	-0.130638264174	1	-0.0998949622301	93	-0.10186361698	94	-0.0911618163449	68	0.172357641561	4	0.290539102554	6	-0.129625111588	1	-0.422424569808	-0.553062833982	-0.437065629462	-0.131885467254	-0.552049681397
M02_DY_TO_DY:G808-E1007	M02_DY_TO_DY	CORE13	DY	DY	G808-E1007	qok	edy	0	f80r	f80r	G808-P0266	f80r.15	15	1	B	B	2	3	EXACT	-0.292381536239	81	0.0160639747514	5	-0.102973124616	72	0	0	-0.203613945831	158	-0.205705268976	158	-0.112545288528	68	0.0597353313705	4	0.110721163767	6	-0.558734939694	1	-0.379290686104	-0.379290686104	-0.388862850016	-0.268569522336	-0.938025625797
M02_DY_TO_DY:G808-E1019	M02_DY_TO_DY	CORE13	DY	DY	G808-E1019	qok	edy	0	f80r	f80r	G808-P0269	f80r.40	40	6	B	B	2	2	EXACT	-0.429362387518	22	0	0	-0.0768889284038	72	0	0	-0.137947488027	94	-0.140038811172	94	-0.0812799235261	68	-0.00226034184708	4	0.286991208579	6	-0.0956712356916	1	-0.506251315922	-0.506251315922	-0.510642311045	-0.219260107343	-0.601922551614
M02_DY_TO_DY:G808-E1028	M02_DY_TO_DY	CORE13	DY	DY	G808-E1028	qok	edy	0	f80v	f80v	G808-P0271	f80v.4	4	1	B	B	2	2	EXACT	-0.468908386398	20	-0.125298664606	2	-0.0819393941068	72	0.0158133026654	2	-0.141006055216	94	-0.139138281388	96	-0.0901397840903	68	0.05744908288	4	0.150547149143	6	-0.00732181407311	2	-0.676146445111	-0.660333142446	-0.684346835095	-0.525599295968	-0.683468259185
M02_DY_TO_DY:G808-E1034	M02_DY_TO_DY	CORE13	DY	DY	G808-E1034	qok	edy	0	f80v	f80v	G808-P0271	f80v.6	6	8	B	B	2	2	EXACT	-0.468908386398	20	0	0	-0.0825320752733	72	-0.295563036768	1	-0.142286295315	92	-0.145754134487	93	-0.0809888802553	68	-0.108784543312	4	-0.0770600273587	6	-0.293024583739	1	-0.551440461672	-0.847003498439	-0.549897266654	-0.62850048903	-0.844465045411
M02_DY_TO_DY:G808-E1070	M02_DY_TO_DY	CORE13	DY	DY	G808-E1070	qok	edy	0	f81r	f81r	G808-P0280	f81r.17	17	5	B	B	2	2	EXACT	-0.250410584771	43	0.69156649355	1	-0.104212815278	72	-0.0644684953206	2	-0.143753161133	116	-0.143940952053	118	-0.104817023435	68	-0.0939595668021	4	0.203089071474	6	-0.0611533891085	2	0.336943093501	0.27247459818	0.336338885344	0.540032164974	0.275789704392
M02_DY_TO_DY:G808-E1071	M02_DY_TO_DY	CORE13	DY	DY	G808-E1071	qok	edy	0	f81r	f81r	G808-P0280	f81r.19	19	1	B	B	2	2	EXACT	-0.250410584771	43	0.00361831766115	1	-0.0770557685295	72	0	0	-0.132827650875	116	-0.135045579421	116	-0.0856731155612	68	0.0694208408264	4	-0.103953040673	6	0	0	-0.323848035639	-0.323848035639	-0.332465382671	-0.427801076313	-0.323848035639
M02_DY_TO_DY:G808-E1085	M02_DY_TO_DY	CORE13	DY	DY	G808-E1085	qok	edy	0	f81r	f81r	G808-P0280	f81r.30	30	3	B	B	2	2	EXACT	-0.250410584771	43	-0.199402015295	1	-0.0755952446963	72	0	0	-0.133671294124	116	-0.13588922267	116	-0.0850817914613	68	0.0856577601252	4	-0.16077195979	6	-0.0232895015792	1	-0.525407844762	-0.525407844762	-0.534894391527	-0.686179804553	-0.548697346342
M02_DY_TO_DY:G808-E1088	M02_DY_TO_DY	CORE13	DY	DY	G808-E1088	qok	edy	0	f81v	f81v	G808-P0282	f81v.12	12	5	B	B	2	2	EXACT	-0.259106240229	52	0.106648466096	1	-0.10770055626	72	-0.102656668651	1	-0.16601686082	125	-0.167324464179	126	-0.107509811293	68	-0.110961600498	4	-0.400698904628	6	-0.100740580508	1	-0.260158330392	-0.362814999044	-0.259967585426	-0.660857235021	-0.360898910901
M02_DY_TO_DY:G808-E1091	M02_DY_TO_DY	CORE13	DY	DY	G808-E1091	qok	edy	0	f81v	f81v	G808-P0282	f81v.14	14	7	B	B	2	2	EXACT	-0.259106240229	52	0.0499198556994	1	-0.109368134245	72	0	0	-0.167431214623	125	-0.169547956784	125	-0.109114315844	68	-0.113701426877	4	-0.0416160699552	6	0	0	-0.318554518775	-0.318554518775	-0.318300700373	-0.36017058873	-0.318554518775
M02_DY_TO_DY:G808-E1107	M02_DY_TO_DY	CORE13	DY	DY	G808-E1107	qok	edy	0	f82r	f82r	G808-P0284	f82r.11	11	2	B	B	2	2	EXACT	-0.273580784875	28	0	0	-0.0702211597452	72	0	0	-0.109925339413	100	-0.112151179757	100	-0.0806283728256	68	0.106683437611	4	-0.00275371997156	6	0	0	-0.34380194462	-0.34380194462	-0.354209157701	-0.346555664592	-0.34380194462
M02_DY_TO_DY:G808-E1112	M02_DY_TO_DY	CORE13	DY	DY	G808-E1112	qok	edy	0	f82r	f82r	G808-P0284	f82r.15	15	3	B	B	2	3	EXACT	-0.273580784875	28	0.119163975994	5	-0.0868787872123	72	0	0	-0.109485124238	105	-0.111710964581	105	-0.102389437539	68	0.176784243328	4	-0.514585108533	6	-0.283077566325	2	-0.241295596093	-0.241295596093	-0.25680624642	-0.755880704626	-0.524373162418
M02_DY_TO_DY:G808-E1115	M02_DY_TO_DY	CORE13	DY	DY	G808-E1115	qok	edy	0	f82r	f82r	G808-P0284	f82r.17	17	5	B	B	2	2	EXACT	-0.273580784875	28	-0.0376596814823	1	-0.0984520084259	72	-0.0452024385658	1	-0.129136531575	101	-0.130140698462	102	-0.0942609005106	68	-0.169718867995	4	-0.121810252233	6	-0.0542134657717	1	-0.409692474783	-0.454894913349	-0.405501366868	-0.531502727016	-0.463905940555
M02_DY_TO_DY:G808-E1126	M02_DY_TO_DY	CORE13	DY	DY	G808-E1126	qok	edy	0	f82v	f82v	G808-P0286	f82v.6	6	1	B	B	2	2	EXACT	-0.533414229878	7	0.228181398137	1	-0.0976662262339	72	0	0	-0.0939159761083	80	-0.0961794708041	80	-0.106336634429	68	0.0497133970307	4	-0.354374612286	6	0	0	-0.402899057975	-0.402899057975	-0.41156946617	-0.757273670261	-0.402899057975
M02_DY_TO_DY:G808-E1129	M02_DY_TO_DY	CORE13	DY	DY	G808-E1129	qok	edy	0	f82v	f82v	G808-P0286	f82v.7	7	11	B	B	2	3	EXACT	-0.533414229878	7	0.117500333333	2	-0.0996236397447	72	-0.0261076901982	1	-0.0941292036017	81	-0.0950620339567	82	-0.099330295084	68	-0.104627815034	4	-0.0376503236912	6	-0.0361662532887	1	-0.51553753629	-0.541645226488	-0.515244191629	-0.553187859981	-0.551703789578
M02_DY_TO_DY:G808-E1131	M02_DY_TO_DY	CORE13	DY	DY	G808-E1131	qok	edy	0	f82v	f82v	G808-P0286	f82v.9	9	9	B	B	2	3	EXACT	-0.533414229878	7	-0.0927371855263	2	-0.109681950518	72	-0.057393636661	1	-0.108260974137	81	-0.10940300176	82	-0.0980284721489	68	-0.307808398848	4	0.0355071492947	6	-0.0675713034632	1	-0.735833365922	-0.793227002583	-0.724179887553	-0.700326216627	-0.803404669385
M02_DY_TO_DY:G808-E1139	M02_DY_TO_DY	CORE13	DY	DY	G808-E1139	qok	edy	0	f82v	f82v	G808-P0288	f82v.16	16	1	B	B	2	3	EXACT	-0.274238821277	17	-0.0533503023504	3	-0.0944643330323	72	0.00577346272987	1	-0.099360627201	92	-0.100051787999	93	-0.102946394569	68	0.0497133970307	4	0.163231181236	6	0.00718859131374	1	-0.42205345666	-0.41627999393	-0.430535518196	-0.258822275423	-0.414864865346
M02_DY_TO_DY:G808-E1157	M02_DY_TO_DY	CORE13	DY	DY	G808-E1157	qok	edy	0	f83r	f83r	G808-P0292	f83r.4	4	3	B	B	2	2	EXACT	-0.297968253652	26	0	0	-0.0544436722795	72	0.508354827017	1	-0.0999171248297	98	-0.0955690125859	99	-0.0682919578108	68	0.180957701942	4	-0.361994126364	6	0.450669319478	1	-0.352411925931	0.155942901085	-0.366260211463	-0.714406052295	0.0982573935469
M02_DY_TO_DY:G808-E1161	M02_DY_TO_DY	CORE13	DY	DY	G808-E1161	qok	edy	0	f83r	f83r	G808-P0292	f83r.7	7	8	B	B	2	3	EXACT	-0.297968253652	26	0	0	-0.0805742650117	72	-0.126384895371	2	-0.119115111327	98	-0.120652110846	100	-0.080131623379	68	-0.0881186525773	4	0.199718104069	6	-0.0948677676271	3	-0.378542518663	-0.504927414035	-0.378099877031	-0.178824414594	-0.473410286291
M02_DY_TO_DY:G808-E1164	M02_DY_TO_DY	CORE13	DY	DY	G808-E1164	qok	edy	0	f83r	f83r	G808-P0293	f83r.9	9	3	B	B	2	3	EXACT	-0.282030957885	26	0	0	-0.0676907784115	72	0	0	-0.105421430458	98	-0.107630178372	98	-0.08231830548	68	0.180957701942	4	0.28272021229	6	0	0	-0.349721736296	-0.349721736296	-0.364349263365	-0.0670015240063	-0.349721736296
M02_DY_TO_DY:G808-E1166	M02_DY_TO_DY	CORE13	DY	DY	G808-E1166	qok	edy	0	f83r	f83r	G808-P0293	f83r.11	11	6	B	B	2	3	EXACT	-0.282030957885	26	-0.169411544948	1	-0.0747714739621	72	-0.19493532749	1	-0.111020217614	99	-0.113659544589	100	-0.0757484733425	68	-0.0581819643065	4	0.0432905098678	6	-0.238191882518	1	-0.526213976795	-0.721149304285	-0.527190976175	-0.482923466927	-0.764405859313
M02_DY_TO_DY:G808-E1169	M02_DY_TO_DY	CORE13	DY	DY	G808-E1169	qok	edy	0	f83r	f83r	G808-P0293	f83r.12	12	8	B	B	2	2	EXACT	-0.282030957885	26	-0.0748091509084	1	-0.0835706544713	72	-0.156928449809	1	-0.116464041883	99	-0.118668861838	100	-0.0819542327215	68	-0.111069304029	4	-0.318256357981	6	-0.0845467139534	2	-0.440410763264	-0.597339213074	-0.438794341515	-0.758667121245	-0.524957477218
M02_DY_TO_DY:G808-E1181	M02_DY_TO_DY	CORE13	DY	DY	G808-E1181	qok	edy	0	f83r	f83r	G808-P0294	f83r.23	23	5	B	B	2	2	EXACT	-0.207700191717	16	0.00428286525042	1	-0.0870870106368	72	-0.0415426725483	1	-0.0799769633929	89	-0.0813046947	90	-0.0854096386909	68	-0.115621813529	4	-0.278767163223	6	-0.0507612805638	1	-0.290504337104	-0.332047009652	-0.288826965158	-0.569271500326	-0.341265617667
M02_DY_TO_DY:G808-E1183	M02_DY_TO_DY	CORE13	DY	DY	G808-E1183	qok	edy	0	f83r	f83r	G808-P0295	f83r.25	25	4	B	B	2	2	EXACT	-0.244552546199	11	-0.18861060172	1	-0.0431899091495	72	-0.0633908449797	1	-0.0384391636337	84	-0.0404607877544	85	-0.0570496615645	68	0.192406402095	4	-0.190045643481	6	-0.136603622955	1	-0.476353057068	-0.539743902048	-0.490212809483	-0.666398700549	-0.612956680024
M02_DY_TO_DY:G808-E1187	M02_DY_TO_DY	CORE13	DY	DY	G808-E1187	qok	edy	0	f83r	f83r	G808-P0295	f83r.28	28	4	B	B	2	2	EXACT	-0.244552546199	11	-0.00817309024116	1	-0.0477910724587	72	0.259189660292	1	-0.0402349522859	84	-0.0384403847133	85	-0.0619214815389	68	0.192406402095	4	0.0725753724467	6	0.261634207678	1	-0.300516708899	-0.0413270486068	-0.314647117979	-0.227941336452	-0.0388825012205
M02_DY_TO_DY:G808-E1233	M02_DY_TO_DY	CORE13	DY	DY	G808-E1233	qok	edy	0	f85r1	f85r	G808-P0307	f85r1.24	24	9	T	B	2	3	EXACT	-0.0182882112327	8	0.0166178241895	1	0.0120355170432	72	0	0	0.0461808737035	81	0.0439719993129	81	0.0188401593491	68	-0.103645675006	4	0.00664403151635	6	-0.0923101398271	1	0.01036513	0.01036513	0.0171697723059	0.0170091615164	-0.081945009827
M02_DY_TO_DY:G808-E1249	M02_DY_TO_DY	CORE13	DY	DY	G808-E1249	qok	eody	1	f85r2	f85r	G808-P0314	f85r2.21	21	1	C	B	2	2	EXACT	-0.309399580774	15	0	0	-0.0165189740659	70	0	0	-0.0389781921333	85	-0.0411870665239	85	-0.0215687578276	66	0.066801730704	4	0.160951460366	6	0	0	-0.32591855484	-0.32591855484	-0.330968338602	-0.164967094474	-0.32591855484
M02_DY_TO_DY:G808-E1329	M02_DY_TO_DY	CORE13	DY	DY	G808-E1329	qok	eody	1	f88r	f88r	G808-P0334	f88r.9	9	7	P	A	1	3	EXACT	-0.0204033462074	12	0.386966341259	1	0.0960235703028	72	0.0191713984035	2	0.114565232148	85	0.111072679212	87	0.104892227456	68	-0.0547612697316	4	0.189981637088	6	0.0115748227645	2	0.462586565355	0.481757963758	0.471455222508	0.652568202443	0.474161388119
M02_DY_TO_DY:G808-E1344	M02_DY_TO_DY	CORE13	DY	DY	G808-E1344	qok	eody	1	f88v	f88v	G808-P0337	f88v.7	7	3	P	A	1	3	EXACT	0.152786499603	12	0.618325797961	1	0.119744953246	72	0	0	0.159998637218	85	0.157865706352	85	0.115617216406	68	0.189900061024	4	0.0692091960248	6	0	0	0.89085725081	0.89085725081	0.88672951397	0.960066446835	0.89085725081
M02_DY_TO_DY:G808-E1359	M02_DY_TO_DY	CORE13	DY	DY	G808-E1359	qok	eody	1	f89r1	f89r	G808-P0340	f89r1.7	7	6	P	A	1	3	EXACT	0.0593846344714	16	-0.126062667478	1	0.0740994190561	72	-0.0176047238978	1	0.095742140751	89	0.0927119995048	90	0.0883194251003	68	-0.16765957503	4	-0.0486983658218	6	-0.00156892239606	1	0.00742138604974	-0.0101833378481	0.021641392094	-0.0412769797721	0.00585246365369
M02_DY_TO_DY:G808-E1375	M02_DY_TO_DY	CORE13	DY	DY	G808-E1375	qok	eody	1	f89v1	f89v	G808-P0344	f89v1.13	13	8	P	A	1	3	EXACT	0.0269442328651	29	-0.0353481148521	1	0.107149307366	72	0	0	0.0997357307755	102	0.0975029003959	102	0.118568296702	68	-0.0869911797671	4	-0.26105242565	6	0	0	0.0987454253793	0.0987454253793	0.110164414715	-0.162307000271	0.0987454253793
M02_DY_TO_DY:G808-E1505	M02_DY_TO_DY	CORE13	DY	DY	G808-E1505	qot	eody	1	f100v	f100v	G808-P0373	f100v.14	14	3	P	A	1	3	EXACT	0.0350438776902	30	0.322474894896	2	0.0840668189928	72	0.56997548106	1	0.0888027478358	104	0.0917550463607	105	0.0814325306688	68	0.128837368242	4	0.226204892067	6	0.572035581988	1	0.441585591579	1.01156107264	0.438951303255	0.667790483646	1.01362117357
M02_DY_TO_DY:G808-E1554	M02_DY_TO_DY	CORE13	DY	DY	G808-E1554	qot	edy	0	f103r	f103r	G808-P0382	f103r.6	6	9	S	B	3	3	EXACT	-0.294478469061	11	-0.0436935608024	2	-0.0173900514074	72	0	0	-0.0228398237971	85	-0.0249648166124	85	-0.0171972387683	68	-0.0206790950678	4	0.0143668746887	6	-0.0176423883024	1	-0.355562081271	-0.355562081271	-0.355369268632	-0.341195206582	-0.373204469573
M02_DY_TO_DY:G808-E1558	M02_DY_TO_DY	CORE13	DY	DY	G808-E1558	qot	edy	0	f103r	f103r	G808-P0384	f103r.13	13	3	S	B	3	3	EXACT	-0.327170063581	9	0.103844696521	3	0.0290183333034	72	-0.0192972540498	2	0.0266025129241	84	0.0242609915306	86	0.0226904267139	68	0.13658151653	4	0.0636902610294	6	0.0320554572311	3	-0.194307033757	-0.213604287807	-0.200634940346	-0.130616772727	-0.162251576526
M02_DY_TO_DY:G808-E1585	M02_DY_TO_DY	CORE13	DY	DY	G808-E1585	qot	edy	0	f103v	f103v	G808-P0400	f103v.5	5	8	S	B	3	3	EXACT	-0.23345294074	15	-0.10312108511	2	0.0143217979396	72	0	0	-0.00223048759503	89	-0.00447997161522	89	0.017679290738	68	-0.0427688452319	4	0.22110889001	6	-0.158374160338	1	-0.322252227911	-0.322252227911	-0.318894735112	-0.1011433379	-0.480626388248
M02_DY_TO_DY:G808-E1669	M02_DY_TO_DY	CORE13	DY	DY	G808-E1669	qot	eody	1	f105r	f105r	G808-P0440	f105r.13	13	8	S	B	3	2	EXACT	-0.129870951882	10	-0.158883506487	1	-0.0262391589958	72	0	0	-0.00689051113483	83	-0.00883593800948	83	-0.0235423854061	68	-0.072105848149	4	-0.327218413186	6	0	0	-0.314993617365	-0.314993617365	-0.312296843775	-0.642212030551	-0.314993617365
M02_DY_TO_DY:G808-E1707	M02_DY_TO_DY	CORE13	DY	DY	G808-E1707	qot	edy	0	f106r	f106r	G808-P0458	f106r.1	1	9	S	B	3	3	EXACT	-0.146443219192	11	-0.0447574859198	1	0.0116707816773	72	0	0	0.0205775860261	84	0.0186881300751	84	0.0152347676883	68	-0.048929576601	4	-0.0226562173892	6	0	0	-0.179529923435	-0.179529923435	-0.175965937424	-0.202186140824	-0.179529923435
M02_DY_TO_DY:G808-E1740	M02_DY_TO_DY	CORE13	DY	DY	G808-E1740	qot	edy	0	f106r	f106r	G808-P0470	f106r.36	36	4	S	B	3	3	EXACT	0.230584518544	1	0.0706825237601	2	0.033272936268	72	0.114760181958	2	0.0785681450554	75	0.0784497344496	77	0.026743313327	68	0.144263930172	4	0.185511743159	6	0.141642067631	2	0.334539978572	0.44930016053	0.328010355631	0.520051721731	0.476182046203
M02_DY_TO_DY:G808-E1748	M02_DY_TO_DY	CORE13	DY	DY	G808-E1748	qot	edy	0	f106v	f106v	G808-P0476	f106v.11	11	8	S	B	3	3	EXACT	0.0298804837737	19	0	0	0.00221757638606	72	0	0	0.0303397253076	91	0.0286269187404	91	0.0138311792294	68	-0.195226009458	4	-0.315599958185	6	0	0	0.0320980601598	0.0320980601598	0.0437116630031	-0.283501898025	0.0320980601598
M02_DY_TO_DY:G808-E1789	M02_DY_TO_DY	CORE13	DY	DY	G808-E1789	qot	edy	0	f107v	f107v	G808-P0504	f107v.8	8	7	S	B	3	2	EXACT	-0.0950920215609	11	0	0	0.025887720607	72	-0.224224930365	1	0.0392072337588	83	0.0346063576315	84	0.0307461068234	68	-0.0567170681301	4	-0.164394424348	6	-0.222495444783	1	-0.0692043009539	-0.293429231319	-0.0643459147375	-0.233598725302	-0.291699745737
M02_DY_TO_DY:G808-E1827	M02_DY_TO_DY	CORE13	DY	DY	G808-E1827	qot	edy	0	f108r	f108r	G808-P0518	f108r.5	5	11	S	B	3	3	EXACT	-0.229995539915	16	0.0787132612056	4	-0.000570515552093	72	0	0	-0.00810524488642	92	-0.0103430413842	92	0.00415408446133	68	-0.0809021793846	4	-0.348698428358	6	0	0	-0.151852794261	-0.151852794261	-0.147128194248	-0.500551222619	-0.151852794261
M02_DY_TO_DY:G808-E1868	M02_DY_TO_DY	CORE13	DY	DY	G808-E1868	qot	eody	1	f108r	f108r	G808-P0528	f108r.41	41	4	S	B	3	3	EXACT	-0.0799201517092	19	0	0	0.00669137521446	72	0.170223765062	2	0.0143534895363	91	0.0163171063816	93	-0.00107967103434	68	0.13878569784	4	0.187258095468	6	0.0957942157769	2	-0.0732287764947	0.0969949885671	-0.0809998227435	0.114029318973	0.0225654392822
M02_DY_TO_DY:G808-E1911	M02_DY_TO_DY	CORE13	DY	DY	G808-E1911	qot	edy	0	f108v	f108v	G808-P0537	f108v.34	34	4	S	B	3	3	EXACT	-0.185481598444	88	0.418862409248	1	-0.00480373376947	72	-0.0278329037012	1	-0.111454718549	161	-0.112546983141	162	-0.013455814948	68	0.142266682835	4	-0.0582620035953	6	-0.0562312147942	1	0.228577077035	0.200744173334	0.219924995856	0.170315073439	0.172345862241
M02_DY_TO_DY:G808-E1949	M02_DY_TO_DY	CORE13	DY	DY	G808-E1949	qot	edy	0	f111v	f111v	G808-P0544	f111v.4	4	7	S	B	3	3	EXACT	-0.183763116135	107	0.0584568485272	2	0.00114635754562	72	0.155203410108	1	-0.121708034707	181	-0.121743180392	182	0.00220873151842	68	-0.0169266903978	4	-0.322177579985	6	0.0760142331843	1	-0.124159910062	0.0310435000458	-0.123097536089	-0.446337490047	-0.0481456768776
M02_DY_TO_DY:G808-E1990	M02_DY_TO_DY	CORE13	DY	DY	G808-E1990	qot	edy	0	f112r	f112r	G808-P0559	f112r.34	34	8	S	B	3	3	EXACT	-0.393987313464	11	-0.0808529659612	2	-0.0219150692084	72	-0.012281121396	1	-0.040497074214	85	-0.041794036228	86	-0.0165045045688	68	-0.113911570795	4	0.156828701147	6	-0.150788575387	1	-0.496755348633	-0.509036470029	-0.491344783994	-0.339926647487	-0.647543924021
M02_DY_TO_DY:G808-E2007	M02_DY_TO_DY	CORE13	DY	DY	G808-E2007	qot	edy	0	f112v	f112v	G808-P0569	f112v.27	27	10	S	B	3	3	EXACT	-0.0166185806519	10	0.0801508551315	3	-0.00310950115307	72	0	0	0.029918728721	85	0.0279265003922	85	0.0112329333167	68	-0.246942991476	4	0.101891035259	6	0	0	0.0604227733265	0.0604227733265	0.0747652077964	0.162313808586	0.0604227733265
M02_DY_TO_DY:G808-E2034	M02_DY_TO_DY	CORE13	DY	DY	G808-E2034	qot	edy	0	f113r	f113r	G808-P0580	f113r.13	13	3	S	B	3	3	EXACT	-0.0136763749614	8	0	0	0.00317956057949	72	0	0	0.0315733562016	80	0.0299600370113	80	-0.00378025148929	68	0.121484602032	4	-0.371927165354	6	0	0	-0.0104968143819	-0.0104968143819	-0.0174566264507	-0.382423979736	-0.0104968143819
M02_DY_TO_DY:G808-E2115	M02_DY_TO_DY	CORE13	DY	DY	G808-E2115	qot	edy	0	f114v	f114v	G808-P0620	f114v.4	4	6	S	B	3	3	EXACT	-0.155716921906	14	0	0	-0.0198160018073	72	0.110038668587	2	-0.0133061661831	86	-0.0118928255917	88	-0.0193928708841	68	-0.0270239802844	4	0.121194533989	6	0.0741744778376	2	-0.175532923714	-0.065494255127	-0.175109792791	-0.0543383897244	-0.101358445876
M02_DY_TO_DY:G808-E2131	M02_DY_TO_DY	CORE13	DY	DY	G808-E2131	qot	eody	1	f114v	f114v	G808-P0627	f114v.24	24	3	S	B	3	3	EXACT	-0.171401204079	8	-0.00159823008224	2	0.0451119380343	72	0	0	0.0577405838651	82	0.0554743596817	82	0.0388170790554	68	0.152109787893	4	0.234997564985	6	0	0	-0.127887496127	-0.127887496127	-0.134182355106	0.107110068858	-0.127887496127
M02_DY_TO_DY:G808-E2164	M02_DY_TO_DY	CORE13	DY	DY	G808-E2164	qot	edy	0	f115v	f115v	G808-P0645	f115v.3	3	6	S	B	3	3	EXACT	-0.124065880754	26	0	0	-0.0122345949224	72	0	0	-0.0257728600284	98	-0.0275232582225	98	-0.00536281681266	68	-0.129068635922	4	0.10096814392	6	-0.0438272666828	1	-0.136300475677	-0.136300475677	-0.129428697567	-0.0353323317567	-0.18012774236
M02_DY_TO_DY:G808-E2176	M02_DY_TO_DY	CORE13	DY	DY	G808-E2176	qot	eody	1	f115v	f115v	G808-P0650	f115v.19	19	7	S	B	3	3	EXACT	-0.0840950716561	8	-0.1228756703	1	0.00652331171322	72	0	0	0.0276576568339	81	0.0259072586398	81	0.0144984960956	68	-0.129068635922	4	0.164780388486	6	-0.0273028200046	1	-0.200447430243	-0.200447430243	-0.19247224586	-0.0356670417567	-0.227750250247
M02_DY_TO_DY:G808-E0314	M02_DY_TO_DY	CORE13	DY	DY	G808-E0314	qot	edy	0	f31r	f31r	G808-P0108	f31r.6	6	3	H	B	2	2	EXACT	-0.11330950788	9	0.27484235042	2	-0.014400644037	72	0	0	0.0139915893557	83	0.0120117515967	83	-0.0180349412913	68	0.0473697687107	4	-0.18506261146	6	0	0	0.147132198504	0.147132198504	0.14349790125	-0.0379304129558	0.147132198504
M02_DY_TO_DY:G808-E0439	M02_DY_TO_DY	CORE13	DY	DY	G808-E0439	qot	edy	0	f43r	f43r	G808-P0155	f43r.10	10	4	H	B	2	3	EXACT	-0.219558506322	11	0.146796255688	2	-0.0175506458203	72	0	0	-0.0105013178904	85	-0.0124308098721	85	-0.0268658630712	68	0.140793908472	4	0.0375149194518	6	0	0	-0.0903128964544	-0.0903128964544	-0.0996281137054	-0.0527979770026	-0.0903128964544
M02_DY_TO_DY:G808-E0444	M02_DY_TO_DY	CORE13	DY	DY	G808-E0444	qot	edy	0	f43r	f43r	G808-P0155	f43r.12	12	5	H	B	2	3	EXACT	-0.219558506322	11	0.0367087106616	4	-0.0600424414101	72	0	0	-0.0465896130791	87	-0.0485191050607	87	-0.0572697899248	68	-0.107191655634	4	-0.347434046604	6	-0.594883712919	1	-0.242892237071	-0.242892237071	-0.240119585585	-0.590326283675	-0.83777594999
M02_DY_TO_DY:G808-E0721	M02_DY_TO_DY	CORE13	DY	DY	G808-E0721	qot	edy	0	f75v	f75v	G808-P0226	f75v.7	7	10	B	B	2	3	EXACT	-0.275523450371	54	-0.133623954395	3	-0.111176304845	72	-0.117567947071	1	-0.179075625786	129	-0.180056037495	130	-0.114924354245	68	-0.0474721367158	4	-0.253051612824	6	-0.11562751212	1	-0.520323709611	-0.637891656682	-0.524071759011	-0.773375322435	-0.635951221731
M02_DY_TO_DY:G808-E0728	M02_DY_TO_DY	CORE13	DY	DY	G808-E0728	qot	edy	0	f75v	f75v	G808-P0228	f75v.43	43	7	B	B	2	3	EXACT	-0.368264989961	35	0.0147000965684	4	-0.0807601550139	72	0	0	-0.157335822887	111	-0.159007214974	111	-0.0842029334969	68	-0.0222455924861	4	-0.0477779587804	6	-0.101545325908	2	-0.434325048407	-0.434325048407	-0.43776782689	-0.482103007187	-0.535870374315
M02_DY_TO_DY:G808-E0741	M02_DY_TO_DY	CORE13	DY	DY	G808-E0741	qot	edy	0	f76r	f76r	G808-P0231	f76r.3	3	7	T	B	2	3	EXACT	-0.222195573954	121	-0.131859097925	4	-0.049099016483	69	0	0	-0.173660528221	194	-0.175028986004	194	-0.0461468149269	65	-0.0970722515917	4	-0.224382321021	6	0	0	-0.403153688361	-0.403153688361	-0.400201486805	-0.627536009382	-0.403153688361
M02_DY_TO_DY:G808-E0806	M02_DY_TO_DY	CORE13	DY	DY	G808-E0806	qot	edy	0	f76v	f76v	G808-P0237	f76v.22	22	3	B	B	2	3	EXACT	-0.283374927558	31	0	0	-0.0714186693203	72	-0.0669557512611	3	-0.121671855491	103	-0.121085230533	106	-0.0828729421503	68	0.123290793751	4	-0.0638963043907	6	-0.0637955177731	3	-0.354793596878	-0.421749348139	-0.366247869708	-0.418689901268	-0.418589114651
M02_DY_TO_DY:G808-E0829	M02_DY_TO_DY	CORE13	DY	DY	G808-E0829	qot	edy	0	f77r	f77r	G808-P0241	f77r.10	10	5	B	B	2	3	EXACT	-0.271515606145	46	-0.0178679970741	3	-0.113809391642	72	-0.0824600362881	3	-0.166163696448	121	-0.165242899081	124	-0.114525007164	68	-0.101656944074	4	0.0854132448601	6	-0.0932558637364	3	-0.403192994862	-0.48565303115	-0.403908610383	-0.317779750002	-0.496448858598
M02_DY_TO_DY:G808-E0836	M02_DY_TO_DY	CORE13	DY	DY	G808-E0836	qot	edy	0	f77r	f77r	G808-P0241	f77r.20	20	7	B	B	2	3	EXACT	-0.271515606145	46	-0.144938957861	2	-0.0969116561163	72	0.066440912392	2	-0.159562678343	120	-0.157208113307	122	-0.0980905363973	68	-0.0768837076409	4	0.26976113025	6	0.0682942033237	2	-0.513366220123	-0.446925307731	-0.514545100404	-0.243605089872	-0.445072016799
M02_DY_TO_DY:G808-E0846	M02_DY_TO_DY	CORE13	DY	DY	G808-E0846	qot	edy	0	f77r	f77r	G808-P0242	f77r.27	27	6	B	B	2	2	EXACT	-0.342914423058	40	0.125946543336	2	-0.0944333730186	72	-0.339885743127	1	-0.169661260691	114	-0.172734777713	115	-0.0842588433844	68	-0.267413393102	4	0.0766292181923	6	-0.364055552441	1	-0.311401252741	-0.651286995868	-0.301226723107	-0.234772034549	-0.675456805182
M02_DY_TO_DY:G808-E0855	M02_DY_TO_DY	CORE13	DY	DY	G808-E0855	qot	edy	0	f77r	f77r	G808-P0243	f77r.41	41	4	B	B	2	3	EXACT	-0.160778260329	38	-0.0218163737888	2	-0.0940435079383	72	0	0	-0.106228331475	112	-0.10809601391	112	-0.108220477214	68	0.146951953456	4	-0.0208845242257	6	0	0	-0.276638142056	-0.276638142056	-0.290815111332	-0.297522666281	-0.276638142056
M02_DY_TO_DY:G808-E0882	M02_DY_TO_DY	CORE13	DY	DY	G808-E0882	qot	edy	0	f77v	f77v	G808-P0246	f77v.31	31	5	B	B	2	2	EXACT	-0.181632836247	41	0	0	-0.0755209123563	72	-0.21742781966	1	-0.106516262301	113	-0.109118626754	114	-0.0730536393046	68	-0.117477780795	4	0.184922260682	6	-0.114934836138	2	-0.257153748604	-0.474581568264	-0.254686475552	-0.0722314879221	-0.372088584741
M02_DY_TO_DY:G808-E0906	M02_DY_TO_DY	CORE13	DY	DY	G808-E0906	qot	edy	0	f78r	f78r	G808-P0247	f78r.9	9	7	B	B	2	2	EXACT	-0.227008469917	63	-0.166260921596	1	-0.098347779293	72	-0.154157801866	1	-0.160360177809	136	-0.16168087183	137	-0.0988556401658	68	-0.0897275339068	4	-0.288936479214	6	-0.161340910367	2	-0.491617170807	-0.645774972673	-0.492125031679	-0.780553650021	-0.652958081174
M02_DY_TO_DY:G808-E0930	M02_DY_TO_DY	CORE13	DY	DY	G808-E0930	qot	edy	0	f78v	f78v	G808-P0249	f78v.3	3	7	B	B	2	2	EXACT	-0.322487822871	64	0	0	-0.109628769605	72	-0.19557833104	1	-0.212337832148	136	-0.213580298042	137	-0.113144082219	68	-0.0498820936647	4	0.0102139947884	6	-0.210045459986	1	-0.432116592475	-0.627694923515	-0.43563190509	-0.421902597687	-0.642162052462
M02_DY_TO_DY:G808-E0995	M02_DY_TO_DY	CORE13	DY	DY	G808-E0995	qot	edy	0	f79v	f79v	G808-P0261	f79v.12	12	7	B	B	2	2	EXACT	-0.299738110721	49	0	0	-0.0893469157762	72	0	0	-0.171213161753	121	-0.1731482865	121	-0.0898056612276	68	-0.0815607997689	4	-0.0759454235005	6	0	0	-0.389085026497	-0.389085026497	-0.389543771949	-0.465030449998	-0.389085026497
M02_DY_TO_DY:G808-E0999	M02_DY_TO_DY	CORE13	DY	DY	G808-E0999	qot	edy	0	f79v	f79v	G808-P0263	f79v.29	29	5	B	B	2	3	EXACT	-0.326550708048	23	0.0478667621517	2	-0.0873620758437	72	0.319016660883	1	-0.12194513461	97	-0.119044922201	98	-0.0863517402488	68	-0.104550337623	4	-0.141828618493	6	0.321076359532	1	-0.36604602174	-0.0470293608572	-0.365035686146	-0.507874640234	-0.0449696622088
M02_DY_TO_DY:G808-E1026	M02_DY_TO_DY	CORE13	DY	DY	G808-E1026	qot	edy	0	f80v	f80v	G808-P0271	f80v.1	1	4	B	B	2	2	EXACT	-0.444557805706	19	0	0	-0.0706167038073	72	-0.350538941143	1	-0.1262021943	91	-0.130287234115	92	-0.0859961356446	68	0.190820953357	4	0.0345465029973	6	-0.374075912487	1	-0.515174509513	-0.865713450656	-0.53055394135	-0.480628006516	-0.889250422
M02_DY_TO_DY:G808-E1027	M02_DY_TO_DY	CORE13	DY	DY	G808-E1027	qot	edy	0	f80v	f80v	G808-P0271	f80v.2	2	2	B	B	2	2	EXACT	-0.444557805706	19	0.099907656585	3	-0.0818419612208	72	0	0	-0.126760626541	94	-0.128782791184	94	-0.0915107706639	68	0.0825151152434	4	0.0722539280397	6	0	0	-0.426492110342	-0.426492110342	-0.436160919785	-0.354238182302	-0.426492110342
M02_DY_TO_DY:G808-E1099	M02_DY_TO_DY	CORE13	DY	DY	G808-E1099	qot	edy	0	f81v	f81v	G808-P0282	f81v.25	25	2	B	B	2	3	EXACT	-0.268693659178	63	-0.200068297868	5	-0.106189759963	72	0	0	-0.184277047431	140	-0.186131939786	140	-0.116950014247	68	0.0767216209632	4	-0.273405875644	6	0	0	-0.57495171701	-0.57495171701	-0.585711971293	-0.848357592654	-0.57495171701
M02_DY_TO_DY:G808-E1110	M02_DY_TO_DY	CORE13	DY	DY	G808-E1110	qot	edy	0	f82r	f82r	G808-P0284	f82r.13	13	4	B	B	2	2	EXACT	-0.206858349403	36	0	0	-0.0894040533576	72	-0.110574116477	3	-0.118358296125	108	-0.119197679144	111	-0.103032430684	68	0.14226576864	4	0.185177686225	6	-0.118061869582	3	-0.29626240276	-0.406836519238	-0.309890780087	-0.111084716536	-0.414324272343
M02_DY_TO_DY:G808-E1120	M02_DY_TO_DY	CORE13	DY	DY	G808-E1120	qot	edy	0	f82r	f82r	G808-P0285	f82r.29	29	8	B	B	2	3	EXACT	-0.179906642718	54	-0.222366286365	2	-0.0961147042211	72	0.461945018444	1	-0.132012957946	128	-0.129076801696	129	-0.0984722069757	68	-0.0560497499467	4	-0.0252726787332	6	0.463214356091	1	-0.498387633304	-0.0364426148595	-0.500745136058	-0.523660312037	-0.0351732772125
M02_DY_TO_DY:G808-E1134	M02_DY_TO_DY	CORE13	DY	DY	G808-E1134	qot	edy	0	f82v	f82v	G808-P0287	f82v.11	11	10	B	B	2	3	EXACT	-0.423948191803	18	-0.134936872315	3	-0.0609875463815	72	0	0	-0.109859084049	93	-0.111859036176	93	-0.0599196689682	68	-0.0791540987369	4	0.0453644956537	6	0	0	-0.6198726105	-0.6198726105	-0.618804733086	-0.574508114846	-0.6198726105
M02_DY_TO_DY:G808-E1140	M02_DY_TO_DY	CORE13	DY	DY	G808-E1140	qot	edy	0	f82v	f82v	G808-P0288	f82v.17	17	9	B	B	2	3	EXACT	-0.260198570076	24	0.558884202024	1	-0.103030892245	72	-0.0841872174365	1	-0.116354199386	97	-0.117680138052	98	-0.102370602993	68	-0.114268445862	4	0.0144981765625	6	-0.162154321289	1	0.195654739702	0.111467522266	0.196315028954	0.210152916265	0.0335004184128
M02_DY_TO_DY:G808-E1179	M02_DY_TO_DY	CORE13	DY	DY	G808-E1179	qot	edy	0	f83r	f83r	G808-P0294	f83r.23	23	2	B	B	2	2	EXACT	-0.259718835415	22	0.0713099464647	1	-0.0763177797405	72	-0.170533500341	1	-0.0969839111087	95	-0.0993486838023	96	-0.0857716588115	68	0.0843838912404	4	-0.38238528815	6	-0.184541038233	1	-0.264726668691	-0.435260169033	-0.274180547762	-0.647111956842	-0.449267706924
M02_DY_TO_DY:G808-E1272	M02_DY_TO_DY	CORE13	DY	DY	G808-E1272	qot	eody	1	f86v5	f86v	G808-P0325	f86v5.29	29	2	T	B	2	3	EXACT	0.0253059334298	60	0.354353978098	1	-0.0331835806899	72	-0.0698013075216	1	-0.0065791447056	133	-0.00905958688302	134	-0.0408503320363	68	0.0971416790086	4	0.144903006196	6	-0.101346241993	1	0.346476330837	0.276675023316	0.338809579491	0.491379337033	0.245130088845
M02_DY_TO_DY:G808-E1295	M02_DY_TO_DY	CORE13	DY	DY	G808-E1295	qot	edy	0	f86v6	f86v	G808-P0327	f86v6.17	17	8	T	B	2	3	EXACT	-0.0509276373284	31	0.244817222465	5	-0.0278582098394	72	0	0	-0.00527245565046	108	-0.00756966362575	108	-0.0278858948362	68	-0.0273970780841	4	0.1557526588	6	0	0	0.166031375297	0.166031375297	0.1660036903	0.321784034097	0.166031375297
M02_DY_TO_DY:G808-E1308	M02_DY_TO_DY	CORE13	DY	DY	G808-E1308	qot	eody	1	f86v6	f86v	G808-P0329	f86v6.34	34	4	T	B	2	3	EXACT	-0.0429517472779	72	-0.0155224560997	2	-0.0443042531548	72	0.0802053604912	3	-0.0512222977676	146	-0.0500947452464	149	-0.0570011785413	68	0.171533965226	4	0.270588303572	6	0.0798823665495	3	-0.102778456532	-0.0225730960413	-0.115475381919	0.167809847039	-0.0228960899829
M02_DY_TO_DY:G808-E1345	M02_DY_TO_DY	CORE13	DY	DY	G808-E1345	qot	eody	1	f88v	f88v	G808-P0338	f88v.15	15	5	P	A	1	2	EXACT	0.213509889504	16	0	0	0.110621209762	72	0	0	0.152903602277	88	0.151086645399	88	0.119643572	68	-0.0427690657448	4	0.188854205323	6	0	0	0.324131099265	0.324131099265	0.333153461503	0.512985304588	0.324131099265
M02_DY_TO_DY:G808-E1537	M02_DY_TO_DY	CORE13	DY	DY	G808-E1537	sh	eody	1	f102v1	f102v	G808-P0378	f102v1.20	20	6	P	A	1	3	EXACT	0.248536123602	11	-0.0544634688926	3	0.0604847579695	72	-0.0858354482567	1	0.107115325131	86	0.103620100021	87	0.069706846525	68	-0.0963050517419	4	0.00341247083072	6	0.322048506571	1	0.254557412679	0.168721964422	0.263779501235	0.25796988351	0.57660591925
M02_DY_TO_DY:G808-E1542	M02_DY_TO_DY	CORE13	DY	DY	G808-E1542	sh	eody	1	f102v1	f102v	G808-P0378	f102v1.23	23	4	P	A	1	2	EXACT	0.248536123602	11	0	0	0.0936385154198	72	-0.243973486829	1	0.141259907589	83	0.135410787914	84	0.0891954270485	68	0.169156713463	4	0.0131619530676	6	-0.241554640109	1	0.342174639022	0.0982011521931	0.337731550651	0.35533659209	0.100619998913
M02_DY_TO_DY:G808-E1549	M02_DY_TO_DY	CORE13	DY	DY	G808-E1549	sh	edy	0	f103r	f103r	G808-P0381	f103r.1	1	8	S	B	3	3	EXACT	-0.260136861787	23	-0.0517406881188	1	-0.0152210110991	71	0	0	-0.056703131489	95	-0.0584099171346	95	-0.0148541873976	67	-0.0213722082652	4	-0.186813107638	6	-0.112441351076	1	-0.327098561005	-0.327098561005	-0.326731737304	-0.513911668643	-0.439539912082
M02_DY_TO_DY:G808-E1553	M02_DY_TO_DY	CORE13	DY	DY	G808-E1553	sh	edy	0	f103r	f103r	G808-P0382	f103r.6	6	6	S	B	3	3	EXACT	0	0	0.0803097093831	2	-0.0160168406399	72	0	0	0.026333379919	74	0.0246265942734	74	-0.0117058009674	68	-0.0893151462824	4	0.084286874073	6	0	0	0.0642928687432	0.0642928687432	0.0686039084157	0.148579742816	0.0642928687432
M02_DY_TO_DY:G808-E1564	M02_DY_TO_DY	CORE13	DY	DY	G808-E1564	sh	edy	0	f103r	f103r	G808-P0386	f103r.20	20	6	S	B	3	2	EXACT	-0.302325724522	11	-0.167222116877	1	0.0238856603199	72	-0.0645731788821	1	0.00713399497888	84	0.00500522682082	85	0.0239815690023	68	0.0222445815095	4	0.328307484893	6	-0.0724495012705	1	-0.445662181079	-0.510235359961	-0.445566272396	-0.117354696186	-0.518111682349
M02_DY_TO_DY:G808-E1568	M02_DY_TO_DY	CORE13	DY	DY	G808-E1568	sh	edy	0	f103r	f103r	G808-P0388	f103r.24	24	3	S	B	3	3	EXACT	-0.227123292868	14	0.0125897952076	4	0.014557706383	72	-0.132783176465	2	0.00209632850772	90	-0.00176351897854	92	0.0068232127034	68	0.146033467727	4	0.19123625871	6	-0.139122149074	2	-0.199975791277	-0.332758967742	-0.207710284957	-0.00873953256716	-0.339097940352
M02_DY_TO_DY:G808-E1572	M02_DY_TO_DY	CORE13	DY	DY	G808-E1572	sh	edy	0	f103r	f103r	G808-P0390	f103r.30	30	5	S	B	3	3	EXACT	-0.15868532642	8	0	0	-0.0128139424637	72	-0.0312540769718	2	0.00393577120021	80	0.00224481024071	82	-0.00831449701613	68	-0.0893151462824	4	0.0757967608887	6	-0.0298854533273	2	-0.171499268883	-0.202753345855	-0.166999823436	-0.0957025079945	-0.201384722211
M02_DY_TO_DY:G808-E1574	M02_DY_TO_DY	CORE13	DY	DY	G808-E1574	sh	edy	0	f103r	f103r	G808-P0390	f103r.32	32	2	S	B	3	2	EXACT	-0.15868532642	8	0	0	-0.00867154156577	72	-0.0391528505135	1	0.00766393200835	80	0.00582161398966	81	-0.0143358868869	68	0.0876116976836	4	-0.180495553647	6	0.120226178072	2	-0.167356867985	-0.206509718499	-0.173021213306	-0.347852421632	-0.0471306899129
M02_DY_TO_DY:G808-E1577	M02_DY_TO_DY	CORE13	DY	DY	G808-E1577	sh	edy	0	f103r	f103r	G808-P0393	f103r.38	38	8	S	B	3	3	EXACT	-0.717750233762	3	-0.336075634848	1	-0.0174129680413	72	-0.137271225703	1	-0.012745992149	76	-0.0156045514732	77	-0.0120781824525	68	-0.108114954261	4	0.177413503617	6	-0.135902602058	1	-1.07123883665	-1.20851006235	-1.06590405106	-0.893825333033	-1.20714143871
M02_DY_TO_DY:G808-E1581	M02_DY_TO_DY	CORE13	DY	DY	G808-E1581	sh	edy	0	f103r	f103r	G808-P0396	f103r.46	46	6	S	B	3	3	EXACT	-0.267498141756	5	-0.137113828113	2	-0.0142484039634	72	-0.149327263618	2	0.000662849078524	79	-0.00386249094718	81	-0.00983333860408	68	-0.0893151462824	4	-0.119033229428	6	-0.147958639973	2	-0.418860373833	-0.56818763745	-0.414445308473	-0.537893603261	-0.566819013806
M02_DY_TO_DY:G808-E1583	M02_DY_TO_DY	CORE13	DY	DY	G808-E1583	sh	edy	0	f103v	f103v	G808-P0399	f103v.1	1	11	S	B	3	3	EXACT	-0.326654635909	17	-0.00730862756919	5	-0.0143497336826	72	-0.130010570189	1	-0.0469101598066	94	-0.0492011537574	95	-0.00958655939767	68	-0.0953360445871	4	0.217102710198	6	-0.127233054374	1	-0.348312997161	-0.47832356735	-0.343549822876	-0.131210286963	-0.475546051535
M02_DY_TO_DY:G808-E1586	M02_DY_TO_DY	CORE13	DY	DY	G808-E1586	sh	edy	0	f103v	f103v	G808-P0400	f103v.6	6	8	S	B	3	3	EXACT	-0.25952252059	13	-0.00476832881862	3	0.00428534935546	72	0	0	-0.00788888537867	88	-0.00971158372819	88	0.00990332679485	68	-0.0912326151751	4	-0.174472758902	6	0	0	-0.260005500053	-0.260005500053	-0.254387522614	-0.434478258956	-0.260005500053
M02_DY_TO_DY:G808-E1588	M02_DY_TO_DY	CORE13	DY	DY	G808-E1588	sh	edy	0	f103v	f103v	G808-P0401	f103v.9	9	6	S	B	3	3	EXACT	-0.269209697661	12	-0.187406298721	1	-0.00129559929209	72	0	0	-0.0130751475239	85	-0.0148978458735	85	0.00401520963978	68	-0.0915916991948	4	-0.00317026348088	6	-0.00843317805204	1	-0.457911595674	-0.457911595674	-0.452600786742	-0.461081859155	-0.466344773726
M02_DY_TO_DY:G808-E1593	M02_DY_TO_DY	CORE13	DY	DY	G808-E1593	sh	edy	0	f103v	f103v	G808-P0403	f103v.16	16	5	S	B	3	2	EXACT	-0.146474258486	7	-0.17377803327	1	-0.010878954357	72	0	0	0.00850014118574	80	0.00667744283622	80	-0.00615299478305	68	-0.0912326151751	4	0.0285339069061	6	0.0938598704706	1	-0.331131246112	-0.331131246112	-0.326405286539	-0.302597339206	-0.237271375642
M02_DY_TO_DY:G808-E1595	M02_DY_TO_DY	CORE13	DY	DY	G808-E1595	sh	edy	0	f103v	f103v	G808-P0404	f103v.17	17	6	S	B	3	2	EXACT	-0.0765588585259	9	0.0468659347601	2	-0.0190771676524	72	-0.04483491649	2	0.00731955970187	83	0.00517822257749	85	-0.0148123333299	68	-0.0915916991948	4	-0.267538026309	6	-0.0497042257715	2	-0.0487700914181	-0.0936050079081	-0.0445052570957	-0.316308117727	-0.0984743171896
M02_DY_TO_DY:G808-E1598	M02_DY_TO_DY	CORE13	DY	DY	G808-E1598	sh	edy	0	f103v	f103v	G808-P0405	f103v.22	22	7	S	B	3	3	EXACT	-0.150095763979	31	0	0	-0.0177093861017	72	-0.154555294588	2	-0.044126477022	103	-0.0473171085011	105	-0.0131438384297	68	-0.0953360445871	4	0.176231727046	6	-0.159508595191	2	-0.167805150081	-0.322360444669	-0.163239602409	0.00842657696541	-0.327313745272
M02_DY_TO_DY:G808-E1613	M02_DY_TO_DY	CORE13	DY	DY	G808-E1613	sh	edy	0	f103v	f103v	G808-P0410	f103v.41	41	10	S	B	3	3	EXACT	-0.231033096192	13	0.0544559198189	3	-0.00744681120614	72	0.000258043700465	1	-0.0112602523939	88	-0.0125196853013	89	-0.00251896085861	68	-0.0912326151751	4	0.135969951858	6	-0.00964266943747	2	-0.184023987579	-0.183765943879	-0.179096137232	-0.0480540357217	-0.193666657017
M02_DY_TO_DY:G808-E1614	M02_DY_TO_DY	CORE13	DY	DY	G808-E1614	sh	edy	0	f103v	f103v	G808-P0411	f103v.44	44	8	S	B	3	3	EXACT	-0.425695681959	17	-0.181661692785	2	-0.0105292809507	72	0	0	-0.0681538652486	91	-0.0699765635981	91	-0.00578275235289	68	-0.0912326151751	4	0.297723285637	6	0	0	-0.617886655695	-0.617886655695	-0.613140127098	-0.320163370059	-0.617886655695
M02_DY_TO_DY:G808-E1619	M02_DY_TO_DY	CORE13	DY	DY	G808-E1619	sh	edy	0	f104r	f104r	G808-P0413	f104r.7	7	6	S	B	3	3	EXACT	-0.16715798821	29	-0.0775291200128	1	0.0240642164875	72	0	0	-0.018334421022	102	-0.0200125438894	102	0.0276281734174	68	-0.0365338469593	4	-0.120990343756	6	0	0	-0.220622891735	-0.220622891735	-0.217058934805	-0.341613235491	-0.220622891735
M02_DY_TO_DY:G808-E1627	M02_DY_TO_DY	CORE13	DY	DY	G808-E1627	sh	eody	1	f104r	f104r	G808-P0418	f104r.26	26	4	S	B	3	2	EXACT	-0.0837656691023	28	0	0	0.00367454090043	72	0.165594756625	1	-0.00728437255202	100	-0.00690602160638	101	0.00746955895075	68	-0.0608515615942	4	0.177513032671	6	0.1652092507	1	-0.0800911282019	0.0855036284228	-0.0762961101516	0.0974219044692	0.0851181224984
M02_DY_TO_DY:G808-E1659	M02_DY_TO_DY	CORE13	DY	DY	G808-E1659	sh	eody	1	f104v	f104v	G808-P0435	f104v.35	35	7	S	B	3	3	EXACT	0.0567150693704	5	-0.182071965063	1	0.0327821676545	72	0	0	0.0644240762645	78	0.0628027247783	78	0.0412794295304	68	-0.111683010969	4	0.00336606044052	6	0	0	-0.092574728038	-0.092574728038	-0.0840774661621	-0.0892086675975	-0.092574728038
M02_DY_TO_DY:G808-E1668	M02_DY_TO_DY	CORE13	DY	DY	G808-E1668	sh	edy	0	f105r	f105r	G808-P0440	f105r.13	13	7	S	B	3	2	EXACT	-0.097298882575	6	0	0	-0.0313476870358	72	0	0	-0.00248066837472	78	-0.00406985947323	78	-0.0255837493601	68	-0.129354557563	4	-0.189712540931	6	0.321543998913	1	-0.128646569611	-0.128646569611	-0.122882631935	-0.318359110542	0.192897429303
M02_DY_TO_DY:G808-E1714	M02_DY_TO_DY	CORE13	DY	DY	G808-E1714	sh	edy	0	f106r	f106r	G808-P0460	f106r.8	8	5	S	B	3	3	EXACT	-0.285508970822	2	0.0971586807769	1	-0.000366648783782	72	0	0	0.0308096860878	75	0.0291876567841	75	0.00449686007576	68	-0.0830582213294	4	0.212868073012	6	-0.0923020077745	1	-0.188716938829	-0.188716938829	-0.183853429969	0.0241511341839	-0.281018946603
M02_DY_TO_DY:G808-E1734	M02_DY_TO_DY	CORE13	DY	DY	G808-E1734	sh	edy	0	f106r	f106r	G808-P0466	f106r.25	25	6	S	B	3	3	EXACT	0.0424810414244	7	0.140536639831	1	0.0221563061947	72	-0.0218726087248	1	0.0574325693286	80	0.0552482141225	81	0.0283446947589	68	-0.0830582213294	4	0.299176847491	6	-0.0213812413024	1	0.20517398745	0.183301378725	0.211362376014	0.504350834941	0.183792746148
M02_DY_TO_DY:G808-E1737	M02_DY_TO_DY	CORE13	DY	DY	G808-E1737	sh	eody	1	f106r	f106r	G808-P0468	f106r.33	33	3	S	B	3	3	EXACT	-0.067727555241	5	0.141265398052	1	0.00221887079557	72	0.124668722343	1	0.0336365209406	78	0.0335940989958	79	-0.00523987226512	68	0.129005580894	4	0.130874084158	6	0.125160089766	1	0.0757567136065	0.20042543595	0.0682979705458	0.206630797765	0.200916803372
M02_DY_TO_DY:G808-E1741	M02_DY_TO_DY	CORE13	DY	DY	G808-E1741	sh	edy	0	f106r	f106r	G808-P0470	f106r.36	36	10	S	B	3	3	EXACT	0.147679334886	1	-0.0994589699398	2	0.00575523636291	72	0	0	0.0431988129235	75	0.0415767836198	75	0.0235960840131	68	-0.297551095623	4	0.121470768195	6	-0.0541182796619	2	0.0539756013087	0.0539756013087	0.0718164489588	0.175446369504	-0.000142678353173
M02_DY_TO_DY:G808-E1745	M02_DY_TO_DY	CORE13	DY	DY	G808-E1745	sh	eody	1	f106v	f106v	G808-P0474	f106v.6	6	4	S	B	3	3	EXACT	0.109184414807	10	-0.144241189157	2	0.0101766929891	72	0	0	0.0461247253085	84	0.0447877040497	84	0.00114882663479	68	0.163638763792	4	-0.184203117466	6	0	0	-0.0248800813607	-0.0248800813607	-0.033907947715	-0.209083198827	-0.0248800813607
M02_DY_TO_DY:G808-E1756	M02_DY_TO_DY	CORE13	DY	DY	G808-E1756	sh	edy	0	f106v	f106v	G808-P0485	f106v.37	37	8	S	B	3	3	EXACT	-0.247822965525	8	-0.069606720854	1	0.0195419209099	72	0	0	0.0219084864536	81	0.0205714651948	81	0.0229630868556	68	-0.0386295573859	4	0.0280459162195	6	0	0	-0.297887765469	-0.297887765469	-0.294466599524	-0.26984184925	-0.297887765469
M02_DY_TO_DY:G808-E1759	M02_DY_TO_DY	CORE13	DY	DY	G808-E1759	sh	edy	0	f106v	f106v	G808-P0487	f106v.42	42	3	S	B	3	3	EXACT	-0.120980899111	27	-0.207538904414	3	-0.00732022942425	72	0	0	-0.0281951137985	102	-0.0295321350573	102	-0.0164165541352	68	0.147305633443	4	0.070580668307	6	-0.0280599628348	1	-0.33584003295	-0.33584003295	-0.344936357661	-0.265259364643	-0.363899995784
M02_DY_TO_DY:G808-E1777	M02_DY_TO_DY	CORE13	DY	DY	G808-E1777	sh	eody	1	f107r	f107r	G808-P0499	f107r.43	43	4	S	B	3	3	EXACT	-0.0187466859637	7	0.795133887475	1	0.00501875693553	72	0.0377686804593	1	0.0441589050323	80	0.0429489759582	81	-0.00411841921136	68	0.160339237715	4	0.0734353863404	6	0.31934665898	1	0.781405958447	0.819174638906	0.7722687823	0.854841344787	1.10075261743
M02_DY_TO_DY:G808-E1791	M02_DY_TO_DY	CORE13	DY	DY	G808-E1791	sh	edy	0	f107v	f107v	G808-P0504	f107v.10	10	7	S	B	3	2	EXACT	-0.215280373669	11	-0.22372343753	2	0.00711122859363	72	0	0	-0.000506400109095	85	-0.00200680028109	85	0.0246274661092	68	-0.290676263927	4	0.100476476769	6	0	0	-0.431892582605	-0.431892582605	-0.41437634509	-0.331416105837	-0.431892582605
M02_DY_TO_DY:G808-E1815	M02_DY_TO_DY	CORE13	DY	DY	G808-E1815	sh	edy	0	f107v	f107v	G808-P0512	f107v.35	35	6	S	B	3	3	EXACT	0	0	-0.0719832623981	2	0.00341346481763	72	0	0	0.038939762649	74	0.037439362477	74	0.00498133047251	68	-0.0232517060708	4	-0.0294287666086	6	-0.122520680011	1	-0.0685697975804	-0.0685697975804	-0.0670019319256	-0.097998564189	-0.191090477592
M02_DY_TO_DY:G808-E1823	M02_DY_TO_DY	CORE13	DY	DY	G808-E1823	sh	edy	0	f108r	f108r	G808-P0517	f108r.2	2	5	S	B	3	3	EXACT	-0.174819536289	7	-0.405116670729	1	-0.00818282176236	72	0	0	0.00786074632174	80	0.0061369953869	80	-0.00329278171168	68	-0.0913229728208	4	-0.055138296878	6	0	0	-0.58811902878	-0.58811902878	-0.58322898873	-0.643257325658	-0.58811902878
M02_DY_TO_DY:G808-E1854	M02_DY_TO_DY	CORE13	DY	DY	G808-E1854	sh	eody	1	f108r	f108r	G808-P0525	f108r.31	31	2	S	B	3	2	EXACT	-0.557838961179	4	0.00948839260464	1	0.00427281166174	72	-0.0983201927665	1	0.0143053297722	77	0.0116261666684	78	-0.000407519062141	68	0.0838289637709	4	-0.373943309374	6	-0.0992480356793	1	-0.544077756913	-0.642397949679	-0.548758087637	-0.918021066286	-0.643325792592
M02_DY_TO_DY:G808-E1862	M02_DY_TO_DY	CORE13	DY	DY	G808-E1862	sh	edy	0	f108r	f108r	G808-P0526	f108r.35	35	5	S	B	3	3	EXACT	-0.465582476648	4	0.148125874898	1	0.011419797667	72	0	0	0.0275812572111	77	0.0258575062763	77	0.0174629329782	68	-0.0913229728208	4	0.112837838354	6	0	0	-0.306036804083	-0.306036804083	-0.299993668772	-0.193198965729	-0.306036804083
M02_DY_TO_DY:G808-E1884	M02_DY_TO_DY	CORE13	DY	DY	G808-E1884	sh	edy	0	f108v	f108v	G808-P0531	f108v.4	4	2	S	B	3	2	EXACT	-0.201048364038	20	-0.00998720073034	3	-0.0316623666941	72	-0.2374265021	1	-0.0479712222434	95	-0.0509785368086	96	-0.0385674348085	68	0.085712049924	4	-0.135474490483	6	-0.23728770813	1	-0.242697931463	-0.480124433563	-0.249602999577	-0.378172421946	-0.479985639593
M02_DY_TO_DY:G808-E1894	M02_DY_TO_DY	CORE13	DY	DY	G808-E1894	sh	edy	0	f108v	f108v	G808-P0535	f108v.15	15	9	S	B	3	3	EXACT	-0.297570195037	16	0.0562341395289	2	0.00870837873244	72	0	0	-0.0230741925528	90	-0.0243985230928	90	0.0156495129748	68	-0.109302644714	4	0.203500633833	6	0.116711445219	1	-0.232627676775	-0.232627676775	-0.225686542533	-0.0291270429421	-0.115916231556
M02_DY_TO_DY:G808-E1902	M02_DY_TO_DY	CORE13	DY	DY	G808-E1902	sh	edy	0	f108v	f108v	G808-P0536	f108v.28	28	3	S	B	3	3	EXACT	-0.138524024305	41	-0.0150184674582	4	-0.0152110174829	72	0.111660656987	2	-0.0514369769524	117	-0.0495514512339	119	-0.0242563092506	68	0.138547201241	4	0.0228857130061	6	0.0935553845724	3	-0.168753509246	-0.057092852259	-0.177798801014	-0.14586779624	-0.075198124674
M02_DY_TO_DY:G808-E1909	M02_DY_TO_DY	CORE13	DY	DY	G808-E1909	sh	edy	0	f108v	f108v	G808-P0537	f108v.32	32	6	S	B	3	3	EXACT	-0.19362658127	79	0.0117720841798	1	-0.00644283815752	72	-0.439280933816	1	-0.110041179358	152	-0.113335123892	153	-0.0055136470283	68	-0.0222508286811	4	-0.0385188782442	6	-0.451353463856	1	-0.188297335248	-0.627578269064	-0.187368144118	-0.226816213492	-0.639650799104
M02_DY_TO_DY:G808-E1919	M02_DY_TO_DY	CORE13	DY	DY	G808-E1919	sh	edy	0	f108v	f108v	G808-P0537	f108v.43	43	3	S	B	3	3	EXACT	-0.19362658127	79	0	0	-0.0040310137749	72	0.00709728704792	1	-0.109784700722	151	-0.11015659178	152	-0.0124186582657	68	0.138547201241	4	0.197757372213	6	0.00723608101769	1	-0.197657595045	-0.190560307997	-0.206045239536	9.97771676165e-05	-0.190421514027
M02_DY_TO_DY:G808-E1929	M02_DY_TO_DY	CORE13	DY	DY	G808-E1929	sh	edy	0	f111r	f111r	G808-P0538	f111r.5	5	4	S	B	3	2	EXACT	-0.238451805879	12	-0.0204605583658	1	-0.0262617077719	72	0.0538178381799	1	-0.0236405351175	85	-0.0242842818016	86	-0.0326036133131	68	0.0815356663101	4	0.287932652307	6	0.0457058569657	1	-0.285174072016	-0.231356233837	-0.291515977558	0.00275858029061	-0.239468215051
M02_DY_TO_DY:G808-E1953	M02_DY_TO_DY	CORE13	DY	DY	G808-E1953	sh	edy	0	f111v	f111v	G808-P0544	f111v.5	5	10	S	B	3	3	EXACT	-0.180926184284	102	0.0237330473644	2	-0.014619948196	72	0.111883513941	1	-0.121330569693	176	-0.121211974988	177	-0.00552533589612	68	-0.169240510054	4	-0.20320049114	6	0.0346121450654	1	-0.171813085116	-0.0599295711751	-0.162718472816	-0.375013576256	-0.13720094005
M02_DY_TO_DY:G808-E1959	M02_DY_TO_DY	CORE13	DY	DY	G808-E1959	sh	edy	0	f111v	f111v	G808-P0544	f111v.14	14	6	S	B	3	3	EXACT	-0.180926184284	102	-0.242835929705	1	-0.00130674215092	72	0.126214620109	2	-0.118271024968	175	-0.116546591605	177	0.00317395552376	68	-0.0774907553802	4	0.214262769656	6	0.126644081989	2	-0.42506885614	-0.298854236031	-0.420588158465	-0.210806086484	-0.298424774151
M02_DY_TO_DY:G808-E1961	M02_DY_TO_DY	CORE13	DY	DY	G808-E1961	sh	edy	0	f111v	f111v	G808-P0544	f111v.18	18	2	S	B	3	3	EXACT	-0.180926184284	102	-0.156032537666	6	0.00816198291567	71	0	0	-0.115615077732	179	-0.116974959408	179	0.00366021706326	67	0.0835586714246	4	0.108612457055	6	0	0	-0.328796739035	-0.328796739035	-0.333298504887	-0.220184281979	-0.328796739035
M02_DY_TO_DY:G808-E1965	M02_DY_TO_DY	CORE13	DY	DY	G808-E1965	sh	edy	0	f111v	f111v	G808-P0546	f111v.29	29	4	S	B	3	3	EXACT	-0.374213066138	6	0.186943000575	1	0.0275413950496	72	0	0	0.0281173601964	79	0.0267574785204	79	0.0193320537569	68	0.167088044265	4	0.0901225474293	6	0	0	-0.159728670514	-0.159728670514	-0.167938011807	-0.0696061230851	-0.159728670514
M02_DY_TO_DY:G808-E1982	M02_DY_TO_DY	CORE13	DY	DY	G808-E1982	sh	edy	0	f112r	f112r	G808-P0556	f112r.25	25	2	S	B	3	3	EXACT	-0.0519979770096	11	-0.0281642391629	2	0.0120441376423	72	0	0	0.0311164950763	85	0.0294524400192	85	0.00794316546137	68	0.0817444590392	4	0.0411236629506	6	0	0	-0.0681180785302	-0.0681180785302	-0.0722190507111	-0.0269944155795	-0.0681180785302
M02_DY_TO_DY:G808-E1994	M02_DY_TO_DY	CORE13	DY	DY	G808-E1994	sh	eody	1	f112r	f112r	G808-P0561	f112r.39	39	7	S	B	3	3	EXACT	-0.28072245959	13	0	0	0.0158704412233	72	0.175249553149	1	-0.00269245541899	85	-0.00187350920603	86	0.0193462538304	68	-0.0432345787754	4	0.086743732972	6	0.122988503731	1	-0.264852018367	-0.0896024652179	-0.26137620576	-0.178108285395	-0.141863514636
M02_DY_TO_DY:G808-E1996	M02_DY_TO_DY	CORE13	DY	DY	G808-E1996	sh	edy	0	f112r	f112r	G808-P0562	f112r.42	42	3	S	B	3	3	EXACT	-0.143164337874	16	-0.128131164792	1	-0.0380234514184	72	0	0	-0.0338744795511	89	-0.0355385346082	89	-0.0481481541499	68	0.134080289339	4	-0.0254832503091	6	-0.0835967079806	2	-0.309318954084	-0.309318954084	-0.319443656816	-0.334802204394	-0.392915662065
M02_DY_TO_DY:G808-E2006	M02_DY_TO_DY	CORE13	DY	DY	G808-E2006	sh	edy	0	f112v	f112v	G808-P0568	f112v.25	25	2	S	B	3	3	EXACT	-0.2511512482	15	0.106428687525	3	0.0185300852842	72	0.0630443611247	1	0.0010297979911	90	0.000470221338473	91	0.0152465675066	68	0.0743385512644	4	0.173898018379	6	0.0630627149933	1	-0.126192475391	-0.0631481142659	-0.129475993168	0.0477055429887	-0.0631297603972
M02_DY_TO_DY:G808-E2014	M02_DY_TO_DY	CORE13	DY	DY	G808-E2014	sh	edy	0	f112v	f112v	G808-P0572	f112v.37	37	5	S	B	3	3	EXACT	-0.27034423127	14	-0.100116881478	1	-0.0190715817093	72	0.682672826699	2	-0.0348805770652	87	-0.0196066914465	89	-0.0149254967726	68	-0.0895663618714	4	0.0522886638553	6	0.429786301634	3	-0.389532694458	0.293140132241	-0.385386609521	-0.337244030603	0.0402536071762
M02_DY_TO_DY:G808-E2030	M02_DY_TO_DY	CORE13	DY	DY	G808-E2030	sh	eody	1	f113r	f113r	G808-P0579	f113r.10	10	7	S	B	3	3	EXACT	0.409756193195	6	0.0889941802346	2	0.0272094959844	72	0	0	0.0861663775787	80	0.0848981441836	80	0.0318549258043	68	-0.0517739185853	4	-0.15308315373	6	0	0	0.525959869414	0.525959869414	0.530605299234	0.372876715684	0.525959869414
M02_DY_TO_DY:G808-E2042	M02_DY_TO_DY	CORE13	DY	DY	G808-E2042	sh	edy	0	f113r	f113r	G808-P0584	f113r.25	25	8	S	B	3	3	EXACT	-0.14210629459	5	0	0	-0.0273160409968	72	0	0	-0.00457573828479	77	-0.00584397167991	77	-0.0250764037555	68	-0.0654009817317	4	0.18516384783	6	0	0	-0.169422335587	-0.169422335587	-0.167182698345	0.0157415122437	-0.169422335587
M02_DY_TO_DY:G808-E2067	M02_DY_TO_DY	CORE13	DY	DY	G808-E2067	sh	edy	0	f113v	f113v	G808-P0596	f113v.13	13	5	S	B	3	3	EXACT	-0.0446016969326	24	0	0	-0.0135836981241	72	0.302597759044	2	-0.0052659827069	96	0.00018747082168	98	-0.00947398775307	68	-0.0834614247498	4	-0.00792461371443	6	0.303417023579	2	-0.0581853950567	0.244412363987	-0.0540756846857	-0.0661100087711	0.245231628523
M02_DY_TO_DY:G808-E2088	M02_DY_TO_DY	CORE13	DY	DY	G808-E2088	sh	edy	0	f114r	f114r	G808-P0608	f114r.4	4	8	S	B	3	3	EXACT	0.0616325701803	14	0	0	0.000984529176405	72	0	0	0.0357769462409	86	0.0341606915961	86	0.00314500243848	68	-0.035756538686	4	0.201091612655	6	0	0	0.0626170993567	0.0626170993567	0.0647775726188	0.263708712012	0.0626170993567
M02_DY_TO_DY:G808-E2095	M02_DY_TO_DY	CORE13	DY	DY	G808-E2095	sh	edy	0	f114r	f114r	G808-P0610	f114r.11	11	5	S	B	3	3	EXACT	0.217540943673	8	0	0	0.0267848679586	72	0	0	0.0763473710374	80	0.0747311163926	80	0.0335277566584	68	-0.0878572623459	4	0.342226889813	6	-0.163529992621	1	0.244325811632	0.244325811632	0.251068700332	0.586552701445	0.0807958190105
M02_DY_TO_DY:G808-E2110	M02_DY_TO_DY	CORE13	DY	DY	G808-E2110	sh	eody	1	f114r	f114r	G808-P0618	f114r.41	41	3	S	B	3	3	EXACT	0.0134177914545	10	0	0	0.0344668569448	72	0.105829823958	3	0.0604404610503	82	0.0616398960969	85	0.0290425744614	68	0.126666636754	4	0.192246099269	6	0.199678226623	3	0.0478846483992	0.153714472357	0.0424603659159	0.240130747668	0.247562875022
M02_DY_TO_DY:G808-E2117	M02_DY_TO_DY	CORE13	DY	DY	G808-E2117	sh	edy	0	f114v	f114v	G808-P0620	f114v.5	5	5	S	B	3	2	EXACT	-0.160851212324	16	-0.201303990885	1	-0.0246179814554	72	0	0	-0.027414403152	89	-0.029317655579	89	-0.00861741877381	68	-0.296641503712	4	0.130568800593	6	0	0	-0.386773184664	-0.386773184664	-0.370772621983	-0.256204384071	-0.386773184664
M02_DY_TO_DY:G808-E2120	M02_DY_TO_DY	CORE13	DY	DY	G808-E2120	sh	edy	0	f114v	f114v	G808-P0621	f114v.6	6	7	S	B	3	3	EXACT	0.0670141807935	6	0	0	0.0473382217555	72	0	0	0.0819726063241	78	0.0800693538972	78	0.0569732694519	68	-0.116471545754	4	-0.132681209032	6	0	0	0.114352402549	0.114352402549	0.123987450245	-0.0183288064827	0.114352402549
M02_DY_TO_DY:G808-E2130	M02_DY_TO_DY	CORE13	DY	DY	G808-E2130	sh	edy	0	f114v	f114v	G808-P0626	f114v.20	20	4	S	B	3	3	EXACT	0.0424029061803	12	-0.285668560581	1	0.00711246888619	72	0.251012288991	2	0.0357415963968	85	0.039706756164	87	-0.00192902158975	68	0.160803850307	4	0.00385713607114	6	0.223507492811	2	-0.236153185514	0.0148591034769	-0.24519467599	-0.232296049443	-0.012645692703
M02_DY_TO_DY:G808-E2137	M02_DY_TO_DY	CORE13	DY	DY	G808-E2137	sh	edy	0	f115r	f115r	G808-P0632	f115r.2	2	2	S	B	@	3	EXACT	-0.174322156896	6	0	0	-0.00786346413091	70	-0.0388676241953	1	0.0117621596165	76	0.00988176401412	77	-0.0125450881458	66	0.0693848054074	4	-0.0645259881494	6	-0.038492349663	1	-0.182185621027	-0.221053245223	-0.186867245042	-0.246711609177	-0.22067797069
M02_DY_TO_DY:G808-E2170	M02_DY_TO_DY	CORE13	DY	DY	G808-E2170	sh	eody	1	f115v	f115v	G808-P0647	f115v.10	10	3	S	B	3	2	EXACT	-0.139169306506	8	0	0	0.0338252014162	72	0.0375030933361	1	0.0440871269794	80	0.043066178794	81	0.0328792665872	68	0.0498978212597	4	0.16746748716	6	0.0382397274042	1	-0.10534410509	-0.067841011754	-0.106290039919	0.06212338207	-0.0671043776859
M02_DY_TO_DY:G808-E2183	M02_DY_TO_DY	CORE13	DY	DY	G808-E2183	sh	edy	0	f115v	f115v	G808-P0653	f115v.29	29	9	S	B	3	3	EXACT	-0.0894127075041	4	-0.112584093989	2	-0.0489143041274	72	0	0	-0.0217419959932	78	-0.0230167824595	78	-0.0428125624505	68	-0.152652184883	4	0.18181648202	6	-0.0765347096355	1	-0.250911105621	-0.250911105621	-0.244809363944	-0.0690946236008	-0.327445815256
M02_DY_TO_DY:G808-E2185	M02_DY_TO_DY	CORE13	DY	DY	G808-E2185	sh	edy	0	f115v	f115v	G808-P0657	f115v.41	41	5	S	B	3	3	EXACT	0.0334774642167	16	0	0	-0.0246212394507	72	0	0	0.00699200647679	88	0.00571722001046	88	-0.0186558659969	68	-0.126040860413	4	0.0727021742328	6	0	0	0.00885622476602	0.00885622476602	0.0148215982198	0.0815583989988	0.00885622476602
M02_DY_TO_DY:G808-E2195	M02_DY_TO_DY	CORE13	DY	DY	G808-E2195	sh	edy	0	f116r	f116r	G808-P0661	f116r.10	10	4	S	B	3	3	EXACT	-0.326416727261	26	-0.158748872435	1	0.0147798840908	72	-0.468490817212	1	-0.0632423747564	99	-0.0682981727035	100	0.00636586501832	68	0.157803899366	4	-0.031476007058	6	-0.612080805377	1	-0.470385715606	-0.938876532818	-0.478799734678	-0.501861722664	-1.08246652098
M02_DY_TO_DY:G808-E2201	M02_DY_TO_DY	CORE13	DY	DY	G808-E2201	sh	edy	0	f116r	f116r	G808-P0663	f116r.24	24	5	S	B	3	3	EXACT	-0.249071808901	64	-0.311461564567	1	-0.0252027780956	71	-0.426396041336	1	-0.134151993877	136	-0.137359699415	137	-0.0218777646292	67	-0.0809061071955	4	-0.0453890203017	6	-0.42767284139	1	-0.585736151563	-1.0121321929	-0.582411138097	-0.631125171865	-1.01340899295
M02_DY_TO_DY:G808-E2204	M02_DY_TO_DY	CORE13	DY	DY	G808-E2204	sh	edy	0	f116r	f116r	G808-P0663	f116r.25	25	3	S	B	3	3	EXACT	-0.249071808901	64	0.0532123843455	4	-0.00849960129123	71	-0.276779518395	2	-0.118778018777	139	-0.12191213719	141	-0.0164947272399	67	0.125409404811	4	-0.0979205724674	6	-0.278056318449	2	-0.204359025846	-0.481138544242	-0.212354151795	-0.302279598314	-0.482415344296
M02_DY_TO_DY:G808-E2207	M02_DY_TO_DY	CORE13	DY	DY	G808-E2207	sh	edy	0	f116r	f116r	G808-P0664	f116r.35	35	1	S	B	3	3	EXACT	-0.204439584294	72	-0.180704697657	2	-0.000750071528812	72	-0.281275289196	2	-0.106929690637	146	-0.110196367206	148	-0.00191390267131	68	0.0190207489366	4	0.12463044145	6	-0.286829505096	2	-0.38589435348	-0.667169642676	-0.387058184622	-0.26126391203	-0.672723858576
M02_DY_TO_DY:G808-E2208	M02_DY_TO_DY	CORE13	DY	DY	G808-E2208	sh	edy	0	f116r	f116r	G808-P0664	f116r.42	42	7	S	B	3	3	EXACT	-0.204439584294	72	-0.17537062091	3	-0.00454749435531	72	0	0	-0.109127585781	147	-0.110394619808	147	0.00118565409851	68	-0.102025327027	4	0.29499428922	6	0	0	-0.384357699559	-0.384357699559	-0.378624551105	-0.0893634103393	-0.384357699559
M02_DY_TO_DY:G808-E0267	M02_DY_TO_DY	CORE13	DY	DY	G808-E0267	sh	edy	0	f26r	f26r	G808-P0090	f26r.5	5	2	H	B	2	2	EXACT	-0.054449851493	19	0.253866210532	3	-0.0349259483055	72	0	0	-0.00779444208227	94	-0.00956687044757	94	-0.0415116846748	68	0.0770199555699	4	-0.256302360178	6	0	0	0.164490410733	0.164490410733	0.157904674364	-0.0918119494442	0.164490410733
M02_DY_TO_DY:G808-E0272	M02_DY_TO_DY	CORE13	DY	DY	G808-E0272	sh	edy	0	f26v	f26v	G808-P0092	f26v.1	1	7	H	B	2	3	EXACT	0.0656167794534	30	-0.0340511463439	1	-0.0383398603722	72	0	0	0.00527623140263	103	0.00369725281447	103	-0.039194666793	68	-0.023822164861	4	0.22251317944	6	0	0	-0.00677422726276	-0.00677422726276	-0.00762903368353	0.215738952177	-0.00677422726276
M02_DY_TO_DY:G808-E0337	M02_DY_TO_DY	CORE13	DY	DY	G808-E0337	sh	edy	0	f33r	f33r	G808-P0114	f33r.3	3	5	H	B	2	3	EXACT	-0.00856466939736	35	-0.0262459151806	1	-0.0437779839872	72	0	0	-0.0218460288135	108	-0.0234101010686	108	-0.0412941394887	68	-0.0860149773339	4	-0.188201698004	6	0	0	-0.0785885685651	-0.0785885685651	-0.0761047240666	-0.266790266569	-0.0785885685651
M02_DY_TO_DY:G808-E0351	M02_DY_TO_DY	CORE13	DY	DY	G808-E0351	sh	edy	0	f34v	f34v	G808-P0119	f34v.5	5	4	H	B	2	3	EXACT	-0.0824767361193	23	-0.0103632619391	1	0.00341834779622	72	0	0	0.000319046373057	96	-0.00124920843991	96	-0.00585888397535	68	0.161119686045	4	0.11469342554	6	-0.144341217795	1	-0.0894216502621	-0.0894216502621	-0.0986988820337	0.0252717752783	-0.233762868057
M02_DY_TO_DY:G808-E0407	M02_DY_TO_DY	CORE13	DY	DY	G808-E0407	sh	edy	0	f41r	f41r	G808-P0146	f41r.6	6	9	H	B	5	3	EXACT	-0.0619302756113	17	-0.123491515166	1	-0.0317450539561	71	0	0	-0.0157730039234	89	-0.0174174643352	89	-0.0156035574202	67	-0.302129381519	4	0.10525283671	6	0	0	-0.217166844733	-0.217166844733	-0.201025348197	-0.111914008024	-0.217166844733
M02_DY_TO_DY:G808-E0411	M02_DY_TO_DY	CORE13	DY	DY	G808-E0411	sh	edy	0	f41r	f41r	G808-P0146	f41r.10	10	2	H	B	5	2	EXACT	-0.0619302756113	17	-0.0800862954119	1	-0.0178271116555	71	0	0	-0.00418222725943	89	-0.00582668767124	89	-0.0240537772632	67	0.0864552766872	4	-0.0258437865793	6	0	0	-0.159843682679	-0.159843682679	-0.166070348286	-0.185687469258	-0.159843682679
M02_DY_TO_DY:G808-E0482	M02_DY_TO_DY	CORE13	DY	DY	G808-E0482	sh	edy	0	f46r	f46r	G808-P0170	f46r.2	2	10	H	B	2	3	EXACT	-0.0670016950499	16	-0.0378798108071	1	-0.0528311254416	71	0.0608774491468	1	-0.0321816681471	88	-0.0323520711829	89	-0.0489450596602	67	-0.117930288562	4	0.213118417186	6	0.191307779763	1	-0.157712631299	-0.0968351821517	-0.153826565517	0.0554057858871	0.0335951484649
M02_DY_TO_DY:G808-E0485	M02_DY_TO_DY	CORE13	DY	DY	G808-E0485	sh	edy	0	f46r	f46r	G808-P0170	f46r.5	5	4	H	B	2	3	EXACT	-0.0670016950499	16	0	0	-0.044582336704	71	-0.0652679315942	1	-0.0255542553701	87	-0.0272173653545	88	-0.0566591332623	67	0.157696444366	4	0.0772933243106	6	-0.0646748630619	1	-0.111584031754	-0.176851963348	-0.123660828312	-0.0342907074433	-0.176258894816
M02_DY_TO_DY:G808-E0499	M02_DY_TO_DY	CORE13	DY	DY	G808-E0499	sh	edy	0	f46v	f46v	G808-P0175	f46v.5	5	2	H	B	2	3	EXACT	-0.174134315234	28	0.0608834921468	5	-0.0491389598524	72	-0.379963733084	1	-0.0626242715703	105	-0.0669620919824	106	-0.0564196068843	68	0.0746203284896	4	-0.186309353891	6	-0.379316732276	1	-0.16238978294	-0.542353516024	-0.169670429972	-0.348699136831	-0.541706515216
M02_DY_TO_DY:G808-E0519	M02_DY_TO_DY	CORE13	DY	DY	G808-E0519	sh	eody	1	f48r	f48r	G808-P0180	f48r.3	3	1	H	B	5	3	EXACT	-0.0027839096572	32	0.0077572161728	2	-0.0116100082708	72	0	0	0.0032683240693	106	0.00168585827831	106	-0.0134099218087	68	0.0189778771461	4	0.00144050593698	6	0	0	-0.00663670175522	-0.00663670175522	-0.00843661529307	-0.00519619581824	-0.00663670175522
M02_DY_TO_DY:G808-E0535	M02_DY_TO_DY	CORE13	DY	DY	G808-E0535	sh	edy	0	f48v	f48v	G808-P0182	f48v.7	7	8	H	B	5	3	EXACT	-0.112269491589	23	-0.241902949911	1	-0.00271927420912	72	-0.0788158283855	1	-0.0136952059209	96	-0.0155856238989	97	0.00439226564191	68	-0.123627118866	4	-0.178910358274	6	-0.126319185142	1	-0.356891715709	-0.435707544094	-0.349780175858	-0.535802073983	-0.48321090085
M02_DY_TO_DY:G808-E0565	M02_DY_TO_DY	CORE13	DY	DY	G808-E0565	sh	edy	0	f50v	f50v	G808-P0190	f50v.2	2	4	H	B	2	3	EXACT	-0.0608703632213	52	0	0	-0.0434676423854	72	0.032445620488	1	-0.0483941630841	124	-0.0490485438165	125	-0.0556259254574	68	0.163211532966	4	0.0235520690282	6	-0.17237258671	2	-0.104338005607	-0.0718923851188	-0.116496288679	-0.0807859365786	-0.276710592317
M02_DY_TO_DY:G808-E0612	M02_DY_TO_DY	CORE13	DY	DY	G808-E0612	sh	eody	1	f53v	f53v	G808-P0197	f53v.8	8	4	H	A	1	2	EXACT	0.18681251942	28	0	0	0.0727914696728	72	0	0	0.119052081086	100	0.117569608912	100	0.0653240729407	68	0.199725612251	4	0.294873878546	6	0	0	0.259603989093	0.259603989093	0.252136592361	0.554477867639	0.259603989093
M02_DY_TO_DY:G808-E0615	M02_DY_TO_DY	CORE13	DY	DY	G808-E0615	sh	eody	1	f54v	f54v	G808-P0198	f54v.7	7	2	H	A	1	2	EXACT	0.154922888165	46	0.664334471504	1	0.0761169995439	72	0.093238636223	2	0.116575160507	119	0.115158860645	121	0.0757345102154	68	0.0826077162604	4	0.0792640317774	6	0.311326351575	2	0.895374359213	0.988612995436	0.894991869885	0.974638390991	1.20670071079
M02_DY_TO_DY:G808-E0641	M02_DY_TO_DY	CORE13	DY	DY	G808-E0641	sh	edy	0	f58r	f58r	G808-P0207	f58r.15	15	6	S	A	3	2	EXACT	-0.101834281867	51	0	0	-0.0126038806386	71	0	0	-0.0475200392214	122	-0.0491596339294	122	0.00430209047662	67	-0.295776069013	4	0.141169638994	6	0.125180440096	1	-0.114438162505	-0.114438162505	-0.09753219139	0.0267314764891	0.0107422775908
M02_DY_TO_DY:G808-E0040	M02_DY_TO_DY	CORE13	DY	DY	G808-E0040	sh	eody	1	f5r	f5r	G808-P0015	f5r.4	4	2	H	A	1	2	EXACT	0.154906518046	15	0	0	0.0994133691565	72	0.124798777399	1	0.132627336992	87	0.131339778079	88	0.100401254511	68	0.0826077162604	4	0.285975573051	6	0.279515434655	1	0.254319887203	0.379118664602	0.255307772558	0.540295460254	0.533835321858
M02_DY_TO_DY:G808-E0680	M02_DY_TO_DY	CORE13	DY	DY	G808-E0680	sh	eody	1	f66r	f66r	G808-P0218	f66r.77	77	8	T	B	5	3	EXACT	-0.186419940668	33	-0.121099531748	2	-0.0234007666799	71	-0.137985682813	1	-0.0646288962017	106	-0.0666792729857	107	-0.0221880696094	67	-0.0437303378003	4	0.194244063215	6	0.00174433693601	2	-0.330920239096	-0.468905921909	-0.329707542025	-0.136676175881	-0.32917590216
M02_DY_TO_DY:G808-E0687	M02_DY_TO_DY	CORE13	DY	DY	G808-E0687	sh	eody	1	f66v	f66v	G808-P0220	f66v.6	6	2	H	B	5	3	EXACT	-0.404813396652	5	0.235957126173	1	0.0359820240798	72	0	0	0.0423028168447	78	0.0407249087138	78	0.0324217030083	68	0.096495665877	4	0.0258927598451	6	0	0	-0.132874246399	-0.132874246399	-0.136434567471	-0.106981486554	-0.132874246399
M02_DY_TO_DY:G808-E0689	M02_DY_TO_DY	CORE13	DY	DY	G808-E0689	sh	eody	1	f66v	f66v	G808-P0220	f66v.7	7	2	H	B	5	3	EXACT	-0.404813396652	5	0	0	-0.00684710964221	72	0	0	-0.00045487540675	77	-0.00203278353766	77	-0.0129267915209	68	0.096495665877	4	0.0707640755725	6	0	0	-0.411660506294	-0.411660506294	-0.417740188173	-0.340896430722	-0.411660506294
M02_DY_TO_DY:G808-E0692	M02_DY_TO_DY	CORE13	DY	DY	G808-E0692	sh	eody	1	f66v	f66v	G808-P0221	f66v.9	9	2	H	B	5	3	EXACT	-0.20070274716	20	0	0	0.00236248250882	72	0	0	-0.022464994502	92	-0.0240429026329	92	-0.00317545865513	68	0.096495665877	4	0.127746410956	6	0	0	-0.198340264652	-0.198340264652	-0.203878205816	-0.0705938536956	-0.198340264652
M02_DY_TO_DY:G808-E0698	M02_DY_TO_DY	CORE13	DY	DY	G808-E0698	sh	edy	0	f75r	f75r	G808-P0222	f75r.11	11	8	B	B	2	3	EXACT	-0.339420881295	74	-0.223391889438	3	-0.0974686634652	72	0.140937116707	2	-0.224430760762	149	-0.220534655474	151	-0.099581593657	68	-0.0615619481763	4	0.128534434602	6	0.0686850738808	3	-0.660281434198	-0.519344317491	-0.66239436439	-0.531746999596	-0.591596360318
M02_DY_TO_DY:G808-E0701	M02_DY_TO_DY	CORE13	DY	DY	G808-E0701	sh	edy	0	f75r	f75r	G808-P0222	f75r.15	15	8	B	B	2	3	EXACT	-0.339420881295	74	-0.215652417063	3	-0.104615119238	72	0.0415844477195	2	-0.227728253369	149	-0.225104402074	151	-0.107148429181	68	-0.0615619481763	4	0.201788912411	6	0.04231540114	2	-0.659688417595	-0.618103969876	-0.662221727539	-0.457899505184	-0.617373016455
M02_DY_TO_DY:G808-E0705	M02_DY_TO_DY	CORE13	DY	DY	G808-E0705	sh	edy	0	f75r	f75r	G808-P0222	f75r.18	18	4	B	B	2	3	EXACT	-0.339420881295	74	-0.107916808363	2	-0.0665486574912	72	-0.102745319612	2	-0.207915339698	148	-0.207453873505	150	-0.0800001265618	68	0.162113218738	4	0.294243970636	6	-0.110414353065	3	-0.513886347149	-0.616631666761	-0.527337816219	-0.219642376512	-0.624300700214
M02_DY_TO_DY:G808-E0707	M02_DY_TO_DY	CORE13	DY	DY	G808-E0707	sh	edy	0	f75r	f75r	G808-P0223	f75r.27	27	5	B	B	2	3	EXACT	-0.383395243297	14	0.236150853167	3	-0.0681783906208	72	0.168682170004	1	-0.086626408245	89	-0.0847909377699	90	-0.0667395183863	68	-0.09265231658	4	0.128138653277	6	0.0505348694706	1	-0.215422780751	-0.0467406107468	-0.213983908517	-0.0872841274746	-0.164887911281
M02_DY_TO_DY:G808-E0713	M02_DY_TO_DY	CORE13	DY	DY	G808-E0713	sh	edy	0	f75r	f75r	G808-P0223	f75r.31	31	5	B	B	2	2	EXACT	-0.383395243297	14	-0.0315451681644	1	-0.0752676917312	72	-0.10868728546	2	-0.103263408602	87	-0.104077334445	89	-0.074245837209	68	-0.09265231658	4	-0.0621192613566	6	-0.124049675287	2	-0.490208103193	-0.598895388653	-0.489186248671	-0.55232736455	-0.61425777848
M02_DY_TO_DY:G808-E0727	M02_DY_TO_DY	CORE13	DY	DY	G808-E0727	sh	edy	0	f75v	f75v	G808-P0226	f75v.16	16	6	B	B	2	3	EXACT	-0.260439965551	46	0	0	-0.100905036667	72	-0.214335191775	1	-0.158475322256	118	-0.160025531319	119	-0.10010525943	68	-0.114513158997	4	0.0714999744113	6	-0.214175099004	1	-0.361345002218	-0.575680193993	-0.360545224981	-0.289845027807	-0.575520101223
M02_DY_TO_DY:G808-E0730	M02_DY_TO_DY	CORE13	DY	DY	G808-E0730	sh	edy	0	f75v	f75v	G808-P0228	f75v.47	47	6	B	B	2	3	EXACT	-0.282884395213	32	-0.074801724798	2	-0.101009414264	72	0.0107987999413	3	-0.144205859811	106	-0.1405011688	109	-0.10168494792	68	-0.0895372513962	4	0.0838607459152	6	-0.0170296487646	3	-0.458695534275	-0.447896734334	-0.459371067932	-0.37483478836	-0.47572518304
M02_DY_TO_DY:G808-E0736	M02_DY_TO_DY	CORE13	DY	DY	G808-E0736	sh	edy	0	f75v	f75v	G808-P0230	f75v.68	68	3	B	B	2	2	EXACT	-0.334166700448	35	0	0	-0.106647150872	72	0	0	-0.17142527794	107	-0.172734319745	107	-0.110597552099	68	-0.0395022392999	4	-0.00247031538428	6	-0.0810279429215	1	-0.44081385132	-0.44081385132	-0.444764252547	-0.443284166704	-0.521841794241
M02_DY_TO_DY:G808-E0739	M02_DY_TO_DY	CORE13	DY	DY	G808-E0739	sh	edy	0	f76r	f76r	G808-P0231	f76r.2	2	8	T	B	2	3	EXACT	-0.282872567502	86	0	0	0.00904594566304	69	-0.0800248478464	1	-0.160304792534	155	-0.160747544222	156	0.010943172318	65	-0.0217839475456	4	0.20079629268	6	-0.0812468856557	1	-0.273826621839	-0.353851469685	-0.271929395184	-0.0730303291586	-0.355073507494
M02_DY_TO_DY:G808-E0746	M02_DY_TO_DY	CORE13	DY	DY	G808-E0746	sh	edy	0	f76r	f76r	G808-P0231	f76r.6	6	6	T	B	2	3	EXACT	-0.282872567502	86	0.122206440341	4	-0.00164800192368	69	0	0	-0.157587685871	159	-0.15869956581	159	0.00298836002014	65	-0.0769888435769	4	-0.0107458296467	6	0	0	-0.162314129084	-0.162314129084	-0.15767776714	-0.173059958731	-0.162314129084
M02_DY_TO_DY:G808-E0748	M02_DY_TO_DY	CORE13	DY	DY	G808-E0748	sh	edy	0	f76r	f76r	G808-P0231	f76r.8	8	6	T	B	2	3	EXACT	-0.282872567502	86	0.0655767609293	2	-0.0196561819651	69	-0.171844195187	1	-0.169914696953	157	-0.170886231548	158	-0.0161280157161	65	-0.0769888435769	4	0.158262869021	6	-0.111686865405	3	-0.236951988537	-0.408796183724	-0.233423822288	-0.0786891195165	-0.348638853942
M02_DY_TO_DY:G808-E0751	M02_DY_TO_DY	CORE13	DY	DY	G808-E0751	sh	edy	0	f76r	f76r	G808-P0231	f76r.12	12	12	T	B	2	3	EXACT	-0.282872567502	86	-0.133322097664	3	-0.0211842699139	69	0	0	-0.172805069317	158	-0.173916949255	158	-0.0117223149692	65	-0.174940997831	4	0.158262869021	6	-0.0513577796105	2	-0.437378935079	-0.437378935079	-0.427916980134	-0.279116066058	-0.48873671469
M02_DY_TO_DY:G808-E0753	M02_DY_TO_DY	CORE13	DY	DY	G808-E0753	sh	edy	0	f76r	f76r	G808-P0231	f76r.15	15	11	T	B	2	3	EXACT	-0.282872567502	86	0.117620103966	3	0.00786119454497	69	0	0	-0.155355932276	158	-0.156467812214	158	0.0191105626871	65	-0.174940997831	4	-0.386498403732	6	0	0	-0.15739126899	-0.15739126899	-0.146141900848	-0.543889672723	-0.15739126899
M02_DY_TO_DY:G808-E0756	M02_DY_TO_DY	CORE13	DY	DY	G808-E0756	sh	edy	0	f76r	f76r	G808-P0231	f76r.17	17	7	T	B	2	3	EXACT	-0.282872567502	86	-0.140937436417	2	-0.0252326777837	69	-0.450890836938	1	-0.174996267693	157	-0.177701758434	158	-0.0254449048793	65	-0.0217839475456	4	-0.0142338016716	6	-0.598755716816	1	-0.449042681702	-0.89993351864	-0.449254908798	-0.463276483374	-1.04779839852
M02_DY_TO_DY:G808-E0761	M02_DY_TO_DY	CORE13	DY	DY	G808-E0761	sh	edy	0	f76r	f76r	G808-P0231	f76r.23	23	10	T	B	2	3	EXACT	-0.282872567502	86	-0.260522407138	2	-0.0140554164382	69	0	0	-0.171607343544	157	-0.172719223482	157	-0.00766612228152	65	-0.117881406551	4	-0.221233912294	6	-0.0245235209634	1	-0.557450391077	-0.557450391077	-0.551061096921	-0.778684303372	-0.581973912041
M02_DY_TO_DY:G808-E0770	M02_DY_TO_DY	CORE13	DY	DY	G808-E0770	sh	edy	0	f76r	f76r	G808-P0232	f76r.42	42	9	T	B	2	3	EXACT	-0.349887016384	24	-0.000750622968426	4	-0.0166895790669	72	-0.127286201116	1	-0.0831388362652	100	-0.0844491647427	101	-0.0107372100659	68	-0.117881406551	4	-0.148427876718	6	-0.180501598601	1	-0.367327218419	-0.494613419535	-0.361374849418	-0.515755095137	-0.547828817021
M02_DY_TO_DY:G808-E0775	M02_DY_TO_DY	CORE13	DY	DY	G808-E0775	sh	edy	0	f76r	f76r	G808-P0233	f76r.48	48	9	T	B	2	3	EXACT	-0.0512481072208	13	-0.121487862612	2	-0.0151140182687	72	-0.148883211296	1	-0.00368519964145	87	-0.00617314718499	88	-0.00997397584307	68	-0.102496293972	4	0.280341917679	6	-0.166294892873	1	-0.187849988102	-0.336733199398	-0.182709945676	0.0924919295774	-0.354144880975
M02_DY_TO_DY:G808-E0780	M02_DY_TO_DY	CORE13	DY	DY	G808-E0780	sh	edy	0	f76r	f76r	G808-P0234	f76r.52	52	8	T	B	2	2	EXACT	-0.0848170758243	14	0.158602768673	1	-0.0238686183346	72	0.0978442667708	2	-0.0128470678389	87	-0.0109298377323	89	-0.0192435523834	68	-0.102496293972	4	0.0569422654372	6	0.0688373033841	2	0.0499170745136	0.147761341284	0.0545421404648	0.106859339951	0.118754377898
M02_DY_TO_DY:G808-E0782	M02_DY_TO_DY	CORE13	DY	DY	G808-E0782	sh	edy	0	f76v	f76v	G808-P0235	f76v.2	2	6	B	B	2	3	EXACT	-0.189511645707	40	0	0	-0.0897553255938	72	0	0	-0.117736885876	112	-0.119399745607	112	-0.090652316766	68	-0.0745195334722	4	-0.0955600370852	6	-0.117685004217	1	-0.279266971301	-0.279266971301	-0.280163962473	-0.374827008386	-0.396951975518
M02_DY_TO_DY:G808-E0789	M02_DY_TO_DY	CORE13	DY	DY	G808-E0789	sh	edy	0	f76v	f76v	G808-P0236	f76v.10	10	5	B	B	2	3	EXACT	-0.382123520496	15	0.0151148645164	2	-0.087315383448	72	0	0	-0.111022959883	89	-0.112685819614	89	-0.0880688486116	68	-0.0745195334722	4	-0.344490315793	6	0	0	-0.454324039427	-0.454324039427	-0.455077504591	-0.79881435522	-0.454324039427
M02_DY_TO_DY:G808-E0790	M02_DY_TO_DY	CORE13	DY	DY	G808-E0790	sh	edy	0	f76v	f76v	G808-P0236	f76v.11	11	8	B	B	2	3	EXACT	-0.382123520496	15	-0.000421730680385	3	-0.0863910766519	72	0	0	-0.109225466378	90	-0.110888326109	90	-0.088431606262	68	-0.0517151310856	4	-0.0711294784659	6	-0.0792948804183	1	-0.468936327828	-0.468936327828	-0.470976857438	-0.540065806294	-0.548231208246
M02_DY_TO_DY:G808-E0796	M02_DY_TO_DY	CORE13	DY	DY	G808-E0796	sh	edy	0	f76v	f76v	G808-P0237	f76v.16	16	5	B	B	2	2	EXACT	-0.301013872108	27	0	0	-0.0625488127201	72	0	0	-0.112529203661	99	-0.114192063393	99	-0.0588446245072	68	-0.125533070145	4	-0.256492723913	6	0	0	-0.363562684828	-0.363562684828	-0.359858496615	-0.620055408741	-0.363562684828
M02_DY_TO_DY:G808-E0802	M02_DY_TO_DY	CORE13	DY	DY	G808-E0802	sh	edy	0	f76v	f76v	G808-P0237	f76v.19	19	5	B	B	2	3	EXACT	-0.301013872108	27	0.0620070538994	2	-0.086411540097	72	0.0829337314406	2	-0.125773275754	101	-0.122692198941	103	-0.0871118380047	68	-0.0745195334722	4	-0.0274953955821	6	0.0854638211789	2	-0.325418358305	-0.242484626865	-0.326118656213	-0.352913753887	-0.239954537127
M02_DY_TO_DY:G808-E0824	M02_DY_TO_DY	CORE13	DY	DY	G808-E0824	sh	edy	0	f76v	f76v	G808-P0240	f76v.39	39	4	B	B	2	3	EXACT	-0.132358603236	8	-0.160136612575	2	-0.0901692544798	72	0	0	-0.0661287763445	82	-0.0677916360757	82	-0.105682373146	68	0.173540705038	4	-0.109291511558	6	0	0	-0.38266447029	-0.38266447029	-0.398177588956	-0.491955981848	-0.38266447029
M02_DY_TO_DY:G808-E0827	M02_DY_TO_DY	CORE13	DY	DY	G808-E0827	sh	edy	0	f76v	f76v	G808-P0240	f76v.41	41	9	B	B	2	2	EXACT	-0.132358603236	8	-0.283007588158	1	-0.092131372894	72	0.334932072894	1	-0.0684229979801	81	-0.0647326772756	82	-0.077739015398	68	-0.336814508131	4	-0.0524411769456	6	0.2940812034	2	-0.507497564288	-0.172565491394	-0.493105206792	-0.559938741234	-0.213416360888
M02_DY_TO_DY:G808-E0837	M02_DY_TO_DY	CORE13	DY	DY	G808-E0837	sh	edy	0	f77r	f77r	G808-P0241	f77r.21	21	2	B	B	2	2	EXACT	-0.265974098973	49	-0.251713873335	1	-0.0859401012284	72	-0.448810336118	1	-0.155975924597	122	-0.159615133239	123	-0.0959831766463	68	0.0847798859168	4	-0.0612227822284	6	-0.595650589176	1	-0.603628073536	-1.05243840965	-0.613671148954	-0.664850855765	-1.19927866271
M02_DY_TO_DY:G808-E0843	M02_DY_TO_DY	CORE13	DY	DY	G808-E0843	sh	edy	0	f77r	f77r	G808-P0242	f77r.25	25	3	B	B	2	2	EXACT	-0.379182805097	34	0.0313110740325	1	-0.0579033503815	72	-0.181836250513	1	-0.148713840514	107	-0.150243177571	108	-0.0650298329925	68	0.0632345590467	4	0.0333956531643	6	-0.138866196794	2	-0.405775081446	-0.587611331958	-0.412901564057	-0.372379428281	-0.54464127824
M02_DY_TO_DY:G808-E0845	M02_DY_TO_DY	CORE13	DY	DY	G808-E0845	sh	edy	0	f77r	f77r	G808-P0242	f77r.27	27	4	B	B	2	2	EXACT	-0.379182805097	34	0	0	-0.0688465144667	72	-0.198067591884	3	-0.157951986496	106	-0.159699806774	109	-0.0841889203411	68	0.191962090438	4	0.0871670657994	6	-0.246669567764	3	-0.448029319564	-0.646096911447	-0.463371725438	-0.360862253764	-0.694698887327
M02_DY_TO_DY:G808-E0849	M02_DY_TO_DY	CORE13	DY	DY	G808-E0849	sh	edy	0	f77r	f77r	G808-P0242	f77r.34	34	2	B	B	2	2	EXACT	-0.379182805097	34	-0.102517176267	2	-0.0734242449353	72	0	0	-0.159767778001	108	-0.161283928617	108	-0.0827310935124	68	0.0847798859168	4	-0.0904233928962	6	0	0	-0.555124226299	-0.555124226299	-0.564431074876	-0.645547619195	-0.555124226299
M02_DY_TO_DY:G808-E0857	M02_DY_TO_DY	CORE13	DY	DY	G808-E0857	sh	edy	0	f77v	f77v	G808-P0244	f77v.6	6	2	B	B	2	2	EXACT	-0.271154625985	16	0.279854351796	3	-0.0595540679753	72	-0.19833433896	1	-0.0630665268829	91	-0.0657495293673	92	-0.0676321852953	68	0.0777616690232	4	-0.177706896961	6	-0.19569303008	1	-0.0508543421638	-0.249188681124	-0.0589324594837	-0.228561239124	-0.246547372244
M02_DY_TO_DY:G808-E0867	M02_DY_TO_DY	CORE13	DY	DY	G808-E0867	sh	edy	0	f77v	f77v	G808-P0244	f77v.12	12	7	B	B	2	2	EXACT	-0.271154625985	16	-0.0598074602833	2	-0.0651846345842	72	-0.0531097579675	2	-0.0790641479016	90	-0.0793581955165	92	-0.0677186500841	68	-0.0221186285268	4	-0.234474963955	6	-0.0504684490877	2	-0.396146720852	-0.44925647882	-0.398680736352	-0.630621684807	-0.44661516994
M02_DY_TO_DY:G808-E0868	M02_DY_TO_DY	CORE13	DY	DY	G808-E0868	sh	edy	0	f77v	f77v	G808-P0245	f77v.16	16	4	B	B	2	2	EXACT	-0.400030376668	23	0	0	-0.054494938992	72	-0.0852748834166	3	-0.120470579846	95	-0.119962106135	98	-0.0670797564201	68	0.159434699846	4	-0.0547191935507	6	-0.0377672431651	3	-0.45452531566	-0.539800199077	-0.467110133088	-0.509244509211	-0.492292558825
M02_DY_TO_DY:G808-E0871	M02_DY_TO_DY	CORE13	DY	DY	G808-E0871	sh	edy	0	f77v	f77v	G808-P0245	f77v.17	17	3	B	B	2	2	EXACT	-0.400030376668	23	-0.13344110518	1	-0.0808188692174	72	-0.0259692669305	2	-0.140222172643	96	-0.13879215336	98	-0.0892324593369	68	0.062199905372	4	0.247898294829	6	-0.0344895651023	3	-0.614290351066	-0.640259617997	-0.622703941186	-0.366392056237	-0.648779916168
M02_DY_TO_DY:G808-E0875	M02_DY_TO_DY	CORE13	DY	DY	G808-E0875	sh	edy	0	f77v	f77v	G808-P0245	f77v.26	26	2	B	B	2	3	EXACT	-0.400030376668	23	-0.0233766633267	2	-0.0760219049685	72	0	0	-0.134197100787	97	-0.135764227662	97	-0.0850687185822	68	0.0777616690232	4	0.0229236251434	6	0	0	-0.499428944964	-0.499428944964	-0.508475758577	-0.47650531982	-0.499428944964
M02_DY_TO_DY:G808-E0881	M02_DY_TO_DY	CORE13	DY	DY	G808-E0881	sh	edy	0	f77v	f77v	G808-P0246	f77v.31	31	2	B	B	2	2	EXACT	-0.146813020125	31	0	0	-0.0672750871459	72	0	0	-0.078587040972	103	-0.0801541678476	103	-0.0758073820641	68	0.0777616690232	4	0.234272954499	6	-0.1212627968	1	-0.214088107271	-0.214088107271	-0.222620402189	0.0201848472284	-0.335350904071
M02_DY_TO_DY:G808-E0886	M02_DY_TO_DY	CORE13	DY	DY	G808-E0886	sh	edy	0	f77v	f77v	G808-P0246	f77v.36	36	3	B	B	2	2	EXACT	-0.146813020125	31	-0.187063920977	2	-0.0533653078015	72	0	0	-0.0708838834596	105	-0.0724510103352	105	-0.0642011898709	68	0.130832429938	4	-0.253085793162	6	0.0105745101909	1	-0.387242248904	-0.387242248904	-0.398078130973	-0.640328042066	-0.376667738713
M02_DY_TO_DY:G808-E0888	M02_DY_TO_DY	CORE13	DY	DY	G808-E0888	sh	edy	0	f77v	f77v	G808-P0246	f77v.38	38	2	B	B	2	2	EXACT	-0.146813020125	31	0	0	-0.070070860955	72	0	0	-0.0805413682949	103	-0.0821084951705	103	-0.0787676131561	68	0.0777616690232	4	-0.23801080448	6	-0.163342657512	1	-0.21688388108	-0.21688388108	-0.225580633281	-0.45489468556	-0.380226538591
M02_DY_TO_DY:G808-E0890	M02_DY_TO_DY	CORE13	DY	DY	G808-E0890	sh	edy	0	f77v	f77v	G808-P0246	f77v.39	39	6	B	B	2	2	EXACT	-0.146813020125	31	-0.0389874250368	1	-0.0693924683576	72	-0.014207748422	2	-0.0795554182634	104	-0.0792743389899	106	-0.0670514586996	68	-0.109201889985	4	-0.174805707773	6	-0.0115664395422	2	-0.255192913519	-0.269400661941	-0.252851903861	-0.429998621292	-0.266759353061
M02_DY_TO_DY:G808-E0891	M02_DY_TO_DY	CORE13	DY	DY	G808-E0891	sh	edy	0	f77v	f77v	G808-P0246	f77v.40	40	7	B	B	2	3	EXACT	-0.146813020125	31	-0.125627516966	1	-0.0877312716556	72	-0.261674272498	1	-0.0930845906613	104	-0.0959467882586	105	-0.0900974488564	68	-0.0475185166837	4	0.130367679819	6	-0.426301593155	2	-0.360171808747	-0.621846081245	-0.362537985947	-0.229804128927	-0.786473401902
M02_DY_TO_DY:G808-E0896	M02_DY_TO_DY	CORE13	DY	DY	G808-E0896	sh	edy	0	f78r	f78r	G808-P0247	f78r.3	3	2	B	B	2	2	EXACT	-0.265500499369	53	-0.076998982679	2	-0.0747580806391	72	0	0	-0.152472483669	127	-0.153717877062	127	-0.0846274940002	68	0.0930093509377	4	-0.232928924773	6	0	0	-0.417257562687	-0.417257562687	-0.427126976048	-0.65018648746	-0.417257562687
M02_DY_TO_DY:G808-E0899	M02_DY_TO_DY	CORE13	DY	DY	G808-E0899	sh	edy	0	f78r	f78r	G808-P0247	f78r.4	4	3	B	B	2	2	EXACT	-0.265500499369	53	0	0	-0.0789077018877	72	0.109507251872	1	-0.156191537469	125	-0.155123791516	126	-0.0863865172725	68	0.0482195640924	4	-0.404680531114	6	0.0316776123273	1	-0.344408201257	-0.234900949384	-0.351887016641	-0.74908873237	-0.312730588929
M02_DY_TO_DY:G808-E0902	M02_DY_TO_DY	CORE13	DY	DY	G808-E0902	sh	edy	0	f78r	f78r	G808-P0247	f78r.6	6	4	B	B	2	2	EXACT	-0.265500499369	53	0.185947301687	2	-0.0721175514459	72	0	0	-0.146834604373	127	-0.148079997766	127	-0.0856607191495	68	0.158103703954	4	-0.388296661091	6	0	0	-0.151670749128	-0.151670749128	-0.165213916831	-0.539967410219	-0.151670749128
M02_DY_TO_DY:G808-E0939	M02_DY_TO_DY	CORE13	DY	DY	G808-E0939	sh	edy	0	f78v	f78v	G808-P0249	f78v.10	10	4	B	B	2	2	EXACT	-0.31557213391	59	-0.175673293782	1	-0.0832248326585	72	0	0	-0.187645381148	132	-0.188888652177	132	-0.0971732809753	68	0.15388594452	4	-0.279685351583	6	0	0	-0.574470260351	-0.574470260351	-0.588418708667	-0.854155611933	-0.574470260351
M02_DY_TO_DY:G808-E0955	M02_DY_TO_DY	CORE13	DY	DY	G808-E0955	sh	edy	0	f78v	f78v	G808-P0250	f78v.21	21	7	B	B	2	2	EXACT	-0.217660301667	25	0	0	-0.0993237189733	72	-0.051980552186	2	-0.115712721483	97	-0.115143546194	99	-0.0994858680639	68	-0.0965800286416	4	-0.113221567185	6	-0.0660987350606	2	-0.31698402064	-0.368964572826	-0.317146169731	-0.430205587825	-0.383082755701
M02_DY_TO_DY:G808-E0956	M02_DY_TO_DY	CORE13	DY	DY	G808-E0956	sh	edy	0	f78v	f78v	G808-P0250	f78v.22	22	4	B	B	2	2	EXACT	-0.217660301667	25	-0.187117120722	2	-0.0721950190818	72	-0.0135252031247	2	-0.0972736763177	99	-0.0963440286012	101	-0.0854946548352	68	0.15388594452	4	-0.0661801246922	6	-0.0194042575507	2	-0.47697244147	-0.490497644595	-0.490272077224	-0.543152566162	-0.496376699021
M02_DY_TO_DY:G808-E0966	M02_DY_TO_DY	CORE13	DY	DY	G808-E0966	sh	edy	0	f79r	f79r	G808-P0252	f79r.12	12	4	B	B	2	2	EXACT	-0.221028979365	23	0	0	-0.0623079649369	72	0.306299381278	1	-0.0828401902245	95	-0.0798819183487	96	-0.0777541663423	68	0.200264158537	4	0.334742553084	6	0.306272320797	1	-0.283336944302	0.0229624369759	-0.298783145708	0.0514056087814	0.0229353764949
M02_DY_TO_DY:G808-E0973	M02_DY_TO_DY	CORE13	DY	DY	G808-E0973	sh	edy	0	f79r	f79r	G808-P0254	f79r.25	25	6	B	B	2	3	EXACT	-0.200476504246	21	-0.293648603349	1	-0.0901009963117	72	-0.0547128084185	2	-0.0976660990862	94	-0.0975613608607	96	-0.0924022997463	68	-0.0509921383418	4	0.287355252451	6	-0.0753593132382	2	-0.584226103906	-0.638938912325	-0.586527407341	-0.296870851455	-0.659585417144
M02_DY_TO_DY:G808-E0978	M02_DY_TO_DY	CORE13	DY	DY	G808-E0978	sh	edy	0	f79r	f79r	G808-P0256	f79r.33	33	2	B	B	2	3	EXACT	-0.203300694969	11	-0.153070799121	3	-0.111474551685	72	0.0649096596253	1	-0.0976931552326	86	-0.0968878561366	87	-0.123938503639	68	0.100399331125	4	0.295034465116	6	0.345679482885	1	-0.467846045774	-0.402936386149	-0.480309997729	-0.172811580659	-0.12216656289
M02_DY_TO_DY:G808-E0982	M02_DY_TO_DY	CORE13	DY	DY	G808-E0982	sh	edy	0	f79r	f79r	G808-P0257	f79r.35	35	2	B	B	2	2	EXACT	-0.337767614556	5	0	0	-0.0664755112454	72	-0.018687158121	1	-0.0507469435256	77	-0.0513607682715	78	-0.0762924608212	68	0.100399331125	4	0.12076434814	6	-0.0282013669419	1	-0.404243125801	-0.422930283922	-0.414060075377	-0.283478777661	-0.432444492743
M02_DY_TO_DY:G808-E0986	M02_DY_TO_DY	CORE13	DY	DY	G808-E0986	sh	edy	0	f79r	f79r	G808-P0258	f79r.41	41	2	B	B	2	3	EXACT	-0.207615945277	20	-0.104249345574	3	-0.0695781527125	72	-0.0514361671965	3	-0.0798777544734	95	-0.0795107545492	98	-0.0795776106099	68	0.100399331125	4	0.186894955721	6	-0.0771217710938	3	-0.381443443563	-0.43287961076	-0.391442901461	-0.194548487842	-0.458565214657
M02_DY_TO_DY:G808-E1002	M02_DY_TO_DY	CORE13	DY	DY	G808-E1002	sh	edy	0	f79v	f79v	G808-P0265	f79v.38	38	4	B	B	2	3	EXACT	-0.222327014116	28	0	0	-0.0681108027658	72	-0.134336833489	2	-0.0969259738934	100	-0.0985424431385	102	-0.0813901611021	68	0.157626447112	4	0.227574867044	6	-0.0993506664619	3	-0.290437816882	-0.42477465037	-0.303717175218	-0.0628629498376	-0.389788483344
M02_DY_TO_DY:G808-E1011	M02_DY_TO_DY	CORE13	DY	DY	G808-E1011	sh	edy	0	f80r	f80r	G808-P0266	f80r.20	20	8	B	B	2	3	EXACT	-0.331050705385	72	-0.188870163643	2	-0.106251979789	72	-0.0461175732222	1	-0.222451558511	146	-0.222496876823	147	-0.105717507033	68	-0.11535009195	4	0.289068077439	6	-0.0451467718248	1	-0.626172848818	-0.67229042204	-0.625638376062	-0.337104771379	-0.671319620642
M02_DY_TO_DY:G808-E1017	M02_DY_TO_DY	CORE13	DY	DY	G808-E1017	sh	edy	0	f80r	f80r	G808-P0267	f80r.30	30	5	B	B	2	2	EXACT	-0.391258058387	22	-0.120926133251	1	-0.08328981873	72	-0.0486044777969	3	-0.137582961069	95	-0.135375062012	98	-0.0814046306177	68	-0.11535009195	4	0.0839256968856	6	-0.0476336763995	3	-0.595474010368	-0.644078488165	-0.593588822256	-0.511548313482	-0.643107686767
M02_DY_TO_DY:G808-E1021	M02_DY_TO_DY	CORE13	DY	DY	G808-E1021	sh	edy	0	f80r	f80r	G808-P0269	f80r.41	41	6	B	B	2	2	EXACT	-0.408111127819	17	0	0	-0.0874907989792	72	0.000705470232405	2	-0.127724771709	89	-0.125682400945	91	-0.0858527273521	68	-0.11535009195	4	-0.113777107213	6	0.0906720147014	3	-0.495601926798	-0.494896456566	-0.493963855171	-0.609379034011	-0.404929912097
M02_DY_TO_DY:G808-E1023	M02_DY_TO_DY	CORE13	DY	DY	G808-E1023	sh	edy	0	f80r	f80r	G808-P0269	f80r.45	45	2	B	B	2	2	EXACT	-0.408111127819	17	0	0	-0.0598890138804	72	0	0	-0.105395237697	89	-0.106848374691	89	-0.0682799910221	68	0.0827455222188	4	0.0738762623039	6	0	0	-0.468000141699	-0.468000141699	-0.476391118841	-0.394123879396	-0.468000141699
M02_DY_TO_DY:G808-E1033	M02_DY_TO_DY	CORE13	DY	DY	G808-E1033	sh	edy	0	f80v	f80v	G808-P0271	f80v.6	6	5	B	B	2	2	EXACT	-0.434246070516	24	0	0	-0.0843366909468	72	0	0	-0.154523421096	96	-0.156171506283	96	-0.0840291610553	68	-0.0895765474636	4	-0.0027385966534	6	-0.125222726162	1	-0.518582761463	-0.518582761463	-0.518275231571	-0.521321358116	-0.643805487625
M02_DY_TO_DY:G808-E1037	M02_DY_TO_DY	CORE13	DY	DY	G808-E1037	sh	edy	0	f80v	f80v	G808-P0272	f80v.7	7	4	B	B	2	2	EXACT	-0.407337439356	28	0	0	-0.0795509448101	72	0	0	-0.156682150011	100	-0.158330235198	100	-0.093784191124	68	0.162402394165	4	-0.0221347351774	6	0	0	-0.486888384166	-0.486888384166	-0.50112163048	-0.509023119343	-0.486888384166
M02_DY_TO_DY:G808-E1041	M02_DY_TO_DY	CORE13	DY	DY	G808-E1041	sh	edy	0	f80v	f80v	G808-P0273	f80v.14	14	3	B	B	2	2	EXACT	-0.361109842651	23	0	0	-0.0695109546542	72	-0.126604837519	1	-0.122122807145	95	-0.123455139144	96	-0.0813598025632	68	0.131907611438	4	-0.0543230037148	6	-0.125399491316	1	-0.430620797305	-0.557225634825	-0.442469645214	-0.48494380102	-0.556020288621
M02_DY_TO_DY:G808-E1048	M02_DY_TO_DY	CORE13	DY	DY	G808-E1048	sh	edy	0	f80v	f80v	G808-P0274	f80v.22	22	7	B	B	2	2	EXACT	-0.129766242101	15	-0.120312117011	2	-0.0762330940478	72	0.161391823244	1	-0.0623314019123	89	-0.0611070697491	90	-0.074699727569	68	-0.102312172549	4	-0.0629104927254	6	0.316913873586	1	-0.326311453159	-0.164919629915	-0.324778086681	-0.389221945885	-0.00939757957353
M02_DY_TO_DY:G808-E1054	M02_DY_TO_DY	CORE13	DY	DY	G808-E1054	sh	edy	0	f80v	f80v	G808-P0277	f80v.36	36	9	B	B	2	3	EXACT	-0.333031363914	25	-0.142541871801	3	-0.090562166193	72	0	0	-0.136180930061	100	-0.137829015247	100	-0.089871686311	68	-0.102312172549	4	0.294298086262	6	0	0	-0.566135401908	-0.566135401908	-0.565444922026	-0.271837315647	-0.566135401908
M02_DY_TO_DY:G808-E1059	M02_DY_TO_DY	CORE13	DY	DY	G808-E1059	sh	edy	0	f80v	f80v	G808-P0278	f80v.42	42	6	B	B	2	3	EXACT	-0.266196742463	26	0.0607172760594	4	-0.0764217427879	72	0	0	-0.103516543166	102	-0.105164628352	102	-0.0756486277106	68	-0.0895765474636	4	-0.0938247615794	6	-0.380761241861	1	-0.281901209192	-0.281901209192	-0.281128094115	-0.375725970771	-0.662662451053
M02_DY_TO_DY:G808-E1079	M02_DY_TO_DY	CORE13	DY	DY	G808-E1079	sh	edy	0	f81r	f81r	G808-P0280	f81r.25	25	2	B	B	2	2	EXACT	-0.289411416276	38	0.159730146363	1	-0.0629900073677	72	-0.0996068299206	2	-0.12983609504	111	-0.130285656291	113	-0.0722192205462	68	0.0938944973717	4	0.124679388629	6	-0.0986105720145	2	-0.19267127728	-0.292278107201	-0.201900490459	-0.0679918886511	-0.291281849295
M02_DY_TO_DY:G808-E1083	M02_DY_TO_DY	CORE13	DY	DY	G808-E1083	sh	edy	0	f81r	f81r	G808-P0280	f81r.26	26	6	B	B	2	2	EXACT	-0.289411416276	38	-0.152034224348	1	-0.0776100264316	72	0	0	-0.142128038674	111	-0.143690175622	111	-0.0835134780398	68	0.0227365316117	4	0.0916705507333	6	0.0387099086028	2	-0.519055667055	-0.519055667055	-0.524959118664	-0.427385116322	-0.480345758453
M02_DY_TO_DY:G808-E1092	M02_DY_TO_DY	CORE13	DY	DY	G808-E1092	sh	edy	0	f81v	f81v	G808-P0282	f81v.16	16	2	B	B	2	3	EXACT	-0.227317397904	43	0.0429419831173	4	-0.100873420712	72	0.0933435899662	1	-0.135562574565	119	-0.134880301671	120	-0.111479004839	68	0.0794093607102	4	0.0620489805639	6	0.0937583776492	1	-0.285248835499	-0.191905245533	-0.295854419626	-0.223199854935	-0.19149045785
M02_DY_TO_DY:G808-E1094	M02_DY_TO_DY	CORE13	DY	DY	G808-E1094	sh	edy	0	f81v	f81v	G808-P0282	f81v.17	17	4	B	B	2	3	EXACT	-0.227317397904	43	0	0	-0.0917691061848	72	-0.0205937866807	2	-0.136477995038	115	-0.135449745046	117	-0.107215430111	68	0.170806251833	4	0.13988097849	6	-0.0283832670246	2	-0.319086504089	-0.33968029077	-0.334532828016	-0.179205525599	-0.347469771114
M02_DY_TO_DY:G808-E1095	M02_DY_TO_DY	CORE13	DY	DY	G808-E1095	sh	edy	0	f81v	f81v	G808-P0282	f81v.18	18	6	B	B	2	3	EXACT	-0.227317397904	43	-0.0657748767527	5	-0.110738199944	72	0.116876971635	1	-0.144426344598	120	-0.143494234546	121	-0.115892051954	68	-0.0231348645061	4	-0.2872594569	6	0.109139540257	1	-0.403830474601	-0.286953502965	-0.408984326611	-0.691089931501	-0.294690934344
M02_DY_TO_DY:G808-E1104	M02_DY_TO_DY	CORE13	DY	DY	G808-E1104	sh	edy	0	f82r	f82r	G808-P0283	f82r.6	6	2	B	B	2	3	EXACT	-0.246183435929	32	0.232098590658	1	-0.0677277175184	72	-0.0783933081378	1	-0.107365792126	105	-0.108352412884	106	-0.0765885562101	68	0.0828947340772	4	0.215970458453	6	-0.0776334350475	1	-0.0818125627891	-0.160205870927	-0.0906734014808	0.134157895664	-0.159445997837
M02_DY_TO_DY:G808-E1106	M02_DY_TO_DY	CORE13	DY	DY	G808-E1106	sh	edy	0	f82r	f82r	G808-P0283	f82r.7	7	4	B	B	2	3	EXACT	-0.246183435929	32	-0.131893760958	1	-0.0825156176724	72	-0.0216144948011	2	-0.120972660343	105	-0.120071723683	107	-0.0969992077911	68	0.163693608182	4	0.151881084781	6	-0.0369508534834	2	-0.460592814559	-0.48220730936	-0.475076404678	-0.308711729778	-0.497543668043
M02_DY_TO_DY:G808-E1119	M02_DY_TO_DY	CORE13	DY	DY	G808-E1119	sh	edy	0	f82r	f82r	G808-P0285	f82r.28	28	2	B	B	2	3	EXACT	-0.168136160921	51	-0.178504460152	3	-0.0769089833406	72	0	0	-0.113199834346	126	-0.114769286347	126	-0.0863098964924	68	0.0828947340772	4	0.107765385464	6	-0.581024781042	1	-0.423549604413	-0.423549604413	-0.432950517565	-0.31578421895	-1.00457438546
M02_DY_TO_DY:G808-E1122	M02_DY_TO_DY	CORE13	DY	DY	G808-E1122	sh	edy	0	f82r	f82r	G808-P0285	f82r.30	30	5	B	B	2	2	EXACT	-0.168136160921	51	-0.101536367865	1	-0.0899549204869	72	-0.419924714549	1	-0.119314792945	124	-0.123026663297	125	-0.0901494125741	68	-0.0866603611669	4	-0.238521680467	6	-0.419164841459	1	-0.359627449273	-0.779552163822	-0.35982194136	-0.59814912974	-0.778792290731
M02_DY_TO_DY:G808-E1133	M02_DY_TO_DY	CORE13	DY	DY	G808-E1133	sh	edy	0	f82v	f82v	G808-P0287	f82v.11	11	7	B	B	2	3	EXACT	-0.339052902355	12	-0.0816019896949	2	-0.0628773922734	72	0	0	-0.0750743520311	86	-0.0766837488669	86	-0.0656437728814	68	-0.0158610510372	4	0.0528359103679	6	-0.144850631547	2	-0.483532284323	-0.483532284323	-0.486298664931	-0.430696373955	-0.628382915871
M02_DY_TO_DY:G808-E1144	M02_DY_TO_DY	CORE13	DY	DY	G808-E1144	sh	edy	0	f82v	f82v	G808-P0289	f82v.24	24	5	B	B	2	3	EXACT	-0.312749985691	18	-0.178828337882	4	-0.103496655375	71	-0.0545424841254	1	-0.125771484466	93	-0.126266205469	94	-0.10434250054	67	-0.0893366229954	4	-0.235249056882	6	-0.0536617820117	1	-0.595074978948	-0.649617463073	-0.595920824113	-0.83032403583	-0.648736760959
M02_DY_TO_DY:G808-E1147	M02_DY_TO_DY	CORE13	DY	DY	G808-E1147	sh	edy	0	f82v	f82v	G808-P0290	f82v.29	29	4	B	B	2	3	EXACT	-0.25835431221	17	-0.0436638286032	1	-0.0957428722597	72	0.236901277847	1	-0.103260534469	90	-0.100763202291	91	-0.110401364201	68	0.153439361642	4	0.130161286862	6	0.0552774062799	2	-0.397761013073	-0.160859735225	-0.412419505014	-0.267599726211	-0.342483606793
M02_DY_TO_DY:G808-E1151	M02_DY_TO_DY	CORE13	DY	DY	G808-E1151	sh	edy	0	f82v	f82v	G808-P0291	f82v.38	38	2	B	B	2	1	EXACT	-0.212315809828	27	0	0	-0.069789228012	72	0	0	-0.0933190478308	99	-0.0949284446667	99	-0.0728162245619	68	-0.0183424157639	4	-0.033138032848	6	-0.127227167401	1	-0.28210503784	-0.28210503784	-0.28513203439	-0.315243070688	-0.409332205241
M02_DY_TO_DY:G808-E1158	M02_DY_TO_DY	CORE13	DY	DY	G808-E1158	sh	edy	0	f83r	f83r	G808-P0292	f83r.4	4	7	B	B	2	2	EXACT	-0.45202140343	15	0	0	-0.0654551935286	72	-0.147816887852	1	-0.108102784438	87	-0.109750536137	88	-0.0668731540116	68	-0.0413631936597	4	-0.22498520706	6	-0.00300817407261	1	-0.517476596958	-0.66529348481	-0.518894557441	-0.742461804018	-0.520484771031
M02_DY_TO_DY:G808-E1165	M02_DY_TO_DY	CORE13	DY	DY	G808-E1165	sh	edy	0	f83r	f83r	G808-P0293	f83r.11	11	2	B	B	2	3	EXACT	-0.228241812243	25	-0.241904997354	1	-0.0664208568266	72	0	0	-0.0929925840814	98	-0.0945711842475	98	-0.0755042004039	68	0.0879826556458	4	0.0506830098619	6	-0.122622409706	1	-0.536567666423	-0.536567666423	-0.545651010001	-0.485884656561	-0.659190076129
M02_DY_TO_DY:G808-E1170	M02_DY_TO_DY	CORE13	DY	DY	G808-E1170	sh	edy	0	f83r	f83r	G808-P0293	f83r.13	13	3	B	B	2	3	EXACT	-0.228241812243	25	0	0	-0.0772926702003	72	0	0	-0.0996591847478	97	-0.101237784914	97	-0.0898020215802	68	0.135352974916	4	-0.0310902511414	6	0.179181019859	1	-0.305534482443	-0.305534482443	-0.318043833823	-0.336624733585	-0.126353462584
M02_DY_TO_DY:G808-E1171	M02_DY_TO_DY	CORE13	DY	DY	G808-E1171	sh	edy	0	f83r	f83r	G808-P0293	f83r.14	14	3	B	B	2	3	EXACT	-0.228241812243	25	0.105654613051	2	-0.0767618700535	72	-0.18160107963	2	-0.0948667662006	99	-0.0974969613152	101	-0.0892399978954	68	0.135352974916	4	0.149455984269	6	-0.182376901303	3	-0.199349069245	-0.380950148876	-0.211827197087	-0.0498930849764	-0.381725970548
M02_DY_TO_DY:G808-E1174	M02_DY_TO_DY	CORE13	DY	DY	G808-E1174	sh	edy	0	f83r	f83r	G808-P0294	f83r.18	18	4	B	B	2	3	EXACT	-0.284714851961	12	-0.0335466783052	1	-0.0733353160259	72	0	0	-0.0762837643698	85	-0.0778623645359	85	-0.0867315868845	68	0.154387960229	4	0.175778763836	6	-0.022748042279	1	-0.391596846292	-0.391596846292	-0.404993117151	-0.215818082456	-0.414344888571
M02_DY_TO_DY:G808-E1180	M02_DY_TO_DY	CORE13	DY	DY	G808-E1180	sh	edy	0	f83r	f83r	G808-P0294	f83r.23	23	4	B	B	2	2	EXACT	-0.284714851961	12	0	0	-0.0753491022986	72	-0.0116341448677	1	-0.0786710478543	84	-0.0790653460026	85	-0.0888638311732	68	0.154387960229	4	-0.237610572369	6	-0.0099262747287	1	-0.36006395426	-0.371698099127	-0.373578683134	-0.597674526629	-0.369990228988
M02_DY_TO_DY:G808-E1182	M02_DY_TO_DY	CORE13	DY	DY	G808-E1182	sh	edy	0	f83r	f83r	G808-P0294	f83r.24	24	6	B	B	2	2	EXACT	-0.284714851961	12	0	0	-0.0873217657481	72	0	0	-0.0889333308111	84	-0.0905119309772	84	-0.0745839284136	68	-0.303878328777	4	0.206250843898	6	0	0	-0.372036617709	-0.372036617709	-0.359298780375	-0.165785773811	-0.372036617709
M02_DY_TO_DY:G808-E1191	M02_DY_TO_DY	CORE13	DY	DY	G808-E1191	sh	edy	0	f83r	f83r	G808-P0296	f83r.37	37	5	B	B	2	1	EXACT	-0.163247564346	35	0	0	-0.0964150500584	72	0	0	-0.107806988933	107	-0.109385589099	107	-0.084212111801	68	-0.303878328777	4	-0.298365734911	6	0	0	-0.259662614404	-0.259662614404	-0.247459676147	-0.558028349315	-0.259662614404
M02_DY_TO_DY:G808-E1195	M02_DY_TO_DY	CORE13	DY	DY	G808-E1195	sh	edy	0	f83r	f83r	G808-P0296	f83r.44	44	2	B	B	2	1	EXACT	-0.163247564346	35	0	0	-0.0725200906743	72	0	0	-0.0917281377585	107	-0.0933067379246	107	-0.0725344276361	68	-0.0722896906646	4	0.204730259093	6	0	0	-0.23576765502	-0.23576765502	-0.235781991982	-0.0310373959271	-0.23576765502
M02_DY_TO_DY:G808-E1202	M02_DY_TO_DY	CORE13	DY	DY	G808-E1202	sh	edy	0	f83v	f83v	G808-P0299	f83v.6	6	8	B	B	2	3	EXACT	-0.400379103776	17	-0.0390517212974	1	-0.0864858131164	72	0	0	-0.123176451403	90	-0.124755881942	90	-0.0888634122103	68	-0.0460783543229	4	-0.328654482523	6	0.281655081768	1	-0.52591663819	-0.52591663819	-0.528294237284	-0.854571120713	-0.244261556422
M02_DY_TO_DY:G808-E1204	M02_DY_TO_DY	CORE13	DY	DY	G808-E1204	sh	edy	0	f83v	f83v	G808-P0300	f83v.11	11	8	B	B	2	3	EXACT	-0.325868511361	36	0	0	-0.0676891559429	72	-0.133548400885	1	-0.143911378391	108	-0.145095571546	109	-0.0689610693207	68	-0.0460783543229	4	0.0176306183648	6	-0.133024465961	1	-0.393557667304	-0.527106068189	-0.394829580681	-0.375927048939	-0.526582133264
M02_DY_TO_DY:G808-E1205	M02_DY_TO_DY	CORE13	DY	DY	G808-E1205	sh	edy	0	f83v	f83v	G808-P0300	f83v.14	14	3	B	B	2	3	EXACT	-0.325868511361	36	-0.0936775783771	1	-0.0689265278926	72	0	0	-0.144138640624	109	-0.145718071163	109	-0.0810080927843	68	0.136448349462	4	0.0188590986082	6	0	0	-0.488472617631	-0.488472617631	-0.500554182522	-0.469613519022	-0.488472617631
M02_DY_TO_DY:G808-E1213	M02_DY_TO_DY	CORE13	DY	DY	G808-E1213	sh	edy	0	f83v	f83v	G808-P0301	f83v.25	25	7	B	B	2	2	EXACT	-0.440542873649	18	-0.213839101785	3	-0.103725187841	72	0	0	-0.151318654236	93	-0.152898084775	93	-0.103882256692	68	-0.101066743172	4	0.133317183937	6	-0.240384894639	1	-0.758107163274	-0.758107163274	-0.758264232126	-0.624789979337	-0.998492057914
M02_DY_TO_DY:G808-E1224	M02_DY_TO_DY	CORE13	DY	DY	G808-E1224	sh	edy	0	f85r1	f85r	G808-P0302	f85r1.6	6	7	T	B	2	2	EXACT	-0.116417557999	19	-0.179517611304	2	-0.0262734209971	72	0.0440447723192	1	-0.0271109145027	93	-0.0275668928604	94	-0.0116690988365	68	-0.274541282784	4	0.228967567542	6	0.0374555781206	1	-0.322208590301	-0.278163817982	-0.30760426814	-0.0932410227583	-0.28475301218
M02_DY_TO_DY:G808-E1254	M02_DY_TO_DY	CORE13	DY	DY	G808-E1254	sh	edy	0	f86v3	f86v	G808-P0316	f86v3.11	11	6	C	B	2	3	EXACT	-0.0114268768286	25	0	0	-0.0443791499801	70	-0.0981893948967	1	-0.0139601387326	95	-0.0164181801575	96	-0.0418232985097	66	-0.0865535924102	4	0.125609677302	6	-0.101600278849	1	-0.0558060268087	-0.153995421705	-0.0532501753384	0.0698036504935	-0.157406305658
M02_DY_TO_DY:G808-E1262	M02_DY_TO_DY	CORE13	DY	DY	G808-E1262	sh	eody	1	f86v5	f86v	G808-P0321	f86v5.1	1	3	T	B	2	3	EXACT	-0.130156953968	24	-0.0961519615101	3	-0.013627306593	72	0	0	-0.020766650326	99	-0.0227862037203	99	-0.02167400891	68	0.123157828149	4	0.182046487928	6	0	0	-0.239936222071	-0.239936222071	-0.247982924388	-0.0578897341439	-0.239936222071
M02_DY_TO_DY:G808-E1264	M02_DY_TO_DY	CORE13	DY	DY	G808-E1264	sh	edy	0	f86v5	f86v	G808-P0321	f86v5.3	3	1	T	B	2	3	EXACT	-0.130156953968	24	-0.051397697852	2	-0.0410541788479	72	0	0	-0.0395210422287	98	-0.041540595623	98	-0.0460916341571	68	0.044573756764	4	0.0544197666206	6	0.00055568000291	2	-0.222608830668	-0.222608830668	-0.227646285977	-0.168189064048	-0.222053150665
M02_DY_TO_DY:G808-E1267	M02_DY_TO_DY	CORE13	DY	DY	G808-E1267	sh	edy	0	f86v5	f86v	G808-P0322	f86v5.10	10	4	T	B	2	3	EXACT	-0.191614666205	23	0.208617036386	2	-0.00658577824652	72	0.0654972505324	1	-0.0214422496264	97	-0.0221447223535	98	-0.0168063454178	68	0.16715505902	4	0.283985521514	6	0.0620863665797	1	0.0104165919341	0.0759138424665	0.00019602476285	0.294402113449	0.0725029585138
M02_DY_TO_DY:G808-E1268	M02_DY_TO_DY	CORE13	DY	DY	G808-E1268	sh	eody	1	f86v5	f86v	G808-P0323	f86v5.12	12	7	T	B	2	3	EXACT	-0.0351431347376	30	-0.180428109559	2	-0.0402671359902	72	-0.0629280615835	1	-0.0235929160109	104	-0.0255858097895	105	-0.0417621602792	68	-0.0148605277232	4	0.192058424093	6	-0.0756029753682	1	-0.255838380287	-0.31876644187	-0.257333404576	-0.0637799561938	-0.331441355655
M02_DY_TO_DY:G808-E1273	M02_DY_TO_DY	CORE13	DY	DY	G808-E1273	sh	edy	0	f86v5	f86v	G808-P0325	f86v5.30	30	5	T	B	2	2	EXACT	0.0168580903499	61	0	0	-0.0406486647724	72	-0.04316533989	1	-0.0181353360999	133	-0.0200272447074	134	-0.0379488928317	68	-0.0865535924102	4	-0.291800635489	6	-0.0465762238427	1	-0.0237905744226	-0.0669559143126	-0.0210908024819	-0.315591209912	-0.0703667982653
M02_DY_TO_DY:G808-E1289	M02_DY_TO_DY	CORE13	DY	DY	G808-E1289	sh	edy	0	f86v6	f86v	G808-P0326	f86v6.7	7	10	T	B	2	3	EXACT	-0.0686282237272	51	0.0783744253093	8	-0.0334318556212	72	-0.158719463608	1	-0.0368035192122	131	-0.0394274782063	132	-0.0345248045943	68	-0.0148605277232	4	0.125609677302	6	0.0685362254387	2	-0.023685654039	-0.182405117647	-0.0247786030121	0.101924023263	0.0448505713997
M02_DY_TO_DY:G808-E1303	M02_DY_TO_DY	CORE13	DY	DY	G808-E1303	sh	edy	0	f86v6	f86v	G808-P0328	f86v6.27	27	6	T	B	2	3	EXACT	-0.159558812029	46	0.0717677681401	2	-0.0466809403882	72	0	0	-0.0824413115282	120	-0.0844608649225	120	-0.0443360081896	68	-0.0865535924102	4	0.00134242490023	6	0	0	-0.134471984277	-0.134471984277	-0.132127052079	-0.133129559377	-0.134471984277
M02_DY_TO_DY:G808-E1346	M02_DY_TO_DY	CORE13	DY	DY	G808-E1346	sh	eody	1	f88v	f88v	G808-P0338	f88v.16	16	3	P	A	1	2	EXACT	0.363226090696	14	0.297399938139	1	0.114812987017	72	-0.050293318008	1	0.178930154364	87	0.175129353083	88	0.113629196742	68	0.13492796368	4	-0.0656693217556	6	-0.0495575250593	1	0.775439015852	0.725145697844	0.774255225577	0.709769694096	0.725881490793
M02_DY_TO_DY:G808-E1435	M02_DY_TO_DY	CORE13	DY	DY	G808-E1435	sh	edy	0	f95v1	f95v	G808-P0356	f95v1.5	5	2	H	B	3	1	EXACT	-0.266991774241	13	0	0	-0.00800877525084	72	-0.144455527965	1	-0.0222234546475	85	-0.0248326368301	86	-0.00768711416305	68	-0.0134886428015	4	-0.0257558680832	6	-0.186165786113	1	-0.275000549491	-0.419456077457	-0.274678888404	-0.300756417575	-0.461166335604
M02_DY_TO_DY:G808-E1436	M02_DY_TO_DY	CORE13	DY	DY	G808-E1436	sh	edy	0	f95v1	f95v	G808-P0357	f95v1.6	6	4	H	B	3	3	EXACT	-0.0690638435119	12	-0.180914791942	1	0.0230517174151	72	0	0	0.0337648451195	85	0.032199545933	85	0.0149839887761	68	0.160191475221	4	0.169548138205	6	0	0	-0.226926918038	-0.226926918038	-0.234994646677	-0.0573787798333	-0.226926918038
M02_DY_TO_DY:G808-E1438	M02_DY_TO_DY	CORE13	DY	DY	G808-E1438	sh	edy	0	f95v2	f95v	G808-P0360	f95v2.2	2	2	H	B	3	3	EXACT	-0.0227147972555	29	0.28811541337	2	-0.0221142255452	72	0	0	-0.00242117707843	103	-0.00398647626494	103	-0.0282429009047	68	0.0820616265084	4	0.119891798912	6	0	0	0.24328639057	0.24328639057	0.23715771521	0.363178189481	0.24328639057
M02_DY_TO_DY:G808-E1530	M02_DY_TO_DY	CORE13	DY	DY	G808-E1530	t	eody	1	f102v1	f102v	G808-P0377	f102v1.9	9	1	P	A	1	3	EXACT	0.0871208102872	27	0.217073901041	3	0.083485128965	72	0	0	0.104202967145	102	0.10252368498	102	0.0876667484626	68	0.0123815985793	4	-0.134651133663	6	0	0	0.387679840294	0.387679840294	0.391861459791	0.25302870663	0.387679840294
M02_DY_TO_DY:G808-E1592	M02_DY_TO_DY	CORE13	DY	DY	G808-E1592	t	edy	0	f103v	f103v	G808-P0403	f103v.15	15	9	S	B	3	3	EXACT	-0.339588308675	13	-0.0778587502187	3	-0.0556066640345	72	-0.0210760065879	3	-0.07047017605	88	-0.0697199539159	91	-0.0551508935077	68	-0.0633691840385	4	-0.113566400045	6	-0.0181583647372	3	-0.473053722928	-0.494129729516	-0.472597952401	-0.586620122973	-0.491212087665
M02_DY_TO_DY:G808-E1897	M02_DY_TO_DY	CORE13	DY	DY	G808-E1897	t	edy	0	f108v	f108v	G808-P0535	f108v.17	17	6	S	B	3	3	EXACT	-0.21833804108	21	-0.0626977288841	1	-0.0124340964939	72	0	0	-0.0401587516761	94	-0.0416526277201	94	-0.00752236748331	68	-0.0959472271941	4	-0.154503654451	6	0	0	-0.293469866458	-0.293469866458	-0.288558137447	-0.447973520909	-0.293469866458
M02_DY_TO_DY:G808-E1968	M02_DY_TO_DY	CORE13	DY	DY	G808-E1968	t	eody	1	f111v	f111v	G808-P0548	f111v.34	34	3	S	B	3	3	EXACT	-0.28246544723	12	0.0112851894607	2	-0.000340820191102	72	0.149120596031	2	-0.0141064249337	86	-0.0113944486156	88	-0.00770009377381	68	0.124752985368	4	-0.0577199419327	6	0.124212946648	2	-0.27152107796	-0.122400481929	-0.278880351543	-0.329241019893	-0.147308131313
M02_DY_TO_DY:G808-E2063	M02_DY_TO_DY	CORE13	DY	DY	G808-E2063	t	eody	1	f113v	f113v	G808-P0594	f113v.7	7	2	S	B	3	3	EXACT	-0.0568223261706	13	-0.209325367783	4	-0.0133212685496	72	-0.115035386112	1	-0.00352891349537	89	-0.00610427103641	90	-0.018886643239	68	0.0812773859955	4	0.171652854057	6	-0.196993859801	1	-0.279468962504	-0.394504348615	-0.285034337193	-0.107816108447	-0.476462822304
M02_DY_TO_DY:G808-E2167	M02_DY_TO_DY	CORE13	DY	DY	G808-E2167	t	edy	0	f115v	f115v	G808-P0646	f115v.7	7	2	S	B	3	3	EXACT	0.0449136668153	7	-0.0934110518145	1	0.0219281015278	72	-0.383793221734	1	0.0510723404326	80	0.0446543781407	81	0.0161890277832	68	0.119477385968	4	-0.248207649301	6	-0.38163198746	1	-0.0265692834714	-0.410362505205	-0.032308357216	-0.274776932772	-0.408201270931
M02_DY_TO_DY:G808-E2190	M02_DY_TO_DY	CORE13	DY	DY	G808-E2190	t	eody	1	f116r	f116r	G808-P0660	f116r.7	7	2	S	B	3	3	EXACT	-0.303815214273	8	-0.162240387036	1	-0.0129908403283	72	-0.0066551512564	1	-0.0162812280933	81	-0.0173488268788	82	-0.0178504970611	68	0.069606415283	4	0.169874630278	6	-0.00591685827833	1	-0.479046441637	-0.485701592894	-0.48390609837	-0.309171811359	-0.484963299916
M02_DY_TO_DY:G808-E0447	M02_DY_TO_DY	CORE13	DY	DY	G808-E0447	t	edy	0	f43v	f43v	G808-P0157	f43v.7	7	5	H	B	2	3	EXACT	0.200366491819	8	0	0	-0.0521178471209	72	0	0	0.0036059497809	80	0.00189310553404	80	-0.0491151767923	68	-0.103169774681	4	-0.256047109173	6	0	0	0.148248644698	0.148248644698	0.151251315026	-0.107798464475	0.148248644698
M02_DY_TO_DY:G808-E0451	M02_DY_TO_DY	CORE13	DY	DY	G808-E0451	t	edy	0	f43v	f43v	G808-P0158	f43v.13	13	2	H	B	2	2	EXACT	0.0266055993484	29	-0.0735198680344	1	-0.0354684556935	72	0	0	-0.00357101155463	102	-0.00528385580149	102	-0.0433917509624	68	0.0992210319036	4	-0.357851983233	6	0	0	-0.0823827243794	-0.0823827243794	-0.0903060196484	-0.440234707612	-0.0823827243794
M02_DY_TO_DY:G808-E0486	M02_DY_TO_DY	CORE13	DY	DY	G808-E0486	t	edy	0	f46r	f46r	G808-P0171	f46r.6	6	1	H	B	2	3	EXACT	-0.0750586941323	19	-0.0251869660314	3	-0.0197379556298	72	0	0	-0.00961375116272	94	-0.0113652755102	94	-0.0208626239006	68	-0.000631613605524	4	-0.0169879685891	6	0	0	-0.119983615794	-0.119983615794	-0.121108284064	-0.136971584383	-0.119983615794
M02_DY_TO_DY:G808-E0531	M02_DY_TO_DY	CORE13	DY	DY	G808-E0531	t	edy	0	f48v	f48v	G808-P0181	f48v.2	2	2	H	B	5	3	EXACT	-0.0628680739663	36	0.139340730039	1	-0.0164919185549	72	0	0	-0.0194849819448	109	-0.0212631085422	109	-0.0224259319446	68	0.0843727422031	4	0.0862431362823	6	0	0	0.0599807375178	0.0599807375178	0.0540467241281	0.1462238738	0.0599807375178
M02_DY_TO_DY:G808-E0696	M02_DY_TO_DY	CORE13	DY	DY	G808-E0696	t	edy	0	f75r	f75r	G808-P0222	f75r.10	10	9	B	B	2	3	EXACT	-0.298593336601	87	-0.156893312828	2	-0.098372045648	72	0	0	-0.213920374776	161	-0.215480873308	161	-0.0957331435987	68	-0.143248477647	4	0.076107276505	6	0	0	-0.553858695077	-0.553858695077	-0.551219793028	-0.477751418572	-0.553858695077
M02_DY_TO_DY:G808-E0833	M02_DY_TO_DY	CORE13	DY	DY	G808-E0833	t	edy	0	f77r	f77r	G808-P0241	f77r.13	13	5	B	B	2	2	EXACT	-0.275299953293	58	-0.260784499545	2	-0.0918974383822	72	0	0	-0.173641119198	132	-0.175355037864	132	-0.091560462272	68	-0.0976403000223	4	-0.394925873832	6	-0.00991169184784	1	-0.627981891219	-0.627981891219	-0.627644915109	-1.02290776505	-0.637893583067
M02_DY_TO_DY:G808-E0910	M02_DY_TO_DY	CORE13	DY	DY	G808-E0910	t	edy	0	f78r	f78r	G808-P0247	f78r.12	12	7	B	B	2	2	EXACT	-0.235909410521	63	0	0	-0.10354017128	72	-0.201753084435	1	-0.165334998559	135	-0.166810600231	136	-0.100529660058	68	-0.154733406929	4	-0.144173735685	6	-0.208199076635	1	-0.339449581801	-0.541202666236	-0.336439070579	-0.483623317486	-0.547648658437
M02_DY_TO_DY:G808-E0947	M02_DY_TO_DY	CORE13	DY	DY	G808-E0947	t	edy	0	f78v	f78v	G808-P0249	f78v.15	15	7	B	B	2	3	EXACT	-0.30322247583	66	-0.0498397081312	3	-0.0975528130314	72	0	0	-0.193725600342	141	-0.195117237966	141	-0.102509009791	68	-0.0133122622098	4	-0.0602321525693	6	0	0	-0.450614996993	-0.450614996993	-0.455571193753	-0.510847149562	-0.450614996993
M02_DY_TO_DY:G808-E1000	M02_DY_TO_DY	CORE13	DY	DY	G808-E1000	t	edy	0	f79v	f79v	G808-P0263	f79v.30	30	6	B	B	2	3	EXACT	-0.310969881676	24	-0.161097720714	2	-0.0759687404871	72	-0.0835031775602	2	-0.11744616415	98	-0.117825013426	100	-0.0756440583132	68	-0.0815020793605	4	0.278279358139	6	-0.124567009494	2	-0.548036342877	-0.631539520437	-0.547711660703	-0.269756984738	-0.672603352371
M02_DY_TO_DY:G808-E1067	M02_DY_TO_DY	CORE13	DY	DY	G808-E1067	t	edy	0	f81r	f81r	G808-P0279	f81r.12	12	2	B	B	2	2	EXACT	-0.321868020573	38	-0.160983757577	1	-0.092803283641	72	-0.112800566872	2	-0.16206108472	111	-0.162385825173	113	-0.102777995137	68	0.0767527681863	4	-0.0139810062831	6	-0.143032362088	2	-0.575655061792	-0.688455628663	-0.585629773288	-0.589636068075	-0.71868742388
M02_DY_TO_DY:G808-E1101	M02_DY_TO_DY	CORE13	DY	DY	G808-E1101	t	edy	0	f81v	f81v	G808-P0282	f81v.27	27	4	B	B	2	2	EXACT	-0.271629361342	56	0.507822130953	1	-0.0889824507296	72	0	0	-0.161702198811	129	-0.163334217261	129	-0.0999402660441	68	0.0972863126116	4	0.184013405331	6	0	0	0.147210318881	0.147210318881	0.136252503566	0.331223724212	0.147210318881
M02_DY_TO_DY:G808-E1137	M02_DY_TO_DY	CORE13	DY	DY	G808-E1137	t	edy	0	f82v	f82v	G808-P0288	f82v.15	15	6	B	B	2	3	EXACT	-0.251872567609	25	0.0284529615208	4	-0.0639307786947	72	-0.128162612695	1	-0.0891877958871	101	-0.0910643607903	102	-0.0669682908453	68	-0.012306893769	4	-0.399342894563	6	-0.126832049164	1	-0.287350384783	-0.415512997478	-0.290387896933	-0.686693279346	-0.414182433947
M02_DY_TO_DY:G808-E1246	M02_DY_TO_DY	CORE13	DY	DY	G808-E1246	t	edy	0	f85r2	f85r	G808-P0313	f85r2.13	13	3	C	B	2	2	EXACT	-0.0650014163577	10	0	0	-0.00871485841551	70	-0.034310096803	1	0.0128657172998	80	0.010971799923	81	-0.0141703935843	66	0.0813024740993	4	-0.0138003255711	6	-0.0439553308394	1	-0.0737162747732	-0.108026371576	-0.079171809942	-0.0875166003443	-0.117671605613
M02_DY_TO_DY:G808-E1269	M02_DY_TO_DY	CORE13	DY	DY	G808-E1269	t	eody	1	f86v5	f86v	G808-P0323	f86v5.13	13	6	T	B	2	3	EXACT	-0.0625648234086	28	0.316878784742	2	-0.0242624014772	72	0.163082715591	1	-0.00913467380212	102	-0.00928718799614	103	-0.0214822541851	68	-0.071529736734	4	-0.0112690901073	6	0.149855335049	1	0.230051559857	0.393134275447	0.232831707149	0.218782469749	0.379906894906
M02_DY_TO_DY:G808-E1278	M02_DY_TO_DY	CORE13	DY	DY	G808-E1278	t	eody	1	f86v5	f86v	G808-P0325	f86v5.32	32	11	T	B	2	3	EXACT	0.0233441943546	59	0.0365620220987	3	-0.0506432501714	72	-0.125763360716	2	-0.0165467054358	134	-0.0198000756578	136	-0.0459156395456	68	-0.131017462101	4	0.158819652695	6	-0.130773967434	2	0.00926296628186	-0.116500394434	0.0139905769077	0.168082618977	-0.121511001152
M02_DY_TO_DY:G808-E1663	M02_DY_TO_DY	CORE13	DY	DY	G808-E1663	tch	edy	0	f104v	f104v	G808-P0437	f104v.41	41	1	S	B	3	3	EXACT	-0.0681394676346	20	0.227819332168	4	0.0276856021659	72	0	0	0.0395706103802	96	0.0374415371531	96	0.0207505358749	68	0.14557090065	4	0.119120092631	6	0	0	0.187365466699	0.187365466699	0.180430400408	0.30648555933	0.187365466699
M02_DY_TO_DY:G808-E1723	M02_DY_TO_DY	CORE13	DY	DY	G808-E1723	tch	edy	0	f106r	f106r	G808-P0463	f106r.15	15	5	S	B	3	3	EXACT	-0.180188837918	12	0.160230599388	1	0.0380868626937	72	0	0	0.0407215522738	85	0.0387155915488	85	0.0474846795079	68	-0.121687141611	4	-0.357825208403	6	0	0	0.0181286241636	0.0181286241636	0.0275264409778	-0.339696584239	0.0181286241636
M02_DY_TO_DY:G808-E1864	M02_DY_TO_DY	CORE13	DY	DY	G808-E1864	tch	edy	0	f108r	f108r	G808-P0527	f108r.37	37	1	S	B	3	3	EXACT	-0.47318493203	3	0.268551653526	2	0.00632038459672	72	-0.00146943140542	2	0.0411417253579	77	0.0388472280578	79	-0.00108831830316	68	0.132256350579	4	0.10298940069	6	-0.0121183167519	2	-0.198312893908	-0.199782325313	-0.205721596807	-0.0953234932178	-0.210431210659
M02_DY_TO_DY:G808-E1976	M02_DY_TO_DY	CORE13	DY	DY	G808-E1976	tch	edy	0	f112r	f112r	G808-P0553	f112r.11	11	1	S	B	3	2	EXACT	-0.293722921285	17	0.0218541110165	2	0.00273676736082	71	0	0	-0.025605191542	90	-0.027802306474	90	-0.00546052197968	67	0.140034459071	4	0.185277120848	6	0	0	-0.269132042908	-0.269132042908	-0.277329332248	-0.0838549220598	-0.269132042908
M02_DY_TO_DY:G808-E2058	M02_DY_TO_DY	CORE13	DY	DY	G808-E2058	tch	edy	0	f113r	f113r	G808-P0591	f113r.50	50	1	S	B	3	3	EXACT	-0.0985565796067	39	-0.0949004352817	4	-0.00187484605583	72	-0.108237472189	1	-0.0281309160012	115	-0.0303472575232	116	-0.0131011223748	68	0.188961618341	4	0.309858375147	6	-0.103783717639	1	-0.195331860944	-0.303569333134	-0.206558137263	0.114526514203	-0.299115578583
M02_DY_TO_DY:G808-E2123	M02_DY_TO_DY	CORE13	DY	DY	G808-E2123	tch	edy	0	f114v	f114v	G808-P0623	f114v.11	11	1	S	B	3	3	EXACT	0.029981979046	12	0.177616766006	1	0.0539316907088	72	0.0145264577307	2	0.0838918325729	85	0.0808484916139	87	0.0500069323058	68	0.120638800598	4	0.0301792382956	6	0.0119828091489	2	0.261530435761	0.276056893491	0.257605677358	0.291709674056	0.27351324491
M02_DY_TO_DY:G808-E2132	M02_DY_TO_DY	CORE13	DY	DY	G808-E2132	tch	edy	0	f114v	f114v	G808-P0628	f114v.28	28	1	S	B	3	2	EXACT	-0.0381498422382	14	-0.0389029339987	2	0.0595313509676	72	0	0	0.0714939742091	88	0.0691322570637	88	0.0559359843445	68	0.120638800598	4	0.211988118251	6	0	0	-0.0175214252694	-0.0175214252694	-0.0211167918924	0.194466692981	-0.0175214252694
M02_DY_TO_DY:G808-E2142	M02_DY_TO_DY	CORE13	DY	DY	G808-E2142	tch	edy	0	f115r	f115r	G808-P0635	f115r.10	10	1	S	B	@	3	EXACT	0.0813240782865	10	-0.00842510493626	3	0.037120288104	69	0	0	0.0741679853681	82	0.0719402820312	82	0.0316905428462	65	0.125353463263	4	0.286724426996	6	0	0	0.110019261454	0.110019261454	0.104589516196	0.39674368845	0.110019261454
M02_DY_TO_DY:G808-E2143	M02_DY_TO_DY	CORE13	DY	DY	G808-E2143	tch	edy	0	f115r	f115r	G808-P0636	f115r.13	13	1	S	B	@	3	EXACT	-0.142125538554	31	0	0	0.0177068896041	70	0	0	-0.0170028570152	101	-0.0192305603521	101	0.0111829579428	66	0.125353463263	4	0.268460105556	6	0.274276884366	1	-0.12441864895	-0.12441864895	-0.130942580611	0.144041456606	0.149858235416
M02_DY_TO_DY:G808-E2172	M02_DY_TO_DY	CORE13	DY	DY	G808-E2172	tch	eody	1	f115v	f115v	G808-P0649	f115v.13	13	4	S	B	3	3	EXACT	-0.0477155256391	29	0	0	0.0216762529685	72	0	0	0.017114787463	101	0.0153149247603	101	0.0166717643131	68	0.106739398878	4	0.00956246381624	6	0	0	-0.0260392726706	-0.0260392726706	-0.031043761326	-0.0164768088544	-0.0260392726706
M02_DY_TO_DY:G808-E2180	M02_DY_TO_DY	CORE13	DY	DY	G808-E2180	tch	edy	0	f115v	f115v	G808-P0652	f115v.25	25	8	S	B	3	3	EXACT	-0.131202452165	22	0.157941798267	1	0.0145534058827	72	0	0	0.00294510340388	95	0.00114524070114	95	0.0193535732932	68	-0.0670626013285	4	0.105736856675	6	-0.523605873252	1	0.0412927519855	0.0412927519855	0.0460929193961	0.14702960866	-0.482313121266
M02_DY_TO_DY:G808-E0388	M02_DY_TO_DY	CORE13	DY	DY	G808-E0388	tch	edy	0	f39r	f39r	G808-P0137	f39r.9	9	1	H	B	2	2	EXACT	-0.141398656499	21	-0.0489594981225	1	-0.00875819250247	72	-0.132723766427	1	-0.0161409483371	94	-0.0190921612772	95	-0.0177226931181	68	0.143627120347	4	0.0906102747235	6	-0.128063493238	1	-0.199116347124	-0.331840113551	-0.20808084774	-0.1085060724	-0.327179840362
M02_DY_TO_DY:G808-E0570	M02_DY_TO_DY	CORE13	DY	DY	G808-E0570	tch	eody	1	f51r	f51r	G808-P0191	f51r.5	5	1	H	A	1	2	EXACT	0.108433779946	35	0.582151197591	1	0.0799636680738	72	0	0	0.106137234824	108	0.104008004373	108	0.0761908488509	68	0.144090624407	4	0.222145630841	6	0.0897393458102	1	0.770548645611	0.770548645611	0.766775826388	0.992694276451	0.860287991421
M02_DY_TO_DY:G808-E0659	M02_DY_TO_DY	CORE13	DY	DY	G808-E0659	tch	eody	1	f58v	f58v	G808-P0213	f58v.36	36	1	S	A	3	3	EXACT	-0.141144949361	26	0.194460282687	2	0.0386427465716	71	0.202407367576	1	0.0143224177802	99	0.0142427598446	100	0.0324013612768	67	0.14317961279	4	0.274605654814	6	0.208002153716	1	0.0919580798975	0.294365447474	0.0857166946027	0.366563734711	0.299960233613
M02_DY_TO_DY:G808-E0685	M02_DY_TO_DY	CORE13	DY	DY	G808-E0685	tch	edy	0	f66v	f66v	G808-P0219	f66v.2	2	2	H	B	5	3	EXACT	-0.0268330813864	17	-0.0555146235535	2	-0.0407555317841	72	0	0	-0.0131131280779	91	-0.015109354486	91	-0.0490379095154	68	0.100034162149	4	0.0914096626729	6	0	0	-0.123103236724	-0.123103236724	-0.131385614455	-0.0316935740512	-0.123103236724
M02_DY_TO_DY:G808-E0708	M02_DY_TO_DY	CORE13	DY	DY	G808-E0708	tch	edy	0	f75r	f75r	G808-P0223	f75r.28	28	1	B	B	2	3	EXACT	-0.291595499561	27	0.0681232409177	5	-0.0671764429764	72	0.0364018109712	1	-0.102879965951	104	-0.103063182438	105	-0.0809605857439	68	0.167141492254	4	-0.00498580363754	6	0.0416645812127	1	-0.29064870162	-0.254246890649	-0.304432844387	-0.295634505257	-0.248984120407
M02_DY_TO_DY:G808-E0794	M02_DY_TO_DY	CORE13	DY	DY	G808-E0794	tch	edy	0	f76v	f76v	G808-P0236	f76v.15	15	1	B	B	2	2	EXACT	-0.317684162779	17	0	0	-0.0594054658818	72	0	0	-0.0820648061182	89	-0.0840904207887	89	-0.0731873968314	68	0.174875220667	4	0.0704343238166	6	0	0	-0.377089628661	-0.377089628661	-0.39087155961	-0.306655304844	-0.377089628661
M02_DY_TO_DY:G808-E0815	M02_DY_TO_DY	CORE13	DY	DY	G808-E0815	tch	edy	0	f76v	f76v	G808-P0238	f76v.30	30	1	B	B	2	3	EXACT	-0.269100732397	40	0.172211457842	1	-0.0940699369696	72	0.117908927456	1	-0.144602161703	113	-0.144023801378	114	-0.109890954454	68	0.174875220667	4	0.141373044307	6	0.253557757062	1	-0.190959211524	-0.0730502840681	-0.206780229009	-0.0495861672177	0.0625985455376
M02_DY_TO_DY:G808-E0900	M02_DY_TO_DY	CORE13	DY	DY	G808-E0900	tch	edy	0	f78r	f78r	G808-P0247	f78r.4	4	4	B	B	2	2	EXACT	-0.247081527875	64	-0.0386516814266	2	-0.074686050863	72	-0.0902801785749	1	-0.156133124101	138	-0.157186676305	139	-0.0806713667696	68	0.0270523930701	4	-0.39740730185	6	-0.0859600151711	1	-0.360419260165	-0.45069943874	-0.366404576072	-0.757826562015	-0.446379275336
M02_DY_TO_DY:G808-E1006	M02_DY_TO_DY	CORE13	DY	DY	G808-E1006	tch	edy	0	f80r	f80r	G808-P0266	f80r.13	13	1	B	B	2	3	EXACT	-0.330563100413	83	-0.00768917196314	5	-0.0799755964178	72	0	0	-0.21628308888	160	-0.218362921772	160	-0.0932719536615	68	0.146051061415	4	-0.150843030353	6	0	0	-0.418227868794	-0.418227868794	-0.431524226038	-0.569070899147	-0.418227868794
M02_DY_TO_DY:G808-E1152	M02_DY_TO_DY	CORE13	DY	DY	G808-E1152	tch	edy	0	f83r	f83r	G808-P0292	f83r.1	1	1	B	B	2	2	EXACT	-0.374064462674	30	0	0	-0.0553576216299	72	0	0	-0.133164022574	102	-0.135304485822	102	-0.066898322468	68	0.140822221617	4	-0.16550109624	6	0	0	-0.429422084304	-0.429422084304	-0.440962785142	-0.594923180543	-0.429422084304
M02_DY_TO_DY:G808-E1173	M02_DY_TO_DY	CORE13	DY	DY	G808-E1173	tch	edy	0	f83r	f83r	G808-P0293	f83r.16	16	1	B	B	2	2	EXACT	-0.212387620143	38	-0.0429977419088	1	-0.0714014636336	72	0	0	-0.108849154994	111	-0.110989618242	111	-0.0838859198837	68	0.140822221617	4	0.183057543837	6	-0.0959012638834	1	-0.326786825685	-0.326786825685	-0.339271281935	-0.143729281848	-0.422688089569
M02_DY_TO_DY:G808-E1178	M02_DY_TO_DY	CORE13	DY	DY	G808-E1178	tch	edy	0	f83r	f83r	G808-P0294	f83r.23	23	1	B	B	2	2	EXACT	-0.234267220613	23	0	0	-0.0812621058952	72	0	0	-0.0968004831685	95	-0.0989409464167	95	-0.0943265999254	68	0.140822221617	4	-0.131164876823	6	0.395919044562	1	-0.315529326508	-0.315529326508	-0.328593820538	-0.446694203331	0.080389718054
M02_DY_TO_DY:G808-E1221	M02_DY_TO_DY	CORE13	DY	DY	G808-E1221	tch	edy	0	f85r1	f85r	G808-P0302	f85r1.5	5	1	T	B	2	2	EXACT	-0.171279793098	22	0	0	0.0101453476999	72	0	0	-0.0102033240179	94	-0.0123038023553	94	0.00269663818892	68	0.136759820651	4	-0.11313643729	6	0	0	-0.161134445398	-0.161134445398	-0.168583154909	-0.274270882687	-0.161134445398
M02_DY_TO_DY:G808-E1245	M02_DY_TO_DY	CORE13	DY	DY	G808-E1245	tch	edy	0	f85r2	f85r	G808-P0312	f85r2.9	9	3	C	B	2	2	EXACT	0.000751130125118	11	0	0	-0.0272664015038	70	0.0154412471053	2	0.00891333948404	81	0.00783428105856	83	-0.024415167422	66	-0.0743162953504	4	0.0774394366388	6	0.096974061008	2	-0.0265152713787	-0.0110740242733	-0.0236640372969	0.0509241652601	0.0704587896293
M02_DY_TO_DY:G808-E1252	M02_DY_TO_DY	CORE13	DY	DY	G808-E1252	tch	edy	0	f86v3	f86v	G808-P0315	f86v3.1	1	1	C	B	2	2	EXACT	-0.189466383619	25	-0.208519935957	1	-0.0104209914642	70	-0.414088057074	1	-0.0341605820064	96	-0.0404348716281	97	-0.0181970465909	66	0.117884537372	4	0.136874079001	6	-0.526328422735	1	-0.408407311041	-0.822495368114	-0.416183366167	-0.27153323204	-0.934735733775
M02_DY_TO_DY:G808-E1255	M02_DY_TO_DY	CORE13	DY	DY	G808-E1255	tch	eody	1	f86v3	f86v	G808-P0316	f86v3.13	13	3	C	B	2	3	EXACT	-0.0364105515998	26	-0.0721679723031	1	-0.0223001911842	70	0.248760660871	1	-0.00279358852099	97	-0.00258914774588	98	-0.0333878883773	66	0.160647431748	4	0.0852548214293	6	0.250880657629	1	-0.130878715087	0.117881945784	-0.14196641228	-0.0456238936577	0.120001942542
M02_DY_TO_DY:G808-E1416	M02_DY_TO_DY	CORE13	DY	DY	G808-E1416	tch	edy	0	f94r	f94r	G808-P0348	f94r.1	1	1	H	B	3	3	EXACT	-0.148907957907	48	0	0	0.0142698895628	72	0	0	-0.0465023220695	120	-0.0486133938567	120	0.00674219868808	68	0.142229663978	4	0.0800632195842	6	-0.055497168597	1	-0.134638068344	-0.134638068344	-0.142165759219	-0.05457484876	-0.190135236941
M02_DY_TO_DY:G808-E1666	M02_DY_TO_DY	CORE13	DY	DY	G808-E1666	yt	eody	1	f105r	f105r	G808-P0439	f105r.6	6	8	S	B	3	3	EXACT	-0.279434727574	15	-0.14046509127	1	-0.0141231794055	72	0.00862219812101	1	-0.0355428485115	88	-0.0366490702508	89	-0.0098941425945	68	-0.0860406383659	4	-0.195140552511	6	0.325745321398	1	-0.43402299825	-0.425400800129	-0.429793961439	-0.629163550761	-0.108277676852
M02_DY_TO_DY:G808-E1671	M02_DY_TO_DY	CORE13	DY	DY	G808-E1671	yt	eody	1	f105r	f105r	G808-P0441	f105r.16	16	1	S	B	3	2	EXACT	0.066369438047	18	-0.134399488957	1	0.0191830990945	72	-0.268647638832	1	0.049536954678	91	0.0444642005073	92	0.0223453111051	68	-0.0345983382584	4	0.182356036333	6	-0.0891927478098	1	-0.0488469518158	-0.317494590647	-0.0456847398052	0.133509084517	-0.138039699626
M02_DY_TO_DY:G808-E1691	M02_DY_TO_DY	CORE13	DY	DY	G808-E1691	yt	edy	0	f105r	f105r	G808-P0447	f105r.36	36	10	S	B	3	3	EXACT	-0.20434973763	11	-0.150423240244	1	-0.0136174517238	72	0.255126399351	1	-0.0113266200134	84	-0.00977735433165	85	-0.0122444023702	68	-0.0369831239077	4	0.245832714236	6	0.259377201348	1	-0.368390429598	-0.113264030246	-0.367017380244	-0.122557715362	-0.109013228249
M02_DY_TO_DY:G808-E0266	M02_DY_TO_DY	CORE13	DY	DY	G808-E0266	yt	edy	0	f26r	f26r	G808-P0090	f26r.2	2	6	H	B	2	3	EXACT	-0.178689329908	18	0.276545809293	1	-0.0437013900898	72	0.0768703494469	1	-0.0445551605164	91	-0.044905340918	92	-0.0423379977161	68	-0.0668925745867	4	-0.131670034662	6	0.019885477442	1	0.0541550892955	0.131025438742	0.0555184816692	-0.0775149453662	0.0740405667376
M02_DY_TO_DY:G808-E0276	M02_DY_TO_DY	CORE13	DY	DY	G808-E0276	yt	edy	0	f26v	f26v	G808-P0092	f26v.3	3	10	H	B	2	3	EXACT	0.052688191164	35	-0.166707994998	2	-0.0570511445487	72	0	0	-0.0130808763585	109	-0.0150780220279	109	-0.0499366338649	68	-0.178011679555	4	-0.235710358171	6	0	0	-0.171070948382	-0.171070948382	-0.163956437699	-0.406781306553	-0.171070948382
M02_DY_TO_DY:G808-E0023	M02_DY_TO_DY	CORE13	DY	DY	G808-E0023	yt	eody	1	f3r	f3r	G808-P0007	f3r.17	17	3	H	A	1	2	EXACT	0.522534526317	5	0	0	0.0878963598745	72	0	0	0.149253382743	77	0.147357750509	77	0.0932465729913	68	-0.00307057584224	4	0.187255725165	6	0	0	0.610430886192	0.610430886192	0.615781099309	0.797686611357	0.610430886192
M02_DY_TO_DY:G808-E0406	M02_DY_TO_DY	CORE13	DY	DY	G808-E0406	yt	edy	0	f41r	f41r	G808-P0145	f41r.4	4	5	H	B	5	3	EXACT	-0.062810705516	13	0.0161811386215	2	-0.0198319308487	72	0	0	0.000446561311965	87	-0.00144938898362	87	-0.0158179725932	68	-0.0880935489483	4	0.0252992306352	6	0	0	-0.0664614977432	-0.0664614977432	-0.0624475394877	-0.0411622671079	-0.0664614977432
M02_DY_TO_DY:G808-E0521	M02_DY_TO_DY	CORE13	DY	DY	G808-E0521	yt	edy	0	f48r	f48r	G808-P0180	f48r.4	4	6	H	B	5	3	EXACT	0.0921018076864	34	0.0754965577346	2	-0.00413994259379	72	0	0	0.0388423491052	108	0.0368269980374	108	0.000298295266599	68	-0.0796024177151	4	-0.0555207082071	6	0	0	0.163458422827	0.163458422827	0.167896660688	0.10793771462	0.163458422827
M02_DY_TO_DY:G808-E0538	M02_DY_TO_DY	CORE13	DY	DY	G808-E0538	yt	edy	0	f48v	f48v	G808-P0182	f48v.10	10	3	H	B	5	3	EXACT	-0.0777157394688	21	-0.0709274007324	4	0.0357510450811	72	-0.198416976543	1	0.0259938299328	97	0.0221653035953	98	0.0285188567208	68	0.158684680339	4	-0.433434280315	6	-0.214040088757	1	-0.11289209512	-0.311309071663	-0.120124283481	-0.546326375435	-0.326932183877
M02_DY_TO_DY:G808-E0924	M02_DY_TO_DY	CORE13	DY	DY	G808-E0924	yt	edy	0	f78r	f78r	G808-P0248	f78r.33	33	1	B	B	2	3	EXACT	-0.357256243896	49	0.0808975497029	5	-0.0972850808097	72	-0.111349114478	1	-0.18749809213	126	-0.188250572499	127	-0.100528663366	68	-0.0421587222266	4	-0.082571550631	6	-0.10739361811	1	-0.373643775003	-0.484992889482	-0.376887357559	-0.456215325634	-0.481037393113
M02_DY_TO_DY:G808-E1231	M02_DY_TO_DY	CORE13	DY	DY	G808-E1231	yt	eody	1	f85r1	f85r	G808-P0307	f85r1.23	23	4	T	B	2	3	EXACT	-0.342354360213	9	0.139950335005	2	0.0338506726198	72	0	0	0.0259047305501	83	0.0239838546493	83	0.0276052639493	68	0.140025729523	4	0.0323489864339	6	0	0	-0.168553352589	-0.168553352589	-0.174798761259	-0.136204366155	-0.168553352589
M02_DY_TO_DY:G808-E1277	M02_DY_TO_DY	CORE13	DY	DY	G808-E1277	yt	edy	0	f86v5	f86v	G808-P0325	f86v5.31	31	5	T	B	2	3	EXACT	-0.00230924686731	59	0.063861225606	1	-0.0612866398531	72	0	0	-0.0356953535402	132	-0.0382167373841	132	-0.0585853143762	68	-0.107219896333	4	-0.141378563637	6	0	0	0.000265338885606	0.000265338885606	0.0029666643625	-0.141113224751	0.000265338885606
M02_DY_TO_DY:G808-E1281	M02_DY_TO_DY	CORE13	DY	DY	G808-E1281	yt	eody	1	f86v5	f86v	G808-P0325	f86v5.39	39	1	T	B	2	2	EXACT	-0.00230924686731	59	-0.190384174778	1	-0.044954053306	72	-0.0164535261754	1	-0.0287127714871	132	-0.0308330991067	133	-0.0503821240301	68	0.0473124256318	4	0.0343413749177	6	-0.0145430697143	1	-0.237647474951	-0.254101001126	-0.243075545675	-0.203306100033	-0.252190544665
M03_L_TO_DY:G808-E1538	M03_L_TO_DY	CORE13	L	DY	G808-E1538	ch	eody	1	f102v1	f102v	G808-P0378	f102v1.21	21	7	P	A	1	2	EXACT	0.0110315388501	13	-0.10192129395	1	0.0101437980565	72	0	0	0.00859198906724	86	0.00937558747598	86	0.0106035144675	68	0.0023201067141	4	0.00754527015119	6	0	0	-0.0807459570429	-0.0807459570429	-0.080286240632	-0.0732006868917	-0.0807459570429
M03_L_TO_DY:G808-E1559	M03_L_TO_DY	CORE13	L	DY	G808-E1559	ch	edy	0	f103r	f103r	G808-P0384	f103r.13	13	8	S	B	3	3	EXACT	0.143522875865	3	0.0227324119352	3	0.00614615232874	72	0	0	0.0118336966003	78	0.012880585575	78	0.00651085317341	68	-6.23281973987e-05	4	-0.0508763477937	6	0	0	0.172401440129	0.172401440129	0.172766140974	0.121525092335	0.172401440129
M03_L_TO_DY:G808-E1563	M03_L_TO_DY	CORE13	L	DY	G808-E1563	ch	edy	0	f103r	f103r	G808-P0386	f103r.19	19	6	S	B	3	3	EXACT	0.202031731941	8	-0.155902467191	1	0.000184533360026	72	-0.0665838973689	1	0.0182989255997	81	0.018038755728	82	0.00111076875875	68	-0.0155700345849	4	-0.0100297534916	6	-0.0674212874308	1	0.0463137981102	-0.0202700992587	0.0472400335089	0.0362840446186	-0.0211074893205
M03_L_TO_DY:G808-E1570	M03_L_TO_DY	CORE13	L	DY	G808-E1570	ch	edy	0	f103r	f103r	G808-P0389	f103r.28	28	5	S	B	3	3	EXACT	0.123013225781	6	0.0918734503981	3	0.0162968736525	72	0	0	0.0268357242323	81	0.027882613207	81	0.0181708937743	68	-0.0155700345849	4	-0.00911951096143	6	0	0	0.231183549832	0.231183549832	0.233057569954	0.222064038871	0.231183549832
M03_L_TO_DY:G808-E1571	M03_L_TO_DY	CORE13	L	DY	G808-E1571	ch	edy	0	f103r	f103r	G808-P0389	f103r.29	29	6	S	B	3	2	EXACT	0.123013225781	6	0	0	0.0298678527467	72	-0.0368741457409	1	0.0372210057724	78	0.0370477535579	79	0.0302430217813	68	0.0234814129925	4	0.00787706724466	6	-0.0377115358027	1	0.152881078528	0.116006932787	0.153256247563	0.160758145773	0.115169542725
M03_L_TO_DY:G808-E1575	M03_L_TO_DY	CORE13	L	DY	G808-E1575	ch	edy	0	f103r	f103r	G808-P0392	f103r.36	36	2	S	B	3	3	EXACT	0.00977937966281	6	0	0	0.0249911702707	72	0	0	0.0240091568623	78	0.0250560458371	78	0.0150510028827	68	0.193965449699	4	-0.0254304207389	6	-0.0454410898633	1	0.0347705499335	0.0347705499335	0.0248303825456	0.00934012919456	-0.0106705399298
M03_L_TO_DY:G808-E1582	M03_L_TO_DY	CORE13	L	DY	G808-E1582	ch	edy	0	f103r	f103r	G808-P0398	f103r.53	53	6	S	B	3	3	EXACT	0.230990024371	10	0.056724286651	1	0.00701992528331	72	0.0957109195364	2	0.0347456309342	83	0.0367023854657	85	0.00743602453708	68	-6.23281973987e-05	4	-0.00959434966517	6	0.0948735294746	2	0.294734236306	0.390445155842	0.295150335559	0.28513988664	0.38960776578
M03_L_TO_DY:G808-E1584	M03_L_TO_DY	CORE13	L	DY	G808-E1584	ch	edy	0	f103v	f103v	G808-P0399	f103v.3	3	3	S	B	3	3	EXACT	0.120228068209	20	-0.0338369484515	4	0.00727749968992	72	0.0250292932042	3	0.0297411521412	96	0.0299427013966	99	0.0011309257179	68	0.111759978975	4	-0.0030244780926	6	0.0250887261285	3	0.0936686194476	0.118697912652	0.0875220454756	0.090644141355	0.118757345576
M03_L_TO_DY:G808-E1594	M03_L_TO_DY	CORE13	L	DY	G808-E1594	ch	edy	0	f103v	f103v	G808-P0404	f103v.17	17	2	S	B	3	2	EXACT	-0.0131044404352	5	-0.0938068395362	2	0.0365555267705	72	-0.164438860571	1	0.031066212641	79	0.0293271354051	80	0.0272262860517	68	0.195143340751	4	0.0449637246605	6	-0.114561320474	1	-0.0703557532009	-0.234794613772	-0.0796849939197	-0.0253920285404	-0.184917073675
M03_L_TO_DY:G808-E1597	M03_L_TO_DY	CORE13	L	DY	G808-E1597	ch	edy	0	f103v	f103v	G808-P0404	f103v.18	18	6	S	B	3	3	EXACT	-0.0131044404352	5	-0.00477568997594	1	0.0302336778283	72	0	0	0.0281148139409	78	0.0290725992594	78	0.0318503286364	68	0.00274133585206	4	0.0441010625173	6	0	0	0.0123535474172	0.0123535474172	0.0139701982252	0.0564546099345	0.0123535474172
M03_L_TO_DY:G808-E1606	M03_L_TO_DY	CORE13	L	DY	G808-E1606	ch	edy	0	f103v	f103v	G808-P0407	f103v.31	31	7	S	B	3	3	EXACT	0.423316414866	2	0.0155443296548	4	0.01815880825	72	-0.340661937525	1	0.0290737417612	78	0.0250950763147	79	0.0190651726123	68	0.00274133585206	4	0.0944772972963	6	-0.211359573811	3	0.457019552771	0.116357615246	0.457925917133	0.551496850067	0.24565997896
M03_L_TO_DY:G808-E1607	M03_L_TO_DY	CORE13	L	DY	G808-E1607	ch	edy	0	f103v	f103v	G808-P0407	f103v.32	32	6	S	B	3	2	EXACT	0.423316414866	2	-0.0884254176797	1	0.0188194921926	72	0	0	0.0293053044721	75	0.0302630897906	75	0.0214420303093	68	-0.02577293403	4	-0.0754279617108	6	0	0	0.353710489379	0.353710489379	0.356333027495	0.278282527668	0.353710489379
M03_L_TO_DY:G808-E1608	M03_L_TO_DY	CORE13	L	DY	G808-E1608	ch	eody	1	f103v	f103v	G808-P0408	f103v.33	33	6	S	B	3	3	EXACT	0.123512879736	19	-0.0354864122487	2	0.00751155170087	72	0	0	0.0311838686805	93	0.0321416539991	93	0.00779160685438	68	0.00274133585206	4	-0.0721320612466	6	0	0	0.0955380191878	0.0955380191878	0.0958180743413	0.0234059579412	0.0955380191878
M03_L_TO_DY:G808-E1616	M03_L_TO_DY	CORE13	L	DY	G808-E1616	ch	edy	0	f104r	f104r	G808-P0412	f104r.1	1	2	S	B	3	2	EXACT	-0.0409772417873	20	0	0	0.0329853537185	72	-0.0924835059847	1	0.0181889036901	92	0.0177834634773	93	0.022986531998	68	0.202955059798	4	0.0395355609372	6	-0.0928565797545	1	-0.00799188806886	-0.100475394054	-0.0179907097894	0.0315436728684	-0.100848467823
M03_L_TO_DY:G808-E1620	M03_L_TO_DY	CORE13	L	DY	G808-E1620	ch	edy	0	f104r	f104r	G808-P0413	f104r.7	7	7	S	B	3	3	EXACT	0.0876576628347	29	0.171749230232	1	0.0222779317577	72	0	0	0.0432890653659	102	0.0443034811314	102	0.0239209731654	68	-0.00566403534155	4	-0.123690317098	6	-0.0657707470312	1	0.281684824824	0.281684824824	0.283327866232	0.157994507727	0.215914077793
M03_L_TO_DY:G808-E1625	M03_L_TO_DY	CORE13	L	DY	G808-E1625	ch	eody	1	f104r	f104r	G808-P0415	f104r.13	13	7	S	B	3	3	EXACT	-0.0952341367167	20	0	0	0.0380480908474	72	0	0	0.0103560686324	92	0.011370484398	92	0.045405640235	68	-0.0870405119125	4	-0.0366243824826	6	0	0	-0.0571860458693	-0.0571860458693	-0.0498284964817	-0.093810428352	-0.0571860458693
M03_L_TO_DY:G808-E1626	M03_L_TO_DY	CORE13	L	DY	G808-E1626	ch	edy	0	f104r	f104r	G808-P0416	f104r.17	17	5	S	B	3	3	EXACT	0.0338733279499	8	0.0623098285631	1	0.0162830215859	72	0	0	0.0203085791242	81	0.0213229948897	81	0.0187959685734	68	-0.0264473403723	4	0.0253872894268	6	0	0	0.112466178099	0.112466178099	0.114979125086	0.137853467526	0.112466178099
M03_L_TO_DY:G808-E1639	M03_L_TO_DY	CORE13	L	DY	G808-E1639	ch	edy	0	f104v	f104v	G808-P0426	f104v.6	6	7	S	B	3	3	EXACT	0	0	0	0	0.0133248381595	72	0	0	0.0139699393182	72	0.015033733631	72	0.0148319062929	68	-0.0123051593365	4	0.0452600450924	6	-0.0499850348419	2	0.0133248381595	0.0133248381595	0.0148319062929	0.0585848832519	-0.0366601966824
M03_L_TO_DY:G808-E1640	M03_L_TO_DY	CORE13	L	DY	G808-E1640	ch	edy	0	f104v	f104v	G808-P0427	f104v.8	8	9	S	B	3	3	EXACT	0.123385754995	14	0	0	0.0238979858317	72	0	0	0.0407392101572	86	0.0418030044701	86	0.0295694543419	68	-0.0725268180709	4	0.0140091654882	6	0	0	0.147283740826	0.147283740826	0.152955209337	0.161292906315	0.147283740826
M03_L_TO_DY:G808-E1645	M03_L_TO_DY	CORE13	L	DY	G808-E1645	ch	eody	1	f104v	f104v	G808-P0428	f104v.13	13	2	S	B	3	3	EXACT	0.229526191166	4	0.062809219045	3	0.0464209389741	72	0	0	0.0566521707375	79	0.0577159650504	79	0.0377151179837	68	0.194410056584	4	0.0065588984934	6	0	0	0.338756349185	0.338756349185	0.330050528194	0.345315247678	0.338756349185
M03_L_TO_DY:G808-E1647	M03_L_TO_DY	CORE13	L	DY	G808-E1647	ch	edy	0	f104v	f104v	G808-P0429	f104v.15	15	8	S	B	3	3	EXACT	0.00432625740118	10	0	0	0.0105112986215	72	0	0	0.0104024559385	82	0.0114662502514	82	0.0153953149429	68	-0.0725268180709	4	-0.00340043396394	6	0	0	0.0148375560226	0.0148375560226	0.0197215723441	0.0114371220587	0.0148375560226
M03_L_TO_DY:G808-E1654	M03_L_TO_DY	CORE13	L	DY	G808-E1654	ch	edy	0	f104v	f104v	G808-P0431	f104v.25	25	12	S	B	3	3	EXACT	-0.0362438627508	28	0.0399336511259	2	0.0344331514575	72	0.0409287284806	2	0.0156265404356	102	0.0167401329084	104	0.0353678491846	68	0.0185334508692	4	0.0176480139881	6	0.166171904387	2	0.0381229398326	0.0790516683132	0.0390576375597	0.0557709538208	0.204294844219
M03_L_TO_DY:G808-E1655	M03_L_TO_DY	CORE13	L	DY	G808-E1655	ch	eody	1	f104v	f104v	G808-P0432	f104v.28	28	9	S	B	3	3	EXACT	0.118026069013	7	-0.180699640774	1	0.0325652260588	72	0	0	0.0379213584657	80	0.0389851527786	80	0.0333900458213	68	0.0185334508692	4	0.00833779493138	6	0	0	-0.030108345702	-0.030108345702	-0.0292835259396	-0.0217705507706	-0.030108345702
M03_L_TO_DY:G808-E1660	M03_L_TO_DY	CORE13	L	DY	G808-E1660	ch	edy	0	f104v	f104v	G808-P0436	f104v.37	37	3	S	B	3	3	EXACT	0.00420220792087	15	-0.0566235886752	3	0.0326376728512	72	0	0	0.0252986898896	90	0.0263624842024	90	0.0276962826929	68	0.116631466315	4	-0.0198115261166	6	0	0	-0.0197837079031	-0.0197837079031	-0.0247250980614	-0.0395952340197	-0.0197837079031
M03_L_TO_DY:G808-E1661	M03_L_TO_DY	CORE13	L	DY	G808-E1661	ch	edy	0	f104v	f104v	G808-P0436	f104v.38	38	2	S	B	3	3	EXACT	0.00420220792087	15	0.0528985891343	3	0.0268177384798	72	0	0	0.0242934816527	90	0.0253572759656	90	0.0169587880485	68	0.194410056584	4	0.0521940280859	6	0	0	0.083918535535	0.083918535535	0.0740595851037	0.136112563621	0.083918535535
M03_L_TO_DY:G808-E1664	M03_L_TO_DY	CORE13	L	DY	G808-E1664	ch	edy	0	f104v	f104v	G808-P0437	f104v.42	42	11	S	B	3	3	EXACT	0.111551552802	22	-0.00145471811691	2	0.0130412432789	72	0	0	0.0357915468593	96	0.0368553411722	96	0.012717593466	68	0.0185334508692	4	0.00938578697163	6	0	0	0.123138077964	0.123138077964	0.122814428151	0.132523864936	0.123138077964
M03_L_TO_DY:G808-E1670	M03_L_TO_DY	CORE13	L	DY	G808-E1670	ch	eody	1	f105r	f105r	G808-P0441	f105r.14	14	8	S	B	3	3	EXACT	0.153858343252	14	0	0	0.0285317463393	72	0.0515390518308	1	0.0491567151543	86	0.0501378560704	87	0.0297872786458	68	0.00717698357388	4	-0.00680785199895	6	0.0507783644939	1	0.182390089592	0.233929141423	0.183645621898	0.175582237593	0.233168454086
M03_L_TO_DY:G808-E1676	M03_L_TO_DY	CORE13	L	DY	G808-E1676	ch	edy	0	f105r	f105r	G808-P0442	f105r.18	18	5	S	B	3	3	EXACT	0.0388799344379	19	0.0230987850857	2	0.0129467855666	72	-0.0957490222352	1	0.0185568043016	93	0.0183172843187	94	0.0139801305171	68	-0.00463079214783	4	-0.0569917664852	6	-0.114548782503	1	0.0749255050902	-0.020823517145	0.0759588500407	0.017933738605	-0.0396232774131
M03_L_TO_DY:G808-E1683	M03_L_TO_DY	CORE13	L	DY	G808-E1683	ch	edy	0	f105r	f105r	G808-P0443	f105r.25	25	3	S	B	3	2	EXACT	-0.0149610965502	11	0	0	0.0289820566514	72	0	0	0.023317015771	83	0.0245761622167	83	0.0336757060636	68	-0.0508206969128	4	-0.000159999988891	6	0	0	0.0140209601012	0.0140209601012	0.0187146095134	0.0138609601123	0.0140209601012
M03_L_TO_DY:G808-E1687	M03_L_TO_DY	CORE13	L	DY	G808-E1687	ch	eody	1	f105r	f105r	G808-P0445	f105r.30	30	8	S	B	3	3	EXACT	0.0232459812583	6	0.062113250478	2	-0.0014849697564	72	0	0	0.00174360309742	80	0.00300274954313	80	0.00473349878431	68	-0.107209648504	4	0.0633074544688	6	0	0	0.0838742619799	0.0838742619799	0.0900927305207	0.147181716449	0.0838742619799
M03_L_TO_DY:G808-E1690	M03_L_TO_DY	CORE13	L	DY	G808-E1690	ch	edy	0	f105r	f105r	G808-P0447	f105r.36	36	5	S	B	3	3	EXACT	0.0857693775092	12	-0.201419253339	1	0.00860154358468	72	-0.0773573512848	2	0.0170830923431	85	0.0155604166881	87	0.00937928606567	68	-0.00463079214783	4	-0.0847583542455	6	-0.092033753492	2	-0.107048332245	-0.18440568353	-0.106270589764	-0.191806686491	-0.199082085737
M03_L_TO_DY:G808-E1693	M03_L_TO_DY	CORE13	L	DY	G808-E1693	ch	edy	0	f105v	f105v	G808-P0449	f105v.5	5	4	S	B	3	3	EXACT	0.0894852658138	12	0	0	0.0258527436193	72	-0.119324492072	2	0.0353807955649	84	0.0323311179593	86	0.0328162658043	68	-0.0925364000045	4	-0.00471367014158	6	-0.152057321903	2	0.115338009433	-0.00398648263865	0.122301531618	0.110624339291	-0.03671931247
M03_L_TO_DY:G808-E1697	M03_L_TO_DY	CORE13	L	DY	G808-E1697	ch	edy	0	f105v	f105v	G808-P0450	f105v.10	10	10	S	B	3	4	EXACT	0.0645099968597	29	0.207132759565	1	0.034520976307	71	0	0	0.0452957283108	101	0.0463658852587	101	0.0364030311253	67	0.00299032666001	4	0.0664901680862	6	0.104015270549	1	0.306163732732	0.306163732732	0.30804578755	0.372653900818	0.41017900328
M03_L_TO_DY:G808-E1703	M03_L_TO_DY	CORE13	L	DY	G808-E1703	ch	edy	0	f105v	f105v	G808-P0457	f105v.35	35	9	S	B	3	3	EXACT	0.00207951938915	38	-0.0874120909356	2	0.00459992932844	72	0.0599472781305	4	0.00252841106297	112	0.0048044738351	116	0.00941164135887	68	-0.077208441668	4	0.00324754330989	6	0.0952055938688	4	-0.080732642218	-0.0207853640875	-0.0759209301875	-0.0774850989081	0.0144729516509
M03_L_TO_DY:G808-E1705	M03_L_TO_DY	CORE13	L	DY	G808-E1705	ch	eody	1	f105v	f105v	G808-P0457	f105v.38	38	1	S	B	3	2	EXACT	0.00207951938915	38	0	0	0.018972222722	72	0	0	0.0137084508361	110	0.014778607784	110	0.0221780458603	68	-0.0355360371084	4	-0.0127548400746	6	0	0	0.0210517421111	0.0210517421111	0.0242575652494	0.00829690203651	0.0210517421111
M03_L_TO_DY:G808-E1721	M03_L_TO_DY	CORE13	L	DY	G808-E1721	ch	edy	0	f106r	f106r	G808-P0462	f106r.14	14	7	S	B	3	2	EXACT	-0.0694659474044	6	0	0	0.0118498212177	72	0	0	0.0055386041384	78	0.00665753598994	78	0.0127280295643	68	-0.00308869320783	4	0.0348010069632	6	0	0	-0.0576161261867	-0.0576161261867	-0.0567379178401	-0.0228151192235	-0.0576161261867
M03_L_TO_DY:G808-E1729	M03_L_TO_DY	CORE13	L	DY	G808-E1729	ch	edy	0	f106r	f106r	G808-P0464	f106r.20	20	7	S	B	3	3	EXACT	0.130202228387	14	0.0273059600425	4	-0.00273134940239	72	-0.133931052302	1	0.0189812341709	90	0.018158778378	91	0.00162178046888	68	-0.0767435297475	4	-0.0789989241771	6	-0.135234236571	1	0.154776839027	0.0208457867251	0.159129968899	0.0757779148502	0.0195426024567
M03_L_TO_DY:G808-E1742	M03_L_TO_DY	CORE13	L	DY	G808-E1742	ch	eody	1	f106r	f106r	G808-P0471	f106r.39	39	5	S	B	3	3	EXACT	-0.0344215453267	15	0.160278785583	1	0.00900503696993	72	0.0487339893638	2	0.0033711056831	88	0.00497023519035	90	0.0100568915111	68	-0.00888546276274	4	-0.0472648400422	6	0.170705129602	2	0.134862277226	0.18359626659	0.135914131767	0.0875974371838	0.305567406828
M03_L_TO_DY:G808-E1755	M03_L_TO_DY	CORE13	L	DY	G808-E1755	ch	edy	0	f106v	f106v	G808-P0484	f106v.35	35	9	S	B	3	3	EXACT	0.0939585581487	11	0.0120767781058	1	0.0131735106335	72	0	0	0.0237357355264	84	0.024838520962	84	0.0185241814061	68	-0.0777970916571	4	-0.0297069243104	6	0	0	0.119208846888	0.119208846888	0.124559517661	0.0895019225776	0.119208846888
M03_L_TO_DY:G808-E1763	M03_L_TO_DY	CORE13	L	DY	G808-E1763	ch	edy	0	f107r	f107r	G808-P0489	f107r.5	5	7	S	B	3	3	EXACT	0.0412379582846	15	0.181839328377	1	-0.0113674111636	72	-0.136633417378	1	-0.000866730041817	88	-0.00141526487088	89	-0.00752580976425	68	-0.0766835396323	4	0.00400640278181	6	-0.136404112222	1	0.211709875498	0.0750764581198	0.215551476897	0.21571627828	0.0753057632766
M03_L_TO_DY:G808-E1765	M03_L_TO_DY	CORE13	L	DY	G808-E1765	ch	edy	0	f107r	f107r	G808-P0490	f107r.9	9	6	S	B	3	3	EXACT	0.0815836936083	21	-0.0847178477042	1	0.00768384353999	72	0	0	0.0228087872654	94	0.0240897824951	94	0.00887930673109	68	-0.0126479353883	4	0.00876324165306	6	-0.0410617883287	1	0.00454968944417	0.00454968944417	0.00574515263527	0.0133129310972	-0.0365120988845
M03_L_TO_DY:G808-E1772	M03_L_TO_DY	CORE13	L	DY	G808-E1772	ch	eody	1	f107r	f107r	G808-P0494	f107r.26	26	9	S	B	3	3	EXACT	0	0	-0.0600605980157	3	0.00823423560739	72	0	0	0.00377027164592	75	0.0050512668757	75	0.00726975553962	68	0.0246214920798	4	-0.00650650843595	6	0	0	-0.0518263624083	-0.0518263624083	-0.052790842476	-0.0583328708442	-0.0518263624083
M03_L_TO_DY:G808-E1775	M03_L_TO_DY	CORE13	L	DY	G808-E1775	ch	edy	0	f107r	f107r	G808-P0497	f107r.35	35	7	S	B	3	3	EXACT	0.0498656401436	18	-0.0714157571155	2	0.0144742161196	72	0.12608684303	2	0.0188984571904	92	0.0218842800359	94	0.0151060145179	68	0.00372473866897	4	-0.00266939351857	6	0.126316148186	2	-0.00707590085235	0.119010942177	-0.00644410245406	-0.00974529437093	0.119240247334
M03_L_TO_DY:G808-E1778	M03_L_TO_DY	CORE13	L	DY	G808-E1778	ch	edy	0	f107r	f107r	G808-P0500	f107r.45	45	2	S	B	3	3	EXACT	0.0658812779647	10	-0.165982301837	3	0.020149567835	72	0	0	0.0178335307794	85	0.0191145260092	85	0.0101634952001	68	0.189903897948	4	0.0711910690743	6	0	0	-0.0799514560369	-0.0799514560369	-0.0899375286718	-0.00876038696266	-0.0799514560369
M03_L_TO_DY:G808-E1782	M03_L_TO_DY	CORE13	L	DY	G808-E1782	ch	edy	0	f107v	f107v	G808-P0502	f107v.2	2	8	S	B	3	3	EXACT	0.1412404347	18	0.0208024435783	4	0.0353264340353	72	0.0623595806856	1	0.0552000411812	94	0.0560849910139	95	0.0370253072073	68	0.00643661468894	4	-0.0928651841121	6	0.195514759354	1	0.197369312313	0.259728892999	0.199068185485	0.104504128201	0.392884071667
M03_L_TO_DY:G808-E1795	M03_L_TO_DY	CORE13	L	DY	G808-E1795	ch	eody	1	f107v	f107v	G808-P0505	f107v.14	14	7	S	B	3	3	EXACT	0.212034371164	20	-0.0449108310504	1	0.0169749636996	72	-0.00777305625822	2	0.0587696821592	93	0.0579415935296	95	0.02215024126	68	-0.0710137302491	4	-0.045723879964	6	-0.0165376241059	2	0.184098503813	0.176325447555	0.189273781373	0.138374623849	0.167560879707
M03_L_TO_DY:G808-E1801	M03_L_TO_DY	CORE13	L	DY	G808-E1801	ch	eody	1	f107v	f107v	G808-P0507	f107v.20	20	7	S	B	3	3	EXACT	0	0	-0.124743398496	1	0.01757140787	71	0	0	0.0159730866135	72	0.0170194480048	72	0.0228597124885	67	-0.0710137302491	4	0.0045356699891	6	0.278889775963	1	-0.107171990626	-0.107171990626	-0.101883686007	-0.102636320637	0.171717785337
M03_L_TO_DY:G808-E1810	M03_L_TO_DY	CORE13	L	DY	G808-E1810	ch	eody	1	f107v	f107v	G808-P0510	f107v.29	29	3	S	B	3	3	EXACT	0	0	0	0	0.034199409617	72	0	0	0.0347044044018	72	0.0357507657931	72	0.0296409004228	68	0.111685090497	4	0.00752177906478	6	-0.105134591289	1	0.034199409617	0.034199409617	0.0296409004228	0.0417211886818	-0.0709351816721
M03_L_TO_DY:G808-E1816	M03_L_TO_DY	CORE13	L	DY	G808-E1816	ch	edy	0	f107v	f107v	G808-P0512	f107v.35	35	8	S	B	3	3	EXACT	0.047821076171	7	0	0	0.0214579356806	72	0	0	0.0243421715663	79	0.0253885329576	79	0.0289237267575	68	-0.10546948805	4	0.0472093243681	6	0	0	0.0692790118516	0.0692790118516	0.0767448029285	0.11648833622	0.0692790118516
M03_L_TO_DY:G808-E1818	M03_L_TO_DY	CORE13	L	DY	G808-E1818	ch	edy	0	f107v	f107v	G808-P0513	f107v.37	37	4	S	B	3	3	EXACT	0.0389335422429	20	0	0	-0.00545054290053	72	0	0	0.00480931708744	92	0.00585567847876	92	-0.000351383566453	68	-0.0921452270021	4	0.0905571017706	6	-0.0565498453034	1	0.0334829993424	0.0334829993424	0.0385821586765	0.124040101113	-0.0230668459611
M03_L_TO_DY:G808-E1821	M03_L_TO_DY	CORE13	L	DY	G808-E1821	ch	edy	0	f107v	f107v	G808-P0516	f107v.46	46	6	S	B	3	3	EXACT	0.0893440907302	21	0.167090411809	1	0.0326117874062	72	0	0	0.0472336676826	94	0.0482800290739	94	0.0341509754824	68	0.00643661468894	4	0.0938577506291	6	0	0	0.289046289946	0.289046289946	0.290585478022	0.382904040575	0.289046289946
M03_L_TO_DY:G808-E1833	M03_L_TO_DY	CORE13	L	DY	G808-E1833	ch	edy	0	f108r	f108r	G808-P0519	f108r.9	9	3	S	B	3	3	EXACT	0.00379858756131	27	0.166342198345	2	0.0180308400764	72	0	0	0.0169036317887	101	0.0180242003886	101	0.0119312165938	68	0.121715300676	4	-0.0049153784682	6	0	0	0.188171625982	0.188171625982	0.1820720025	0.183256247514	0.188171625982
M03_L_TO_DY:G808-E1837	M03_L_TO_DY	CORE13	L	DY	G808-E1837	ch	edy	0	f108r	f108r	G808-P0521	f108r.18	18	6	S	B	3	3	EXACT	0.0961112725783	7	-0.252691374585	2	0.0103652569197	72	0	0	0.0100480476924	81	0.0111686162924	81	0.0120416434189	68	-0.0181424521722	4	-0.0313181043262	6	0	0	-0.146214845087	-0.146214845087	-0.144538458588	-0.177532949413	-0.146214845087
M03_L_TO_DY:G808-E1856	M03_L_TO_DY	CORE13	L	DY	G808-E1856	ch	edy	0	f108r	f108r	G808-P0525	f108r.32	32	2	S	B	3	2	EXACT	0.0877516071005	7	-0.0849515742561	1	0.019902159448	72	0.265286651053	1	0.0234241623181	80	0.0272383907883	81	0.00929437572273	68	0.200225344173	4	0.0515732278977	6	0.26525142698	1	0.0227021922925	0.287988843345	0.0120944085672	0.0742754201901	0.287953619273
M03_L_TO_DY:G808-E1863	M03_L_TO_DY	CORE13	L	DY	G808-E1863	ch	edy	0	f108r	f108r	G808-P0526	f108r.36	36	9	S	B	3	2	EXACT	-0.0811314286616	4	0	0	-0.0014723348155	72	0	0	-0.00682152363971	76	-0.00570095503978	76	-0.00372445627463	68	0.0368045913846	4	-0.0656462449818	6	0	0	-0.0826037634771	-0.0826037634771	-0.0848558849362	-0.148250008459	-0.0826037634771
M03_L_TO_DY:G808-E1865	M03_L_TO_DY	CORE13	L	DY	G808-E1865	ch	edy	0	f108r	f108r	G808-P0527	f108r.37	37	5	S	B	3	3	EXACT	0.148014832427	3	0.209278612905	1	0.0121568673372	72	0.374691305131	1	0.0187574317966	76	0.0241930372029	77	0.0139386426845	68	-0.0181424521722	4	8.59778114309e-05	6	0.374656081059	1	0.369450312669	0.744141617801	0.371232088017	0.369536290481	0.744106393728
M03_L_TO_DY:G808-E1869	M03_L_TO_DY	CORE13	L	DY	G808-E1869	ch	edy	0	f108r	f108r	G808-P0528	f108r.41	41	7	S	B	3	3	EXACT	0.109599107979	11	-0.0627536878799	1	0.0199236549006	72	0.128101769979	1	0.0298062863587	84	0.0318047307749	85	0.0255099379219	68	-0.0750522950665	4	-0.0500950744147	6	0.0616079410567	1	0.0667690749993	0.194870844979	0.0723553580206	0.0166740005846	0.128377016056
M03_L_TO_DY:G808-E1870	M03_L_TO_DY	CORE13	L	DY	G808-E1870	ch	eody	1	f108r	f108r	G808-P0528	f108r.44	44	6	S	B	3	2	EXACT	0.109599107979	11	-0.0973083226965	2	0.0299713636947	72	0	0	0.0362803471299	85	0.0374009157299	85	0.0295688715597	68	0.0368045913846	4	-0.0550007847376	6	0	0	0.0422621489768	0.0422621489768	0.0418596568418	-0.0127386357608	0.0422621489768
M03_L_TO_DY:G808-E1872	M03_L_TO_DY	CORE13	L	DY	G808-E1872	ch	edy	0	f108r	f108r	G808-P0529	f108r.45	45	8	S	B	3	3	EXACT	0.18415249597	13	0.00694134323745	2	0.0234761744351	72	0	0	0.0462118132977	87	0.0473323818976	87	0.0292714291937	68	-0.0750522950665	4	-0.0543073541038	6	0	0	0.214570013643	0.214570013643	0.220365268401	0.160262659539	0.214570013643
M03_L_TO_DY:G808-E1895	M03_L_TO_DY	CORE13	L	DY	G808-E1895	ch	edy	0	f108v	f108v	G808-P0535	f108v.16	16	9	S	B	3	3	EXACT	0.202307461428	17	0.20955549249	1	0.00586729985456	72	-0.0672008983473	1	0.0488147859511	90	0.0481395034378	91	0.0131886431179	68	-0.118604783275	4	-0.0351469890686	6	-0.0680751335811	1	0.417730253772	0.350529355425	0.425051597035	0.382583264703	0.349655120191
M03_L_TO_DY:G808-E1896	M03_L_TO_DY	CORE13	L	DY	G808-E1896	ch	edy	0	f108v	f108v	G808-P0535	f108v.17	17	3	S	B	3	3	EXACT	0.202307461428	17	0	0	0.026273969207	72	-0.10353644203	1	0.0635633687494	89	0.0623043246235	90	0.0210710466281	68	0.114714405396	4	-0.0361963592945	6	-0.104410677264	1	0.228581430635	0.125044988605	0.223378508056	0.19238507134	0.124170753371
M03_L_TO_DY:G808-E1900	M03_L_TO_DY	CORE13	L	DY	G808-E1900	ch	eody	1	f108v	f108v	G808-P0536	f108v.21	21	11	S	B	3	3	EXACT	0.0458385365932	38	-0.0417145943249	2	0.000803715253892	72	0	0	0.0170504550252	112	0.0178295911594	112	0.000362833460402	68	0.00828945809093	4	0.00983787045617	6	0	0	0.00492765752217	0.00492765752217	0.00448677572868	0.0147655279783	0.00492765752217
M03_L_TO_DY:G808-E1910	M03_L_TO_DY	CORE13	L	DY	G808-E1910	ch	edy	0	f108v	f108v	G808-P0537	f108v.32	32	8	S	B	3	3	EXACT	0.0727258067287	61	-0.0673256317953	1	0.00784136880748	72	0	0	0.0372717631657	134	0.0380508992999	134	0.015278833774	68	-0.118604783275	4	0.0302561554279	6	0	0	0.0132415437409	0.0132415437409	0.0206790087073	0.0434976991688	0.0132415437409
M03_L_TO_DY:G808-E1914	M03_L_TO_DY	CORE13	L	DY	G808-E1914	ch	edy	0	f108v	f108v	G808-P0537	f108v.36	36	8	S	B	3	3	EXACT	0.0727258067287	61	-0.0624626817896	2	0.0336301102955	72	0.320413414444	1	0.0502927521286	135	0.0529379489222	136	0.0367252315554	68	-0.0189961987737	4	-0.0390427309577	6	0.296067584829	1	0.0438932352346	0.364306649679	0.0469883564944	0.00485050427691	0.339960820063
M03_L_TO_DY:G808-E1918	M03_L_TO_DY	CORE13	L	DY	G808-E1918	ch	edy	0	f108v	f108v	G808-P0537	f108v.39	39	12	S	B	3	3	EXACT	0.0727258067287	61	-0.0413385244089	1	0.020499913192	72	0	0	0.0442673027409	134	0.0450464388751	134	0.0212176312773	68	0.00828945809093	4	0.0805104123323	6	0	0	0.0518871955118	0.0518871955118	0.052604913597	0.132397607844	0.0518871955118
M03_L_TO_DY:G808-E1930	M03_L_TO_DY	CORE13	L	DY	G808-E1930	ch	edy	0	f111r	f111r	G808-P0539	f111r.6	6	4	S	B	3	3	EXACT	0.0899308617677	92	-0.0142121988897	3	0.0146293475536	69	0.0456277622747	1	0.0569892635227	164	0.0578200821928	165	0.0154951169571	65	0.000560434337532	4	0.0211959039953	6	0.0798284237743	1	0.0903480104315	0.135975772706	0.0912137798351	0.111543914427	0.170176434206
M03_L_TO_DY:G808-E1936	M03_L_TO_DY	CORE13	L	DY	G808-E1936	ch	edy	0	f111r	f111r	G808-P0539	f111r.14	14	11	S	B	3	3	EXACT	0.0899308617677	92	-0.103568722556	2	0.0214139645917	69	0	0	0.0592543472429	163	0.0602854032243	163	0.0226189181919	65	0.00183330817986	4	0.0181859005684	6	0	0	0.0077761038038	0.0077761038038	0.00898105740404	0.0259620043722	0.0077761038038
M03_L_TO_DY:G808-E1940	M03_L_TO_DY	CORE13	L	DY	G808-E1940	ch	edy	0	f111r	f111r	G808-P0539	f111r.28	28	10	S	B	3	3	EXACT	0.0899308617677	92	0	0	0.0187201304526	69	0.0353272733963	2	0.0602290981458	161	0.0606886267669	163	0.0251300575821	65	-0.0854413458098	4	-0.0471211076518	6	0.0537125408995	2	0.10865099222	0.143978265617	0.11506091935	0.0615298845685	0.16236353312
M03_L_TO_DY:G808-E1941	M03_L_TO_DY	CORE13	L	DY	G808-E1941	ch	edy	0	f111r	f111r	G808-P0539	f111r.30	30	9	S	B	3	3	EXACT	0.0899308617677	92	0.0186247655952	1	0.023952435239	69	0.0263095485517	1	0.0621478823558	162	0.0628260795095	163	0.0325242123902	65	-0.115339103874	4	-0.00690461762745	6	0.16713818513	1	0.132508062602	0.158817611154	0.141079839753	0.125603444974	0.299646247732
M03_L_TO_DY:G808-E1944	M03_L_TO_DY	CORE13	L	DY	G808-E1944	ch	eody	1	f111r	f111r	G808-P0540	f111r.41	41	3	S	B	3	3	EXACT	0.138664960005	14	-0.152120248904	1	0.0125237212872	72	0.3583861737	1	0.0313669554708	87	0.0358678019422	88	0.00620436087035	68	0.119943630771	4	-0.0138976217517	6	0.357901277212	1	-0.000931567611347	0.357454606089	-0.0072509280282	-0.0148291893631	0.3569697096
M03_L_TO_DY:G808-E1950	M03_L_TO_DY	CORE13	L	DY	G808-E1950	ch	edy	0	f111v	f111v	G808-P0544	f111v.4	4	11	S	B	3	3	EXACT	0.0537108649071	67	-0.0421138188341	2	0.00763640397516	72	0	0	0.0289574674504	141	0.0298220727331	141	0.00881976748592	68	-0.0124899933101	4	-0.0407539014288	6	0	0	0.0192334500481	0.0192334500481	0.0204168135589	-0.0215204513807	0.0192334500481
M03_L_TO_DY:G808-E1952	M03_L_TO_DY	CORE13	L	DY	G808-E1952	ch	edy	0	f111v	f111v	G808-P0544	f111v.5	5	6	S	B	3	3	EXACT	0.0537108649071	67	0.152477509427	1	0.01052036145	72	0	0	0.032367104616	140	0.0332317098988	140	0.0117108304711	68	-0.00972682951093	4	-0.0215004537148	6	0	0	0.216708735785	0.216708735785	0.217899204806	0.19520828207	0.216708735785
M03_L_TO_DY:G808-E1967	M03_L_TO_DY	CORE13	L	DY	G808-E1967	ch	edy	0	f111v	f111v	G808-P0547	f111v.32	32	8	S	B	3	3	EXACT	0.0460854416113	12	0.0266196414012	3	-0.00667801583063	72	-0.0710656289168	3	0.00609547002669	87	0.00377969479027	90	-0.0074137119311	68	0.00581960027488	4	-0.00656867992454	6	-0.0429139253216	3	0.0660270671819	-0.00503856173494	0.0652913710814	0.0594583872573	0.0231131418603
M03_L_TO_DY:G808-E1975	M03_L_TO_DY	CORE13	L	DY	G808-E1975	ch	edy	0	f112r	f112r	G808-P0552	f112r.10	10	3	S	B	3	2	EXACT	0.137310400796	26	0	0	0.0147917019719	72	-0.184978880446	1	0.0479076624414	98	0.0463673628874	99	0.0208732241067	68	-0.0886033919227	4	0.0691632790031	6	-0.0936311343523	2	0.152102102768	-0.0328767776779	0.158183624903	0.221265381771	0.0584709684155
M03_L_TO_DY:G808-E1979	M03_L_TO_DY	CORE13	L	DY	G808-E1979	ch	edy	0	f112r	f112r	G808-P0554	f112r.18	18	9	S	B	3	3	EXACT	0.125653093968	15	0.0542931498484	2	0.0286674608113	72	0	0	0.0459324935464	89	0.0469635495278	89	0.030245398166	68	0.00183330817986	4	-0.0859824862703	6	0	0	0.208613704628	0.208613704628	0.210191641982	0.122631218357	0.208613704628
M03_L_TO_DY:G808-E1985	M03_L_TO_DY	CORE13	L	DY	G808-E1985	ch	edy	0	f112r	f112r	G808-P0556	f112r.26	26	2	S	B	3	1	EXACT	0.0796591861903	15	0	0	0.0242183865001	72	0	0	0.0343255973588	87	0.0353566533402	87	0.0211627347438	68	0.0761552487546	4	-0.0293573038333	6	0	0	0.10387757269	0.10387757269	0.100821920934	0.0745202688571	0.10387757269
M03_L_TO_DY:G808-E1989	M03_L_TO_DY	CORE13	L	DY	G808-E1989	ch	edy	0	f112r	f112r	G808-P0558	f112r.33	33	6	S	B	3	2	EXACT	0.129043126359	12	0	0	0.0305443002071	72	0	0	0.0451441119746	84	0.046175167956	84	0.03399133153	68	-0.0280644498847	4	0.0689770286662	6	0	0	0.159587426566	0.159587426566	0.163034457888	0.228564455232	0.159587426566
M03_L_TO_DY:G808-E1991	M03_L_TO_DY	CORE13	L	DY	G808-E1991	ch	edy	0	f112r	f112r	G808-P0559	f112r.35	35	6	S	B	3	3	EXACT	0.154066516673	10	0.0392645478169	3	0.030232949678	72	0	0	0.0453138013116	85	0.046344857293	85	0.0327730017243	68	-0.0129571527122	4	-0.0169586584623	6	-0.0248767122861	1	0.223564014168	0.223564014168	0.226104066214	0.206605355705	0.198687301882
M03_L_TO_DY:G808-E2003	M03_L_TO_DY	CORE13	L	DY	G808-E2003	ch	edy	0	f112v	f112v	G808-P0566	f112v.16	16	6	S	B	3	3	EXACT	0.105375814673	20	0.0888662420174	2	0.00386258927528	72	0.361101373921	1	0.0267882013017	94	0.0311798221328	95	0.00916603596622	68	-0.0863052410487	4	-0.0829612211711	6	0.361799036782	1	0.198104645965	0.559206019887	0.203408092656	0.115143424794	0.559903682748
M03_L_TO_DY:G808-E2024	M03_L_TO_DY	CORE13	L	DY	G808-E2024	ch	edy	0	f113r	f113r	G808-P0576	f113r.1	1	12	S	B	3	3	EXACT	0.115331681785	9	-0.0238446378955	1	0.010011988996	72	0	0	0.02207410738	82	0.0230706988311	82	0.00928514292073	68	0.0223594668477	4	0.0152016188322	6	0	0	0.101499032886	0.101499032886	0.100772186811	0.116700651718	0.101499032886
M03_L_TO_DY:G808-E2033	M03_L_TO_DY	CORE13	L	DY	G808-E2033	ch	eody	1	f113r	f113r	G808-P0580	f113r.13	13	2	S	B	3	3	EXACT	0	0	0.0241128351107	1	0.0387383794525	72	0	0	0.0396071591291	73	0.0406037505803	73	0.0298387536862	68	0.190023112053	4	0.0805086422464	6	0	0	0.0628512145632	0.0628512145632	0.0539515887969	0.14335985681	0.0628512145632
M03_L_TO_DY:G808-E2037	M03_L_TO_DY	CORE13	L	DY	G808-E2037	ch	edy	0	f113r	f113r	G808-P0581	f113r.16	16	7	S	B	3	3	EXACT	0.150909620719	6	-0.0284133210906	2	0.0096777444231	72	0	0	0.0202016162937	80	0.0211982077449	80	0.0101731959425	68	0.00124616316493	4	-0.00504881469589	6	0	0	0.132174044052	0.132174044052	0.132669495571	0.127125229356	0.132174044052
M03_L_TO_DY:G808-E2055	M03_L_TO_DY	CORE13	L	DY	G808-E2055	ch	edy	0	f113r	f113r	G808-P0590	f113r.43	43	10	S	B	3	3	EXACT	0	0	0.214702072409	3	0.0173879905643	72	0.0466135109829	1	0.0261781440649	75	0.0271639177517	76	0.0183369859744	68	0.00124616316493	4	0.00178482168676	6	0.0190073377181	1	0.232090062973	0.278703573956	0.233039058383	0.23387488466	0.251097400691
M03_L_TO_DY:G808-E2071	M03_L_TO_DY	CORE13	L	DY	G808-E2071	ch	eody	1	f113v	f113v	G808-P0598	f113v.22	22	7	S	B	3	3	EXACT	0.328830884052	3	0	0	0.00488533117246	72	-0.0928073500308	1	0.0179178181941	75	0.0171821100877	76	0.00689570457189	68	-0.0292997186758	4	-0.0793386391149	6	-0.0890813877249	1	0.333716215224	0.240908865194	0.335726588624	0.254377576109	0.2446348275
M03_L_TO_DY:G808-E2072	M03_L_TO_DY	CORE13	L	DY	G808-E2072	ch	eody	1	f113v	f113v	G808-P0598	f113v.23	23	9	S	B	3	3	EXACT	0.328830884052	3	0.0444954918116	2	0.0181137185527	72	0	0	0.0306576246622	77	0.0316603527865	77	0.0209022323862	68	-0.0292997186758	4	-0.00691045498262	6	0	0	0.391440094416	0.391440094416	0.39422860825	0.384529639434	0.391440094416
M03_L_TO_DY:G808-E2079	M03_L_TO_DY	CORE13	L	DY	G808-E2079	ch	edy	0	f113v	f113v	G808-P0600	f113v.29	29	2	S	B	3	3	EXACT	0.0406915536741	22	0.0351921696925	6	0.0317025064784	71	0	0	0.0336423627955	99	0.0346450909198	99	0.0219938861998	67	0.194316012044	4	0.0633722253702	6	0	0	0.107586229845	0.107586229845	0.0978776095664	0.170958455215	0.107586229845
M03_L_TO_DY:G808-E2084	M03_L_TO_DY	CORE13	L	DY	G808-E2084	ch	eody	1	f113v	f113v	G808-P0603	f113v.41	41	7	S	B	3	2	EXACT	0.125077253735	14	-0.0726887361894	2	0.0292039310863	72	0.0246444534525	1	0.0421983968944	88	0.0427634853698	89	0.0300457652389	68	0.0148840484343	4	0.0810640334594	6	0.0889950375749	1	0.0815924486319	0.106236902084	0.0824342827845	0.162656482091	0.170587486207
M03_L_TO_DY:G808-E2087	M03_L_TO_DY	CORE13	L	DY	G808-E2087	ch	edy	0	f114r	f114r	G808-P0608	f114r.4	4	5	S	B	3	3	EXACT	0	0	0	0	0.00570176143766	72	0	0	0.0063315244807	72	0.00737489158977	72	0.0068211163697	68	-0.0133367342593	4	-0.0812106561408	6	0	0	0.00570176143766	0.00570176143766	0.0068211163697	-0.0755088947031	0.00570176143766
M03_L_TO_DY:G808-E2091	M03_L_TO_DY	CORE13	L	DY	G808-E2091	ch	edy	0	f114r	f114r	G808-P0608	f114r.6	6	4	S	B	3	3	EXACT	0	0	0	0	0.00226604865869	72	-0.368234278983	1	0.00289581170173	72	-0.00144422050445	73	0.00797116925975	68	-0.0947304634115	4	0.0277347971296	6	-0.36730264357	1	0.00226604865869	-0.365968230325	0.00797116925975	0.0300008457883	-0.365036594912
M03_L_TO_DY:G808-E2097	M03_L_TO_DY	CORE13	L	DY	G808-E2097	ch	edy	0	f114r	f114r	G808-P0611	f114r.16	16	14	S	B	3	3	EXACT	0.0797945291527	20	0	0	0.0154069929905	72	0	0	0.0300711463624	92	0.0311145134715	92	0.0155106349712	68	0.0136356174667	4	0.0568176244494	6	0	0	0.0952015221433	0.0952015221433	0.095305164124	0.152019146593	0.0952015221433
M03_L_TO_DY:G808-E2101	M03_L_TO_DY	CORE13	L	DY	G808-E2101	ch	edy	0	f114r	f114r	G808-P0614	f114r.25	25	4	S	B	3	3	EXACT	-0.0697468431722	12	-0.0869025409157	1	0.0408719604032	72	-0.158883888453	2	0.024302324103	85	0.0206320297895	87	0.0432342759181	68	0.00070313479748	4	-0.00516258933738	6	-0.0903751390456	2	-0.115777423685	-0.274661312138	-0.11341510817	-0.120940013022	-0.20615256273
M03_L_TO_DY:G808-E2103	M03_L_TO_DY	CORE13	L	DY	G808-E2103	ch	eody	1	f114r	f114r	G808-P0614	f114r.26	26	8	S	B	3	3	EXACT	-0.0697468431722	12	-0.131140991652	1	0.0274270383928	72	0	0	0.0123932319208	85	0.0134365990299	85	0.0358285019665	68	-0.115407304211	4	-0.0829557207834	6	0	0	-0.173460796432	-0.173460796432	-0.165059332858	-0.256416517215	-0.173460796432
M03_L_TO_DY:G808-E2112	M03_L_TO_DY	CORE13	L	DY	G808-E2112	ch	eody	1	f114r	f114r	G808-P0619	f114r.42	42	10	S	B	3	3	EXACT	0.0285983370509	8	0.0370468711757	1	0.0134561174968	72	0	0	0.0157809061294	81	0.0168242732385	81	0.0134450020955	68	0.0136356174667	4	0.0157168843293	6	0	0	0.0791013257234	0.0791013257234	0.0790902103221	0.0948182100527	0.0791013257234
M03_L_TO_DY:G808-E2113	M03_L_TO_DY	CORE13	L	DY	G808-E2113	ch	edy	0	f114r	f114r	G808-P0619	f114r.45	45	6	S	B	3	2	EXACT	0.0285983370509	8	0	0	0.0296829572627	72	0	0	0.0302213242196	80	0.0312646913287	80	0.0329267722674	68	-0.0254713596692	4	-0.088152135972	6	0	0	0.0582812943136	0.0582812943136	0.0615251093183	-0.0298708416584	0.0582812943136
M03_L_TO_DY:G808-E2116	M03_L_TO_DY	CORE13	L	DY	G808-E2116	ch	edy	0	f114v	f114v	G808-P0620	f114v.5	5	1	S	B	3	2	EXACT	0.0249352334435	17	0	0	0.0266900486835	72	0	0	0.0267482018895	89	0.0277802364028	89	0.0255241824995	68	0.0465002463674	4	-0.0465960072161	6	0	0	0.051625282127	0.051625282127	0.050459415943	0.00502927491091	0.051625282127
M03_L_TO_DY:G808-E2122	M03_L_TO_DY	CORE13	L	DY	G808-E2122	ch	edy	0	f114v	f114v	G808-P0622	f114v.9	9	11	S	B	3	3	EXACT	0.019554392281	9	-0.185235962399	1	0.000200043125638	72	0	0	0.000269733510328	82	0.00130176802357	82	-0.000431154332702	68	0.0109208724728	4	-0.109947778581	6	0	0	-0.165481526992	-0.165481526992	-0.166112724451	-0.275429305573	-0.165481526992
M03_L_TO_DY:G808-E2138	M03_L_TO_DY	CORE13	L	DY	G808-E2138	ch	eody	1	f115r	f115r	G808-P0632	f115r.2	2	6	S	B	@	3	EXACT	0.0609664672576	3	0	0	0.0162885184135	69	0	0	0.0184691806896	72	0.019536961221	72	0.0179529242008	65	-0.010758417681	4	-0.0058553430739	6	-0.0248622784632	1	0.0772549856711	0.0772549856711	0.0789193914584	0.0713996425972	0.052392707208
M03_L_TO_DY:G808-E2141	M03_L_TO_DY	CORE13	L	DY	G808-E2141	ch	eody	1	f115r	f115r	G808-P0634	f115r.9	9	10	S	B	@	3	EXACT	0	0	0.0262498584568	2	0.0180096806381	70	-0.0201059941772	1	0.0181891117633	72	0.0184241448857	73	0.0180597163339	66	0.0171796881929	4	0.0135358126654	6	-0.020722239374	1	0.0442595390949	0.0241535449177	0.0443095747907	0.0577953517603	0.0235372997209
M03_L_TO_DY:G808-E2147	M03_L_TO_DY	CORE13	L	DY	G808-E2147	ch	edy	0	f115r	f115r	G808-P0637	f115r.20	20	4	S	B	@	3	EXACT	0	0	0.0343093042351	6	-0.0109529132336	70	0	0	-0.00799844175517	76	-0.00693066122375	76	-0.0117530497922	66	0.00224493651796	4	0.0011619915709	6	0	0	0.0233563910014	0.0233563910014	0.0225562544429	0.0245183825723	0.0233563910014
M03_L_TO_DY:G808-E2148	M03_L_TO_DY	CORE13	L	DY	G808-E2148	ch	edy	0	f115r	f115r	G808-P0638	f115r.22	22	5	S	B	@	3	EXACT	-0.0284151525004	12	-0.247234949294	1	-0.00569342631519	70	-0.0578528767235	1	-0.0115568077871	83	-0.0113079739683	84	-0.00538672401814	66	-0.010758417681	4	0.0324427344979	6	-0.101675191431	1	-0.281343528109	-0.339196404833	-0.281036825812	-0.248900793611	-0.38301871954
M03_L_TO_DY:G808-E2158	M03_L_TO_DY	CORE13	L	DY	G808-E2158	ch	eody	1	f115r	f115r	G808-P0642	f115r.39	39	5	S	B	@	2	EXACT	0.0941180739103	6	0.0174124939576	1	-0.0170277935146	70	0	0	-0.00769351245032	77	-0.00662573191889	77	-0.016323877792	66	-0.028646806402	4	0.0282261131297	6	0	0	0.0945027743532	0.0945027743532	0.0952066900758	0.122728887483	0.0945027743532
M03_L_TO_DY:G808-E2171	M03_L_TO_DY	CORE13	L	DY	G808-E2171	ch	edy	0	f115v	f115v	G808-P0647	f115v.10	10	7	S	B	3	2	EXACT	0.0897081439941	9	-0.0689248574955	1	0.0135830744698	72	0	0	0.021341846007	82	0.0223933541855	82	0.0133895282359	68	0.0168646768102	4	-0.068114900124	6	0	0	0.0343663609685	0.0343663609685	0.0341728147346	-0.0337485391555	0.0343663609685
M03_L_TO_DY:G808-E2182	M03_L_TO_DY	CORE13	L	DY	G808-E2182	ch	eody	1	f115v	f115v	G808-P0652	f115v.27	27	6	S	B	3	3	EXACT	0.101370563024	15	0	0	0.000451573194186	72	0.00361661839996	2	0.0184318794216	87	0.0186543369358	89	0.00102646121326	68	-0.00933020676599	4	0.0310324900937	6	0.070473015408	2	0.101822136219	0.105438754619	0.102397024238	0.132854626312	0.172295151627
M03_L_TO_DY:G808-E2187	M03_L_TO_DY	CORE13	L	DY	G808-E2187	ch	edy	0	f116r	f116r	G808-P0659	f116r.5	5	5	S	B	3	3	EXACT	0	0	-0.0029072068751	3	0.00946152552698	72	0	0	0.0090385763486	75	0.01006963233	75	0.0107797290938	68	-0.0129571527122	4	-0.079593784537	6	-0.0248767122861	1	0.00655431865188	0.00655431865188	0.00787252221875	-0.0730394658851	-0.0183223936342
M03_L_TO_DY:G808-E2192	M03_L_TO_DY	CORE13	L	DY	G808-E2192	ch	edy	0	f116r	f116r	G808-P0660	f116r.8	8	3	S	B	3	3	EXACT	0.197787730651	7	-0.0926313801098	1	0.00570446948466	72	-0.122516613202	2	0.0216611587312	80	0.0186469603944	82	-0.00101602339117	68	0.119943630771	4	-0.0874453228868	6	-0.123001509691	2	0.110860820026	-0.0116557931763	0.10414032715	0.0234154971391	-0.0121406896646
M03_L_TO_DY:G808-E2197	M03_L_TO_DY	CORE13	L	DY	G808-E2197	ch	edy	0	f116r	f116r	G808-P0661	f116r.11	11	8	S	B	3	3	EXACT	0.0853219091257	20	-0.146113552176	2	0.0171541510649	72	0	0	0.0285679835177	94	0.0295990394991	94	0.0229010042116	68	-0.0805515700315	4	0.00104455734087	6	0.141745647402	1	-0.0436374919858	-0.0436374919858	-0.0378906388391	-0.0425929346449	0.0981081554161
M03_L_TO_DY:G808-E2198	M03_L_TO_DY	CORE13	L	DY	G808-E2198	ch	edy	0	f116r	f116r	G808-P0661	f116r.13	13	7	S	B	3	3	EXACT	0.0853219091257	20	0	0	0.0217325296944	72	-0.140214161494	1	0.0361350448662	92	0.0350367797566	93	0.023010527602	68	-2.65233795477e-06	4	0.101552407649	6	-0.0592577925332	2	0.10705443882	-0.033159722674	0.108332436728	0.208606846469	0.0477966462869
M03_L_TO_DY:G808-E2199	M03_L_TO_DY	CORE13	L	DY	G808-E2199	ch	edy	0	f116r	f116r	G808-P0662	f116r.17	17	8	S	B	3	3	EXACT	0.120560093791	8	0.0431178279436	3	0.0191485639469	72	-0.0683534917406	1	0.0299609804782	83	0.0295635587533	84	0.019455217568	68	0.0139262347868	4	-0.0703700944081	6	-0.0688383882289	1	0.182826485681	0.114472993941	0.183133139302	0.112456391273	0.113988097453
M03_L_TO_DY:G808-E0203	M03_L_TO_DY	CORE13	L	DY	G808-E0203	ch	eody	1	f20r	f20r	G808-P0066	f20r.8	8	4	H	A	1	2	EXACT	-0.0703065363974	8	0	0	-0.0192606039512	72	0	0	-0.0236511714814	80	-0.0226499483937	80	-0.0165430493655	68	-0.0654684258998	4	-0.0680443575666	6	0.171400627903	1	-0.0895671403485	-0.0895671403485	-0.0868495857629	-0.157611497915	0.0818334875544
M03_L_TO_DY:G808-E0204	M03_L_TO_DY	CORE13	L	DY	G808-E0204	ch	eody	1	f20r	f20r	G808-P0067	f20r.12	12	2	H	A	1	3	EXACT	-0.0881215816335	10	-0.132482945907	2	-0.0306389811661	72	0	0	-0.039406468813	84	-0.0384052457253	84	-0.043977185064	68	0.196101091105	4	-0.0223245336985	6	0	0	-0.251243508706	-0.251243508706	-0.264581712604	-0.273568042405	-0.251243508706
M03_L_TO_DY:G808-E0271	M03_L_TO_DY	CORE13	L	DY	G808-E0271	ch	eody	1	f26r	f26r	G808-P0091	f26r.10	10	4	H	B	2	2	EXACT	0.0374073652223	16	0	0	0.0079499517454	72	0.0469936214757	1	0.0138606296608	88	0.0150203972905	89	0.0147557263416	68	-0.107757433993	4	-0.0654436880181	6	0.190392932511	1	0.0453573169677	0.0923509384434	0.0521630915639	-0.0200863710504	0.235750249479
M03_L_TO_DY:G808-E0274	M03_L_TO_DY	CORE13	L	DY	G808-E0274	ch	edy	0	f26v	f26v	G808-P0092	f26v.2	2	12	H	B	2	3	EXACT	0.0156478348007	23	-0.132143536269	1	-0.0231165630811	72	0	0	-0.014465173453	96	-0.0134341174716	96	-0.0252960934029	68	0.0139262347868	4	0.0722524992333	6	0	0	-0.139612264549	-0.139612264549	-0.141791794871	-0.0673597653159	-0.139612264549
M03_L_TO_DY:G808-E0275	M03_L_TO_DY	CORE13	L	DY	G808-E0275	ch	edy	0	f26v	f26v	G808-P0092	f26v.3	3	9	H	B	2	3	EXACT	0.0156478348007	23	0.226135912279	1	-0.01512220083	72	0	0	-0.00473732417564	96	-0.00370626819424	96	-0.0112739566183	68	-0.0805515700315	4	0.0932720330334	6	-0.0664419599371	1	0.22666154625	0.22666154625	0.230509790462	0.319933579283	0.160219586313
M03_L_TO_DY:G808-E0279	M03_L_TO_DY	CORE13	L	DY	G808-E0279	ch	edy	0	f26v	f26v	G808-P0092	f26v.6	6	5	H	B	2	3	EXACT	0.0156478348007	23	0.166093127889	3	-0.0152555306085	72	-0.0584303842301	1	-0.0021367622947	98	-0.00189329497032	99	-0.0153912715202	68	-0.0129571527122	4	0.0104270744925	6	-0.0590367246996	2	0.166485432082	0.108055047851	0.16634969117	0.176912506574	0.107448707382
M03_L_TO_DY:G808-E0317	M03_L_TO_DY	CORE13	L	DY	G808-E0317	ch	edy	0	f31r	f31r	G808-P0108	f31r.7	7	7	H	B	2	2	EXACT	0.043666215142	6	0	0	-0.0255611483418	72	0	0	-0.0199602117336	78	-0.0189224699957	78	-0.0270051395982	68	-0.00102241212889	4	0.00262051443317	6	0	0	0.0181050668002	0.0181050668002	0.0166610755438	0.0207255812333	0.0181050668002
M03_L_TO_DY:G808-E0323	M03_L_TO_DY	CORE13	L	DY	G808-E0323	ch	edy	0	f31r	f31r	G808-P0109	f31r.14	14	3	H	B	2	2	EXACT	0.0300196990877	17	0	0	-0.00864241687136	72	-0.179971048138	2	-0.000852628852395	89	-0.0042310951757	91	-0.00395815599254	68	-0.0882839669563	4	0.0672758025146	6	-0.179165274594	2	0.0213772822163	-0.158593765921	0.0260615430952	0.088653084731	-0.157787992377
M03_L_TO_DY:G808-E0342	M03_L_TO_DY	CORE13	L	DY	G808-E0342	ch	edy	0	f34r	f34r	G808-P0117	f34r.5	5	9	H	B	2	3	EXACT	-0.0204073696631	44	-0.111642346933	1	-0.0241123240367	72	0	0	-0.0228950261882	117	-0.0219115162567	117	-0.0189883601009	68	-0.111229002991	4	0.0885120753698	6	0.0435211451857	1	-0.156162040633	-0.156162040633	-0.151038076697	-0.0676499652632	-0.112640895447
M03_L_TO_DY:G808-E0348	M03_L_TO_DY	CORE13	L	DY	G808-E0348	ch	edy	0	f34r	f34r	G808-P0118	f34r.14	14	10	H	B	2	3	EXACT	0.0593883822888	28	-0.0607093249262	4	-0.0236354794678	72	0.043871706357	1	-0.00244201301667	104	-0.00121505171165	105	-0.020514581342	68	-0.076700039653	4	0.027928652991	6	0.0715860420945	2	-0.0249564221052	0.0189152842518	-0.0218355239794	0.00297223088578	0.0466296199893
M03_L_TO_DY:G808-E0394	M03_L_TO_DY	CORE13	L	DY	G808-E0394	ch	edy	0	f39v	f39v	G808-P0140	f39v.11	11	2	H	B	2	3	EXACT	-0.055378877719	37	-0.296095525771	1	-0.0123158003011	72	0	0	-0.0288035701357	110	-0.0277725141543	110	-0.0246541906166	68	0.197427617459	4	-0.0238271363256	6	0	0	-0.363790203791	-0.363790203791	-0.376128594106	-0.387617340116	-0.363790203791
M03_L_TO_DY:G808-E0021	M03_L_TO_DY	CORE13	L	DY	G808-E0021	ch	eody	1	f3r	f3r	G808-P0006	f3r.13	13	6	H	A	1	2	EXACT	0.0575932507355	7	0.0825252636595	2	-0.042021745691	72	0	0	-0.031870654175	81	-0.0306931980554	81	-0.0466127991081	68	0.0360168353709	4	0.0352481436667	6	0	0	0.098096768704	0.098096768704	0.0935057152869	0.133344912371	0.098096768704
M03_L_TO_DY:G808-E0395	M03_L_TO_DY	CORE13	L	DY	G808-E0395	ch	edy	0	f40r	f40r	G808-P0141	f40r.2	2	8	H	B	2	3	EXACT	0.0102409841861	32	-0.147276770413	1	0.00610322918086	72	0	0	0.00634404585691	105	0.00735556486287	105	0.0112713217615	68	-0.0817637206	4	-0.00901529869226	6	-0.0565037583226	1	-0.130932557046	-0.130932557046	-0.125764464466	-0.139947855739	-0.187436315369
M03_L_TO_DY:G808-E0398	M03_L_TO_DY	CORE13	L	DY	G808-E0398	ch	edy	0	f40r	f40r	G808-P0141	f40r.5	5	6	H	B	2	3	EXACT	0.0102409841861	32	0.192505787265	2	0.00732451301164	72	0.113154013213	2	0.0120618673446	106	0.0145483484022	108	0.00839955475612	68	-0.0109605725541	4	0.0119717023455	6	0.0773888785964	2	0.210071284463	0.323225297676	0.211146326208	0.222042986809	0.28746016306
M03_L_TO_DY:G808-E0401	M03_L_TO_DY	CORE13	L	DY	G808-E0401	ch	edy	0	f40v	f40v	G808-P0144	f40v.13	13	2	H	B	2	2	EXACT	-0.0014693622306	34	-0.363740906722	1	0.00939414476446	72	0	0	0.00307521856224	107	0.00410028888897	107	-0.00197368831686	68	0.202637837263	4	0.0187985445941	6	0	0	-0.355816124188	-0.355816124188	-0.36718395727	-0.337017579594	-0.355816124188
M03_L_TO_DY:G808-E0408	M03_L_TO_DY	CORE13	L	DY	G808-E0408	ch	edy	0	f41r	f41r	G808-P0146	f41r.7	7	8	H	B	5	2	EXACT	0.229457114798	4	0	0	-0.0114564942833	72	0	0	0.00169096859111	76	0.00272202457251	76	-0.0122387895813	68	0.00183330817986	4	0.05952608647	6	0	0	0.218000620515	0.218000620515	0.217218325217	0.277526706985	0.218000620515
M03_L_TO_DY:G808-E0448	M03_L_TO_DY	CORE13	L	DY	G808-E0448	ch	eody	1	f43v	f43v	G808-P0158	f43v.11	11	5	H	B	2	3	EXACT	-0.0116980948126	16	-0.12818729934	1	-0.00693176602005	72	0.0128930323623	1	-0.00848446893164	89	-0.00743653197615	90	-0.00652917693496	68	-0.0137852810572	4	-0.00114192310171	6	0.0478683117559	1	-0.146817160173	-0.133924127811	-0.146414571088	-0.147959083275	-0.098948848417
M03_L_TO_DY:G808-E0489	M03_L_TO_DY	CORE13	L	DY	G808-E0489	ch	edy	0	f46r	f46r	G808-P0171	f46r.7	7	11	H	B	2	3	EXACT	-0.0309024516304	16	-0.000539441481527	3	0.0135816028887	72	-0.0124609218382	1	0.00541009157071	91	0.00600716005998	92	0.0190832828941	68	-0.0799563625629	4	-0.0798379186721	6	-0.0195783440956	2	-0.0178602902233	-0.0303212120615	-0.0123586102179	-0.0976982088954	-0.0374386343189
M03_L_TO_DY:G808-E0501	M03_L_TO_DY	CORE13	L	DY	G808-E0501	ch	edy	0	f46v	f46v	G808-P0175	f46v.5	5	8	H	B	2	3	EXACT	-0.0246291258864	40	-0.0843894882319	2	-0.0100015396102	72	0.115364540157	1	-0.0158945921785	114	-0.0139266202694	115	-0.0106314329238	68	0.000697606019046	4	0.032942200435	6	0.0695827814787	3	-0.119020153728	-0.00365561357133	-0.119650047042	-0.0860779532934	-0.0494373722498
M03_L_TO_DY:G808-E0532	M03_L_TO_DY	CORE13	L	DY	G808-E0532	ch	edy	0	f48v	f48v	G808-P0181	f48v.3	3	7	H	B	5	3	EXACT	0.0384076395576	23	-0.081680179388	4	-0.00892305124175	72	0	0	-0.000613044450162	99	0.000429619799965	99	-0.00863388482378	68	-0.0138481723932	4	0.0744271795627	6	0	0	-0.0521955910721	-0.0521955910721	-0.0519064246541	0.0222315884906	-0.0521955910721
M03_L_TO_DY:G808-E0537	M03_L_TO_DY	CORE13	L	DY	G808-E0537	ch	edy	0	f48v	f48v	G808-P0182	f48v.10	10	2	H	B	5	3	EXACT	0.0404839192158	24	0.0592319209579	4	0.0229926247193	72	0	0	0.0288991354288	100	0.0299417996789	100	0.0126765940912	68	0.198355853353	4	0.0392821125008	6	0	0	0.122708464893	0.122708464893	0.112392434265	0.161990577394	0.122708464893
M03_L_TO_DY:G808-E0562	M03_L_TO_DY	CORE13	L	DY	G808-E0562	ch	edy	0	f50r	f50r	G808-P0189	f50r.4	4	3	H	B	2	3	EXACT	-0.0469974454616	46	0.00794099096036	2	0.00526351327813	72	0.165187925902	1	-0.0141849923062	120	-0.0118506696876	121	-0.00148291819808	68	0.119943630771	4	0.0406360898302	6	0.164703029414	1	-0.0337929412231	0.131394984679	-0.0405393726993	0.00684314860708	0.130910088191
M03_L_TO_DY:G808-E0569	M03_L_TO_DY	CORE13	L	DY	G808-E0569	ch	eody	1	f51r	f51r	G808-P0191	f51r.4	4	4	H	A	1	2	EXACT	-0.092904717174	38	-0.186021867026	1	-0.0381489663779	72	0	0	-0.0577201306709	111	-0.0566276475952	111	-0.0283742469212	68	-0.204328907351	4	0.0381181506894	6	0	0	-0.317075550578	-0.317075550578	-0.307300831121	-0.278957399888	-0.317075550578
M03_L_TO_DY:G808-E0640	M03_L_TO_DY	CORE13	L	DY	G808-E0640	ch	eody	1	f58r	f58r	G808-P0207	f58r.13	13	6	S	A	3	3	EXACT	-0.0375978287926	58	-0.101719971632	1	0.0226672129805	71	0	0	-0.00452522837925	130	-0.0034696916091	130	0.0240778049985	67	-0.000968189903851	4	-0.0619807045084	6	0	0	-0.116650587444	-0.116650587444	-0.115239995426	-0.178631291952	-0.116650587444
M03_L_TO_DY:G808-E0662	M03_L_TO_DY	CORE13	L	DY	G808-E0662	ch	edy	0	f66r	f66r	G808-P0214	f66r.53	53	4	T	B	5	3	EXACT	0.167036172464	14	0.148404106037	3	0.0103920083188	71	-0.176718234428	1	0.0401021102077	88	0.0384638111638	89	0.0165237324683	67	-0.0923192748495	4	-0.0297458385089	6	-0.177625715361	1	0.32583228682	0.149114052393	0.33196401097	0.296086448311	0.148206571459
M03_L_TO_DY:G808-E0668	M03_L_TO_DY	CORE13	L	DY	G808-E0668	ch	edy	0	f66r	f66r	G808-P0215	f66r.61	61	8	T	B	5	3	EXACT	-0.0155581016215	26	-0.183984591553	1	0.00501172917035	71	-0.0441340993918	1	-0.00196788432719	98	-0.00157078801067	99	0.0100322222633	67	-0.0790864338017	4	0.0716864056994	6	0.00462525666935	1	-0.194530964004	-0.238665063396	-0.189510470912	-0.122844558305	-0.189905707335
M03_L_TO_DY:G808-E0669	M03_L_TO_DY	CORE13	L	DY	G808-E0669	ch	edy	0	f66r	f66r	G808-P0216	f66r.63	63	6	T	B	5	3	EXACT	0.00194407866472	15	0	0	-0.00475137031837	70	-0.106905345982	1	-0.0031736879291	85	-0.0035906650748	86	-0.000246367036334	66	-0.0790864338017	4	0.00633508996874	6	-0.107812826915	1	-0.00280729165365	-0.109712637635	0.00169771162838	0.0035277983151	-0.110620118569
M03_L_TO_DY:G808-E0672	M03_L_TO_DY	CORE13	L	DY	G808-E0672	ch	eody	1	f66r	f66r	G808-P0217	f66r.68	68	7	T	B	5	3	EXACT	-0.0799910423108	9	-0.0749529480629	3	0.0206877544846	71	0	0	0.00632505578919	83	0.00737175785666	83	0.0219404643288	67	-0.000300039069308	4	0.0332309450312	6	0.0723390703171	1	-0.134256235889	-0.134256235889	-0.133003526045	-0.101025290858	-0.0619171655721
M03_L_TO_DY:G808-E0690	M03_L_TO_DY	CORE13	L	DY	G808-E0690	ch	eody	1	f66v	f66v	G808-P0220	f66v.8	8	2	H	B	5	2	EXACT	-0.068163843121	8	0	0	-0.00111330100603	72	0	0	-0.00724310149695	80	-0.00621665411617	80	-0.0127755924368	68	0.197136326287	4	0.0844737244595	6	0	0	-0.069277144127	-0.069277144127	-0.0809394355578	0.0151965803325	-0.069277144127
M03_L_TO_DY:G808-E0693	M03_L_TO_DY	CORE13	L	DY	G808-E0693	ch	edy	0	f66v	f66v	G808-P0221	f66v.11	11	8	H	B	5	3	EXACT	-0.00808479421123	17	-0.18333071558	1	-0.0104232638918	72	0	0	-0.011385242216	90	-0.0103587948353	90	-0.0111131905504	68	0.00129616227329	4	0.0230616295385	6	0	0	-0.201838773683	-0.201838773683	-0.202528700342	-0.178777144145	-0.201838773683
M03_L_TO_DY:G808-E0700	M03_L_TO_DY	CORE13	L	DY	G808-E0700	ch	edy	0	f75r	f75r	G808-P0222	f75r.15	15	5	B	B	2	3	EXACT	0.105928048509	79	-0.0252820174139	1	-0.000463114773865	72	0	0	0.0556135868296	152	0.0567353656556	152	0.000370253781753	68	-0.0146397039089	4	0.0687001871851	6	-0.0148414278344	1	0.080182916321	0.080182916321	0.0810162848766	0.148883103506	0.0653414884866
M03_L_TO_DY:G808-E0703	M03_L_TO_DY	CORE13	L	DY	G808-E0703	ch	edy	0	f75r	f75r	G808-P0222	f75r.16	16	9	B	B	2	3	EXACT	0.105928048509	79	-0.151264795221	1	-0.0131424327861	72	0	0	0.0487787600224	152	0.0499005388484	152	-0.0146251434808	68	0.0120543253335	4	0.0777714830014	6	0	0	-0.0584791794983	-0.0584791794983	-0.059961890193	0.0192923035031	-0.0584791794983
M03_L_TO_DY:G808-E0710	M03_L_TO_DY	CORE13	L	DY	G808-E0710	ch	edy	0	f75r	f75r	G808-P0223	f75r.29	29	11	B	B	2	3	EXACT	0.104198984197	18	-0.0813584205249	2	0.0147592943715	72	-0.163044716708	1	0.0299236377712	92	0.0287163203249	93	0.0156708400707	68	-0.000746306205183	4	-0.00579569310239	6	-0.113569726925	1	0.0375998580432	-0.125444858665	0.0385114037425	0.0318041649408	-0.0759698688819
M03_L_TO_DY:G808-E0711	M03_L_TO_DY	CORE13	L	DY	G808-E0711	ch	edy	0	f75r	f75r	G808-P0223	f75r.30	30	9	B	B	2	3	EXACT	0.104198984197	18	0.0394236020614	1	-0.00136465555434	72	0	0	0.019823016946	91	0.020944795772	91	-0.00163764696602	68	0.00326687475463	4	-0.00927338363322	6	0.0190046795183	2	0.142257930704	0.142257930704	0.141984939292	0.132984547071	0.161262610222
M03_L_TO_DY:G808-E0725	M03_L_TO_DY	CORE13	L	DY	G808-E0725	ch	edy	0	f75v	f75v	G808-P0226	f75v.14	14	7	B	B	2	3	EXACT	0.0642968464912	49	0	0	0.0084402612471	72	0.0103077521745	1	0.0317940387333	121	0.0325005320354	122	0.0136580594357	68	-0.0802801812211	4	-0.00465838133304	6	0.00952757645764	1	0.0727371077383	0.0830448599128	0.0779549059269	0.0680787264052	0.0822646841959
M03_L_TO_DY:G808-E0726	M03_L_TO_DY	CORE13	L	DY	G808-E0726	ch	edy	0	f75v	f75v	G808-P0226	f75v.15	15	8	B	B	2	3	EXACT	0.0642968464912	49	-0.111286328028	1	0.0121817284806	72	-0.0669183894483	1	0.032758354681	122	0.0328320865144	123	0.0129170874402	68	-0.000337247094948	4	0.00195988302987	6	-0.0676985651652	1	-0.0348077530558	-0.101726142504	-0.0340723940962	-0.0328478700259	-0.102506318221
M03_L_TO_DY:G808-E0732	M03_L_TO_DY	CORE13	L	DY	G808-E0732	ch	edy	0	f75v	f75v	G808-P0228	f75v.48	48	2	B	B	2	3	EXACT	0.111518349524	27	0.137255457081	5	0.00926645170242	72	0	0	0.0422114197745	104	0.0432787099868	104	-0.00175883188917	68	0.196678399498	4	0.0574785189604	6	0	0	0.258040258307	0.258040258307	0.247014974715	0.315518777267	0.258040258307
M03_L_TO_DY:G808-E0733	M03_L_TO_DY	CORE13	L	DY	G808-E0733	ch	edy	0	f75v	f75v	G808-P0228	f75v.49	49	4	B	B	2	2	EXACT	0.111518349524	27	0	0	0.000615901071018	72	0	0	0.0315572158366	99	0.0326245060489	99	0.0119479117262	68	-0.192046153329	4	0.0542045640271	6	0.0430441156157	1	0.112134250595	0.112134250595	0.12346626125	0.166338814622	0.15517836621
M03_L_TO_DY:G808-E0749	M03_L_TO_DY	CORE13	L	DY	G808-E0749	ch	edy	0	f76r	f76r	G808-P0231	f76r.9	9	13	T	B	2	3	EXACT	0.0818270705826	84	-0.0930348132469	1	-0.0101928777108	70	0	0	0.0399248368317	155	0.0409643345742	155	-0.00562499521292	66	-0.0855658402664	4	0.105502633688	6	-0.107898508239	1	-0.0214006203751	-0.0214006203751	-0.0168327378772	0.0841020133129	-0.129299128614
M03_L_TO_DY:G808-E0750	M03_L_TO_DY	CORE13	L	DY	G808-E0750	ch	edy	0	f76r	f76r	G808-P0231	f76r.11	11	4	T	B	2	3	EXACT	0.0818270705826	84	-0.0624350277717	3	-0.0252467811873	70	0.0740315122653	2	0.03199399676	157	0.0332865357513	159	-0.0212282503337	66	-0.0915554416102	4	-0.00680995909888	6	0.0272422290442	2	-0.0058547383764	0.0681767738889	-0.00183620752289	-0.0126646974753	0.0213874906678
M03_L_TO_DY:G808-E0752	M03_L_TO_DY	CORE13	L	DY	G808-E0752	ch	edy	0	f76r	f76r	G808-P0231	f76r.13	13	12	T	B	2	3	EXACT	0.0818270705826	84	-0.0853191487038	2	0.00211333954661	70	0	0	0.0446381864146	156	0.0456776841572	156	0.00213791777269	66	0.00170489747634	4	0.0841203455847	6	-0.0409551107953	1	-0.0013787385746	-0.0013787385746	-0.00135416034853	0.0827416070101	-0.0423338493699
M03_L_TO_DY:G808-E0754	M03_L_TO_DY	CORE13	L	DY	G808-E0754	ch	edy	0	f76r	f76r	G808-P0231	f76r.15	15	13	T	B	2	3	EXACT	0.0818270705826	84	-0.0298850364285	2	0.00467358203754	70	0	0	0.0464977069205	156	0.0475372046631	156	0.00412711458625	66	0.0136873936439	4	0.0253997524459	6	0	0	0.0566156161916	0.0566156161916	0.0560691487403	0.0820153686375	0.0566156161916
M03_L_TO_DY:G808-E0755	M03_L_TO_DY	CORE13	L	DY	G808-E0755	ch	edy	0	f76r	f76r	G808-P0231	f76r.16	16	2	T	B	2	3	EXACT	0.0818270705826	84	0.114392751684	2	0.00429971534162	70	0.358337274298	1	0.0481796614558	156	0.0510550628711	157	-0.00734888886585	66	0.196498783425	4	0.0550325366202	6	0.357899879453	1	0.200519537608	0.558856811906	0.188870933401	0.255552074229	0.558419417061
M03_L_TO_DY:G808-E0757	M03_L_TO_DY	CORE13	L	DY	G808-E0757	ch	edy	0	f76r	f76r	G808-P0231	f76r.19	19	5	T	B	2	3	EXACT	0.0818270705826	84	0	0	-0.0117899908058	70	-0.026183128814	2	0.0401182529714	154	0.0400266979189	156	-0.0117590195225	66	-0.0123039183197	4	-0.00694980926074	6	-0.074289547083	3	0.0700370797768	0.0438539509628	0.07006805106	0.063087270516	-0.00425246730622
M03_L_TO_DY:G808-E0762	M03_L_TO_DY	CORE13	L	DY	G808-E0762	ch	edy	0	f76r	f76r	G808-P0231	f76r.24	24	9	T	B	2	3	EXACT	0.0818270705826	84	-0.0500872875579	1	-0.0239642588012	70	0	0	0.0339825842469	155	0.0350220819895	155	-0.020549449918	66	-0.0803115067148	4	-0.0467511107882	6	-0.0394351025722	1	0.00777552422347	0.00777552422347	0.0111903331067	-0.0389755865647	-0.0316595783487
M03_L_TO_DY:G808-E0763	M03_L_TO_DY	CORE13	L	DY	G808-E0763	ch	edy	0	f76r	f76r	G808-P0231	f76r.30	30	4	T	B	2	3	EXACT	0.0818270705826	84	-0.131654039334	2	-0.0178982971388	70	-0.0389977077272	1	0.0350645687913	156	0.0354927097648	157	-0.0134344036156	66	-0.0915554416102	4	0.00394886208961	6	-0.0574380696241	2	-0.0677252658906	-0.106722973618	-0.0632613723675	-0.063776403801	-0.125163335515
M03_L_TO_DY:G808-E0768	M03_L_TO_DY	CORE13	L	DY	G808-E0768	ch	edy	0	f76r	f76r	G808-P0232	f76r.41	41	12	T	B	2	3	EXACT	0.00494164489342	16	0.103507648904	3	0.00164603381293	72	0.022619470002	1	0.00565093183553	91	0.00663660133827	92	0.00164207628299	68	0.00170489747634	4	-0.0192201761631	6	0.0173726153378	2	0.110095327611	0.132714797613	0.110091370081	0.0908751514476	0.127467942949
M03_L_TO_DY:G808-E0777	M03_L_TO_DY	CORE13	L	DY	G808-E0777	ch	edy	0	f76r	f76r	G808-P0233	f76r.49	49	9	T	B	2	3	EXACT	0.0896780650051	33	-0.105980288179	1	-0.00295934018455	72	0.171925732252	1	0.0253610649797	106	0.027565459274	107	0.0015902922969	68	-0.0803115067148	4	0.0898584312373	6	0.171488337407	1	-0.0192615633584	0.152664168894	-0.014711930877	0.0705968678789	0.152226774049
M03_L_TO_DY:G808-E0778	M03_L_TO_DY	CORE13	L	DY	G808-E0778	ch	edy	0	f76r	f76r	G808-P0234	f76r.51	51	9	T	B	2	3	EXACT	0.121395500727	23	0.0183754814802	1	-0.013700796144	72	-0.0584792836323	1	0.0193490773129	96	0.0193602338475	97	-0.00774149394367	68	-0.115017347896	4	-0.032554548906	6	-0.101999894693	1	0.126070186063	0.0675909024307	0.132029488263	0.093515637157	0.0240702913696
M03_L_TO_DY:G808-E0781	M03_L_TO_DY	CORE13	L	DY	G808-E0781	ch	edy	0	f76r	f76r	G808-P0234	f76r.54	54	3	T	B	2	3	EXACT	0.121395500727	23	-0.0358743405918	2	0.0134038176158	72	0.00558214458242	1	0.0382504649279	97	0.0387329314809	98	0.00716463596172	68	0.11946149139	4	-0.0467511107882	6	0.00514474973745	1	0.0989249777509	0.104507122333	0.0926857960968	0.0521738669627	0.104069727488
M03_L_TO_DY:G808-E0783	M03_L_TO_DY	CORE13	L	DY	G808-E0783	ch	edy	0	f76v	f76v	G808-P0235	f76v.2	2	7	B	B	2	3	EXACT	0.126036213187	32	-0.225444484595	1	0.00595325725604	71	0	0	0.041185398411	104	0.0422303718241	104	0.00624735541234	67	0.00102075221807	4	-0.00195993381367	6	0	0	-0.0934550141521	-0.0934550141521	-0.0931609159958	-0.0954149479658	-0.0934550141521
M03_L_TO_DY:G808-E0785	M03_L_TO_DY	CORE13	L	DY	G808-E0785	ch	edy	0	f76v	f76v	G808-P0235	f76v.5	5	9	B	B	2	3	EXACT	0.126036213187	32	0.0265112449255	4	0.0203226367354	71	0	0	0.052456944051	107	0.0535019174641	107	0.0281934592416	67	-0.111520001163	4	0.00493561349019	6	0	0	0.172870094848	0.172870094848	0.180740917354	0.177805708338	0.172870094848
M03_L_TO_DY:G808-E0792	M03_L_TO_DY	CORE13	L	DY	G808-E0792	ch	edy	0	f76v	f76v	G808-P0236	f76v.13	13	7	B	B	2	3	EXACT	0.166939159287	13	0.0815192461384	1	0.00423731043802	72	0	0	0.030171561463	86	0.0312165348761	86	0.00442596334458	68	0.00102075221807	4	-0.0213586265879	6	0	0	0.252695715864	0.252695715864	0.25288436877	0.231337089276	0.252695715864
M03_L_TO_DY:G808-E0809	M03_L_TO_DY	CORE13	L	DY	G808-E0809	ch	edy	0	f76v	f76v	G808-P0237	f76v.23	23	7	B	B	2	2	EXACT	0.127421534194	25	0	0	-0.00185335655984	72	0	0	0.0320324617573	97	0.0330774351704	97	0.00268152193511	68	-0.0789557497825	4	0.00895848207358	6	0	0	0.125568177634	0.125568177634	0.130103056129	0.134526659708	0.125568177634
M03_L_TO_DY:G808-E0817	M03_L_TO_DY	CORE13	L	DY	G808-E0817	ch	edy	0	f76v	f76v	G808-P0238	f76v.31	31	10	B	B	2	3	EXACT	0.070888693195	37	0	0	0.00565769056747	72	0	0	0.0283947892166	109	0.0294397626297	109	0.00481445391573	68	0.0199832548385	4	0.0240799009668	6	0	0	0.0765463837625	0.0765463837625	0.0757031471107	0.100626284729	0.0765463837625
M03_L_TO_DY:G808-E0819	M03_L_TO_DY	CORE13	L	DY	G808-E0819	ch	edy	0	f76v	f76v	G808-P0239	f76v.34	34	3	B	B	2	3	EXACT	0.192979549542	4	-0.0649432249153	2	0.0176743393021	72	0	0	0.0248441979731	78	0.0258891713863	78	0.0118628919247	68	0.116459485911	4	-0.00277186380396	6	0	0	0.145710663929	0.145710663929	0.139899216551	0.142938800125	0.145710663929
M03_L_TO_DY:G808-E0823	M03_L_TO_DY	CORE13	L	DY	G808-E0823	ch	edy	0	f76v	f76v	G808-P0240	f76v.38	38	2	B	B	2	3	EXACT	0.0370358544969	20	0.195150882657	6	0.019173452904	72	0	0	0.0336621960966	98	0.0347071695097	98	0.00916724134607	68	0.18926959058	4	0.0807151782183	6	0	0	0.251360190058	0.251360190058	0.2413539785	0.332075368276	0.251360190058
M03_L_TO_DY:G808-E0839	M03_L_TO_DY	CORE13	L	DY	G808-E0839	ch	edy	0	f77r	f77r	G808-P0241	f77r.21	21	6	B	B	2	2	EXACT	0.130958328049	47	0.0114615089222	1	0.00547884766465	72	-0.170207906552	1	0.0552652827911	120	0.0542427451441	121	0.0126998089694	68	-0.117287227101	4	-0.0695653266453	6	-0.169996757304	1	0.147898684636	-0.0223092219165	0.15511964594	0.0783333579904	-0.0220980726685
M03_L_TO_DY:G808-E0844	M03_L_TO_DY	CORE13	L	DY	G808-E0844	ch	edy	0	f77r	f77r	G808-P0242	f77r.25	25	7	B	B	2	2	EXACT	0.167956216873	22	-0.147371742596	1	0.0171506515832	72	0	0	0.0504933087871	95	0.0515111003692	95	0.0179126309854	68	0.00418726916084	4	-0.0178627366198	6	-0.0693507941065	1	0.0377351258606	0.0377351258606	0.0384971052627	0.0198723892408	-0.0316156682459
M03_L_TO_DY:G808-E0848	M03_L_TO_DY	CORE13	L	DY	G808-E0848	ch	edy	0	f77r	f77r	G808-P0242	f77r.33	33	2	B	B	2	3	EXACT	0.167956216873	22	-0.297987779605	1	0.0354086389649	72	0.124921991423	1	0.0627455093605	95	0.0641879867206	96	0.0258532597683	68	0.197840352722	4	0.0014375983974	6	0.0579021152542	1	-0.0946229237667	0.0302990676565	-0.104178302963	-0.0931853253693	-0.0367208085126
M03_L_TO_DY:G808-E0850	M03_L_TO_DY	CORE13	L	DY	G808-E0850	ch	edy	0	f77r	f77r	G808-P0242	f77r.35	35	3	B	B	2	3	EXACT	0.167956216873	22	0.420967159295	1	0.0307356858464	72	-0.0701968096455	1	0.0667718495117	95	0.0661398983174	96	0.0308119521421	68	0.0294294262332	4	-0.00259944332932	6	-0.0699856603974	1	0.619659062015	0.549462252369	0.61973532831	0.617059618685	0.549673401617
M03_L_TO_DY:G808-E0853	M03_L_TO_DY	CORE13	L	DY	G808-E0853	ch	edy	0	f77r	f77r	G808-P0242	f77r.36	36	4	B	B	2	2	EXACT	0.167956216873	22	0	0	0.0209067511113	72	0	0	0.0555816798439	94	0.056599471426	94	0.0276119439756	68	-0.0930912601672	4	-0.0695653266453	6	0	0	0.188862967985	0.188862967985	0.195568160849	0.11929764134	0.188862967985
M03_L_TO_DY:G808-E0859	M03_L_TO_DY	CORE13	L	DY	G808-E0859	ch	edy	0	f77v	f77v	G808-P0244	f77v.7	7	10	B	B	2	3	EXACT	0.110470463022	16	0	0	0.0248462814946	72	0	0	0.0415372327542	88	0.042541786731	88	0.0263692370048	68	-0.00105286746695	4	0.0692678402875	6	0	0	0.135316744517	0.135316744517	0.136839700027	0.204584584804	0.135316744517
M03_L_TO_DY:G808-E0862	M03_L_TO_DY	CORE13	L	DY	G808-E0862	ch	edy	0	f77v	f77v	G808-P0244	f77v.10	10	7	B	B	2	3	EXACT	0.110470463022	16	0	0	0.0299271987054	72	0.0106532308604	2	0.0456943468357	88	0.0454501760377	90	0.0325720504075	68	-0.0150441855187	4	0.0328369653435	6	0.00140315201493	2	0.140397661728	0.151050892588	0.14304251343	0.173234627071	0.141800813742
M03_L_TO_DY:G808-E0864	M03_L_TO_DY	CORE13	L	DY	G808-E0864	ch	edy	0	f77v	f77v	G808-P0244	f77v.11	11	6	B	B	2	3	EXACT	0.110470463022	16	-0.0615018776616	2	0.0077308793911	72	0.0452390196672	1	0.0253847696135	90	0.0263750681085	91	0.00928319975763	68	-0.0186674721285	4	-0.0206368418299	6	0.0276450582166	1	0.0566994647516	0.101938484419	0.0582517851182	0.0360626229217	0.0843445229683
M03_L_TO_DY:G808-E0874	M03_L_TO_DY	CORE13	L	DY	G808-E0874	ch	edy	0	f77v	f77v	G808-P0245	f77v.22	22	3	B	B	2	3	EXACT	0.0756403765154	32	-0.0306061878765	2	0.00306806430995	72	-0.0678942338892	1	0.0251026355188	106	0.0250403823152	107	0.00171045548742	68	0.0261385090044	4	0.0607237338013	6	-0.0688004301296	1	0.0481022529488	-0.0197919809403	0.0467446441263	0.10882598675	-0.0206981771808
M03_L_TO_DY:G808-E0877	M03_L_TO_DY	CORE13	L	DY	G808-E0877	ch	edy	0	f77v	f77v	G808-P0245	f77v.27	27	7	B	B	2	3	EXACT	0.0756403765154	32	0	0	0.00323198423598	72	-0.136170374993	2	0.0264348892865	104	0.0239723345242	106	0.0110526401138	68	-0.129728070975	4	-0.0892978000435	6	-0.107871190156	2	0.0788723607514	-0.0572980142421	0.0866930166291	-0.0104254392922	-0.0289988294043
M03_L_TO_DY:G808-E0880	M03_L_TO_DY	CORE13	L	DY	G808-E0880	ch	edy	0	f77v	f77v	G808-P0246	f77v.30	30	9	B	B	2	2	EXACT	0.0563791914569	37	-0.0324384900862	4	-0.00132168466586	72	0.130987941984	1	0.0170407930843	113	0.0188593439909	114	-0.00298132369601	68	0.0268832735582	4	0.0831827891693	6	0.0640820234495	1	0.0226190167048	0.153606958689	0.0209593776747	0.105801805874	0.0867010401543
M03_L_TO_DY:G808-E0883	M03_L_TO_DY	CORE13	L	DY	G808-E0883	ch	edy	0	f77v	f77v	G808-P0246	f77v.33	33	4	B	B	2	3	EXACT	0.0563791914569	37	0.244474969464	3	-0.000688534097061	72	0	0	0.025375380209	112	0.0263799341857	112	0.00478264797226	68	-0.0937075345642	4	-0.0349984414421	6	-0.195187732055	1	0.300165626824	0.300165626824	0.305636808893	0.265167185382	0.104977894769
M03_L_TO_DY:G808-E0892	M03_L_TO_DY	CORE13	L	DY	G808-E0892	ch	edy	0	f77v	f77v	G808-P0246	f77v.41	41	1	B	B	2	3	EXACT	0.0563791914569	37	-0.07510553067	4	0.00916559031312	72	0	0	0.0222126128732	113	0.02321716685	113	0.00609419383343	68	0.0613704251794	4	0.0615514482692	6	0	0	-0.00956074889994	-0.00956074889994	-0.0126321453796	0.0519906993692	-0.00956074889994
M03_L_TO_DY:G808-E0905	M03_L_TO_DY	CORE13	L	DY	G808-E0905	ch	edy	0	f78r	f78r	G808-P0247	f78r.9	9	6	B	B	2	2	EXACT	0.0988828485491	55	0	0	-0.00164209106502	72	0	0	0.0426939046278	127	0.0437081145515	127	0.0048678939181	68	-0.112321350061	4	0.0479234522159	6	0.0558488481173	1	0.0972407574841	0.0972407574841	0.103750742467	0.1451642097	0.153089605601
M03_L_TO_DY:G808-E0916	M03_L_TO_DY	CORE13	L	DY	G808-E0916	ch	edy	0	f78r	f78r	G808-P0247	f78r.18	18	3	B	B	2	2	EXACT	0.0988828485491	55	0.17625429649	1	0.0149355800949	72	-0.132038070906	2	0.0529822486595	128	0.0508232899004	130	0.0138362973529	68	0.033613872426	4	0.088288888628	6	-0.0695667781306	4	0.290072725134	0.158034654228	0.288973442392	0.378361613762	0.220505947004
M03_L_TO_DY:G808-E0920	M03_L_TO_DY	CORE13	L	DY	G808-E0920	ch	edy	0	f78r	f78r	G808-P0248	f78r.30	30	6	B	B	2	3	EXACT	0.0546562884064	42	-0.126073112191	2	0.00996654927385	72	0	0	0.0242595042798	116	0.0252737142035	116	0.0155301745073	68	-0.0846245939771	4	-0.0314728086056	6	-0.0726940721576	1	-0.0614502745112	-0.0614502745112	-0.0558866492778	-0.0929230831169	-0.134144346669
M03_L_TO_DY:G808-E0923	M03_L_TO_DY	CORE13	L	DY	G808-E0923	ch	edy	0	f78r	f78r	G808-P0248	f78r.32	32	4	B	B	2	3	EXACT	0.0546562884064	42	-0.303017533772	1	0.0109188881054	72	0	0	0.0247134283674	115	0.0257276382911	115	0.0164049601599	68	-0.082353851105	4	0.0673656966298	6	0	0	-0.23744235726	-0.23744235726	-0.231956285206	-0.17007666063	-0.23744235726
M03_L_TO_DY:G808-E0925	M03_L_TO_DY	CORE13	L	DY	G808-E0925	ch	edy	0	f78r	f78r	G808-P0248	f78r.38	38	6	B	B	2	2	EXACT	0.0546562884064	42	0.169162546927	1	0.0163857588415	72	0.0849674379928	2	0.0322420785735	115	0.0337945742169	117	0.0162917248744	68	0.0179748219991	4	0.00236904781915	6	0.207896133935	2	0.240204594175	0.325172032167	0.240110560208	0.242573641994	0.44810072811
M03_L_TO_DY:G808-E0943	M03_L_TO_DY	CORE13	L	DY	G808-E0943	ch	edy	0	f78v	f78v	G808-P0249	f78v.11	11	2	B	B	2	3	EXACT	0.137390155251	59	-0.0592508167559	5	0.0350702198614	72	0.135876952812	2	0.0763695369093	136	0.0779740238293	138	0.0253813575058	68	0.199771760279	4	0.0556682918839	6	0.135353172576	2	0.113209558356	0.249086511169	0.103520696001	0.16887785024	0.248562730933
M03_L_TO_DY:G808-E0946	M03_L_TO_DY	CORE13	L	DY	G808-E0946	ch	edy	0	f78v	f78v	G808-P0249	f78v.14	14	6	B	B	2	2	EXACT	0.137390155251	59	0	0	0.00619756527537	72	-0.0663240311453	1	0.0660067638716	131	0.0659010612158	132	0.0132555003605	68	-0.1137964508	4	-0.0131505033478	6	-0.0668478113813	1	0.143587720526	0.0772636893808	0.150645655611	0.130437217178	0.0767399091449
M03_L_TO_DY:G808-E0951	M03_L_TO_DY	CORE13	L	DY	G808-E0951	ch	edy	0	f78v	f78v	G808-P0249	f78v.18	18	1	B	B	2	3	EXACT	0.137390155251	59	-0.0360298957713	3	0.0406555161304	72	0	0	0.0820436207841	134	0.0831099043218	134	0.0403102414998	68	0.0465160652208	4	0.0204075409029	6	0	0	0.14201577561	0.14201577561	0.141670500979	0.162423316513	0.14201577561
M03_L_TO_DY:G808-E0954	M03_L_TO_DY	CORE13	L	DY	G808-E0954	ch	edy	0	f78v	f78v	G808-P0250	f78v.21	21	1	B	B	2	2	EXACT	0.00581717357686	31	-0.0456656198675	2	0.00571687115689	72	0	0	0.00507241883542	105	0.00613870237314	105	0.00331638211615	68	0.0465160652208	4	0.0069660785651	6	0	0	-0.0341315751337	-0.0341315751337	-0.0365320641745	-0.0271654965686	-0.0341315751337
M03_L_TO_DY:G808-E0957	M03_L_TO_DY	CORE13	L	DY	G808-E0957	ch	edy	0	f78v	f78v	G808-P0250	f78v.23	23	2	B	B	2	2	EXACT	0.00581717357686	31	-0.157608026437	2	0.00857391959788	72	-0.0682452392815	1	0.00489930145077	105	0.00506449137287	106	-0.00267354865563	68	0.199771760279	4	0.0532781250519	6	-0.113222633024	2	-0.143216933263	-0.211462172544	-0.154464401516	-0.0899388082106	-0.256439566287
M03_L_TO_DY:G808-E0967	M03_L_TO_DY	CORE13	L	DY	G808-E0967	ch	edy	0	f79r	f79r	G808-P0253	f79r.14	14	9	B	B	2	3	EXACT	0.111275948696	30	0	0	0.0178659024097	72	-0.061093132146	2	0.045474176922	102	0.044118564991	104	0.0199608361065	68	-0.0177570176122	4	-0.0932019726789	6	0.00255243250134	2	0.129141851105	0.0680487189595	0.131236784802	0.0359398784266	0.131694283607
M03_L_TO_DY:G808-E0987	M03_L_TO_DY	CORE13	L	DY	G808-E0987	ch	edy	0	f79r	f79r	G808-P0258	f79r.41	41	8	B	B	2	3	EXACT	-0.0631811755921	10	-0.100948220134	1	-0.00975173423555	72	0.0313024571014	2	-0.0179868130696	83	-0.0162407314782	85	-0.00928136740024	68	-0.0177570176122	4	-0.0932019726789	6	0.0695713197603	2	-0.173881129961	-0.14257867286	-0.173410763126	-0.26708310264	-0.104309810201
M03_L_TO_DY:G808-E0988	M03_L_TO_DY	CORE13	L	DY	G808-E0988	ch	edy	0	f79r	f79r	G808-P0258	f79r.42	42	3	B	B	2	3	EXACT	-0.0631811755921	10	0	0	-0.00026356378948	72	0.0655362804382	1	-0.0085194894689	82	-0.00675399551424	83	-0.00190306615642	68	0.027598929272	4	-0.000716346328601	6	0.199594224922	1	-0.0634447393816	0.00209154105664	-0.0650842417485	-0.0641610857102	0.136149485541
M03_L_TO_DY:G808-E0990	M03_L_TO_DY	CORE13	L	DY	G808-E0990	ch	edy	0	f79v	f79v	G808-P0259	f79v.4	4	5	B	B	2	2	EXACT	0.143227578621	24	-0.00385523492369	1	0.00187302622447	72	0	0	0.0373530380924	97	0.0383966963221	97	0.00667982841302	68	-0.0798519569874	4	0.0266530343448	6	0	0	0.141245369922	0.141245369922	0.14605217211	0.167898404267	0.141245369922
M03_L_TO_DY:G808-E1003	M03_L_TO_DY	CORE13	L	DY	G808-E1003	ch	edy	0	f79v	f79v	G808-P0265	f79v.41	41	7	B	B	2	3	EXACT	-0.0039681017635	23	-0.0333331149675	2	0.00646806046903	72	0	0	0.00364406848764	97	0.00468772671739	97	0.0134868702394	68	-0.112861051634	4	0.0742675746417	6	0	0	-0.030833156262	-0.030833156262	-0.0238143464917	0.0434344183797	-0.030833156262
M03_L_TO_DY:G808-E0060	M03_L_TO_DY	CORE13	L	DY	G808-E0060	ch	eody	1	f7r	f7r	G808-P0021	f7r.2	2	9	H	A	1	3	EXACT	-0.0123066163811	11	-0.0928152421448	1	-0.0457671285625	72	0	0	-0.0414381242463	84	-0.0403909138578	84	-0.0492330348067	68	0.0131439993498	4	0.0123714152798	6	0	0	-0.150888987088	-0.150888987088	-0.154354893333	-0.138517571809	-0.150888987088
M03_L_TO_DY:G808-E1016	M03_L_TO_DY	CORE13	L	DY	G808-E1016	ch	edy	0	f80r	f80r	G808-P0267	f80r.29	29	3	B	B	2	3	EXACT	0.113839173844	25	-0.1493825065	3	0.02257264418	72	-0.0336723226865	3	0.0422084121294	100	0.0403206945432	103	0.0165068370253	68	0.125682159794	4	-0.0183205097624	6	-0.0229817047294	3	-0.0129706884761	-0.0466430111626	-0.0190364956309	-0.0312911982386	-0.0359523932055
M03_L_TO_DY:G808-E1020	M03_L_TO_DY	CORE13	L	DY	G808-E1020	ch	edy	0	f80r	f80r	G808-P0269	f80r.41	41	3	B	B	2	2	EXACT	0.0757413442028	19	-0.083692429814	1	0.00543583589861	72	-0.0289655334794	2	0.0215041911242	92	0.0208934698811	94	-0.00163801880212	68	0.125682159794	4	-0.0530206959443	6	-0.00520299806206	2	-0.00251524971266	-0.0314807831921	-0.00958910441339	-0.0555359456569	-0.00771824777472
M03_L_TO_DY:G808-E1022	M03_L_TO_DY	CORE13	L	DY	G808-E1022	ch	edy	0	f80r	f80r	G808-P0269	f80r.44	44	4	B	B	2	2	EXACT	0.0757413442028	19	-0.0245587384485	1	-0.00718035399525	72	-0.0306505072963	2	0.0122734087221	92	0.0118232365978	94	0.00213125644754	68	-0.16548693754	4	0.00221340401787	6	-0.0317535723115	2	0.044002251759	0.0133517444626	0.0533138622018	0.0462156557768	0.0122486794475
M03_L_TO_DY:G808-E1024	M03_L_TO_DY	CORE13	L	DY	G808-E1024	ch	edy	0	f80r	f80r	G808-P0269	f80r.45	45	4	B	B	2	2	EXACT	0.0757413442028	19	0	0	-0.000219987905942	72	0.117714322751	1	0.0182450145691	91	0.0199758479362	92	0.00489968000499	68	-0.0872635484086	4	-0.0533598725639	6	0.116611257736	1	0.0755213562968	0.193235679048	0.0806410242077	0.0221614837329	0.192132614032
M03_L_TO_DY:G808-E1029	M03_L_TO_DY	CORE13	L	DY	G808-E1029	ch	edy	0	f80v	f80v	G808-P0271	f80v.4	4	4	B	B	2	2	EXACT	0.0969115680448	13	-0.229219490254	1	0.00129409598602	72	-0.0278634354828	1	0.0139004204603	86	0.0140804888569	87	0.00652578749469	68	-0.0876547801508	4	0.00471420774434	6	-0.057599258338	2	-0.131013826223	-0.158877261706	-0.125782134714	-0.126299618478	-0.188613084561
M03_L_TO_DY:G808-E1030	M03_L_TO_DY	CORE13	L	DY	G808-E1030	ch	edy	0	f80v	f80v	G808-P0271	f80v.5	5	2	B	B	2	3	EXACT	0.0969115680448	13	0.243470988154	3	0.0266483853926	72	0	0	0.0450909662279	88	0.0459682546615	88	0.0170180172954	68	0.190354522556	4	0.0227062503279	6	0	0	0.367030941591	0.367030941591	0.357400573494	0.389737191919	0.367030941591
M03_L_TO_DY:G808-E1035	M03_L_TO_DY	CORE13	L	DY	G808-E1035	ch	edy	0	f80v	f80v	G808-P0271	f80v.6	6	9	B	B	2	2	EXACT	0.0969115680448	13	0.0546559540766	1	0.0266198601923	72	0	0	0.0384042631019	86	0.0392815515355	86	0.0272628366451	68	0.0156791400066	4	-0.0525685895514	6	0	0	0.178187382314	0.178187382314	0.178830358766	0.125618792762	0.178187382314
M03_L_TO_DY:G808-E1051	M03_L_TO_DY	CORE13	L	DY	G808-E1051	ch	edy	0	f80v	f80v	G808-P0275	f80v.24	24	8	B	B	2	3	EXACT	0.100700193565	15	0.0272261348482	2	0.00717499103312	72	-0.100326747032	3	0.0241204484358	89	0.0203235580845	92	0.0136706658376	68	-0.103261601132	4	-0.0820857022107	6	-0.13436591194	3	0.135101319446	0.0347745724148	0.141596994251	0.0530156172356	0.000735407506817
M03_L_TO_DY:G808-E1055	M03_L_TO_DY	CORE13	L	DY	G808-E1055	ch	edy	0	f80v	f80v	G808-P0278	f80v.40	40	8	B	B	2	3	EXACT	0.101257285524	24	-0.0978950472287	1	0.00376666379329	72	0	0	0.027568317286	97	0.0284456057196	97	0.0100618487601	68	-0.103261601132	4	0.0269221853511	6	0.0107919072489	1	0.00712890208847	0.00712890208847	0.0134240870553	0.0340510874396	0.0179208093374
M03_L_TO_DY:G808-E1058	M03_L_TO_DY	CORE13	L	DY	G808-E1058	ch	edy	0	f80v	f80v	G808-P0278	f80v.41	41	7	B	B	2	3	EXACT	0.101257285524	24	-0.156352503206	2	-0.00835614659773	72	-0.0909174241357	2	0.016124369976	98	0.0144829367819	100	-0.00507099174841	68	-0.0642138995257	4	-0.0364668615129	6	-0.0917933885649	2	-0.0634513642802	-0.154368788416	-0.0601662094309	-0.0999182257931	-0.155244752845
M03_L_TO_DY:G808-E1062	M03_L_TO_DY	CORE13	L	DY	G808-E1062	ch	edy	0	f81r	f81r	G808-P0279	f81r.3	3	6	B	B	2	2	EXACT	0.0897709421415	25	0	0	0.0139346076542	72	-0.00606745564742	2	0.0342472183576	97	0.0340055598707	99	0.0214611822926	68	-0.114026488228	4	-0.00665630054548	6	-0.0207149323185	2	0.103705549796	0.0976380941483	0.111232124434	0.0970492492503	0.0829906174773
M03_L_TO_DY:G808-E1072	M03_L_TO_DY	CORE13	L	DY	G808-E1072	ch	edy	0	f81r	f81r	G808-P0280	f81r.19	19	3	B	B	2	2	EXACT	0.0721691154674	33	0	0	0.0030655336934	72	0.0223108785132	1	0.0255319969632	105	0.0262994541513	106	0.00878088697411	68	-0.0941047991085	4	-0.0257554998782	6	0.0217993921418	1	0.0752346491608	0.097545527674	0.0809500024415	0.0494791492826	0.0970340413025
M03_L_TO_DY:G808-E1074	M03_L_TO_DY	CORE13	L	DY	G808-E1074	ch	edy	0	f81r	f81r	G808-P0280	f81r.20	20	3	B	B	2	2	EXACT	0.0721691154674	33	0	0	0.0153179648648	72	-0.0687109826316	1	0.0339336640521	105	0.0337631634267	106	0.0150175160517	68	0.0204162676574	4	0.00569449597457	6	-0.0692224690031	1	0.0874870803321	0.0187760977006	0.0871866315191	0.0931815763067	0.0182646113291
M03_L_TO_DY:G808-E1076	M03_L_TO_DY	CORE13	L	DY	G808-E1076	ch	edy	0	f81r	f81r	G808-P0280	f81r.22	22	2	B	B	2	3	EXACT	0.0721691154674	33	0.0425059050709	3	0.0230934004762	72	-0.043834693206	1	0.0391344638347	108	0.039176551019	109	0.0127685932953	68	0.198605795522	4	-0.0504092113268	6	0.00541532998162	1	0.137768421015	0.0939337278085	0.127443613834	0.0873592096877	0.143183750996
M03_L_TO_DY:G808-E1080	M03_L_TO_DY	CORE13	L	DY	G808-E1080	ch	edy	0	f81r	f81r	G808-P0280	f81r.25	25	7	B	B	2	2	EXACT	0.0721691154674	33	0	0	0.00962336483162	72	-0.227835445296	1	0.030028795458	105	0.0283939590395	106	0.0100325437623	68	0.00265799598034	4	0.0707493356898	6	-0.228346931668	1	0.081792480299	-0.146042964997	0.0822016592297	0.152541815989	-0.146554451368
M03_L_TO_DY:G808-E1084	M03_L_TO_DY	CORE13	L	DY	G808-E1084	ch	edy	0	f81r	f81r	G808-P0280	f81r.28	28	2	B	B	2	2	EXACT	0.0721691154674	33	0	0	0.0360597934824	72	-0.00658913764405	2	0.048156632247	105	0.0477376960846	107	0.0264977153018	68	0.198605795522	4	-0.0232558789845	6	-0.00710062401552	2	0.10822890895	0.101639771306	0.0986668307692	0.0849730299652	0.101128284934
M03_L_TO_DY:G808-E1093	M03_L_TO_DY	CORE13	L	DY	G808-E1093	ch	edy	0	f81v	f81v	G808-P0282	f81v.17	17	2	B	B	2	3	EXACT	0.0614589192967	46	-0.0265040168197	3	-0.00165717578415	72	-0.0582185826208	1	0.0224023063779	121	0.0225538847186	122	-0.0137438925186	68	0.203807791099	4	0.0412103943397	6	-0.151598976797	1	0.0332977266928	-0.024920855928	0.0212110099583	0.0745081210325	-0.118301250104
M03_L_TO_DY:G808-E1096	M03_L_TO_DY	CORE13	L	DY	G808-E1096	ch	edy	0	f81v	f81v	G808-P0282	f81v.21	21	5	B	B	2	2	EXACT	0.0614589192967	46	0	0	-0.00492833602501	72	0	0	0.0218755504935	118	0.0228574522372	118	-0.00443528405301	68	-0.0133194371515	4	-0.0198879221127	6	0	0	0.0565305832716	0.0565305832716	0.0570236352436	0.036642661159	0.0565305832716
M03_L_TO_DY:G808-E1108	M03_L_TO_DY	CORE13	L	DY	G808-E1108	ch	edy	0	f82r	f82r	G808-P0284	f82r.11	11	7	B	B	2	2	EXACT	0.0719529761901	32	0	0	0.014580910283	72	0	0	0.0332614820209	104	0.0342914057374	104	0.0149069355734	68	0.0090294287995	4	-0.00806550026522	6	0	0	0.0865338864732	0.0865338864732	0.0868599117636	0.0784683862079	0.0865338864732
M03_L_TO_DY:G808-E1117	M03_L_TO_DY	CORE13	L	DY	G808-E1117	ch	edy	0	f82r	f82r	G808-P0285	f82r.21	21	8	B	B	2	3	EXACT	0.116174806554	46	-0.112729850591	2	-0.00276708687008	72	-0.109514704612	2	0.0417137827778	120	0.0399068802994	122	0.00317797718427	68	-0.10384222734	4	-0.0164699545601	6	-0.0681204721564	2	0.000677869092593	-0.10883683552	0.00662293314694	-0.0157920854675	-0.0674426030638
M03_L_TO_DY:G808-E1128	M03_L_TO_DY	CORE13	L	DY	G808-E1128	ch	edy	0	f82v	f82v	G808-P0286	f82v.7	7	4	B	B	2	3	EXACT	0.151169137293	11	-0.234714622843	2	0.0388562230587	72	0	0	0.047582575439	85	0.0486632653445	85	0.0461524863117	68	-0.0851895378869	4	0.0942560120241	6	-0.00592779722516	2	-0.0446892624912	-0.0446892624912	-0.0373929992381	0.049566749533	-0.0506170597163
M03_L_TO_DY:G808-E1136	M03_L_TO_DY	CORE13	L	DY	G808-E1136	ch	edy	0	f82v	f82v	G808-P0287	f82v.12	12	7	B	B	2	3	EXACT	0.0814861791126	18	-0.0617935225811	2	0.0126206762227	72	-0.03821041561	2	0.0250764833223	92	0.0243209505194	94	0.0127239813679	68	0.0108552031094	4	-0.00814651526247	6	-0.0348895576109	3	0.0323133327541	-0.0058970828559	0.0324166378993	0.0241668174916	-0.0025762248568
M03_L_TO_DY:G808-E1143	M03_L_TO_DY	CORE13	L	DY	G808-E1143	ch	edy	0	f82v	f82v	G808-P0289	f82v.22	22	2	B	B	2	3	EXACT	0.121391286506	25	-0.0367679495019	3	0.0200921703518	72	0	0	0.044213046329	100	0.0452937362344	100	0.00968317801084	68	0.197035754503	4	0.0437366100439	6	0	0	0.104715507356	0.104715507356	0.0943065150146	0.148452117399	0.104715507356
M03_L_TO_DY:G808-E1155	M03_L_TO_DY	CORE13	L	DY	G808-E1155	ch	edy	0	f83r	f83r	G808-P0292	f83r.2	2	10	B	B	2	3	EXACT	0.0632348491894	17	-0.0433955721108	4	0.0155923221364	72	-0.164492934139	1	0.0221749460313	93	0.0209506739749	94	0.0163223016363	68	0.00317341600824	4	0.101995474037	6	-0.205992203097	2	0.035431599215	-0.129061334924	0.0361615787149	0.137427073252	-0.170560603882
M03_L_TO_DY:G808-E1159	M03_L_TO_DY	CORE13	L	DY	G808-E1159	ch	edy	0	f83r	f83r	G808-P0292	f83r.6	6	6	B	B	2	3	EXACT	0.0632348491894	17	-0.067967838173	1	0.00572635243288	72	0	0	0.0164785951766	90	0.0174606866107	90	0.0108353455527	68	-0.0811357852337	4	-0.090379902209	6	0	0	0.000993363449263	0.000993363449263	0.0061023565691	-0.0893865387597	0.000993363449263
M03_L_TO_DY:G808-E1163	M03_L_TO_DY	CORE13	L	DY	G808-E1163	ch	edy	0	f83r	f83r	G808-P0292	f83r.8	8	5	B	B	2	2	EXACT	0.0632348491894	17	0	0	0.0229568824179	72	0.116705035034	1	0.0314623881736	89	0.0331612835957	90	0.0257065543234	68	-0.0237967946041	4	-0.0832073242362	6	0.151755940151	1	0.0861917316073	0.202896766641	0.0889414035127	0.00298440737109	0.237947671758
M03_L_TO_DY:G808-E1177	M03_L_TO_DY	CORE13	L	DY	G808-E1177	ch	edy	0	f83r	f83r	G808-P0294	f83r.22	22	5	B	B	2	2	EXACT	0.115551816958	18	0	0	-0.00555839345296	72	-0.116162405323	2	0.0194732829766	90	0.0170561140578	92	-0.00508554422443	68	-0.0136060849673	4	0.0170121014328	6	-0.116492549123	2	0.109993423505	-0.00616898181809	0.110466272734	0.127005524938	-0.00649912561766
M03_L_TO_DY:G808-E1184	M03_L_TO_DY	CORE13	L	DY	G808-E1184	ch	edy	0	f83r	f83r	G808-P0295	f83r.25	25	5	B	B	2	2	EXACT	0.132621439818	12	0	0	0.00658365341596	72	0.0305792769675	1	0.0254134801228	84	0.026212459897	85	0.00837019420365	68	-0.0237967946041	4	-0.0973405238671	6	0.0302491331679	1	0.139205093234	0.169784370201	0.140991634022	0.0418645693668	0.169454226402
M03_L_TO_DY:G808-E1186	M03_L_TO_DY	CORE13	L	DY	G808-E1186	ch	edy	0	f83r	f83r	G808-P0295	f83r.27	27	2	B	B	2	2	EXACT	0.132621439818	12	0	0	0.016536659184	72	0.0229339090156	1	0.033944627924	84	0.0345532957482	85	0.0110725230494	68	0.109417718842	4	-0.0259170185371	6	0.0610700460439	1	0.149158099002	0.172092008018	0.143693962867	0.123241080465	0.210228145046
M03_L_TO_DY:G808-E1194	M03_L_TO_DY	CORE13	L	DY	G808-E1194	ch	edy	0	f83r	f83r	G808-P0296	f83r.43	43	3	B	B	2	1	EXACT	0.0169355147742	30	0	0	-0.00870061079214	72	-0.0928491402317	1	-0.000375306599459	102	-0.000492284306764	103	-0.00423066309088	68	-0.0846989763431	4	-0.0649561876524	6	-0.112026364015	1	0.00823490398208	-0.0846142362497	0.0127048516833	-0.0567212836703	-0.103791460032
M03_L_TO_DY:G808-E1197	M03_L_TO_DY	CORE13	L	DY	G808-E1197	ch	edy	0	f83r	f83r	G808-P0297	f83r.49	49	3	B	B	2	1	EXACT	0.322841768814	3	0	0	0.0162232911433	72	0	0	0.0293390886433	75	0.0303211800775	75	0.0156116918832	68	0.026611223936	4	-0.0685716942781	6	0	0	0.339065059957	0.339065059957	0.338453460697	0.270493365679	0.339065059957
M03_L_TO_DY:G808-E1200	M03_L_TO_DY	CORE13	L	DY	G808-E1200	ch	edy	0	f83v	f83v	G808-P0299	f83v.5	5	4	B	B	2	3	EXACT	0.096173548816	19	0.062123577496	1	0.00056827200421	72	0	0	0.0214429424717	92	0.0224604519694	92	0.00640304469834	68	-0.0986317991352	4	-0.0437234730354	6	-0.407015843977	1	0.158865398316	0.158865398316	0.16470017101	0.115141925281	-0.248150445661
M03_L_TO_DY:G808-E1203	M03_L_TO_DY	CORE13	L	DY	G808-E1203	ch	edy	0	f83v	f83v	G808-P0299	f83v.7	7	4	B	B	2	3	EXACT	0.096173548816	19	-0.147641337792	4	0.00542860193979	72	-0.226321439943	1	0.017321126262	95	0.015572821815	96	0.0115492763948	68	-0.0986317991352	4	-0.00741742943536	6	-0.22702854684	1	-0.0460391870358	-0.272360626979	-0.0399185125808	-0.0534566164712	-0.273067733875
M03_L_TO_DY:G808-E1207	M03_L_TO_DY	CORE13	L	DY	G808-E1207	ch	edy	0	f83v	f83v	G808-P0300	f83v.16	16	8	B	B	2	3	EXACT	0.111236432354	21	0.0335770975234	3	0.00982403948234	72	0.0686798000752	2	0.0330431598833	96	0.0343415074976	98	0.0171949482767	68	-0.115490345361	4	-0.0815930446462	6	0.0679726931785	2	0.154637569359	0.223317369435	0.162008478154	0.0730445247133	0.222610262538
M03_L_TO_DY:G808-E1209	M03_L_TO_DY	CORE13	L	DY	G808-E1209	ch	edy	0	f83v	f83v	G808-P0300	f83v.18	18	7	B	B	2	3	EXACT	0.111236432354	21	0.0546118909604	2	-0.000992284681391	72	0	0	0.0253687018747	95	0.0263862113724	95	0.00574236975039	68	-0.115490345361	4	-0.00137082175103	6	0.0328206011179	1	0.164856038633	0.164856038633	0.171590693065	0.163485216882	0.197676639751
M03_L_TO_DY:G808-E1217	M03_L_TO_DY	CORE13	L	DY	G808-E1217	ch	edy	0	f83v	f83v	G808-P0301	f83v.31	31	4	B	B	2	2	EXACT	0.121139742379	37	0	0	-0.00659980779325	72	0.0471382767987	1	0.037393339301	109	0.0383005702989	110	-0.000368925224184	68	-0.112533746807	4	-0.0106712094624	6	0.0295969614704	1	0.114539934586	0.161678211385	0.120770817155	0.103868725124	0.144136896056
M03_L_TO_DY:G808-E1247	M03_L_TO_DY	CORE13	L	DY	G808-E1247	ch	edy	0	f85r2	f85r	G808-P0313	f85r2.15	15	3	C	B	2	2	EXACT	-0.0113461314156	12	0	0	-0.0112800119318	70	0.0306347081998	2	-0.0117137602911	82	-0.0102604600544	84	-0.00730052627336	66	-0.0769447620362	4	0.0678518923414	6	0.0010013723091	2	-0.0226261433474	0.00800856485242	-0.0186466576889	0.045225748994	-0.0216247710383
M03_L_TO_DY:G808-E1248	M03_L_TO_DY	CORE13	L	DY	G808-E1248	ch	edy	0	f85r2	f85r	G808-P0314	f85r2.19	19	5	C	B	2	2	EXACT	-0.0168960747268	14	0	0	0.00855212184941	70	0.14144980115	1	0.00399011886859	84	0.00628414835755	85	0.00639157731174	66	0.0441978699817	4	0.0402407738029	6	0.141533346584	1	-0.00834395287744	0.133105848272	-0.0105044974151	0.0318968209254	0.133189393706
M03_L_TO_DY:G808-E1261	M03_L_TO_DY	CORE13	L	DY	G808-E1261	ch	edy	0	f86v3	f86v	G808-P0320	f86v3.34	34	3	C	B	2	2	EXACT	0.0711506152349	20	0	0	0.00569207896573	69	0	0	0.0185755613852	89	0.0197388280802	89	0.00485609904201	65	0.0192767540791	4	0.0913887922032	6	0	0	0.0768426942006	0.0768426942006	0.0760067142769	0.168231486404	0.0768426942006
M03_L_TO_DY:G808-E1282	M03_L_TO_DY	CORE13	L	DY	G808-E1282	ch	edy	0	f86v5	f86v	G808-P0325	f86v5.39	39	2	T	B	2	2	EXACT	-0.0332658843993	60	-0.403034375814	1	0.0380886951015	72	0	0	0.00349440938558	133	0.00465767608056	133	0.0337674403981	68	0.111550112555	4	0.0209500614857	6	0	0	-0.398211565112	-0.398211565112	-0.402532819815	-0.377261503626	-0.398211565112
M03_L_TO_DY:G808-E1283	M03_L_TO_DY	CORE13	L	DY	G808-E1283	ch	edy	0	f86v6	f86v	G808-P0326	f86v6.1	1	6	T	B	2	3	EXACT	0.0168900661148	37	0	0	0.0235758342891	72	0.0407634937095	1	0.0209032305912	109	0.0220145647756	110	0.0251386723501	68	-0.00299232525307	4	-0.000381795227253	6	0.2213408297	1	0.0404659004038	0.0812293941134	0.0420287384648	0.0400841051766	0.261806730104
M03_L_TO_DY:G808-E1285	M03_L_TO_DY	CORE13	L	DY	G808-E1285	ch	edy	0	f86v6	f86v	G808-P0326	f86v6.3	3	4	T	B	2	3	EXACT	0.0168900661148	37	-0.12608000546	3	0.0192046392298	72	0.152395393798	2	0.0137841280677	112	0.0169305250511	114	0.0262633875504	68	-0.100793994725	4	-0.0077899273676	6	0.118710555895	2	-0.0899853001152	0.0624100936833	-0.0829265517946	-0.0977752274828	0.0287252557803
M03_L_TO_DY:G808-E1288	M03_L_TO_DY	CORE13	L	DY	G808-E1288	ch	edy	0	f86v6	f86v	G808-P0326	f86v6.6	6	5	T	B	2	3	EXACT	0.0168900661148	37	0.0104201385708	3	0.0138697481773	72	0	0	0.0140108091062	112	0.0151740758011	112	0.0157035952045	68	-0.0173055637891	4	-0.0147311377976	6	0.0499112438598	1	0.0411799528629	0.0411799528629	0.04301379989	0.0264488150653	0.0910911967227
M03_L_TO_DY:G808-E1298	M03_L_TO_DY	CORE13	L	DY	G808-E1298	ch	edy	0	f86v6	f86v	G808-P0328	f86v6.23	23	4	T	B	2	3	EXACT	0.0255055991148	39	0.191755206158	3	0.0187760827974	72	0	0	0.0250161336602	114	0.0261794003552	114	0.0198251047711	68	0.000942796739498	4	0.0154324585607	6	0.0941779882182	1	0.23603688807	0.23603688807	0.237085910044	0.251469346631	0.330214876288
M03_L_TO_DY:G808-E1302	M03_L_TO_DY	CORE13	L	DY	G808-E1302	ch	edy	0	f86v6	f86v	G808-P0328	f86v6.26	26	4	T	B	2	3	EXACT	0.0255055991148	39	0.0131898365199	1	0.0160610174159	72	-0.092224555655	2	0.0189469157856	112	0.0177111594854	114	0.0229348468063	68	-0.100793994725	4	0.018953094455	6	-0.0922796349565	2	0.0547564530507	-0.0374681026043	0.0616302824411	0.0737095475057	-0.0375231819058
M03_L_TO_DY:G808-E1307	M03_L_TO_DY	CORE13	L	DY	G808-E1307	ch	edy	0	f86v6	f86v	G808-P0328	f86v6.29	29	7	T	B	2	3	EXACT	0.0255055991148	39	0	0	0.030783703545	72	-0.230211543625	1	0.0286737481337	111	0.0272972100872	112	0.0379230219868	68	-0.0905846224692	4	-0.00158372380606	6	-0.230266622926	1	0.0562893026599	-0.173922240965	0.0634286211016	0.0547055788538	-0.173977320266
M03_L_TO_DY:G808-E1309	M03_L_TO_DY	CORE13	L	DY	G808-E1309	ch	eody	1	f86v6	f86v	G808-P0329	f86v6.35	35	4	T	B	2	3	EXACT	0.042959111861	71	0.0149643398038	4	0.0124588950107	72	0.0894802019433	3	0.028383582093	147	0.0302573243992	150	0.0191208348478	68	-0.100793994725	4	-0.0077899273676	6	0.149635927739	3	0.0703823466755	0.159862548619	0.0770442865126	0.0625924193079	0.220018274415
M03_L_TO_DY:G808-E1330	M03_L_TO_DY	CORE13	L	DY	G808-E1330	ch	eody	1	f88r	f88r	G808-P0334	f88r.9	9	11	P	A	1	3	EXACT	-0.107102099238	17	-0.0132746299588	2	0.00892078750652	71	-0.0393671293009	1	-0.0140245612509	90	-0.0134646475674	91	0.00787687248034	67	0.0264003638348	4	-0.0539225808197	6	0.0348894279108	1	-0.11145594169	-0.150823070991	-0.112499856717	-0.16537852251	-0.0765665137796
M03_L_TO_DY:G808-E1347	M03_L_TO_DY	CORE13	L	DY	G808-E1347	ch	eody	1	f88v	f88v	G808-P0338	f88v.16	16	7	P	A	1	2	EXACT	0.176403530767	8	0	0	0.00683931216065	72	0	0	0.02404000839	80	0.0250819468935	80	0.0141866252852	68	-0.11807411951	4	-0.0632137040058	6	-0.0249105106089	1	0.183242842928	0.183242842928	0.190590156053	0.120029138922	0.158332332319
M03_L_TO_DY:G808-E1351	M03_L_TO_DY	CORE13	L	DY	G808-E1351	ch	eody	1	f88v	f88v	G808-P0338	f88v.18	18	5	P	A	1	2	EXACT	0.176403530767	8	0	0	0.00959416410639	72	0	0	0.0265193751412	80	0.0275613136447	80	0.0147458333477	68	-0.0779933215499	4	-0.0605118229337	6	0	0	0.185997694874	0.185997694874	0.191149364115	0.12548587194	0.185997694874
M03_L_TO_DY:G808-E1352	M03_L_TO_DY	CORE13	L	DY	G808-E1352	ch	eody	1	f88v	f88v	G808-P0338	f88v.19	19	6	P	A	1	3	EXACT	0.176403530767	8	-0.253229246521	2	0.0114639838763	72	-0.0398064637143	1	0.0211313729126	82	0.021175258063	83	0.0167256425159	68	-0.0779933215499	4	0.000822198343091	6	-0.0402291177959	1	-0.0653617318768	-0.105168195591	-0.0601000732373	-0.0645395335337	-0.105590849673
M03_L_TO_DY:G808-E1354	M03_L_TO_DY	CORE13	L	DY	G808-E1354	ch	eody	1	f88v	f88v	G808-P0338	f88v.20	20	2	P	A	1	2	EXACT	0.176403530767	8	0	0	0.0286454331508	72	0	0	0.0436655172812	80	0.0447074557847	80	0.0233085812741	68	0.119362806501	4	0.0764271318748	6	0	0	0.205048963918	0.205048963918	0.199712112042	0.281476095793	0.205048963918
M03_L_TO_DY:G808-E1358	M03_L_TO_DY	CORE13	L	DY	G808-E1358	ch	edy	0	f89r1	f89r	G808-P0340	f89r1.7	7	5	P	A	1	3	EXACT	0.0472740250776	11	-0.3195039739	1	-0.00351207767785	72	0	0	-0.00105724466796	84	-6.30698767298e-05	84	-0.00297949943904	68	-0.0125749287058	4	0.0102598387986	6	-0.0711409290819	1	-0.2757420265	-0.2757420265	-0.275209448261	-0.265482187702	-0.346882955582
M03_L_TO_DY:G808-E1366	M03_L_TO_DY	CORE13	L	DY	G808-E1366	ch	eody	1	f89r1	f89r	G808-P0342	f89r1.20	20	5	P	A	1	3	EXACT	-0.115382459128	16	0	0	0.0168853670837	70	0	0	-0.00785195906034	86	-0.00685778426911	86	0.018670650929	66	-0.0125749287058	4	0.0814641572407	6	0	0	-0.0984970920445	-0.0984970920445	-0.0967118081992	-0.0170329348038	-0.0984970920445
M03_L_TO_DY:G808-E1368	M03_L_TO_DY	CORE13	L	DY	G808-E1368	ch	eody	1	f89r1	f89r	G808-P0342	f89r1.23	23	3	P	A	1	2	EXACT	-0.115382459128	16	0	0	0.0361145100632	72	-0.341123888862	1	0.00842539542	88	0.00525407526338	89	0.0409738853037	68	-0.0465038899944	4	0.0474996279631	6	-0.411425266842	1	-0.079267949065	-0.420391837927	-0.0744085738244	-0.0317683211019	-0.490693215907
M03_L_TO_DY:G808-E1376	M03_L_TO_DY	CORE13	L	DY	G808-E1376	ch	eody	1	f89v1	f89v	G808-P0344	f89v1.13	13	9	P	A	1	3	EXACT	0.00682576221158	32	-0.121564527836	1	0.0480756291104	72	0	0	0.0344314306951	105	0.035457023152	105	0.0513774552886	68	-0.00806597463413	4	-0.0136411973128	6	0	0	-0.066663136514	-0.066663136514	-0.0633613103357	-0.0803043338268	-0.066663136514
M03_L_TO_DY:G808-E1417	M03_L_TO_DY	CORE13	L	DY	G808-E1417	ch	eody	1	f94r	f94r	G808-P0348	f94r.2	2	2	H	B	3	3	EXACT	-0.0219796891838	27	-0.0422287780179	1	0.0242902569591	71	-0.0902887888217	1	0.0115242170688	99	0.0113203664402	100	0.0139533280614	67	0.197427617459	4	0.00572824940663	6	-0.0907736853099	1	-0.0399182102426	-0.130206999064	-0.0502551391403	-0.0341899608359	-0.130691895553
M03_L_TO_DY:G808-E1420	M03_L_TO_DY	CORE13	L	DY	G808-E1420	ch	edy	0	f94v	f94v	G808-P0350	f94v.5	5	2	H	B	3	3	EXACT	0.0370899712664	9	-0.263115777835	1	-0.00666514301143	71	0	0	-0.0045736297129	81	-0.0035425737315	81	-0.0188501554895	67	0.197427617459	4	0.0606152457922	6	0	0	-0.23269094958	-0.23269094958	-0.244875962059	-0.172075703788	-0.23269094958
M03_L_TO_DY:G808-E1432	M03_L_TO_DY	CORE13	L	DY	G808-E1432	ch	edy	0	f95r2	f95r	G808-P0355	f95r2.5	5	6	H	B	3	3	EXACT	0.0824780848438	13	0	0	0.0101100403786	71	0	0	0.021985092721	84	0.022886878958	84	0.0152891795584	67	-0.0766437300023	4	0.0010280374895	6	0	0	0.0925881252224	0.0925881252224	0.0977672644021	0.0936161627119	0.0925881252224
M03_L_TO_DY:G808-E1462	M03_L_TO_DY	CORE13	L	DY	G808-E1462	ch	eody	1	f99r	f99r	G808-P0364	f99r.30	30	2	P	A	1	2	EXACT	-0.0170598265437	9	-0.305652190065	1	-0.00636904843583	72	0	0	-0.0131409580516	82	-0.011900881063	82	-0.0183842649745	68	0.197880784585	4	0.0186281937991	6	0	0	-0.329081065045	-0.329081065045	-0.341096281583	-0.310452871245	-0.329081065045
M03_L_TO_DY:G808-E1523	M03_L_TO_DY	CORE13	L	DY	G808-E1523	cth	edy	0	f102r1	f102r	G808-P0375	f102r1.10	10	9	P	A	1	2	EXACT	-0.0781048787453	8	0	0	0.0020590928242	72	0	0	-0.0140719979869	80	-0.012833095472	80	-0.00497367960092	68	0.121612018876	4	0.126902486795	6	-0.0743264333992	1	-0.0760457859211	-0.0760457859211	-0.0830785583462	0.0508567008736	-0.15037221932
M03_L_TO_DY:G808-E1768	M03_L_TO_DY	CORE13	L	DY	G808-E1768	cth	edy	0	f107r	f107r	G808-P0491	f107r.14	14	1	S	B	3	3	EXACT	0.0390683781952	14	0.0614356376694	3	0.0152528964728	72	0	0	0.0158000622813	89	0.0170241893377	89	0.0133062891384	68	0.048341101394	4	0.0183804752319	6	0	0	0.115756912337	0.115756912337	0.113810305003	0.134137387569	0.115756912337
M03_L_TO_DY:G808-E2118	M03_L_TO_DY	CORE13	L	DY	G808-E2118	cth	edy	0	f114v	f114v	G808-P0621	f114v.6	6	3	S	B	3	3	EXACT	0.145443385439	6	0	0	0.0118884013448	72	0.0388990743344	1	0.0169815671238	78	0.0180667065626	79	0.00717486948598	68	0.0920138339604	4	-0.105947207049	6	0.0391421654852	1	0.157331786784	0.196230861118	0.152618254925	0.0513845797348	0.196473952269
M03_L_TO_DY:G808-E2205	M03_L_TO_DY	CORE13	L	DY	G808-E2205	cth	edy	0	f116r	f116r	G808-P0663	f116r.28	28	7	S	B	3	3	EXACT	0.125731313138	73	-0.0487655211787	1	0.018153559417	72	0	0	0.0723953105785	146	0.0734175269437	146	0.0200105055746	68	-0.0134189219847	4	0.0831033020271	6	0	0	0.0951193513761	0.0951193513761	0.0969762975336	0.178222653403	0.0951193513761
M03_L_TO_DY:G808-E0268	M03_L_TO_DY	CORE13	L	DY	G808-E0268	cth	edy	0	f26r	f26r	G808-P0090	f26r.5	5	8	H	B	2	2	EXACT	0.0438530407788	13	0.123854277732	2	-0.024999496697	72	0.134744116317	1	-0.0152215855422	87	-0.0126876484818	88	-0.0216147514872	68	-0.0825445495936	4	0.0489099460617	6	-0.0382612852864	2	0.142707821814	0.277451938131	0.146092567024	0.191617767875	0.104446536527
M03_L_TO_DY:G808-E0583	M03_L_TO_DY	CORE13	L	DY	G808-E0583	cth	eody	1	f51v	f51v	G808-P0192	f51v.6	6	2	H	A	1	2	EXACT	-0.020368441683	40	-0.106114811004	2	0.000782413148222	72	0	0	-0.00977152147751	114	-0.00871480486	114	-0.00936532864856	68	0.173289438189	4	0.0208468571734	6	0.164202106665	1	-0.125700839539	-0.125700839539	-0.135848581336	-0.104853982365	0.0385012671261
M03_L_TO_DY:G808-E0610	M03_L_TO_DY	CORE13	L	DY	G808-E0610	cth	eody	1	f53v	f53v	G808-P0197	f53v.5	5	5	H	A	1	2	EXACT	-0.130697963189	29	0	0	-0.0273510721476	72	0.133971873042	1	-0.0590811137022	101	-0.0563094277795	102	-0.0274405243902	68	-0.0258348836237	4	0.057090949432	6	0.0471898807905	1	-0.158049035337	-0.0240771622955	-0.15813848758	-0.100958085905	-0.110859154547
M03_L_TO_DY:G808-E0719	M03_L_TO_DY	CORE13	L	DY	G808-E0719	cth	edy	0	f75v	f75v	G808-P0226	f75v.5	5	10	B	B	2	3	EXACT	0.0767934782603	54	-0.125637338792	1	0.0178954436829	72	0	0	0.04171061225	127	0.0427415714599	127	0.017407515387	68	0.0261868175053	4	-0.0018492315863	6	0	0	-0.0309484168483	-0.0309484168483	-0.0314363451442	-0.0327976484346	-0.0309484168483
M03_L_TO_DY:G808-E0793	M03_L_TO_DY	CORE13	L	DY	G808-E0793	cth	edy	0	f76v	f76v	G808-P0236	f76v.14	14	5	B	B	2	3	EXACT	0.160834338226	19	0.157176251243	1	-0.0069945768478	72	0	0	0.0262360753856	92	0.0272594434732	92	-0.00452144926061	68	-0.0490422744984	4	-0.0573245438542	6	0	0	0.311016012622	0.311016012622	0.313489140209	0.253691468767	0.311016012622
M03_L_TO_DY:G808-E0804	M03_L_TO_DY	CORE13	L	DY	G808-E0804	cth	edy	0	f76v	f76v	G808-P0237	f76v.21	21	1	B	B	2	3	EXACT	0.108319093079	29	0.329327017159	1	0.024882474482	72	0	0	0.0494579245839	102	0.0504812926715	102	0.0244719768526	68	0.0318564055127	4	0.0244317431074	6	0	0	0.46252858472	0.46252858472	0.46211808709	0.486960327827	0.46252858472
M03_L_TO_DY:G808-E1316	M03_L_TO_DY	CORE13	L	DY	G808-E1316	cth	eody	1	f87r	f87r	G808-P0330	f87r.10	10	4	H	A	1	2	EXACT	0.0103303528124	27	-0.0471641290162	1	-0.00685817765444	72	-0.0173977738855	1	-0.00503005344804	100	-0.00427263581893	101	-0.00252500599226	68	-0.0805264231019	4	-0.069012869154	6	-0.0170403550946	1	-0.0436919538582	-0.0610897277437	-0.039358782196	-0.112704823012	-0.0607323089528
M03_L_TO_DY:G808-E1361	M03_L_TO_DY	CORE13	L	DY	G808-E1361	cth	eody	1	f89r1	f89r	G808-P0340	f89r1.8	8	8	P	A	1	2	EXACT	-0.0265199012325	20	0	0	-0.0147952590167	72	0	0	-0.0208987405912	92	-0.0198869472822	92	-0.0170392666139	68	0.0233486901909	4	0.00697805591532	6	0.0486593037457	1	-0.0413151602492	-0.0413151602492	-0.0435591678465	-0.0343371043339	0.00734414349655
M03_L_TO_DY:G808-E1836	M03_L_TO_DY	CORE13	L	DY	G808-E1836	k	edy	0	f108r	f108r	G808-P0519	f108r.9	9	9	S	B	3	3	EXACT	0.0463636417854	28	0	0	0.0137302867331	72	0	0	0.0226630188188	100	0.0237008455771	100	0.0178472096604	68	-0.0562569263995	4	-0.00051260051894	6	0.0350330737032	2	0.0600939285185	0.0600939285185	0.0642108514458	0.0595813279996	0.0951270022217
M03_L_TO_DY:G808-E1840	M03_L_TO_DY	CORE13	L	DY	G808-E1840	k	edy	0	f108r	f108r	G808-P0521	f108r.19	19	5	S	B	3	2	EXACT	0.0146876173245	12	0.115714909301	2	0.012026577604	72	0	0	0.0139966855269	86	0.0150345122852	86	0.0131965422781	68	-0.00786234522387	4	-0.077868353862	6	-0.0515376782589	1	0.142429104229	0.142429104229	0.143599068903	0.0645607503673	0.0908914259704
M03_L_TO_DY:G808-E1984	M03_L_TO_DY	CORE13	L	DY	G808-E1984	k	edy	0	f112r	f112r	G808-P0556	f112r.25	25	6	S	B	3	3	EXACT	0.0784713617105	9	0	0	-0.0164981483409	72	0.0118188247086	2	-0.0066944485331	81	-0.00561352615939	83	-0.017112435696	68	-0.00605489337532	4	-0.123580712141	6	0.0667012104528	2	0.0619732133696	0.0737920380781	0.0613589260145	-0.0616074987717	0.128674423822
M03_L_TO_DY:G808-E2001	M03_L_TO_DY	CORE13	L	DY	G808-E2001	k	edy	0	f112v	f112v	G808-P0564	f112v.8	8	8	S	B	3	3	EXACT	0.121496667196	11	-0.0428366759352	1	0.0135807860425	72	0	0	0.0253269942673	84	0.0263510116964	84	0.00917924785807	68	0.0884072240915	4	0.0330454794403	6	0	0	0.0922407773036	0.0922407773036	0.0878392391191	0.125286256744	0.0922407773036
M03_L_TO_DY:G808-E2016	M03_L_TO_DY	CORE13	L	DY	G808-E2016	k	edy	0	f112v	f112v	G808-P0572	f112v.37	37	10	S	B	3	3	EXACT	0.123170012038	15	0.0373706868961	2	0.0351118083782	72	-0.0358240038007	1	0.048500050264	89	0.048406614733	90	0.0319768009194	68	0.0884072240915	4	-0.117716635895	6	-0.0509331286988	1	0.195652507312	0.159828503512	0.192517499854	0.0779358714172	0.144719378614
M03_L_TO_DY:G808-E2186	M03_L_TO_DY	CORE13	L	DY	G808-E2186	k	eody	1	f115v	f115v	G808-P0657	f115v.42	42	5	S	B	3	3	EXACT	-0.0526273665386	15	-0.094124241868	1	0.0352244276759	72	0	0	0.018292729077	88	0.0193001525076	88	0.0374134017248	68	-0.00198769792172	4	-0.0341798793277	6	0	0	-0.111527180731	-0.111527180731	-0.109338206682	-0.145707060058	-0.111527180731
M03_L_TO_DY:G808-E2202	M03_L_TO_DY	CORE13	L	DY	G808-E2202	k	edy	0	f116r	f116r	G808-P0663	f116r.24	24	9	S	B	3	3	EXACT	0.123211788063	77	0.0847909312349	2	0.000234181081308	72	-0.120747081432	1	0.0646612920443	151	0.06435228253	152	0.00597429274052	68	-0.0973473752681	4	-0.074857465263	6	-0.138109945037	1	0.20823690038	0.087489818948	0.213977012039	0.133379435117	0.0701269553421
M03_L_TO_DY:G808-E0208	M03_L_TO_DY	CORE13	L	DY	G808-E0208	k	eody	1	f20v	f20v	G808-P0069	f20v.9	9	2	H	A	1	2	EXACT	-0.0836470819757	31	-0.176639620684	2	-0.0390943506827	72	-0.0439483613414	1	-0.0550011818496	105	-0.0540345912461	106	-0.0500971642519	68	0.147953787074	4	-0.0203585015088	6	-0.0602759641137	1	-0.299381053343	-0.343329414684	-0.310383866912	-0.319739554851	-0.359657017456
M03_L_TO_DY:G808-E0278	M03_L_TO_DY	CORE13	L	DY	G808-E0278	k	eody	1	f26v	f26v	G808-P0092	f26v.6	6	2	H	B	2	3	EXACT	0.0113076823444	36	0.0325886096891	4	-0.000145728673158	72	-0.218478449511	1	0.0045502833226	112	0.00344263855127	113	-0.00899242006998	68	0.150248378931	4	0.0105701910457	6	-0.217965539399	1	0.0437505633604	-0.17472788615	0.0349038719635	0.0543207544061	-0.174214976039
M03_L_TO_DY:G808-E0281	M03_L_TO_DY	CORE13	L	DY	G808-E0281	k	eody	1	f26v	f26v	G808-P0092	f26v.8	8	6	H	B	2	3	EXACT	0.0113076823444	36	0	0	-0.0278505467249	72	0	0	-0.0147759093521	108	-0.0137710155404	108	-0.0291545714424	68	-0.00568177266872	4	0.00922131302651	6	0.138968720055	2	-0.0165428643805	-0.0165428643805	-0.017846889098	-0.00732155135396	0.122425855674
M03_L_TO_DY:G808-E0402	M03_L_TO_DY	CORE13	L	DY	G808-E0402	k	edy	0	f40v	f40v	G808-P0144	f40v.13	13	3	H	B	2	2	EXACT	0.0307645054547	30	-0.200233598608	1	-0.00701590547091	72	0	0	0.00196920425027	103	0.00297754960993	103	-0.00729780699131	68	-0.00222338061164	4	-0.0540665004791	6	0	0	-0.176484998624	-0.176484998624	-0.176766900144	-0.230551499103	-0.176484998624
M03_L_TO_DY:G808-E0449	M03_L_TO_DY	CORE13	L	DY	G808-E0449	k	edy	0	f43v	f43v	G808-P0158	f43v.12	12	2	H	B	2	3	EXACT	-0.000762898489677	24	-0.0119972807707	3	-0.007235763553	72	-0.030940172717	2	-0.00616175234031	99	-0.00592781182756	101	-0.0166778821435	68	0.153280606343	4	0.0682674802915	6	-0.0307289573457	2	-0.0199959428134	-0.0509361155304	-0.0294380614039	0.0482715374781	-0.0507249001591
M03_L_TO_DY:G808-E0452	M03_L_TO_DY	CORE13	L	DY	G808-E0452	k	eody	1	f43v	f43v	G808-P0158	f43v.13	13	6	H	B	2	2	EXACT	-0.000762898489677	24	0	0	0.000463970127398	72	0	0	-5.3831337164e-05	96	0.000994849353383	96	-0.000271037806756	68	0.0129594588664	4	-0.00149203968686	6	0.0832637249824	1	-0.000298928362279	-0.000298928362279	-0.00103393629643	-0.00179096804914	0.0829647966201
M03_L_TO_DY:G808-E0498	M03_L_TO_DY	CORE13	L	DY	G808-E0498	k	eody	1	f46v	f46v	G808-P0175	f46v.3	3	2	H	B	2	3	EXACT	-0.0099289919122	41	-0.0231864418477	5	-0.00378850450209	72	0	0	-0.00680757535017	118	-0.00580897782906	118	-0.0128691470847	68	0.150582908068	4	0.043222583801	6	0	0	-0.036903938262	-0.036903938262	-0.0459845808446	0.00631864553906	-0.036903938262
M03_L_TO_DY:G808-E0520	M03_L_TO_DY	CORE13	L	DY	G808-E0520	k	edy	0	f48r	f48r	G808-P0180	f48r.3	3	8	H	B	5	3	EXACT	0.0096757960627	35	-0.0730949346823	1	0.00368878076379	72	0	0	0.00480720702505	108	0.00578090314166	108	0.00263937781628	68	0.0215290406744	4	-0.0192927961785	6	0.0605624988157	1	-0.0597303578558	-0.0597303578558	-0.0607797608033	-0.0790231540343	0.000832140959916
M03_L_TO_DY:G808-E0688	M03_L_TO_DY	CORE13	L	DY	G808-E0688	k	eody	1	f66v	f66v	G808-P0220	f66v.6	6	7	H	B	5	3	EXACT	0.0994943747332	10	0	0	-0.025482656503	72	0.387867125414	1	-0.0108885321409	82	-0.00527336733421	83	-0.021235987645	68	-0.0976757479007	4	-0.0428146933641	6	0.372079857134	1	0.0740117182302	0.461878843644	0.0782583870882	0.0311970248661	0.446091575364
M03_L_TO_DY:G808-E0913	M03_L_TO_DY	CORE13	L	DY	G808-E0913	k	edy	0	f78r	f78r	G808-P0247	f78r.14	14	6	B	B	2	3	EXACT	0.110183411694	53	0.0966515631425	3	0.018205771969	72	0	0	0.0583086686924	128	0.0593965333465	128	0.0225569957626	68	-0.0557648938103	4	0.0776081310216	6	0	0	0.225040746806	0.225040746806	0.229391970599	0.302648877827	0.225040746806
M03_L_TO_DY:G808-E0917	M03_L_TO_DY	CORE13	L	DY	G808-E0917	k	edy	0	f78r	f78r	G808-P0247	f78r.24	24	2	B	B	2	2	EXACT	0.110183411694	53	0	0	0.0342218803975	72	-0.0106581061847	2	0.0667762673465	125	0.0663780165229	127	0.0320175077451	68	0.0716963541998	4	0.0255397852447	6	0.0142148464707	2	0.144405292092	0.133747185907	0.142200919439	0.169945077337	0.158620138563
M03_L_TO_DY:G808-E0958	M03_L_TO_DY	CORE13	L	DY	G808-E0958	k	edy	0	f78v	f78v	G808-P0250	f78v.24	24	9	B	B	2	2	EXACT	0.0928617043801	49	0.037623794035	2	0.00570017708576	72	0	0	0.0410747415206	123	0.0421241673124	123	0.00114802296884	68	0.0830872616908	4	-0.0308124160082	6	0	0	0.136185675501	0.136185675501	0.131633521384	0.105373259493	0.136185675501
M03_L_TO_DY:G808-E1223	M03_L_TO_DY	CORE13	L	DY	G808-E1223	k	edy	0	f85r1	f85r	G808-P0302	f85r1.5	5	8	T	B	2	2	EXACT	0.0456175498711	21	0	0	-0.0276197744535	72	0	0	-0.0119855079506	93	-0.0110870517169	93	-0.0247268138873	68	-0.0768083694363	4	-0.0236591737516	6	0	0	0.0179977754176	0.0179977754176	0.0208907359838	-0.00566139833398	0.0179977754176
M03_L_TO_DY:G808-E1227	M03_L_TO_DY	CORE13	L	DY	G808-E1227	k	eody	1	f85r1	f85r	G808-P0304	f85r1.14	14	3	T	B	2	3	EXACT	0.00267322179257	30	0.075648423501	5	-0.00424351877826	72	0	0	0.000623687811599	107	0.00152214404529	107	-0.00882026508949	68	0.0735529031555	4	0.0347566629526	6	0.140832541384	1	0.0740781265153	0.0740781265153	0.0695013802041	0.108834789468	0.2149106679
M03_L_TO_DY:G808-E1300	M03_L_TO_DY	CORE13	L	DY	G808-E1300	k	eody	1	f86v6	f86v	G808-P0328	f86v6.24	24	2	T	B	2	3	EXACT	0.0135597987354	48	0.191547318549	4	0.043892519674	72	0.401724466411	1	0.0363825061534	124	0.0404785159963	125	0.0375251079429	68	0.152137856589	4	0.0198742806399	6	0.402159644216	1	0.248999636959	0.65072410337	0.242632225228	0.268873917599	0.651159281174
M03_L_TO_DY:G808-E1419	M03_L_TO_DY	CORE13	L	DY	G808-E1419	k	edy	0	f94v	f94v	G808-P0349	f94v.4	4	4	H	B	3	2	EXACT	0.117456871911	13	-0.109072792736	1	0.0111724840024	72	-0.116641228582	2	0.025184342591	86	0.0226093796249	88	0.0223252080776	68	-0.178423471419	4	0.0372156906312	6	-0.0921538251163	2	0.0195565631775	-0.0970846654045	0.0307092872528	0.0567722538087	-0.0725972619388
M03_L_TO_DY:G808-E1470	M03_L_TO_DY	CORE13	L	DY	G808-E1470	k	eody	1	f99r	f99r	G808-P0365	f99r.43	43	7	P	A	1	3	EXACT	0.000112254964097	17	-0.00450744105612	3	0.0215714620924	72	0.131591338585	2	0.0145118640485	92	0.017845244398	94	0.0220024819034	68	0.0142447385397	4	0.0251942913856	6	0.232421611089	2	0.0171762760004	0.148767614585	0.0176072958113	0.042370567386	0.249597887089
M03_L_TO_DY:G808-E1631	M03_L_TO_DY	CORE13	L	DY	G808-E1631	kch	eody	1	f104r	f104r	G808-P0422	f104r.38	38	4	S	B	3	2	EXACT	0.055739112427	9	0.102191188431	1	0.0345276895537	72	0	0	0.0330124573166	82	0.0344548652742	82	0.0436185023131	68	-0.120018016361	4	0.0301415211419	6	0	0	0.192457990412	0.192457990412	0.201548803171	0.222599511554	0.192457990412
M03_L_TO_DY:G808-E1665	M03_L_TO_DY	CORE13	L	DY	G808-E1665	kch	eody	1	f105r	f105r	G808-P0438	f105r.3	3	4	S	B	3	3	EXACT	0.0703757208845	27	0.117010277427	1	0.00908496743019	72	0.189708547181	1	0.0236775212144	100	0.0267717957977	101	0.0170714373587	68	-0.126687914756	4	0.0552067448577	6	0.141371627471	1	0.196470965742	0.386179512922	0.20445743567	0.251677710599	0.337842593212
M03_L_TO_DY:G808-E1667	M03_L_TO_DY	CORE13	L	DY	G808-E1667	kch	edy	0	f105r	f105r	G808-P0440	f105r.12	12	6	S	B	3	3	EXACT	0.0117813835427	8	-0.0645545142734	1	0.018112865356	72	0	0	0.010017010258	81	0.0117302582636	81	0.0204491142809	68	-0.0216062597689	4	-0.00760859384182	6	0	0	-0.0346602653747	-0.0346602653747	-0.0323240164498	-0.0422688592165	-0.0346602653747
M03_L_TO_DY:G808-E2047	M03_L_TO_DY	CORE13	L	DY	G808-E2047	kch	eody	1	f113r	f113r	G808-P0585	f113r.29	29	5	S	B	3	3	EXACT	0.0611485032273	14	0.102614417186	2	0.0384076347389	72	0	0	0.0387151084574	88	0.040192616205	88	0.0424139559604	68	-0.0297012776786	4	0.0400166740077	6	0	0	0.202170555152	0.202170555152	0.206176876373	0.242187229159	0.202170555152
M03_L_TO_DY:G808-E2089	M03_L_TO_DY	CORE13	L	DY	G808-E2089	kch	edy	0	f114r	f114r	G808-P0608	f114r.5	5	9	S	B	3	3	EXACT	-0.088610735925	13	-0.0390002981265	2	0.0115821423504	72	0	0	-0.00967882006702	87	-0.00817054904453	87	0.0176160700218	68	-0.0909965435689	4	0.0113671934656	6	0	0	-0.116028891701	-0.116028891701	-0.10999496403	-0.104661698236	-0.116028891701
M03_L_TO_DY:G808-E2127	M03_L_TO_DY	CORE13	L	DY	G808-E2127	kch	edy	0	f114v	f114v	G808-P0624	f114v.15	15	10	S	B	3	3	EXACT	0.0797905769797	19	0	0	0.0102525243326	72	0	0	0.0206093035357	91	0.0221154685343	91	0.00922100062704	68	0.0277863894244	4	-0.0384238844736	6	0	0	0.0900431013123	0.0900431013123	0.0890115776067	0.0516192168387	0.0900431013123
M03_L_TO_DY:G808-E2157	M03_L_TO_DY	CORE13	L	DY	G808-E2157	kch	edy	0	f115r	f115r	G808-P0642	f115r.38	38	9	S	B	@	3	EXACT	0.128261715612	10	-0.0645734386371	3	-0.0247987039426	70	0.162982879144	2	-0.013753206824	83	-0.00859949503724	85	-0.020613790519	66	-0.0938516392	4	-0.014794335437	6	0.16797294673	2	0.0388895730319	0.201872452176	0.0430744864555	0.024095237595	0.206862519762
M03_L_TO_DY:G808-E2181	M03_L_TO_DY	CORE13	L	DY	G808-E2181	kch	edy	0	f115v	f115v	G808-P0652	f115v.26	26	2	S	B	3	3	EXACT	0.105523094194	22	0.151641706731	2	0.0341008066383	72	0	0	0.0493823396864	96	0.0508846219878	96	0.0223771397972	68	0.233401369959	4	0.0482172085173	6	0	0	0.291265607564	0.291265607564	0.279541940723	0.339482816081	0.291265607564
M03_L_TO_DY:G808-E0437	M03_L_TO_DY	CORE13	L	DY	G808-E0437	kch	edy	0	f43r	f43r	G808-P0153	f43r.6	6	1	H	B	2	1	EXACT	-0.0220887195713	33	0	0	0.0252803938011	72	0	0	0.00840882565657	105	0.00990653000329	105	0.0259628802395	68	0.0136762230451	4	0.0391601732585	6	0	0	0.00319167422972	0.00319167422972	0.00387416066812	0.0423518474882	0.00319167422972
M03_L_TO_DY:G808-E0980	M03_L_TO_DY	CORE13	L	DY	G808-E0980	kch	edy	0	f79r	f79r	G808-P0256	f79r.34	34	2	B	B	2	2	EXACT	0.102942629029	17	-0.0467359785093	1	0.0680324760478	72	0	0	0.0680849116162	90	0.069739258531	90	0.0574019226804	68	0.248750312035	4	0.00785883736589	6	0	0	0.124239126568	0.124239126568	0.1136085732	0.132097963934	0.124239126568
M03_L_TO_DY:G808-E1222	M03_L_TO_DY	CORE13	L	DY	G808-E1222	kch	edy	0	f85r1	f85r	G808-P0302	f85r1.5	5	2	T	B	2	2	EXACT	0.0594190386981	21	0	0	0.0019685108105	72	-0.0594020516517	1	0.0107669971327	93	0.011205403012	94	-0.00811613849952	68	0.173397034081	4	-0.0338623924594	6	-0.0240787821008	2	0.0613875495086	0.00198549785688	0.0513029001986	0.0275251570492	0.0373087674078
M03_L_TO_DY:G808-E1524	M03_L_TO_DY	CORE13	L	DY	G808-E1524	ok	eody	1	f102r1	f102r	G808-P0375	f102r1.11	11	5	P	A	1	3	EXACT	-0.053201047186	6	0	0	0.0208124481902	72	0.0298326246584	2	0.00702278977461	78	0.00841754115975	80	0.0252092905805	68	-0.0539345959182	4	-0.0747088750694	6	0.0949563722839	2	-0.0323885989959	-0.00255597433748	-0.0279917566055	-0.107097474065	0.062567773288
M03_L_TO_DY:G808-E1545	M03_L_TO_DY	CORE13	L	DY	G808-E1545	ok	eody	1	f102v2	f102v	G808-P0379	f102v2.22	22	13	P	A	1	3	EXACT	0.0781616665657	33	-0.0473844931322	5	0.00883143399425	71	0	0	0.0250743769852	109	0.0260766889301	109	0.0137865490433	67	-0.0741673476324	4	0.0334903952124	6	0.436895952794	1	0.0396086074277	0.0396086074277	0.0445637224768	0.0730990026401	0.476504560222
M03_L_TO_DY:G808-E1552	M03_L_TO_DY	CORE13	L	DY	G808-E1552	ok	edy	0	f103r	f103r	G808-P0381	f103r.4	4	3	S	B	3	2	EXACT	-0.0688910614399	25	0.0772051161097	1	0.0251261075654	71	0.0608812627228	1	-0.000723563965134	97	0.000918562542698	98	0.0210543149846	67	0.0933284626515	4	-0.00955126864687	6	0.0654548729769	1	0.0334401622352	0.0943214249579	0.0293683696544	0.0238888935883	0.0988950352121
M03_L_TO_DY:G808-E1565	M03_L_TO_DY	CORE13	L	DY	G808-E1565	ok	edy	0	f103r	f103r	G808-P0387	f103r.21	21	7	S	B	3	3	EXACT	0.112380221428	10	0.129842657015	2	0.00289201995774	72	0.0319980419771	1	0.014719155911	84	0.0159046421023	85	0.003069330322	68	-0.000122530637044	4	-0.0111274643104	6	0.0365716522312	1	0.245114898401	0.277112940378	0.245292208765	0.23398743409	0.281686550632
M03_L_TO_DY:G808-E1610	M03_L_TO_DY	CORE13	L	DY	G808-E1610	ok	edy	0	f103v	f103v	G808-P0408	f103v.35	35	9	S	B	3	3	EXACT	0.135434825698	21	0.0849614350066	2	0.00109318997614	72	-0.101788618122	1	0.0306062605885	95	0.0301760408164	96	-0.000242729936881	68	0.0238029082438	4	0.0211435510345	6	-0.0973078852213	1	0.22148945068	0.119700832559	0.220153530767	0.242633001715	0.124181565459
M03_L_TO_DY:G808-E1628	M03_L_TO_DY	CORE13	L	DY	G808-E1628	ok	eody	1	f104r	f104r	G808-P0420	f104r.30	30	8	S	B	3	3	EXACT	0.187955493073	15	-0.115351327226	2	-0.000856630642665	71	0	0	0.0264509415304	88	0.0275700358874	88	0.00425023002268	67	-0.0863971503449	4	-0.0301458218723	6	0	0	0.071747535204	0.071747535204	0.0768543958694	0.0416017133317	0.071747535204
M03_L_TO_DY:G808-E1675	M03_L_TO_DY	CORE13	L	DY	G808-E1675	ok	edy	0	f105r	f105r	G808-P0442	f105r.17	17	10	S	B	3	3	EXACT	-0.0036847629093	31	0	0	0.0215394365895	71	0.137420115356	1	0.0124494450783	102	0.0148289621203	103	0.0265544909741	67	-0.0624639538446	4	0.0225580427869	6	0.0704131685262	1	0.0178546736802	0.155274789037	0.0228697280648	0.0404127164671	0.0882678422064
M03_L_TO_DY:G808-E1831	M03_L_TO_DY	CORE13	L	DY	G808-E1831	ok	edy	0	f108r	f108r	G808-P0518	f108r.7	7	2	S	B	3	3	EXACT	0.0820308987614	14	-0.0666305621313	4	0.030459769423	72	-0.124130061467	1	0.0295495473818	90	0.028908226251	91	0.0220376287065	68	0.173635403423	4	0.0335284089666	6	-0.119934665796	1	0.0458601060531	-0.0782699554143	0.0374379653367	0.0793885150197	-0.0740745597429
M03_L_TO_DY:G808-E1834	M03_L_TO_DY	CORE13	L	DY	G808-E1834	ok	edy	0	f108r	f108r	G808-P0519	f108r.9	9	4	S	B	3	3	EXACT	0.0275886521374	28	0.130650626437	3	0.00967521677429	72	0	0	0.0155487904604	103	0.0168246775733	103	0.0149601699706	68	-0.0801697457427	4	-0.0408883412223	6	0	0	0.167914495349	0.167914495349	0.173199448545	0.127026154127	0.167914495349
M03_L_TO_DY:G808-E1842	M03_L_TO_DY	CORE13	L	DY	G808-E1842	ok	edy	0	f108r	f108r	G808-P0521	f108r.20	20	6	S	B	3	2	EXACT	0.0474304983837	9	-0.0637315813535	2	0.0227359500945	72	0	0	0.0180210556688	83	0.0192969427817	83	0.0213105497727	68	0.0469669973857	4	0.0886635977621	6	0	0	0.00643486712467	0.00643486712467	0.00500946680285	0.0950984648868	0.00643486712467
M03_L_TO_DY:G808-E1848	M03_L_TO_DY	CORE13	L	DY	G808-E1848	ok	edy	0	f108r	f108r	G808-P0524	f108r.29	29	2	S	B	3	2	EXACT	-0.142825680895	3	-0.0955109637235	1	-0.000182511385686	71	0	0	-0.0135849341993	75	-0.0123090470864	75	-0.0105597284756	67	0.173635403423	4	0.057929316066	6	0.0722086658704	1	-0.238519156004	-0.238519156004	-0.248896373094	-0.180589839938	-0.166310490134
M03_L_TO_DY:G808-E1876	M03_L_TO_DY	CORE13	L	DY	G808-E1876	ok	edy	0	f108r	f108r	G808-P0529	f108r.47	47	5	S	B	3	3	EXACT	0.138295881262	5	0.159144806644	2	0.0369025337067	72	0	0	0.0403193887465	79	0.0415952758594	79	0.0391740477753	68	-0.00171396363898	4	0.00520271844301	6	0.0303086477332	1	0.334343221613	0.334343221613	0.336614735681	0.339545940056	0.364651869346
M03_L_TO_DY:G808-E1880	M03_L_TO_DY	CORE13	L	DY	G808-E1880	ok	edy	0	f108r	f108r	G808-P0530	f108r.50	50	6	S	B	3	3	EXACT	0.268267986723	5	-0.0189133248928	3	0.0271479908615	72	0	0	0.0343092764917	80	0.0355851636046	80	0.0286928134791	68	0.000885248182572	4	0.0179089121719	6	0	0	0.276502652692	0.276502652692	0.27804747531	0.294411564864	0.276502652692
M03_L_TO_DY:G808-E1887	M03_L_TO_DY	CORE13	L	DY	G808-E1887	ok	edy	0	f108v	f108v	G808-P0533	f108v.7	7	2	S	B	3	3	EXACT	0.115967034846	25	0.00306832500587	2	0.0381698376347	72	0	0	0.0573319988212	99	0.058375293917	99	0.0303608920816	68	0.170921299911	4	-0.0358419722661	6	0	0	0.157205197487	0.157205197487	0.149396251934	0.121363225221	0.157205197487
M03_L_TO_DY:G808-E1970	M03_L_TO_DY	CORE13	L	DY	G808-E1970	ok	edy	0	f111v	f111v	G808-P0549	f111v.41	41	7	S	B	3	3	EXACT	0.102651046928	44	-0.0593929599999	2	0.0053414712162	72	0.276345227043	2	0.0411274000664	118	0.0456896963904	120	0.0052772028654	68	0.00643328662884	4	0.00945394906988	6	0.280210000397	2	0.0485995581439	0.324944785187	0.0485352897931	0.0580535072138	0.328809558541
M03_L_TO_DY:G808-E1986	M03_L_TO_DY	CORE13	L	DY	G808-E1986	ok	eody	1	f112r	f112r	G808-P0557	f112r.30	30	4	S	B	3	2	EXACT	0.135203499708	19	0.106617542314	1	0.037264527975	72	-0.0198693820413	1	0.0556011436972	92	0.0557662034042	93	0.0439957934561	68	-0.0771678709257	4	-0.0839075783577	6	0.0113041460047	2	0.279085569997	0.259216187956	0.285816835479	0.19517799164	0.290389716002
M03_L_TO_DY:G808-E1993	M03_L_TO_DY	CORE13	L	DY	G808-E1993	ok	edy	0	f112r	f112r	G808-P0560	f112r.37	37	4	S	B	3	3	EXACT	0	0	-0.0751342069863	1	0.00422277961569	72	0.0220312114755	1	-0.00226016242712	73	-0.00100902924679	74	0.00901041284042	68	-0.0771678709257	4	-0.003517936282	6	0.160095114106	2	-0.0709114273706	-0.0488802158951	-0.0661237941459	-0.0744293636526	0.0891836867358
M03_L_TO_DY:G808-E2000	M03_L_TO_DY	CORE13	L	DY	G808-E2000	ok	edy	0	f112v	f112v	G808-P0563	f112v.5	5	7	S	B	3	3	EXACT	0.0699120319247	23	-0.293894147233	1	0.00873007609922	72	0.0918882139973	2	0.0173622920019	96	0.0197106965651	98	0.0161319737316	68	-0.117103150425	4	-0.0258650587402	6	0.0964030870144	2	-0.215252039209	-0.123363825212	-0.207850141577	-0.24111709795	-0.118848952195
M03_L_TO_DY:G808-E2008	M03_L_TO_DY	CORE13	L	DY	G808-E2008	ok	edy	0	f112v	f112v	G808-P0570	f112v.30	30	7	S	B	3	3	EXACT	0.128248844357	2	0	0	-0.00269070750698	72	0	0	-0.0054230172732	74	-0.0041745336756	74	0.00201833766881	68	-0.0827454422689	4	0.0838926991675	6	0.181896839986	1	0.12555813685	0.12555813685	0.130267182026	0.209450836017	0.307454976836
M03_L_TO_DY:G808-E0270	M03_L_TO_DY	CORE13	L	DY	G808-E0270	ok	edy	0	f26r	f26r	G808-P0091	f26r.9	9	3	H	B	2	3	EXACT	0.0134168530834	13	-0.159612186758	4	0.0187670234034	72	0.0176569942858	1	0.00635918061964	89	0.00744241741283	90	0.014474912729	68	0.0917320030975	4	0.0761975673877	6	0.0352404568739	1	-0.127428310272	-0.109771315986	-0.131720420946	-0.0512307428839	-0.0921878533977
M03_L_TO_DY:G808-E0321	M03_L_TO_DY	CORE13	L	DY	G808-E0321	ok	edy	0	f31r	f31r	G808-P0109	f31r.12	12	3	H	B	2	2	EXACT	0.00286338676895	15	-0.0844591484048	1	-0.00843517812235	72	-0.141249945053	1	-0.0104623913394	88	-0.0109738476403	89	-0.0053228395188	68	-0.0613457648998	4	0.00509732755792	6	-0.137147930451	1	-0.0900309397582	-0.231280884811	-0.0869186011547	-0.0849336122003	-0.227178870209
M03_L_TO_DY:G808-E0339	M03_L_TO_DY	CORE13	L	DY	G808-E0339	ok	edy	0	f33v	f33v	G808-P0116	f33v.8	8	7	H	B	2	3	EXACT	0.00112517570402	23	-0.00379508653676	6	-0.00647196205598	72	0.10878014819	1	-0.0072233982735	101	-0.00509860514669	102	-0.00702103782186	68	0.00286146118407	4	-0.0440852967745	6	-0.173165450912	2	-0.00914187288873	0.0996382753017	-0.0096909486546	-0.0532271696633	-0.1823073238
M03_L_TO_DY:G808-E0410	M03_L_TO_DY	CORE13	L	DY	G808-E0410	ok	edy	0	f41r	f41r	G808-P0146	f41r.9	9	2	H	B	5	3	EXACT	0.078249640153	11	0.0206925756437	3	0.000421190065561	72	-0.172049593036	1	0.00728697253019	86	0.00617603174057	87	-0.00974461133837	68	0.173238912161	4	0.0410632401119	6	-0.182545852823	1	0.0993634058623	-0.0726861871736	0.0891976044583	0.140426645974	-0.0831824469605
M03_L_TO_DY:G808-E0416	M03_L_TO_DY	CORE13	L	DY	G808-E0416	ok	eody	1	f41v	f41v	G808-P0147	f41v.7	7	8	H	B	5	3	EXACT	0.138917350432	15	0	0	-0.00831682686554	72	-0.0381955685341	1	0.0140291234968	87	0.0143641687821	88	-0.0104416251243	68	0.0278038417613	4	0.054710267153	6	0.0410200355059	2	0.130600523566	0.0924049550323	0.128475725308	0.185310790719	0.171620559072
M03_L_TO_DY:G808-E0438	M03_L_TO_DY	CORE13	L	DY	G808-E0438	ok	edy	0	f43r	f43r	G808-P0154	f43r.7	7	6	H	B	2	3	EXACT	-0.0141002719119	7	0.0715373002248	3	-0.0194762662905	72	-0.11315562687	1	-0.0198776327529	82	-0.0200616639144	83	-0.0208091494873	68	0.00318176507778	4	0.0218414545636	6	-0.0961407265342	1	0.0379607620224	-0.075194864848	0.0366278788256	0.059802216586	-0.0581799645118
M03_L_TO_DY:G808-E0445	M03_L_TO_DY	CORE13	L	DY	G808-E0445	ok	eody	1	f43v	f43v	G808-P0156	f43v.2	2	7	H	B	2	3	EXACT	0.11610903815	15	0.0131578624487	1	-0.0208372576401	72	-0.103259190855	2	-2.07985033237e-05	88	-0.00153909639113	90	-0.0220302354518	68	-0.000557657404921	4	-0.00960272996304	6	-0.104242810426	2	0.108429642958	0.00517045210375	0.107236665147	0.0988269129953	0.0041868325323
M03_L_TO_DY:G808-E0523	M03_L_TO_DY	CORE13	L	DY	G808-E0523	ok	eody	1	f48r	f48r	G808-P0180	f48r.5	5	3	H	B	5	3	EXACT	-0.00261274799044	30	0.259832469311	1	-0.000513991881355	72	0	0	-0.000176758040148	103	0.000959716447064	103	-0.00548923320956	68	0.0840642647953	4	0.0448431752625	6	0	0	0.256705729439	0.256705729439	0.251730488111	0.301548904701	0.256705729439
M03_L_TO_DY:G808-E0650	M03_L_TO_DY	CORE13	L	DY	G808-E0650	ok	eody	1	f58v	f58v	G808-P0210	f58v.2	2	9	S	A	3	3	EXACT	-0.0141467944127	89	-0.0329304726094	4	0.0240638430143	71	0.163764225502	1	0.00353879196498	164	0.00557100863118	165	0.0254944199644	67	0.000101706408844	4	0.0705842607698	6	0.0357326249174	3	-0.0230134240078	0.140750801494	-0.0215828470577	0.0475708367621	0.0127192009096
M03_L_TO_DY:G808-E0664	M03_L_TO_DY	CORE13	L	DY	G808-E0664	ok	edy	0	f66r	f66r	G808-P0214	f66r.54	54	7	T	B	5	2	EXACT	-0.0167906903122	15	0	0	0.01046558661	71	0	0	0.00263230716574	86	0.00381763887764	86	0.00872345142538	67	0.0396465790387	4	-0.00579189378294	6	0	0	-0.00632510370215	-0.00632510370215	-0.00806723888678	-0.0121169974851	-0.00632510370215
M03_L_TO_DY:G808-E0671	M03_L_TO_DY	CORE13	L	DY	G808-E0671	ok	eody	1	f66r	f66r	G808-P0217	f66r.67	67	4	T	B	5	2	EXACT	-0.0871575391554	13	-0.345669919318	1	0.00124092626671	71	0	0	-0.0197921346347	85	-0.0186068029228	85	0.00577754665751	67	-0.074747237193	4	0.0166411043911	6	0	0	-0.431586532207	-0.431586532207	-0.427049911816	-0.414945427816	-0.431586532207
M03_L_TO_DY:G808-E0717	M03_L_TO_DY	CORE13	L	DY	G808-E0717	ok	edy	0	f75r	f75r	G808-P0224	f75r.45	45	4	B	B	2	2	EXACT	0.106800400492	40	-0.0223044407512	1	0.0127841512291	72	-0.103550749479	2	0.0448509564022	113	0.0431681358724	115	0.0181230405816	68	-0.0779778555177	4	0.0249730660871	6	-0.0995789106809	2	0.09728011097	-0.00627063850878	0.102619000322	0.122253177057	-0.00229879971088
M03_L_TO_DY:G808-E0740	M03_L_TO_DY	CORE13	L	DY	G808-E0740	ok	edy	0	f76r	f76r	G808-P0231	f76r.3	3	5	T	B	2	3	EXACT	0.116460181921	123	-0.0318426912376	3	-0.000485793126603	70	-0.0832400532032	1	0.0754438953358	196	0.075710396026	197	-0.000686448158181	66	0.00282495269853	4	-0.0175521434375	6	-0.0793240968668	1	0.0841316975564	0.000891644353164	0.0839310425248	0.0665795541189	0.00480760068962
M03_L_TO_DY:G808-E0784	M03_L_TO_DY	CORE13	L	DY	G808-E0784	ok	edy	0	f76v	f76v	G808-P0235	f76v.5	5	8	B	B	2	3	EXACT	0.150379268482	36	0.0977702715207	3	0.0354720068623	72	0	0	0.0731997591372	111	0.0743800515423	111	0.0420155605684	68	-0.0757694477036	4	0.0201465844314	6	0.00181744542767	1	0.283621546865	0.283621546865	0.290165100571	0.303768131296	0.285438992293
M03_L_TO_DY:G808-E0825	M03_L_TO_DY	CORE13	L	DY	G808-E0825	ok	edy	0	f76v	f76v	G808-P0240	f76v.39	39	5	B	B	2	3	EXACT	0.149976994654	24	-0.075634622993	1	0.0123428288515	72	-0.0763871941948	2	0.0433195360468	97	0.0416896839245	99	0.0128711523555	68	0.003360287722	4	-0.0418374686412	6	-0.0558165990081	2	0.0866852005124	0.0102980063176	0.0872135240163	0.0448477318712	0.0308686015043
M03_L_TO_DY:G808-E0841	M03_L_TO_DY	CORE13	L	DY	G808-E0841	ok	edy	0	f77r	f77r	G808-P0241	f77r.22	22	9	B	B	2	3	EXACT	0.134063809764	51	-0.0415822366006	1	0.0177610490708	72	0.0447957350435	2	0.06531866096	124	0.0658472361249	126	0.0173348970881	68	0.0250044826982	4	0.0694606671586	6	0.0349173971166	3	0.110242622234	0.155038357278	0.109816470252	0.179703289393	0.145160019351
M03_L_TO_DY:G808-E0858	M03_L_TO_DY	CORE13	L	DY	G808-E0858	ok	edy	0	f77v	f77v	G808-P0244	f77v.7	7	6	B	B	2	3	EXACT	0.117731735763	32	0	0	0.0335426125742	72	0	0	0.0585453145589	104	0.0596624311946	104	0.0356893750603	68	-0.00295297621496	4	0.0176168541047	6	0	0	0.151274348338	0.151274348338	0.153421110824	0.168891202442	0.151274348338
M03_L_TO_DY:G808-E0929	M03_L_TO_DY	CORE13	L	DY	G808-E0929	ok	edy	0	f78v	f78v	G808-P0249	f78v.3	3	4	B	B	2	2	EXACT	0.137999743015	62	0.15250072873	2	0.0163562869069	72	0	0	0.0744219809187	136	0.0756097023588	136	0.0217523630044	68	-0.0753777769212	4	-0.0580325672946	6	0	0	0.306856758651	0.306856758651	0.312252834749	0.248824191357	0.306856758651
M03_L_TO_DY:G808-E0931	M03_L_TO_DY	CORE13	L	DY	G808-E0931	ok	edy	0	f78v	f78v	G808-P0249	f78v.6	6	8	B	B	2	3	EXACT	0.137999743015	62	0.03055513444	2	0.0323462850827	72	0.0653588925203	2	0.0810939565075	136	0.081773195273	138	0.0410504395401	68	-0.115625110863	4	0.0838108407561	6	0.0692644513843	2	0.200901162538	0.266260055058	0.209605316995	0.284712003294	0.270165613922
M03_L_TO_DY:G808-E0941	M03_L_TO_DY	CORE13	L	DY	G808-E0941	ok	edy	0	f78v	f78v	G808-P0249	f78v.10	10	8	B	B	2	2	EXACT	0.137999743015	62	-0.0876179502646	1	0.0362991482107	72	0	0	0.0827770684618	135	0.083964789902	135	0.0371354965339	68	0.0220804565475	4	0.0611218574383	6	0	0	0.0866809409611	0.0866809409611	0.0875172892842	0.147802798399	0.0866809409611
M03_L_TO_DY:G808-E0992	M03_L_TO_DY	CORE13	L	DY	G808-E0992	ok	edy	0	f79v	f79v	G808-P0259	f79v.8	8	3	B	B	2	2	EXACT	0.123840929543	29	0.205569100483	1	0.0151173206768	72	0	0	0.0463656001709	102	0.0475083395175	102	0.0148235563812	68	0.0201103089819	4	0.00439714641599	6	0	0	0.344527350703	0.344527350703	0.344233586407	0.348924497119	0.344527350703
M03_L_TO_DY:G808-E1090	M03_L_TO_DY	CORE13	L	DY	G808-E1090	ok	edy	0	f81v	f81v	G808-P0282	f81v.14	14	5	B	B	2	2	EXACT	0.0887157291384	57	0	0	-0.0202590161836	72	0.13618378462	1	0.0285230313223	129	0.03032041722	130	-0.016296256108	68	-0.0876268392395	4	0.0446203900765	6	0.0694329648503	1	0.0684567129547	0.204640497574	0.0724194730303	0.113077103031	0.137889677805
M03_L_TO_DY:G808-E1168	M03_L_TO_DY	CORE13	L	DY	G808-E1168	ok	edy	0	f83r	f83r	G808-P0293	f83r.12	12	7	B	B	2	2	EXACT	0.0501437508464	40	-0.0463148901994	1	0.0065533007368	72	0.111007314317	1	0.020885084207	113	0.0226384255459	114	0.0133343689239	68	-0.108725726706	4	0.0605407109815	6	0.115127879363	1	0.0103821613837	0.121389475701	0.0171632295709	0.0709228723652	0.125510040747
M03_L_TO_DY:G808-E1226	M03_L_TO_DY	CORE13	L	DY	G808-E1226	ok	eody	1	f85r1	f85r	G808-P0304	f85r1.12	12	2	T	B	2	3	EXACT	0.0161284219346	29	-0.14479222981	3	-0.00714346160159	72	0	0	-0.0068662870862	104	-0.00577640251414	104	-0.0140126004591	68	0.10962233423	4	0.0662295525912	6	0	0	-0.135807269477	-0.135807269477	-0.142676408335	-0.069577716886	-0.135807269477
M03_L_TO_DY:G808-E1230	M03_L_TO_DY	CORE13	L	DY	G808-E1230	ok	edy	0	f85r1	f85r	G808-P0306	f85r1.22	22	6	T	B	2	2	EXACT	0.0906798971963	10	0	0	-0.0146509212407	72	0	0	-0.00649229222432	82	-0.00540240765227	82	-0.0186734161686	68	0.0537219277887	4	-0.0186753575408	6	0	0	0.0760289759557	0.0760289759557	0.0720064810277	0.0573536184149	0.0760289759557
M03_L_TO_DY:G808-E1236	M03_L_TO_DY	CORE13	L	DY	G808-E1236	ok	edy	0	f85r1	f85r	G808-P0308	f85r1.27	27	4	T	B	2	3	EXACT	-0.102343214854	7	-0.0778126994075	1	-0.0014920405598	72	0.112471541063	1	-0.0166440381424	80	-0.0141837655433	81	0.00349172164854	68	-0.0862255628471	4	0.0779008437336	6	0.19945393526	1	-0.181647954821	-0.0691764137583	-0.176664192613	-0.103747111088	0.0178059804385
M03_L_TO_DY:G808-E1423	M03_L_TO_DY	CORE13	L	DY	G808-E1423	ok	edy	0	f94v	f94v	G808-P0351	f94v.9	9	2	H	B	3	3	EXACT	-0.0479181786363	23	0.0431480992715	5	0.00194121509803	72	0	0	-0.00999763377133	100	-0.00882804015401	100	-0.0081351730687	68	0.173238912161	4	0.0252505025197	6	-0.0490684907904	1	-0.00282886426672	-0.00282886426672	-0.0129052524334	0.022421638253	-0.0518973550571
M03_L_TO_DY:G808-E1540	M03_L_TO_DY	CORE13	L	DY	G808-E1540	ot	eody	1	f102v1	f102v	G808-P0378	f102v1.22	22	7	P	A	1	2	EXACT	-0.0318617218376	19	0	0	0.0168175657276	72	0	0	0.0046143140401	91	0.0057476473981	91	0.0147648625978	68	0.0517124450599	4	0.00661253702265	6	0	0	-0.0150441561099	-0.0150441561099	-0.0170968592397	-0.0084316190873	-0.0150441561099
M03_L_TO_DY:G808-E1600	M03_L_TO_DY	CORE13	L	DY	G808-E1600	ot	edy	0	f103v	f103v	G808-P0406	f103v.27	27	8	S	B	3	3	EXACT	0.132689001349	15	0.198314530262	2	0.0185472557843	72	0	0	0.0409921529197	89	0.0421544295197	89	0.0246126637429	68	-0.0845657077679	4	-0.039405647277	6	-0.0398666044941	1	0.349550787395	0.349550787395	0.355616195354	0.310145140118	0.309684182901
M03_L_TO_DY:G808-E1604	M03_L_TO_DY	CORE13	L	DY	G808-E1604	ot	edy	0	f103v	f103v	G808-P0407	f103v.30	30	6	S	B	3	2	EXACT	0.118488832038	13	0.0934383089399	1	-0.000714478186639	72	0	0	0.0175466329241	86	0.0187089095241	86	-0.00206147380055	68	0.0221834189931	4	-0.0846619263047	6	0	0	0.211212662791	0.211212662791	0.209865667177	0.126550736486	0.211212662791
M03_L_TO_DY:G808-E1609	M03_L_TO_DY	CORE13	L	DY	G808-E1609	ot	edy	0	f103v	f103v	G808-P0408	f103v.34	34	9	S	B	3	3	EXACT	0.191574924071	19	-0.0335087041853	5	0.0045552761804	72	-0.127429150384	1	0.0387280540224	96	0.0379834019938	97	0.0097976265152	68	-0.0845657077679	4	-0.05036642745	6	-0.139495830835	1	0.162621496066	0.0351923456824	0.167863846401	0.112255068616	0.0231256652307
M03_L_TO_DY:G808-E1617	M03_L_TO_DY	CORE13	L	DY	G808-E1617	ot	edy	0	f104r	f104r	G808-P0412	f104r.3	3	6	S	B	3	3	EXACT	-0.0106157094866	19	0.00708640417157	3	0.0234787068274	72	0	0	0.0155826479121	94	0.016841103785	94	0.0255148748813	68	-0.0111372287367	4	0.0286535124256	6	0	0	0.0199494015124	0.0199494015124	0.0219855695663	0.0486029139379	0.0199494015124
M03_L_TO_DY:G808-E1677	M03_L_TO_DY	CORE13	L	DY	G808-E1677	ot	edy	0	f105r	f105r	G808-P0442	f105r.18	18	8	S	B	3	3	EXACT	0.0516357657087	20	-0.0881657433513	2	0.0199979593907	72	0	0	0.0229679280345	94	0.0243238636293	94	0.0197381079167	68	0.0244133800566	4	0.0258558402844	6	0	0	-0.0165320182519	-0.0165320182519	-0.016791869726	0.00932382203246	-0.0165320182519
M03_L_TO_DY:G808-E1733	M03_L_TO_DY	CORE13	L	DY	G808-E1733	ot	edy	0	f106r	f106r	G808-P0465	f106r.23	23	8	S	B	3	3	EXACT	0.0564434961688	5	0	0	0.030989090388	72	-0.179548970349	2	0.0299955153349	77	0.0254967614116	79	0.0378685762592	68	-0.0859628566395	4	0.0748206668314	6	-0.177405118615	2	0.0874325865568	-0.0921163837922	0.094312072428	0.162253253388	-0.089972532058
M03_L_TO_DY:G808-E1751	M03_L_TO_DY	CORE13	L	DY	G808-E1751	ot	eody	1	f106v	f106v	G808-P0482	f106v.28	28	7	S	B	3	3	EXACT	0.182984124081	13	0	0	0.00640191485265	72	0.00459568710945	4	0.0316904562005	85	0.0308313954617	89	0.00932654755403	68	-0.0433177537821	4	0.00340965187161	6	0.00716072278396	4	0.189386038934	0.193981726044	0.192310671635	0.192795690806	0.196546761718
M03_L_TO_DY:G808-E1758	M03_L_TO_DY	CORE13	L	DY	G808-E1758	ot	edy	0	f106v	f106v	G808-P0486	f106v.41	41	1	S	B	3	3	EXACT	-0.015202146471	6	-0.0591013712475	3	0.0186307276926	72	0.0479701879359	1	0.0109447487074	81	0.0124400344935	82	0.0185890878483	68	0.0193376923338	4	0.0160517856077	6	0.0404341276239	1	-0.055672790026	-0.00770260209008	-0.0557144298702	-0.0396210044183	-0.0152386624021
M03_L_TO_DY:G808-E1797	M03_L_TO_DY	CORE13	L	DY	G808-E1797	ot	edy	0	f107v	f107v	G808-P0506	f107v.16	16	6	S	B	3	3	EXACT	0.0572383922573	15	0	0	0.0232544321494	72	0	0	0.0277207354789	87	0.0290288065506	87	0.0231338767341	68	0.0253038881252	4	-0.0456758344306	6	0	0	0.0804928244067	0.0804928244067	0.0803722689914	0.0348169899761	0.0804928244067
M03_L_TO_DY:G808-E1822	M03_L_TO_DY	CORE13	L	DY	G808-E1822	ot	edy	0	f108r	f108r	G808-P0517	f108r.1	1	10	S	B	3	3	EXACT	0.125175639878	4	0	0	0.0170680193653	71	0	0	0.0189245598949	75	0.020318666489	75	0.0149960304397	67	0.0517732923511	4	0.110777124981	6	0	0	0.142243659244	0.142243659244	0.140171670318	0.253020784225	0.142243659244
M03_L_TO_DY:G808-E1824	M03_L_TO_DY	CORE13	L	DY	G808-E1824	ot	edy	0	f108r	f108r	G808-P0517	f108r.2	2	8	S	B	3	3	EXACT	0.125175639878	4	-0.0784953023004	1	0.00848436828003	72	0	0	0.00944440522305	77	0.0108385118171	77	0.0111571179407	68	-0.0369532467994	4	0.00655793519516	6	0	0	0.0551647058581	0.0551647058581	0.0578374555188	0.0617226410533	0.0551647058581
M03_L_TO_DY:G808-E1825	M03_L_TO_DY	CORE13	L	DY	G808-E1825	ot	edy	0	f108r	f108r	G808-P0517	f108r.3	3	7	S	B	3	3	EXACT	0.125175639878	4	0	0	0.0248550996572	72	0	0	0.0262181541323	76	0.0276122607264	76	0.0284908335166	68	-0.0369532467994	4	-0.0104941243238	6	0	0	0.150030739536	0.150030739536	0.153666473395	0.139536615212	0.150030739536
M03_L_TO_DY:G808-E1830	M03_L_TO_DY	CORE13	L	DY	G808-E1830	ot	edy	0	f108r	f108r	G808-P0518	f108r.6	6	8	S	B	3	3	EXACT	0.0753963635984	6	-0.0912870854047	5	0.0203834018346	72	-0.139345510416	1	0.0137126834656	83	0.0130175488204	84	0.0203240661676	68	0.0213912373258	4	-0.061313919353	6	-0.136430575719	1	0.00449268002822	-0.134852830388	0.00443334436124	-0.0568212393247	-0.131937895691
M03_L_TO_DY:G808-E1841	M03_L_TO_DY	CORE13	L	DY	G808-E1841	ot	edy	0	f108r	f108r	G808-P0521	f108r.19	19	9	S	B	3	2	EXACT	0.0275142985156	12	0	0	-0.00121049352856	72	0	0	-2.43180620177e-05	84	0.00136978853208	84	0.00335779054145	68	-0.0788721935663	4	0.118364798472	6	0.0851736724051	1	0.026303804987	0.026303804987	0.0308720890571	0.144668603459	0.111477477392
M03_L_TO_DY:G808-E1855	M03_L_TO_DY	CORE13	L	DY	G808-E1855	ot	edy	0	f108r	f108r	G808-P0525	f108r.31	31	7	S	B	3	2	EXACT	-0.0320477127317	5	-0.167916895305	2	0.0126041319281	72	0	0	0.00131606240337	79	0.00271016899747	79	0.0155192206269	68	-0.0369532467994	4	0.0176660142808	6	0	0	-0.187360476108	-0.187360476108	-0.184445387409	-0.169694461827	-0.187360476108
M03_L_TO_DY:G808-E1866	M03_L_TO_DY	CORE13	L	DY	G808-E1866	ot	edy	0	f108r	f108r	G808-P0528	f108r.39	39	6	S	B	3	3	EXACT	0.144882510602	21	0.0395665586879	2	0.00899123143347	72	0	0	0.0375456926255	95	0.0389397992196	95	0.00955151921896	68	-0.000534531767328	4	-0.037751398854	6	0	0	0.193440300723	0.193440300723	0.194000588509	0.155688901869	0.193440300723
M03_L_TO_DY:G808-E1873	M03_L_TO_DY	CORE13	L	DY	G808-E1873	ot	edy	0	f108r	f108r	G808-P0529	f108r.46	46	5	S	B	3	3	EXACT	0.262811682441	11	0.194770988884	2	0.0381241321976	72	0.173379436487	1	0.0677344144675	85	0.070096043757	86	0.0403981200281	68	-0.000534531767328	4	0.105793469249	6	0.0800632000391	2	0.495706803522	0.66908624001	0.497980791353	0.601500272771	0.575770003561
M03_L_TO_DY:G808-E1879	M03_L_TO_DY	CORE13	L	DY	G808-E1879	ot	edy	0	f108r	f108r	G808-P0530	f108r.48	48	8	S	B	3	3	EXACT	0.153455506326	10	0.113613112924	1	0.0266902901778	72	0.0772872258752	3	0.0398009631249	83	0.0417200066678	86	0.0270019479428	68	0.0213912373258	4	0.0391820514812	6	0.0394101146201	3	0.293758909428	0.371046135303	0.294070567193	0.332940960909	0.333169024048
M03_L_TO_DY:G808-E1881	M03_L_TO_DY	CORE13	L	DY	G808-E1881	ot	edy	0	f108v	f108v	G808-P0531	f108v.1	1	3	S	B	3	3	EXACT	0.18763516925	15	-0.0313861054851	3	0.0177259239306	72	0	0	0.0469779527917	90	0.0480432530945	90	0.0141104480121	68	0.0791882944173	4	-0.0647870912232	6	0	0	0.173974987695	0.173974987695	0.170359511777	0.109187896472	0.173974987695
M03_L_TO_DY:G808-E1898	M03_L_TO_DY	CORE13	L	DY	G808-E1898	ot	edy	0	f108v	f108v	G808-P0536	f108v.20	20	5	S	B	3	3	EXACT	0.080905415015	51	0.0876840438343	3	0.0299334525569	72	0	0	0.0524836381879	126	0.0535489384907	126	0.0315297888366	68	0.00279501567422	4	0.0504082988444	6	0	0	0.198522911406	0.198522911406	0.200119247686	0.248931210251	0.198522911406
M03_L_TO_DY:G808-E1908	M03_L_TO_DY	CORE13	L	DY	G808-E1908	ot	edy	0	f108v	f108v	G808-P0537	f108v.31	31	8	S	B	3	3	EXACT	0.0880652713931	87	0.129679379801	2	0.0331402609097	72	0	0	0.0634317766054	161	0.0644970769082	161	0.0350280519067	68	0.00104709383348	4	-0.0479438874459	6	0	0	0.250884912104	0.250884912104	0.252772703101	0.202941024658	0.250884912104
M03_L_TO_DY:G808-E1925	M03_L_TO_DY	CORE13	L	DY	G808-E1925	ot	edy	0	f108v	f108v	G808-P0537	f108v.53	53	5	S	B	3	2	EXACT	0.0880652713931	87	-0.0570223892402	1	0.0457377855634	72	0	0	0.0675182092636	160	0.0685835095664	160	0.0449090354273	68	0.0598258177481	4	0.0233763096989	6	0	0	0.0767806677162	0.0767806677162	0.0759519175802	0.100156977415	0.0767806677162
M03_L_TO_DY:G808-E1934	M03_L_TO_DY	CORE13	L	DY	G808-E1934	ot	edy	0	f111r	f111r	G808-P0539	f111r.7	7	10	S	B	3	3	EXACT	0.0998033283649	125	0.00789176294891	1	0.0148112651089	69	-0.0214287560352	2	0.0706345237698	195	0.0707191983587	197	0.0184514218555	65	-0.0443421271354	4	-0.070135430698	6	0.0641715785178	3	0.122506356423	0.101077600388	0.126146513169	0.0523709257247	0.186677934941
M03_L_TO_DY:G808-E1938	M03_L_TO_DY	CORE13	L	DY	G808-E1938	ot	eody	1	f111r	f111r	G808-P0539	f111r.18	18	3	S	B	3	3	EXACT	0.0998033283649	125	0.0265632990811	2	0.036055226837	69	0.372551182214	1	0.0779568500832	196	0.0805715352335	197	0.0328341222952	65	0.0883973305285	4	0.0903216235064	6	0.132803097018	2	0.162421854283	0.534973036497	0.159200749741	0.252743477789	0.295224951301
M03_L_TO_DY:G808-E1943	M03_L_TO_DY	CORE13	L	DY	G808-E1943	ot	edy	0	f111r	f111r	G808-P0540	f111r.40	40	5	S	B	3	3	EXACT	0.13976865002	26	0.164156211489	1	0.0210498338355	72	0.343352027521	1	0.053053834673	99	0.0569791424354	100	0.0221332549751	68	0.00264001493149	4	0.0628202594932	6	0.364415619868	1	0.324974695344	0.668326722865	0.326058116483	0.387794954837	0.689390315212
M03_L_TO_DY:G808-E1951	M03_L_TO_DY	CORE13	L	DY	G808-E1951	ot	edy	0	f111v	f111v	G808-P0544	f111v.5	5	4	S	B	3	3	EXACT	0.0597506306572	102	0.132854419005	2	0.00923360333926	72	0.0630771072116	1	0.0387127450872	176	0.0396887051828	177	0.0150805230908	68	-0.0901648869906	4	0.0192521746462	6	0.0294861180235	2	0.201838653001	0.264915760213	0.207685572753	0.221090827647	0.231324771025
M03_L_TO_DY:G808-E1957	M03_L_TO_DY	CORE13	L	DY	G808-E1957	ot	edy	0	f111v	f111v	G808-P0544	f111v.11	11	7	S	B	3	3	EXACT	0.0597506306572	102	0.0116477799879	2	0.0246140167001	72	-0.0436908668455	1	0.0436273842006	176	0.0439723690805	177	0.0245430186776	68	0.0258201285295	4	0.0214980403187	6	-0.0411441466193	1	0.0960124273452	0.0523215604997	0.0959414293227	0.117510467664	0.0548682807259
M03_L_TO_DY:G808-E1977	M03_L_TO_DY	CORE13	L	DY	G808-E1977	ot	edy	0	f112r	f112r	G808-P0554	f112r.15	15	4	S	B	3	2	EXACT	0.0594845712827	21	0	0	0.011987091515	72	0	0	0.0216188236448	93	0.0229030524561	93	0.018296610169	68	-0.0952757193264	4	0.0985055247973	6	0	0	0.0714716627977	0.0714716627977	0.0777811814517	0.169977187595	0.0714716627977
M03_L_TO_DY:G808-E1992	M03_L_TO_DY	CORE13	L	DY	G808-E1992	ot	edy	0	f112r	f112r	G808-P0559	f112r.35	35	8	S	B	3	3	EXACT	0.173960741772	11	0	0	0.0317248753876	72	0.121598612741	3	0.0488900047341	83	0.0519862183715	86	0.0361618682327	68	-0.0437049967025	4	0.0050121605509	6	0.120495573861	3	0.20568561716	0.327284229901	0.210122610005	0.210697777711	0.326181191021
M03_L_TO_DY:G808-E1997	M03_L_TO_DY	CORE13	L	DY	G808-E1997	ot	eody	1	f112r	f112r	G808-P0562	f112r.42	42	9	S	B	3	3	EXACT	0.00559842362447	18	0.0448705091934	3	0.00472956264127	72	0	0	0.00481064167759	93	0.00609487048883	93	0.00211260580671	68	0.0492168351044	4	0.0512988457979	6	0.209258570694	1	0.0551984954592	0.0551984954592	0.0525815386246	0.106497341257	0.264457066154
M03_L_TO_DY:G808-E2009	M03_L_TO_DY	CORE13	L	DY	G808-E2009	ot	eody	1	f112v	f112v	G808-P0570	f112v.31	31	4	S	B	3	2	EXACT	-0.0948631768203	4	0	0	-0.00114621172908	72	0.0231810993665	1	-0.00938356300576	76	-0.0079592987068	77	0.00386066137956	68	-0.0862641131545	4	0.0273785814857	6	0.217879835832	1	-0.0960093885493	-0.0728282891828	-0.0910025154407	-0.0686308070637	0.121870447283
M03_L_TO_DY:G808-E2061	M03_L_TO_DY	CORE13	L	DY	G808-E2061	ot	eody	1	f113v	f113v	G808-P0593	f113v.4	4	8	S	B	3	3	EXACT	0.0438245700864	1	0	0	0.0159406221248	71	-0.071801414519	1	0.0140773775452	72	0.0138158745095	73	0.0201585195281	67	-0.0547089467917	4	0.109935292345	6	-0.0678396944221	1	0.0597651922112	-0.0120362223078	0.0639830896145	0.169700484556	-0.00807450221094
M03_L_TO_DY:G808-E2100	M03_L_TO_DY	CORE13	L	DY	G808-E2100	ot	edy	0	f114r	f114r	G808-P0612	f114r.20	20	11	S	B	3	3	EXACT	-0.019499609505	7	0	0	-0.00399673849241	72	0.033533353991	1	-0.00737085050401	79	-0.00585061765963	80	-0.00148563438819	68	-0.0466865972185	4	0.0134811294565	6	0.214951466106	1	-0.0234963479974	0.0100370059937	-0.0209852438932	-0.0100152185408	0.191455118109
M03_L_TO_DY:G808-E2106	M03_L_TO_DY	CORE13	L	DY	G808-E2106	ot	edy	0	f114r	f114r	G808-P0615	f114r.31	31	5	S	B	3	2	EXACT	0.0904402323454	23	0.0681084677599	1	0.0161011962915	72	0.0518171935951	1	0.0333806345615	96	0.0346241527757	97	0.0220728838417	68	-0.0854185810159	4	0.00207568436751	6	0.0544851812838	1	0.174649896397	0.226467089992	0.180621583947	0.176725580764	0.229135077681
M03_L_TO_DY:G808-E2165	M03_L_TO_DY	CORE13	L	DY	G808-E2165	ot	eody	1	f115v	f115v	G808-P0646	f115v.6	6	8	S	B	3	3	EXACT	0.0958853052939	5	0.0910868595837	1	0.0217418363227	72	0.0369568262686	2	0.0253852883995	78	0.0264409325236	80	0.0277848279658	68	-0.0809899722805	4	-0.0583203285811	6	0.0393615234755	2	0.2087140012	0.245670827469	0.214756992843	0.150393672619	0.248075524676
M03_L_TO_DY:G808-E2189	M03_L_TO_DY	CORE13	L	DY	G808-E2189	ot	edy	0	f116r	f116r	G808-P0659	f116r.6	6	8	S	B	3	2	EXACT	0.157784007926	18	-0.131107906608	1	0.00814776953328	72	0.0368609587016	1	0.0349038263005	91	0.0359768974878	92	0.00585632988308	68	0.0471012218013	4	0.00891044896172	6	0.0625305520252	1	0.0348238708512	0.0716848295528	0.032532431201	0.043734319813	0.0973544228765
M03_L_TO_DY:G808-E2191	M03_L_TO_DY	CORE13	L	DY	G808-E2191	ot	edy	0	f116r	f116r	G808-P0660	f116r.7	7	8	S	B	3	3	EXACT	0.38717623496	4	-0.0325275142234	1	0.00906817471696	72	0	0	0.0259303777278	77	0.0272044549133	77	0.0147179755472	68	-0.0869794611822	4	0.00548701058731	6	0	0	0.363716895453	0.363716895453	0.369366696284	0.369203906041	0.363716895453
M03_L_TO_DY:G808-E2193	M03_L_TO_DY	CORE13	L	DY	G808-E2193	ot	edy	0	f116r	f116r	G808-P0660	f116r.8	8	8	S	B	3	3	EXACT	0.38717623496	4	0.0211272567577	3	-0.00187472968294	72	0	0	0.0163900600651	79	0.0176641372507	79	0.00313137088846	68	-0.0869794611822	4	-0.0755574444804	6	0	0	0.406428762035	0.406428762035	0.411434862606	0.330871317554	0.406428762035
M03_L_TO_DY:G808-E2200	M03_L_TO_DY	CORE13	L	DY	G808-E2200	ot	edy	0	f116r	f116r	G808-P0663	f116r.18	18	5	S	B	3	3	EXACT	0.157821107216	71	0.060689321554	4	0.0232975264029	72	0	0	0.0897425394629	147	0.0910166166484	147	0.0244773991198	68	0.00323866843077	4	0.115520089149	6	0.0423065908312	1	0.241807955173	0.241807955173	0.24298782789	0.357328044322	0.284114546004
M03_L_TO_DY:G808-E0273	M03_L_TO_DY	CORE13	L	DY	G808-E0273	ot	edy	0	f26v	f26v	G808-P0092	f26v.2	2	4	H	B	2	3	EXACT	0.0253408005038	34	-0.0729687731769	1	-0.0309565397946	72	0	0	-0.0139935208561	107	-0.0127286159662	107	-0.0272808369373	68	-0.0934444981413	4	-0.0392637383601	6	0	0	-0.0785845124676	-0.0785845124676	-0.0749088096103	-0.117848250828	-0.0785845124676
M03_L_TO_DY:G808-E0341	M03_L_TO_DY	CORE13	L	DY	G808-E0341	ot	edy	0	f34r	f34r	G808-P0117	f34r.3	3	6	H	B	2	3	EXACT	0.0252678590356	29	0	0	-0.0251381970362	72	-0.127409415772	1	-0.0113938644976	101	-0.011497883633	102	-0.0270882490372	68	0.00801161364874	4	0.0351424122101	6	-0.124691332761	1	0.000129661999368	-0.127279753772	-0.00182039000159	0.0352720742095	-0.124561670762
M03_L_TO_DY:G808-E0488	M03_L_TO_DY	CORE13	L	DY	G808-E0488	ot	edy	0	f46r	f46r	G808-P0171	f46r.7	7	10	H	B	2	3	EXACT	-0.024111219985	16	0.110328755459	2	0.0123211476261	72	0.0119875688402	2	0.0063895664973	90	0.00737129671931	92	0.0117695979579	68	0.021696782335	4	0.0425132957777	6	0.0143119242627	2	0.0985386831004	0.110526251941	0.0979871334321	0.141051978878	0.112850607363
M03_L_TO_DY:G808-E0497	M03_L_TO_DY	CORE13	L	DY	G808-E0497	ot	edy	0	f46v	f46v	G808-P0175	f46v.2	2	10	H	B	2	3	EXACT	-0.0638736645869	45	-0.198821720967	3	-0.00903318473203	72	0	0	-0.0345295574884	120	-0.0332741684574	120	-0.010754390697	68	0.0202264417071	4	0.022625186333	6	-0.00697366833734	1	-0.271728570286	-0.271728570286	-0.273449776251	-0.249103383953	-0.278702238623
M03_L_TO_DY:G808-E0504	M03_L_TO_DY	CORE13	L	DY	G808-E0504	ot	edy	0	f46v	f46v	G808-P0175	f46v.11	11	2	H	B	2	2	EXACT	-0.0638736645869	45	-0.050826274675	1	-0.0121397966018	72	-0.21284430625	1	-0.0323057433317	118	-0.0327368994083	119	-0.0182474302532	68	0.0916891005066	4	0.0496305131234	6	-0.210235147365	1	-0.126839735864	-0.339684042114	-0.132947369515	-0.0772092227404	-0.337074883229
M03_L_TO_DY:G808-E0534	M03_L_TO_DY	CORE13	L	DY	G808-E0534	ot	edy	0	f48v	f48v	G808-P0181	f48v.5	5	6	H	B	5	3	EXACT	0.0724019803807	32	0	0	5.37099143767e-05	72	-0.256022409662	1	0.0216988889214	104	0.0201354021399	105	-0.00103064121715	68	0.018486605819	4	-0.0675291320195	6	-0.137139894424	2	0.0724556902951	-0.183566719367	0.0713713391636	0.00492655827558	-0.0646842041289
M03_L_TO_DY:G808-E0678	M03_L_TO_DY	CORE13	L	DY	G808-E0678	ot	eody	1	f66r	f66r	G808-P0218	f66r.75	75	3	T	B	5	3	EXACT	0.0436628279912	43	0.101013468732	3	0.0275398618989	71	0.0584136144813	2	0.0350544748773	117	0.0363702071632	119	0.0239656475435	67	0.0874081135623	4	0.0009825817901	6	0.0848244571788	2	0.172216158622	0.230629773104	0.168641944267	0.173198740412	0.257040615801
M03_L_TO_DY:G808-E0720	M03_L_TO_DY	CORE13	L	DY	G808-E0720	ot	edy	0	f75v	f75v	G808-P0226	f75v.7	7	9	B	B	2	3	EXACT	0.0430601475409	49	0.0346108002705	2	0.0145433501087	72	-0.098779400409	1	0.026194182249	123	0.0262491292908	124	0.0204808109373	68	-0.0863934835174	4	0.0177609536386	6	-0.0961093331486	1	0.09221429792	-0.00656510248897	0.0981517587487	0.109975251559	-0.00389503522857
M03_L_TO_DY:G808-E0742	M03_L_TO_DY	CORE13	L	DY	G808-E0742	ot	edy	0	f76r	f76r	G808-P0231	f76r.3	3	8	T	B	2	3	EXACT	0.1072727283	123	0.0114732136947	3	-0.00124772466144	70	-0.0525094535575	1	0.0685120369901	196	0.0690481667346	197	-0.00258682530475	66	0.020847345959	4	-0.0151609343729	6	-0.0497976149072	1	0.117498217333	0.0649887637754	0.11615911669	0.10233728296	0.0677006024256
M03_L_TO_DY:G808-E0767	M03_L_TO_DY	CORE13	L	DY	G808-E0767	ot	edy	0	f76r	f76r	G808-P0232	f76r.41	41	7	T	B	2	3	EXACT	0.0350431189541	22	-0.0557652993308	3	0.00389364248712	72	-0.391330236465	1	0.0078393093942	97	0.0048121057453	98	0.00386986159716	68	0.00429756287364	4	0.00324828213057	6	-0.0975090805825	3	-0.0168285378896	-0.408158774354	-0.0168523187796	-0.013580255759	-0.114337618472
M03_L_TO_DY:G808-E0772	M03_L_TO_DY	CORE13	L	DY	G808-E0772	ot	edy	0	f76r	f76r	G808-P0233	f76r.46	46	4	T	B	2	2	EXACT	0.149053885246	35	-0.0233922747856	2	-0.0182749482719	72	0	0	0.0347509936003	109	0.0360048871553	109	-0.0139117418718	68	-0.0924498118153	4	-0.00622008668474	6	0	0	0.107386662189	0.107386662189	0.111749868589	0.101166575504	0.107386662189
M03_L_TO_DY:G808-E0774	M03_L_TO_DY	CORE13	L	DY	G808-E0774	ot	edy	0	f76r	f76r	G808-P0233	f76r.47	47	9	T	B	2	3	EXACT	0.149053885246	35	-0.140364378318	2	-0.00939273768537	72	0.0988116386588	1	0.0384718647486	109	0.040089047338	110	-0.00489222660455	68	-0.0859017808021	4	0.00263931159412	6	0.22362617411	1	-0.000703230757037	0.0981084079018	0.00379728032378	0.00193608083709	0.222922943353
M03_L_TO_DY:G808-E0797	M03_L_TO_DY	CORE13	L	DY	G808-E0797	ot	edy	0	f76v	f76v	G808-P0237	f76v.17	17	5	B	B	2	3	EXACT	0.122805615724	25	-0.121479986263	1	0.0153110379966	72	0	0	0.0404193353957	98	0.0416897047189	98	0.0159711842331	68	0.00408741860079	4	0.0714651224574	6	0	0	0.0166366674582	0.0166366674582	0.0172968136947	0.0881017899156	0.0166366674582
M03_L_TO_DY:G808-E0816	M03_L_TO_DY	CORE13	L	DY	G808-E0816	ot	edy	0	f76v	f76v	G808-P0238	f76v.31	31	8	B	B	2	3	EXACT	0.102031949314	37	0	0	0.00413386201758	72	0.004984303877	2	0.0369707361505	109	0.0372960560363	111	0.00928761467717	68	-0.0834810665702	4	-0.000237073199555	6	0.00744564797173	2	0.106165811332	0.111150115209	0.111319563992	0.105928738133	0.113611459304
M03_L_TO_DY:G808-E0842	M03_L_TO_DY	CORE13	L	DY	G808-E0842	ot	edy	0	f77r	f77r	G808-P0242	f77r.25	25	1	B	B	2	2	EXACT	0.18676667429	36	0.214437367967	2	0.0181844145962	72	0	0	0.0763735972407	110	0.0776298148926	110	0.0180316981316	68	0.0207793363896	4	0.0270275418259	6	0.00996724680184	1	0.419388456853	0.419388456853	0.419235740388	0.446415998679	0.429355703655
M03_L_TO_DY:G808-E0870	M03_L_TO_DY	CORE13	L	DY	G808-E0870	ot	edy	0	f77v	f77v	G808-P0245	f77v.16	16	7	B	B	2	2	EXACT	0.124029955048	39	-0.0177959476656	1	0.0288448238293	72	0.106610528899	1	0.0614393195265	112	0.0628981101728	113	0.027904235854	68	0.0448340640169	4	-0.00229075238822	6	0.108878784078	1	0.135078831211	0.24168936011	0.134138243236	0.132788078823	0.24395761529
M03_L_TO_DY:G808-E0907	M03_L_TO_DY	CORE13	L	DY	G808-E0907	ot	edy	0	f78r	f78r	G808-P0247	f78r.10	10	4	B	B	2	2	EXACT	0.127056899051	55	0	0	0.00922693747167	72	0	0	0.0604734450852	127	0.0617325280598	127	0.0146625521136	68	-0.083179736565	4	0.0152093233922	6	0.00805664939455	1	0.136283836523	0.136283836523	0.141719451164	0.151493159915	0.144340485917
M03_L_TO_DY:G808-E0909	M03_L_TO_DY	CORE13	L	DY	G808-E0909	ot	edy	0	f78r	f78r	G808-P0247	f78r.12	12	5	B	B	2	2	EXACT	0.127056899051	55	0.118577512659	1	0.0218000480033	72	-0.015725532381	1	0.0679547592873	128	0.0684084383794	129	0.0258916797402	68	-0.0477589166483	4	0.0138443879696	6	-0.110446626895	1	0.267434459713	0.251708927332	0.27152609145	0.281278847682	0.156987832818
M03_L_TO_DY:G808-E0927	M03_L_TO_DY	CORE13	L	DY	G808-E0927	ot	edy	0	f78v	f78v	G808-P0249	f78v.2	2	5	B	B	2	3	EXACT	0.151820980113	62	0.192390866372	3	0.026964341175	72	0	0	0.0873548688763	137	0.0886659707744	137	0.0283857711699	68	0.00279913222484	4	0.131852567864	6	0	0	0.37117618766	0.37117618766	0.372597617655	0.503028755524	0.37117618766
M03_L_TO_DY:G808-E0935	M03_L_TO_DY	CORE13	L	DY	G808-E0935	ot	edy	0	f78v	f78v	G808-P0249	f78v.8	8	2	B	B	2	2	EXACT	0.151820980113	62	0.00231781466386	3	0.0262428357722	72	-0.0445853014898	1	0.082813499941	137	0.0830489936512	138	0.0185741621909	68	0.156609387617	4	-0.0779442003831	6	-0.0420951289262	1	0.180381630549	0.135796329059	0.172712956967	0.102437430166	0.138286501622
M03_L_TO_DY:G808-E1078	M03_L_TO_DY	CORE13	L	DY	G808-E1078	ot	edy	0	f81r	f81r	G808-P0280	f81r.24	24	6	B	B	2	2	EXACT	0.0829529036725	47	0	0	0.0160629911654	72	-0.0335638506459	1	0.0424279318308	119	0.0428979062531	120	0.0165729346679	68	0.00739293653723	4	0.0372695034485	6	-0.031066046313	1	0.0990158948379	0.0654520441919	0.0995258383404	0.136285398286	0.0679498485248
M03_L_TO_DY:G808-E1162	M03_L_TO_DY	CORE13	L	DY	G808-E1162	ot	edy	0	f83r	f83r	G808-P0292	f83r.8	8	2	B	B	2	2	EXACT	0.113244444408	29	0	0	0.0387299621988	72	0	0	0.0595232134437	101	0.0607423436745	101	0.0322742316229	68	0.148476405716	4	-0.0292042399252	6	0	0	0.151974406607	0.151974406607	0.145518676031	0.122770166681	0.151974406607
M03_L_TO_DY:G808-E1198	M03_L_TO_DY	CORE13	L	DY	G808-E1198	ot	edy	0	f83v	f83v	G808-P0299	f83v.1	1	3	B	B	2	2	EXACT	0.107199133119	28	0	0	0.0130618763388	72	0	0	0.0386984814371	100	0.0399499018889	100	0.00847595990535	68	0.0910218209045	4	-0.000426869036186	6	0	0	0.120261009458	0.120261009458	0.115675093025	0.119834140422	0.120261009458
M03_L_TO_DY:G808-E1228	M03_L_TO_DY	CORE13	L	DY	G808-E1228	ot	edy	0	f85r1	f85r	G808-P0306	f85r1.21	21	8	T	B	2	3	EXACT	0.0457867386678	5	0.042826475421	2	0.00315017573487	72	0.139237812669	2	0.00343485321866	79	0.00753337716789	81	0.00466961067002	68	-0.0226898779068	4	0.014806734395	6	0.117946093189	2	0.0917633898237	0.231001202492	0.0932828247588	0.106570124219	0.209709483013
M03_L_TO_DY:G808-E1234	M03_L_TO_DY	CORE13	L	DY	G808-E1234	ot	eody	1	f85r1	f85r	G808-P0307	f85r1.25	25	2	T	B	2	2	EXACT	0.0672903443989	12	0	0	0.0034987500344	72	0.168378562144	1	0.0101226675532	84	0.0129953027296	85	0.00163352664106	68	0.0351978879769	4	0.0344116613886	6	0.190708716876	1	0.0707890944333	0.239167656577	0.06892387104	0.105200755822	0.261497811309
M03_L_TO_DY:G808-E1242	M03_L_TO_DY	CORE13	L	DY	G808-E1242	ot	edy	0	f85r1	f85r	G808-P0310	f85r1.33	33	6	T	B	2	3	EXACT	0.0065212783812	22	-0.0674446437397	1	-0.00685132975562	72	-0.0794797772161	3	-0.00604295049095	95	-0.00766723201178	98	-0.00735271770796	68	0.00166260568989	4	0.0376624806558	6	-0.0336116384338	3	-0.0677746951141	-0.14725447233	-0.0682760830664	-0.0301122144583	-0.101386333548
M03_L_TO_DY:G808-E1314	M03_L_TO_DY	CORE13	L	DY	G808-E1314	ot	eody	1	f87r	f87r	G808-P0330	f87r.9	9	3	H	A	1	2	EXACT	0.0250016452086	26	0	0	-0.0204881952539	72	0	0	-0.00940278973347	98	-0.00810509467646	98	-0.0158150953267	68	-0.0999318288175	4	-0.0397256492396	6	0	0	0.00451344995474	0.00451344995474	0.00918654988187	-0.0352121992849	0.00451344995474
M03_L_TO_DY:G808-E1348	M03_L_TO_DY	CORE13	L	DY	G808-E1348	ot	eody	1	f88v	f88v	G808-P0338	f88v.17	17	4	P	A	1	2	EXACT	0.0546120732237	7	0.0161345513711	1	0.0133323604314	72	-0.155237162207	1	0.0150528015907	80	0.0139692398772	81	0.0198901577077	68	-0.098151089095	4	-0.00984474569382	6	-0.15262595484	1	0.0840789850262	-0.0711581771806	0.0906367823025	0.0742342393324	-0.0685469698137
M03_L_TO_DY:G808-E1353	M03_L_TO_DY	CORE13	L	DY	G808-E1353	ot	eody	1	f88v	f88v	G808-P0338	f88v.19	19	8	P	A	1	3	EXACT	0.0546120732237	7	-0.0928644218498	2	0.0207703988062	72	-0.253767440248	1	0.018926819	81	0.0166231480543	82	0.0191795880608	68	0.0478132856473	4	-0.00443854252454	6	-0.258637075048	1	-0.0174819498199	-0.271249390068	-0.0190727605653	-0.0219204923445	-0.276119024868
M03_L_TO_DY:G808-E1437	M03_L_TO_DY	CORE13	L	DY	G808-E1437	ot	edy	0	f95v2	f95v	G808-P0360	f95v2.1	1	6	H	B	3	3	EXACT	0.0616759015487	31	0	0	-0.000942709088161	72	-0.21524996408	1	0.0172893296962	103	0.0161228133519	104	0.00159751714937	68	-0.044127564899	4	0.00241453086879	6	-0.220813547536	1	0.0607331924605	-0.154516771619	0.0632734186981	0.0631477233293	-0.160080355075
M03_L_TO_DY:G808-E1451	M03_L_TO_DY	CORE13	L	DY	G808-E1451	ot	eody	1	f99r	f99r	G808-P0363	f99r.15	15	2	P	A	1	3	EXACT	0.00302226845203	15	-0.241766232652	1	0.0292368922066	72	-0.34117390812	1	0.0186111046739	88	0.0158091076078	89	0.0218007112064	68	0.155651218659	4	-0.00724500993141	6	-0.358320901233	1	-0.209507071993	-0.550680980113	-0.216943252993	-0.216752081924	-0.567827973226
M03_L_TO_DY:G808-E1576	M03_L_TO_DY	CORE13	L	DY	G808-E1576	pch	edy	0	f103r	f103r	G808-P0393	f103r.37	37	1	S	B	3	3	EXACT	0.175695020076	9	0.14015137666	1	0.026858813951	72	0.0654056467374	1	0.0427500298667	82	0.0441423227597	83	0.0291342789589	68	-0.0118252838633	4	0.011084898616	6	0.0660431592697	1	0.342705210687	0.408110857424	0.344980675695	0.353790109303	0.408748369956
M03_L_TO_DY:G808-E1589	M03_L_TO_DY	CORE13	L	DY	G808-E1589	pch	edy	0	f103v	f103v	G808-P0401	f103v.9	9	7	S	B	3	3	EXACT	0.207100414589	12	-0.0852872068917	1	0.0324600097163	72	0.0469569003079	1	0.0544621741777	85	0.0554443116395	86	0.035042198953	68	-0.0114390458458	4	0.0913688073764	6	0.170694092004	2	0.154273217414	0.201230117721	0.15685540665	0.24564202479	0.324967309417
M03_L_TO_DY:G808-E1590	M03_L_TO_DY	CORE13	L	DY	G808-E1590	pch	edy	0	f103v	f103v	G808-P0402	f103v.12	12	10	S	B	3	3	EXACT	0.00365182922623	9	-0.0189266682329	2	0.00905288904846	72	0	0	0.00638340917176	83	0.00768426696428	83	0.0171297968884	68	-0.128256382769	4	0.0310505380439	6	0	0	-0.00622194995817	-0.00622194995817	0.00185495788175	0.0248285880857	-0.00622194995817
M03_L_TO_DY:G808-E1633	M03_L_TO_DY	CORE13	L	DY	G808-E1633	pch	edy	0	f104r	f104r	G808-P0424	f104r.43	43	5	S	B	3	3	EXACT	0.144885335527	12	0.324931150477	3	0.0280145248681	72	-0.0216953000614	1	0.0532026089943	87	0.0534263456128	88	0.0284777807186	68	0.0201372864049	4	0.113777431153	6	-0.0212849542174	1	0.497831010872	0.476135710811	0.498294266722	0.611608442025	0.476546056654
M03_L_TO_DY:G808-E1695	M03_L_TO_DY	CORE13	L	DY	G808-E1695	pch	edy	0	f105v	f105v	G808-P0450	f105v.8	8	7	S	B	3	3	EXACT	0.0548423021349	37	0	0	0.0319980075736	72	0	0	0.039290380126	109	0.0406370776358	109	0.0343929712647	68	-0.00871821609588	4	-0.0371751396495	6	0	0	0.0868403097085	0.0868403097085	0.0892352733995	0.049665170059	0.0868403097085
M03_L_TO_DY:G808-E1753	M03_L_TO_DY	CORE13	L	DY	G808-E1753	pch	edy	0	f106v	f106v	G808-P0483	f106v.32	32	9	S	B	3	3	EXACT	-0.0324565113753	6	0	0	0.0352527123188	72	0	0	0.0278283775574	78	0.0292990897046	78	0.0448450563855	68	-0.127818876052	4	0.0248112548569	6	0	0	0.00279620094351	0.00279620094351	0.0123885450102	0.0276074558004	0.00279620094351
M03_L_TO_DY:G808-E1754	M03_L_TO_DY	CORE13	L	DY	G808-E1754	pch	eody	1	f106v	f106v	G808-P0484	f106v.34	34	9	S	B	3	3	EXACT	0.00361713596161	13	-0.0502095844835	1	0.0430596215354	72	0.0668377089089	1	0.0342364765259	86	0.0358227867524	87	0.0529012231906	68	-0.12424934584	4	-0.110551851884	6	0.0300500901472	2	-0.00353282698649	0.0633048819224	0.00630877466867	-0.114084678871	0.0265172631607
M03_L_TO_DY:G808-E1826	M03_L_TO_DY	CORE13	L	DY	G808-E1826	pch	edy	0	f108r	f108r	G808-P0518	f108r.5	5	10	S	B	3	3	EXACT	0.0689894950095	16	-0.0451055590759	3	0.012091273867	72	0	0	0.0178784342742	91	0.0193334607056	91	0.0170851645803	68	-0.072806565609	4	0.0520766511299	6	0	0	0.0359752098006	0.0359752098006	0.0409691005139	0.0880518609305	0.0359752098006
M03_L_TO_DY:G808-E1966	M03_L_TO_DY	CORE13	L	DY	G808-E1966	pch	edy	0	f111v	f111v	G808-P0546	f111v.29	29	5	S	B	3	3	EXACT	0.174333729936	6	0	0	0.0278785903895	72	-0.150398971344	1	0.043304823305	78	0.0416672171736	79	0.0280196056189	68	0.0254796666581	4	-0.0488203039358	6	-0.150226798924	1	0.202212320325	0.0518133489813	0.202353335555	0.15339201639	0.0519855214016
M03_L_TO_DY:G808-E1978	M03_L_TO_DY	CORE13	L	DY	G808-E1978	pch	edy	0	f112r	f112r	G808-P0554	f112r.15	15	7	S	B	3	2	EXACT	0.111104166242	21	0	0	0.0308243330454	72	0	0	0.0479709163666	93	0.0493071107713	93	0.0327421492888	68	-0.00178034710187	4	0.127733119717	6	-0.138251855866	1	0.141928499287	0.141928499287	0.143846315531	0.269661619004	0.00367664342139
M03_L_TO_DY:G808-E2050	M03_L_TO_DY	CORE13	L	DY	G808-E2050	pch	eody	1	f113r	f113r	G808-P0588	f113r.37	37	6	S	B	3	3	EXACT	-0.068919989105	5	-0.147004222407	1	0.016286059488	72	0	0	0.0073627763102	78	0.00866246506796	78	0.0179127999709	68	-0.0113699803738	4	-0.0879943365956	6	0	0	-0.199638152024	-0.199638152024	-0.198011411541	-0.287632488619	-0.199638152024
M03_L_TO_DY:G808-E2152	M03_L_TO_DY	CORE13	L	DY	G808-E2152	pch	edy	0	f115r	f115r	G808-P0639	f115r.26	26	10	S	B	@	3	EXACT	0.052908081214	10	0.0333797323157	2	0.017363047068	70	-0.00916376032746	1	0.0203766838774	82	0.0211492157312	83	0.0231438419403	66	-0.0780219320938	4	-0.0047522289292	6	-0.00891005155828	1	0.103650860598	0.0944871002701	0.10943165547	0.0988986316684	0.0947408090393
M03_L_TO_DY:G808-E0280	M03_L_TO_DY	CORE13	L	DY	G808-E0280	pch	edy	0	f26v	f26v	G808-P0092	f26v.7	7	1	H	B	2	3	EXACT	0.029213141102	38	-0.0867085216812	1	-0.0141522871083	72	-0.251401937712	1	-0.000429399864834	111	-0.00153002946344	112	-0.0144190115843	68	-0.0096197910599	4	-0.0966487965515	6	-0.251106415376	1	-0.0716476676875	-0.323049605399	-0.0719143921636	-0.168296464239	-0.322754083064
M03_L_TO_DY:G808-E0413	M03_L_TO_DY	CORE13	L	DY	G808-E0413	pch	eody	1	f41v	f41v	G808-P0147	f41v.2	2	1	H	B	5	3	EXACT	0.122091676942	26	-0.12775939905	1	-0.00675550145977	72	0	0	0.0250398422548	99	0.026339105512	99	-0.00668730582749	68	-0.00791664725272	4	-0.0677916222614	6	0	0	-0.0124232235673	-0.0124232235673	-0.012355027935	-0.0802148458286	-0.0124232235673
M03_L_TO_DY:G808-E0694	M03_L_TO_DY	CORE13	L	DY	G808-E0694	pch	edy	0	f75r	f75r	G808-P0222	f75r.7	7	1	B	B	2	2	EXACT	0.102388361707	87	-0.0616639489906	2	-0.00741989001795	72	0	0	0.0519115649162	161	0.0533221309239	161	-0.00718906457884	68	-0.0113457285883	4	0.0737162873709	6	0	0	0.0333045226982	0.0333045226982	0.0335353481373	0.107020810069	0.0333045226982
M03_L_TO_DY:G808-E0699	M03_L_TO_DY	CORE13	L	DY	G808-E0699	pch	edy	0	f75r	f75r	G808-P0222	f75r.13	13	1	B	B	2	2	EXACT	0.102388361707	87	0.182603132091	1	-0.00982646945906	72	0.0140319764198	1	0.0530831283873	160	0.0541168818501	161	-0.0097372075165	68	-0.0113457285883	4	-0.0155146430704	6	0.0773017771318	1	0.275165024338	0.289197000758	0.275254286281	0.259650381268	0.35246680147
M03_L_TO_DY:G808-E0709	M03_L_TO_DY	CORE13	L	DY	G808-E0709	pch	edy	0	f75r	f75r	G808-P0223	f75r.28	28	2	B	B	2	3	EXACT	0.083419338471	27	0.0645987850952	3	-0.00829407116876	72	0.0650906958838	1	0.0168648693029	102	0.018533786367	103	-0.019769754017	68	0.186790731146	4	0.0521144982284	6	0.0653663773096	1	0.139724052397	0.204814748281	0.128248369549	0.191838550626	0.205090429707
M03_L_TO_DY:G808-E0765	M03_L_TO_DY	CORE13	L	DY	G808-E0765	pch	edy	0	f76r	f76r	G808-P0231	f76r.33	33	8	T	B	2	3	EXACT	0.106229019792	124	-0.0270360064154	4	0.0100854046991	70	-0.119333949162	1	0.070451883836	198	0.0707087577332	199	0.00931022827436	66	0.0228755169789	4	0.123025504276	6	-0.0270964023308	2	0.0892784180758	-0.0300555310858	0.088503241651	0.212303922352	0.062182015745
M03_L_TO_DY:G808-E0852	M03_L_TO_DY	CORE13	L	DY	G808-E0852	pch	edy	0	f77r	f77r	G808-P0242	f77r.36	36	2	B	B	2	2	EXACT	0.153758583001	38	0.140341353842	1	0.0312561161113	72	0	0	0.0736861161216	111	0.0750020851434	111	0.0219736544632	68	0.189055895567	4	-0.0607478285801	6	0	0	0.325356052954	0.325356052954	0.316073591306	0.264608224374	0.325356052954
M03_L_TO_DY:G808-E0926	M03_L_TO_DY	CORE13	L	DY	G808-E0926	pch	edy	0	f78r	f78r	G808-P0248	f78r.43	43	2	B	B	2	1	EXACT	0.074184754925	53	0	0	0.00895830026521	72	0	0	0.0364987418499	125	0.0378238371142	125	0.00850754390816	68	0.0166191228173	4	0.068511486042	6	-0.0983714619098	2	0.0831430551903	0.0831430551903	0.0826922988332	0.151654541232	-0.0152284067195
M03_L_TO_DY:G808-E0940	M03_L_TO_DY	CORE13	L	DY	G808-E0940	pch	edy	0	f78v	f78v	G808-P0249	f78v.10	10	5	B	B	2	2	EXACT	0.112872786179	69	0	0	0.018364028178	72	-0.0178861009526	1	0.0648145506124	141	0.0654508934766	142	0.01819054961	68	0.0213114545131	4	-0.0313766101605	6	0.0655540231119	2	0.131236814357	0.113350713404	0.131063335789	0.0998602041961	0.196790837469
M03_L_TO_DY:G808-E1081	M03_L_TO_DY	CORE13	L	DY	G808-E1081	pch	edy	0	f81r	f81r	G808-P0280	f81r.26	26	1	B	B	2	2	EXACT	0.0475169445514	50	0	0	0.0124163509691	72	0.262161072725	1	0.0266256446805	122	0.0296594514441	123	0.0135185589756	68	-0.00632301054793	4	-0.0150386009447	6	0.262358112868	1	0.0599332955205	0.322094368246	0.0610355035271	0.0448946945758	0.322291408388
M03_L_TO_DY:G808-E1086	M03_L_TO_DY	CORE13	L	DY	G808-E1086	pch	edy	0	f81v	f81v	G808-P0281	f81v.1	1	8	B	B	2	3	EXACT	0.0418570101102	46	-0.0523239078004	2	-0.0131616284869	72	0.0886634228484	1	0.00720826336628	120	0.00897598835852	121	-0.00593027190527	68	-0.136096510419	4	0.0999349798946	6	-0.0268427191219	3	-0.0236285261771	0.0650348966712	-0.0163971695955	0.0763064537175	-0.050471245299
M03_L_TO_DY:G808-E1138	M03_L_TO_DY	CORE13	L	DY	G808-E1138	pch	edy	0	f82v	f82v	G808-P0288	f82v.15	15	8	B	B	2	3	EXACT	0.0589552962419	27	0.0754874665213	2	0.00787998615209	72	0	0	0.022025521984	101	0.0233540753069	101	0.0162374511641	68	-0.134198717569	4	0.0494234572669	6	0	0	0.142322748915	0.142322748915	0.150680213927	0.191746206182	0.142322748915
M03_L_TO_DY:G808-E1225	M03_L_TO_DY	CORE13	L	DY	G808-E1225	pch	edy	0	f85r1	f85r	G808-P0303	f85r1.7	7	1	T	B	2	3	EXACT	-0.082066454925	16	0.122394587477	1	-0.0280255586808	72	0	0	-0.0380128301427	89	-0.0367593228063	89	-0.027278649057	68	-0.0407335372851	4	0.0202144335008	6	0	0	0.0123025738717	0.0123025738717	0.0130494834955	0.0325170073724	0.0123025738717
M03_L_TO_DY:G808-E1301	M03_L_TO_DY	CORE13	L	DY	G808-E1301	pch	edy	0	f86v6	f86v	G808-P0328	f86v6.24	24	7	T	B	2	3	EXACT	-0.0195823258625	48	-0.114531399473	6	0.0221120997316	72	-0.177490935919	1	-0.00125929650348	126	-0.00119962071419	127	0.0224213430408	68	0.0168520619306	4	0.0250842040989	6	-0.12708128667	1	-0.112001625604	-0.289492561523	-0.111692382295	-0.0869174215051	-0.239082912274
M03_L_TO_DY:G808-E1450	M03_L_TO_DY	CORE13	L	DY	G808-E1450	pch	eody	1	f99r	f99r	G808-P0363	f99r.15	15	1	P	A	1	3	EXACT	0.0219933032543	15	0.707143912645	1	0.0142797612458	72	-0.363308162013	1	0.0207738501557	88	0.0176934789813	89	0.0151739470919	68	-0.000922959053031	4	0.0389091058481	6	-0.428399426921	1	0.743416977145	0.380108815132	0.744311162991	0.782326082993	0.315017550224
M03_L_TO_DY:G808-E1536	M03_L_TO_DY	CORE13	L	DY	G808-E1536	qok	eody	1	f102v1	f102v	G808-P0378	f102v1.20	20	5	P	A	1	3	EXACT	-0.109696313199	18	0.103216227214	1	0.0136206127961	72	-0.0244006730553	1	-0.0117438731475	91	-0.0110794560804	92	0.0141125121389	68	0.00525749152189	4	0.0307286705093	6	-0.0220678534419	1	0.00714052681093	-0.0172601462444	0.00763242615373	0.0378691973202	-0.014927326631
M03_L_TO_DY:G808-E1551	M03_L_TO_DY	CORE13	L	DY	G808-E1551	qok	edy	0	f103r	f103r	G808-P0381	f103r.4	4	2	S	B	3	2	EXACT	-0.065370888848	25	0.156176696377	1	0.0330269891887	71	0.37203411781	1	0.00839735814543	97	0.0129983167168	98	0.0242243855307	67	0.180470397691	4	0.0497448113369	6	0.374807150101	1	0.123832796718	0.495866914528	0.11503019306	0.173577608055	0.498639946819
M03_L_TO_DY:G808-E1672	M03_L_TO_DY	CORE13	L	DY	G808-E1672	qok	edy	0	f105r	f105r	G808-P0442	f105r.17	17	4	S	B	3	3	EXACT	0.0183354509839	27	-0.240449065744	1	0.0174105258431	71	0	0	0.0144256274861	99	0.015717190365	99	0.0246947858341	67	-0.104601817534	4	0.0354235239168	6	0	0	-0.204703088917	-0.204703088917	-0.197418828926	-0.169279565	-0.204703088917
M03_L_TO_DY:G808-E1681	M03_L_TO_DY	CORE13	L	DY	G808-E1681	qok	edy	0	f105r	f105r	G808-P0442	f105r.21	21	4	S	B	3	3	EXACT	0.0183354509839	27	-0.0208110875346	1	0.00960348836448	72	0	0	0.0110055255868	100	0.0122970884657	100	0.0163213553647	68	-0.104601817534	4	0.0146970374515	6	0	0	0.0071278518138	0.0071278518138	0.0138457188141	0.0218248892653	0.0071278518138
M03_L_TO_DY:G808-E1692	M03_L_TO_DY	CORE13	L	DY	G808-E1692	qok	edy	0	f105v	f105v	G808-P0448	f105v.3	3	8	S	B	3	3	EXACT	0.0432269109267	13	-0.0647976111817	1	0.00636262827978	72	0	0	0.00994031675255	86	0.0110476890176	86	0.0106001621298	68	-0.0656759695754	4	0.00652046345481	6	0	0	-0.0152080719752	-0.0152080719752	-0.0109705381252	-0.00868760852036	-0.0152080719752
M03_L_TO_DY:G808-E1732	M03_L_TO_DY	CORE13	L	DY	G808-E1732	qok	edy	0	f106r	f106r	G808-P0465	f106r.23	23	5	S	B	3	3	EXACT	0.0737172752268	5	0.0887307774382	1	0.0403891821616	72	-0.000969372038954	2	0.041149019543	78	0.0407571889512	80	0.0428242263491	68	-0.00100689064207	4	0.030113563276	6	-0.0227700799837	2	0.202837234827	0.201867862788	0.205272279014	0.232950798103	0.180067154843
M03_L_TO_DY:G808-E1781	M03_L_TO_DY	CORE13	L	DY	G808-E1781	qok	edy	0	f107v	f107v	G808-P0502	f107v.2	2	6	S	B	3	3	EXACT	0.16520790532	18	0.0711390868414	5	0.0348215585764	72	-0.103725737925	1	0.0599159740214	95	0.0591437171773	96	0.0369360702667	68	-0.00112495486023	4	-0.0740405909414	6	-0.15715657566	1	0.271168550738	0.167442812813	0.273283062429	0.197127959797	0.114011975078
M03_L_TO_DY:G808-E1798	M03_L_TO_DY	CORE13	L	DY	G808-E1798	qok	eody	1	f107v	f107v	G808-P0506	f107v.16	16	7	S	B	3	3	EXACT	0.0919158365802	15	0	0	0.0226390885842	72	0	0	0.0332547003788	87	0.0343875389987	87	0.0277979579649	68	-0.0650615055903	4	0.00673553925918	6	0	0	0.114554925164	0.114554925164	0.119713794545	0.121290464424	0.114554925164
M03_L_TO_DY:G808-E1832	M03_L_TO_DY	CORE13	L	DY	G808-E1832	qok	edy	0	f108r	f108r	G808-P0518	f108r.7	7	5	S	B	3	3	EXACT	0.110689601082	14	-0.0115192103595	1	0.0211720577116	72	-0.0447676072079	2	0.0328595841211	87	0.0318730321845	89	0.0229972979084	68	-0.00985739594565	4	-0.0285458982717	6	-0.0422875800964	2	0.120342448434	0.0755748412265	0.122167688631	0.0917965501626	0.0780548683379
M03_L_TO_DY:G808-E1847	M03_L_TO_DY	CORE13	L	DY	G808-E1847	qok	edy	0	f108r	f108r	G808-P0523	f108r.27	27	8	S	B	3	3	EXACT	0.136072283434	14	0.102661980743	2	0.0130931872934	72	-0.0285417611936	1	0.0322641621719	88	0.0325643779135	89	0.0192010035663	68	-0.0907400596567	4	0.0295519151885	6	-0.0260617340821	1	0.251827451471	0.223285690277	0.257935267743	0.281379366659	0.225765717388
M03_L_TO_DY:G808-E1852	M03_L_TO_DY	CORE13	L	DY	G808-E1852	qok	edy	0	f108r	f108r	G808-P0524	f108r.30	30	5	S	B	3	2	EXACT	0.439123662725	2	0	0	0.00192053169185	71	0	0	0.0102653281511	73	0.0114743055491	73	0.0057712183294	67	-0.0625787012658	4	0.0177316129948	6	0.146193189452	1	0.441044194417	0.441044194417	0.444894881054	0.458775807412	0.587237383869
M03_L_TO_DY:G808-E1858	M03_L_TO_DY	CORE13	L	DY	G808-E1858	qok	edy	0	f108r	f108r	G808-P0525	f108r.33	33	3	S	B	3	2	EXACT	0.153526285323	3	0.0139111730454	1	0.0172705718235	72	0	0	0.0190138380064	76	0.0202228154044	76	0.0111910727723	68	0.120621685381	4	0.0533619575553	6	0	0	0.184708030192	0.184708030192	0.178628531141	0.238069987748	0.184708030192
M03_L_TO_DY:G808-E1860	M03_L_TO_DY	CORE13	L	DY	G808-E1860	qok	edy	0	f108r	f108r	G808-P0525	f108r.34	34	3	S	B	3	1	EXACT	0.153526285323	3	0	0	0.0280672599162	72	-0.0399439659698	1	0.0295808221358	75	0.0296108699	76	0.0289825633356	68	0.0125067314748	4	-0.0719595270343	6	-0.0374639388583	1	0.18159354524	0.14164957927	0.182508848659	0.109634018205	0.144129606381
M03_L_TO_DY:G808-E1874	M03_L_TO_DY	CORE13	L	DY	G808-E1874	qok	edy	0	f108r	f108r	G808-P0529	f108r.46	46	10	S	B	3	3	EXACT	0.249087275805	7	-0.0171385743736	3	0.039010009096	72	0	0	0.0516223597476	82	0.0528313371457	82	0.04160101904	68	-0.00503753026407	4	-0.00228147833793	6	0	0	0.270958710527	0.270958710527	0.273549720471	0.268677232189	0.270958710527
M03_L_TO_DY:G808-E1891	M03_L_TO_DY	CORE13	L	DY	G808-E1891	qok	edy	0	f108v	f108v	G808-P0533	f108v.11	11	6	S	B	3	3	EXACT	0.122279205593	22	0	0	0.0473242860953	72	0	0	0.0673849859539	94	0.0682262920716	94	0.0504431482021	68	-0.00569652649063	4	0.0316263040344	6	0.44423791253	1	0.169603491688	0.169603491688	0.172722353795	0.201229795723	0.613841404218
M03_L_TO_DY:G808-E1892	M03_L_TO_DY	CORE13	L	DY	G808-E1892	qok	edy	0	f108v	f108v	G808-P0534	f108v.12	12	6	S	B	3	3	EXACT	0.162185068908	13	0.18799308725	3	0.011612292516	72	0	0	0.0429031336063	88	0.043744439724	88	0.0126304491182	68	-0.00569652649063	4	-0.065767135641	6	0	0	0.361790448674	0.361790448674	0.362808605276	0.296023313033	0.361790448674
M03_L_TO_DY:G808-E1913	M03_L_TO_DY	CORE13	L	DY	G808-E1913	qok	edy	0	f108v	f108v	G808-P0537	f108v.36	36	3	S	B	3	3	EXACT	0.118520967369	81	-0.177587093372	2	0.0459158799019	72	0.0363088113568	3	0.0808064203325	155	0.0805327673961	158	0.0421152634777	68	0.110526202343	4	0.0246007470597	6	0.0013982849416	3	-0.0131502461009	0.0231585652559	-0.0169508625251	0.0114505009588	-0.0117519611593
M03_L_TO_DY:G808-E1916	M03_L_TO_DY	CORE13	L	DY	G808-E1916	qok	edy	0	f108v	f108v	G808-P0537	f108v.38	38	6	S	B	3	3	EXACT	0.118520967369	81	-0.0790774925409	1	0.0280569392968	72	-0.138346846819	1	0.0747935145626	154	0.0741679566206	155	0.0301217171877	68	-0.00704444161794	4	-0.0218102354822	6	-0.0572520093837	2	0.0675004141252	-0.0708464326934	0.0695651920161	0.045690178643	0.0102484047415
M03_L_TO_DY:G808-E1928	M03_L_TO_DY	CORE13	L	DY	G808-E1928	qok	edy	0	f111r	f111r	G808-P0538	f111r.4	4	7	S	B	3	3	EXACT	0.173950582325	21	0.0273010224373	4	0.00312590941058	72	0	0	0.040377942485	97	0.0414070447618	97	0.00365926608736	68	-0.00593217412485	4	0.0675724670413	6	0	0	0.204377514173	0.204377514173	0.20491087085	0.271949981214	0.204377514173
M03_L_TO_DY:G808-E1933	M03_L_TO_DY	CORE13	L	DY	G808-E1933	qok	eody	1	f111r	f111r	G808-P0539	f111r.7	7	8	S	B	3	3	EXACT	0.129489418563	119	0.0333556225011	3	0.0184328260474	69	0	0	0.0892786035964	191	0.0903077058732	191	0.018892018993	65	0.0109701341677	4	-0.0917470274531	6	0	0	0.181277867111	0.181277867111	0.181737060057	0.089530839658	0.181277867111
M03_L_TO_DY:G808-E1981	M03_L_TO_DY	CORE13	L	DY	G808-E1981	qok	edy	0	f112r	f112r	G808-P0556	f112r.24	24	6	S	B	3	2	EXACT	0.0985109520371	11	0	0	-0.00285868241898	72	0	0	0.00935332071627	83	0.0104464087024	83	0.00100658609848	68	-0.0685687254867	4	0.0546213334005	6	0	0	0.0956522696181	0.0956522696181	0.0995175381356	0.150273603019	0.0956522696181
M03_L_TO_DY:G808-E1987	M03_L_TO_DY	CORE13	L	DY	G808-E1987	qok	edy	0	f112r	f112r	G808-P0557	f112r.30	30	8	S	B	3	2	EXACT	0.161126821273	17	0.181747851334	1	0.0485102210928	72	0.0279408382866	1	0.0703017521121	90	0.0707284190692	91	0.0519445014906	68	-0.00987302394042	4	-0.112739782381	6	0.0671641037896	1	0.391384893699	0.419325731986	0.394819174097	0.278645111318	0.458548997489
M03_L_TO_DY:G808-E2004	M03_L_TO_DY	CORE13	L	DY	G808-E2004	qok	edy	0	f112v	f112v	G808-P0567	f112v.20	20	5	S	B	3	3	EXACT	0.297149750657	4	-0.0834200759686	1	0.0193541250892	72	0	0	0.029388349718	77	0.0304525323097	77	0.02489889362	68	-0.0749075069927	4	-0.0672166612117	6	0	0	0.233083799778	0.233083799778	0.238628568309	0.165867138566	0.233083799778
M03_L_TO_DY:G808-E2011	M03_L_TO_DY	CORE13	L	DY	G808-E2011	qok	edy	0	f112v	f112v	G808-P0571	f112v.33	33	4	S	B	3	3	EXACT	0.153661931555	16	0.144515572995	2	0.00839335802754	72	0	0	0.035255148081	90	0.0363193306727	90	0.0147851287051	68	-0.10026731055	4	0.00677801910961	6	0	0	0.306570862578	0.306570862578	0.312962633255	0.313348881687	0.306570862578
M03_L_TO_DY:G808-E2019	M03_L_TO_DY	CORE13	L	DY	G808-E2019	qok	edy	0	f112v	f112v	G808-P0574	f112v.42	42	10	S	B	3	3	EXACT	0.0381832937938	9	0	0	0.0304640499914	71	0	0	0.028872761631	80	0.0299369442227	80	0.0314994791256	67	0.0131202570829	4	0.00635884520281	6	0	0	0.0686473437852	0.0686473437852	0.0696827729193	0.075006188988	0.0686473437852
M03_L_TO_DY:G808-E2025	M03_L_TO_DY	CORE13	L	DY	G808-E2025	qok	edy	0	f113r	f113r	G808-P0576	f113r.2	2	4	S	B	3	3	EXACT	0.0225276086469	7	0.126596553329	4	0.0212797450407	72	0	0	0.0249745327589	83	0.0260682293391	83	0.0227854766088	68	-0.0043179503652	4	0.0336344581613	6	0	0	0.170403907016	0.170403907016	0.171909638584	0.204038365177	0.170403907016
M03_L_TO_DY:G808-E2026	M03_L_TO_DY	CORE13	L	DY	G808-E2026	qok	edy	0	f113r	f113r	G808-P0577	f113r.4	4	7	S	B	3	3	EXACT	0.138183462978	23	0.105893946928	2	0.0345559642908	72	0	0	0.0599404708536	97	0.0610341674339	97	0.0357520740531	68	0.0142218395844	4	0.0816523536032	6	0	0	0.278633374197	0.278633374197	0.279829483959	0.3602857278	0.278633374197
M03_L_TO_DY:G808-E2029	M03_L_TO_DY	CORE13	L	DY	G808-E2029	qok	eody	1	f113r	f113r	G808-P0579	f113r.10	10	2	S	B	3	3	EXACT	-0.0588228897849	12	-0.0805298772553	2	0.0161975927748	72	0.0176658538674	1	0.00235476698563	86	0.00341607309545	87	0.00685956978218	68	0.174943724902	4	0.0333879650967	6	-0.0134976179515	1	-0.123155174265	-0.105489320398	-0.132493197258	-0.0897672091686	-0.136652792217
M03_L_TO_DY:G808-E2139	M03_L_TO_DY	CORE13	L	DY	G808-E2139	qok	edy	0	f115r	f115r	G808-P0633	f115r.6	6	4	S	B	@	3	EXACT	0.137565624306	12	0.295727388121	1	-0.00914627789826	70	0.00730277241736	1	0.014216667128	83	0.0150264984952	84	-0.00407691837997	66	-0.0927919431765	4	0.0185730996774	6	0.00977806667315	1	0.424146734528	0.431449506946	0.429216094046	0.442719834206	0.433924801201
M03_L_TO_DY:G808-E0269	M03_L_TO_DY	CORE13	L	DY	G808-E0269	qok	edy	0	f26r	f26r	G808-P0091	f26r.7	7	2	H	B	2	3	EXACT	0.0596034887729	7	0.179693754973	2	0.0396330898594	72	-0.0793471881975	1	0.0432002276847	81	0.0425673423676	82	0.0312674459526	68	0.181848534976	4	0.0612329713162	6	-0.0768805016221	1	0.278930333605	0.199583145408	0.270564689699	0.340163304921	0.202049831983
M03_L_TO_DY:G808-E0313	M03_L_TO_DY	CORE13	L	DY	G808-E0313	qok	edy	0	f31r	f31r	G808-P0108	f31r.6	6	2	H	B	2	2	EXACT	0.0345725590581	3	0.373686869727	3	0.00780979280967	72	0	0	0.020748319	78	0.0218365423247	78	-0.00265954751104	68	0.185788149085	4	0.031031924819	6	0	0	0.416069221595	0.416069221595	0.405599881274	0.447101146414	0.416069221595
M03_L_TO_DY:G808-E0316	M03_L_TO_DY	CORE13	L	DY	G808-E0316	qok	edy	0	f31r	f31r	G808-P0108	f31r.7	7	5	H	B	2	2	EXACT	0.0345725590581	3	0	0	-0.025813875379	72	0	0	-0.0253499364701	75	-0.0242617131454	75	-0.0233717276693	68	-0.0673308156208	4	-0.0423819777439	6	0	0	0.00875868367906	0.00875868367906	0.0112008313888	-0.0336232940648	0.00875868367906
M03_L_TO_DY:G808-E0320	M03_L_TO_DY	CORE13	L	DY	G808-E0320	qok	edy	0	f31r	f31r	G808-P0109	f31r.10	10	5	H	B	2	2	EXACT	-0.00682876416889	19	0	0	-0.0108089461562	72	0	0	-0.0108958737363	91	-0.0098076504116	91	-0.00748415555101	68	-0.0673308156208	4	-0.0688924397078	6	-0.214658543144	1	-0.0176377103251	-0.0176377103251	-0.0143129197199	-0.0865301500329	-0.232296253469
M03_L_TO_DY:G808-E0336	M03_L_TO_DY	CORE13	L	DY	G808-E0336	qok	edy	0	f33r	f33r	G808-P0114	f33r.3	3	4	H	B	2	3	EXACT	0.0495201055964	34	0.076394564968	1	-0.0083130063765	72	0	0	0.0106440770006	107	0.0117237972244	107	-0.003171390891	68	-0.0957209709294	4	0.0415869027121	6	-0.0383211655988	1	0.117601664188	0.117601664188	0.122743279673	0.1591885669	0.0792804985891
M03_L_TO_DY:G808-E0344	M03_L_TO_DY	CORE13	L	DY	G808-E0344	qok	edy	0	f34r	f34r	G808-P0117	f34r.7	7	1	H	B	2	3	EXACT	0.0102367335739	41	-0.0509278978703	2	-0.0110693782804	72	-0.0212845424196	2	-0.00421735320121	115	-0.00377532393175	117	-0.0138033268898	68	0.0354071824873	4	0.0450397434163	6	-0.0186934698231	2	-0.0517605425768	-0.0730450849964	-0.0544944911862	-0.00672079916051	-0.0704540123998
M03_L_TO_DY:G808-E0349	M03_L_TO_DY	CORE13	L	DY	G808-E0349	qok	edy	0	f34r	f34r	G808-P0118	f34r.15	15	6	H	B	2	3	EXACT	0.037801696665	35	0	0	-0.00104303480304	71	0	0	0.0116789920174	106	0.0127024824001	106	0.00447804685036	67	-0.0935215064914	4	0.0136223723033	6	0	0	0.0367586618619	0.0367586618619	0.0422797435153	0.0503810341652	0.0367586618619
M03_L_TO_DY:G808-E0386	M03_L_TO_DY	CORE13	L	DY	G808-E0386	qok	edy	0	f39r	f39r	G808-P0136	f39r.2	2	3	H	B	2	3	EXACT	0.0684890941983	17	-0.194630279317	3	-0.0129780410947	72	0	0	-0.00497227316908	92	-0.00387636529623	92	-0.0207875711123	68	0.119783512118	4	0.0142332963662	6	0	0	-0.139119226213	-0.139119226213	-0.146928756231	-0.124885929847	-0.139119226213
M03_L_TO_DY:G808-E0403	M03_L_TO_DY	CORE13	L	DY	G808-E0403	qok	edy	0	f40v	f40v	G808-P0144	f40v.13	13	5	H	B	2	2	EXACT	0.0286004088349	36	0	0	-0.00501232373195	72	-0.443050569606	1	0.0060525997977	108	0.00285724037984	109	0.000467654421799	68	-0.0981724568891	4	0.00555210124445	6	-0.455998896883	1	0.023588085103	-0.419462484503	0.0290680632567	0.0291401863475	-0.43241081178
M03_L_TO_DY:G808-E0405	M03_L_TO_DY	CORE13	L	DY	G808-E0405	qok	edy	0	f41r	f41r	G808-P0145	f41r.2	2	11	H	B	5	3	EXACT	-0.0153980306877	11	0.113452071787	1	0.000230073146215	72	0	0	-0.00175902784872	84	-0.000679307624887	84	0.000926669312259	68	-0.011612562976	4	0.0378296111826	6	-0.239022438055	1	0.0982841142458	0.0982841142458	0.0989807104118	0.136113725428	-0.140738323809
M03_L_TO_DY:G808-E0409	M03_L_TO_DY	CORE13	L	DY	G808-E0409	qok	edy	0	f41r	f41r	G808-P0146	f41r.8	8	6	H	B	5	3	EXACT	0.133049100874	8	0	0	0.00171244678758	72	-0.0809635390047	1	0.0134470721034	80	0.0131404114681	81	0.00115104192661	68	0.0112558281247	4	-0.00518023947984	6	-0.0139583312917	1	0.134761547662	0.0537980086573	0.134200142801	0.129581308182	0.12080321637
M03_L_TO_DY:G808-E0412	M03_L_TO_DY	CORE13	L	DY	G808-E0412	qok	edy	0	f41r	f41r	G808-P0146	f41r.10	10	7	H	B	5	2	EXACT	0.133049100874	8	0	0	0.0055674616352	72	0	0	0.0169165854662	80	0.0179963056901	80	0.00657802183	68	-0.011612562976	4	0.00479212777197	6	-0.0672518485931	1	0.13861656251	0.13861656251	0.139627122704	0.143408690282	0.0713647139165
M03_L_TO_DY:G808-E0440	M03_L_TO_DY	CORE13	L	DY	G808-E0440	qok	edy	0	f43r	f43r	G808-P0155	f43r.10	10	9	H	B	2	3	EXACT	0.0593358384438	15	0	0	-0.00892439990195	72	0.0994743816472	1	0.00197207410963	87	0.00401461339409	88	-0.00389941594527	68	-0.0943496350111	4	0.073702639112	6	0.031331729426	1	0.0504114385419	0.149885820189	0.0554364224986	0.124114077654	0.0817431679679
M03_L_TO_DY:G808-E0500	M03_L_TO_DY	CORE13	L	DY	G808-E0500	qok	edy	0	f46v	f46v	G808-P0175	f46v.5	5	3	H	B	2	3	EXACT	-0.0526492905519	32	-0.0703751839423	5	0.00191601425934	72	0	0	-0.0179188094224	109	-0.0168478271727	109	-0.00499347681638	68	0.119376997663	4	-0.0287107715837	6	-0.0810452786987	1	-0.121108460235	-0.121108460235	-0.12801795131	-0.149819231819	-0.202153738933
M03_L_TO_DY:G808-E0524	M03_L_TO_DY	CORE13	L	DY	G808-E0524	qok	edy	0	f48r	f48r	G808-P0180	f48r.6	6	4	H	B	5	3	EXACT	-0.00013534181672	33	0.395263536378	1	-0.0142369735298	72	0	0	-0.00635177478331	106	-0.00528556143102	106	-0.00944779519952	68	-0.0956535939442	4	0.065563104855	6	0	0	0.380891221031	0.380891221031	0.385680399362	0.446454325886	0.380891221031
M03_L_TO_DY:G808-E0566	M03_L_TO_DY	CORE13	L	DY	G808-E0566	qok	edy	0	f50v	f50v	G808-P0190	f50v.8	8	4	H	B	2	3	EXACT	0.000433858820725	38	0	0	0.00193327163186	72	0	0	0.00141486685759	110	0.00249458708142	110	0.00767760935314	68	-0.0957209709294	4	0.0138372670712	6	0.0919518625721	1	0.00236713045258	0.00236713045258	0.00811146817387	0.0162043975238	0.0943189930247
M03_L_TO_DY:G808-E0666	M03_L_TO_DY	CORE13	L	DY	G808-E0666	qok	eody	1	f66r	f66r	G808-P0215	f66r.57	57	4	T	B	5	2	EXACT	-0.0284354028504	28	0	0	0.0142521934395	71	0	0	0.00180382780616	99	0.00287249214446	99	0.0207230337924	67	-0.0941342371814	4	0.00539671485487	6	0	0	-0.0141832094109	-0.0141832094109	-0.007712369058	-0.00878649455599	-0.0141832094109
M03_L_TO_DY:G808-E0674	M03_L_TO_DY	CORE13	L	DY	G808-E0674	qok	eody	1	f66r	f66r	G808-P0218	f66r.71	71	8	T	B	5	2	EXACT	0.0462607526812	40	0	0	0.000679067740951	71	0	0	0.017170175338	111	0.0182388396763	111	0.00651385158413	67	-0.0970534163428	4	-0.00273011700781	6	-0.0290858667386	1	0.0469398204222	0.0469398204222	0.0527746042654	0.0442097034144	0.0178539536836
M03_L_TO_DY:G808-E0686	M03_L_TO_DY	CORE13	L	DY	G808-E0686	qok	edy	0	f66v	f66v	G808-P0219	f66v.5	5	3	H	B	5	2	EXACT	-0.00981794101429	20	0	0	0.0132720113715	72	0	0	0.00752231889851	92	0.00860203912234	92	0.0188466631803	68	-0.0814975706779	4	0.0764585833131	6	0	0	0.00345407035718	0.00345407035718	0.009028722166	0.0799126536703	0.00345407035718
M03_L_TO_DY:G808-E0695	M03_L_TO_DY	CORE13	L	DY	G808-E0695	qok	edy	0	f75r	f75r	G808-P0222	f75r.9	9	4	B	B	2	3	EXACT	0.11843744527	86	0.112200195087	1	0.0152947427582	72	0	0	0.0730424624938	159	0.0742066333113	159	0.0219810133849	68	-0.0983723449759	4	-0.0696959727531	6	0	0	0.245932383115	0.245932383115	0.252618653742	0.176236410362	0.245932383115
M03_L_TO_DY:G808-E0715	M03_L_TO_DY	CORE13	L	DY	G808-E0715	qok	edy	0	f75r	f75r	G808-P0224	f75r.42	42	2	B	B	2	2	EXACT	0.140990004058	37	0.0697267122161	2	0.0205284290438	72	0	0	0.0611232191774	111	0.0622873899949	111	0.0110952130606	68	0.180892613678	4	0.0762334098875	6	0	0	0.231245145318	0.231245145318	0.221811929335	0.307478555206	0.231245145318
M03_L_TO_DY:G808-E0718	M03_L_TO_DY	CORE13	L	DY	G808-E0718	qok	edy	0	f75v	f75v	G808-P0226	f75v.1	1	3	B	B	2	2	EXACT	0.0924352708154	51	-0.233490916231	2	0.0355892389612	72	0	0	0.0547146444973	125	0.0558268710173	125	0.0308266838711	68	0.116552093511	4	-0.00627431879588	6	0	0	-0.105466406454	-0.105466406454	-0.110228961544	-0.11174072525	-0.105466406454
M03_L_TO_DY:G808-E0724	M03_L_TO_DY	CORE13	L	DY	G808-E0724	qok	edy	0	f75v	f75v	G808-P0226	f75v.12	12	1	B	B	2	3	EXACT	0.0924352708154	51	-0.0469839839319	7	0.036589106343	72	0.0239872585253	1	0.0539294792617	130	0.0546715320784	131	0.0361808538069	68	0.0435288174744	4	0.0783210047058	6	0.02631073904	1	0.0820403932265	0.106027651752	0.0816321406905	0.160361397932	0.108351132267
M03_L_TO_DY:G808-E0731	M03_L_TO_DY	CORE13	L	DY	G808-E0731	qok	edy	0	f75v	f75v	G808-P0228	f75v.47	47	7	B	B	2	3	EXACT	0.182846044711	30	0.005713091844	2	0.00593848428653	72	0.0196083788938	1	0.056456642937	104	0.0570412618529	105	0.00559510570457	68	0.0117753381979	4	-0.0744827225158	6	0.0589951389004	1	0.194497620841	0.214105999735	0.194154242259	0.120014898326	0.253492759742
M03_L_TO_DY:G808-E0735	M03_L_TO_DY	CORE13	L	DY	G808-E0735	qok	edy	0	f75v	f75v	G808-P0230	f75v.60	60	2	B	B	2	2	EXACT	0.13477212479	36	0	0	0.0363153263627	72	-0.0356226498606	1	0.0690059133352	108	0.0689880563911	109	0.0279005714398	68	0.17936557807	4	-0.0243326943656	6	-0.0332991693459	1	0.171087451153	0.135464801292	0.16267269623	0.146754756787	0.137788281807
M03_L_TO_DY:G808-E0747	M03_L_TO_DY	CORE13	L	DY	G808-E0747	qok	edy	0	f76r	f76r	G808-P0231	f76r.6	6	7	T	B	2	3	EXACT	0.112803429726	114	-0.0790336341884	2	-0.00101609171262	70	-0.139410845602	1	0.0694867642131	186	0.0693391926414	187	-0.000819070332498	66	-0.00426690027338	4	0.0365668463741	6	-0.136735555842	1	0.0327537038253	-0.106657141777	0.0329507252054	0.0693205501994	-0.103981852017
M03_L_TO_DY:G808-E0760	M03_L_TO_DY	CORE13	L	DY	G808-E0760	qok	edy	0	f76r	f76r	G808-P0231	f76r.23	23	2	T	B	2	3	EXACT	0.112803429726	114	0.12990015934	2	-0.00051403727386	70	0	0	0.0719223093624	186	0.0729876887639	186	-0.0115029760841	66	0.180803497307	4	0.0438984115534	6	0	0	0.242189551792	0.242189551792	0.231200612982	0.286087963346	0.242189551792
M03_L_TO_DY:G808-E0764	M03_L_TO_DY	CORE13	L	DY	G808-E0764	qok	edy	0	f76r	f76r	G808-P0231	f76r.33	33	1	T	B	2	3	EXACT	0.112803429726	114	0.0396574196047	5	0.0156682551064	70	0	0	0.0763208770534	189	0.077386256455	189	0.0135506082061	66	0.0506094731726	4	0.0388121327201	6	0	0	0.168129104437	0.168129104437	0.166011457537	0.206941237158	0.168129104437
M03_L_TO_DY:G808-E0787	M03_L_TO_DY	CORE13	L	DY	G808-E0787	qok	edy	0	f76v	f76v	G808-P0235	f76v.7	7	9	B	B	2	3	EXACT	0.161069992795	38	0	0	0.0230555043927	72	0	0	0.0706696221014	110	0.0717632713893	110	0.0299875353066	68	-0.094789503525	4	0.0797146093406	6	0	0	0.184125497188	0.184125497188	0.191057528101	0.263840106528	0.184125497188
M03_L_TO_DY:G808-E0795	M03_L_TO_DY	CORE13	L	DY	G808-E0795	qok	edy	0	f76v	f76v	G808-P0237	f76v.16	16	4	B	B	2	2	EXACT	0.183506798252	18	0	0	0.0399198551805	72	0	0	0.0676706505889	90	0.0687642998768	90	0.0478751852929	68	-0.0953212391127	4	0.0626751509262	6	0	0	0.223426653432	0.223426653432	0.231381983545	0.286101804359	0.223426653432
M03_L_TO_DY:G808-E0798	M03_L_TO_DY	CORE13	L	DY	G808-E0798	qok	edy	0	f76v	f76v	G808-P0237	f76v.17	17	8	B	B	2	3	EXACT	0.183506798252	18	-0.022007031996	1	0.0184128622583	72	-0.0284147546704	1	0.0495842064782	91	0.0496321938103	92	0.025071796576	68	-0.094789503525	4	0.017100820852	6	-0.0257442328128	1	0.179912628514	0.151497873844	0.186571562832	0.197013449366	0.154168395701
M03_L_TO_DY:G808-E0800	M03_L_TO_DY	CORE13	L	DY	G808-E0800	qok	edy	0	f76v	f76v	G808-P0237	f76v.18	18	5	B	B	2	2	EXACT	0.183506798252	18	-0.0648505967719	1	0.0250500456283	72	0	0	0.0543647959053	91	0.0554584451932	91	0.0267629210479	68	-0.00406931888626	4	-0.0523322189952	6	0	0	0.143706247108	0.143706247108	0.145419122528	0.0913740281131	0.143706247108
M03_L_TO_DY:G808-E0803	M03_L_TO_DY	CORE13	L	DY	G808-E0803	qok	edy	0	f76v	f76v	G808-P0237	f76v.20	20	3	B	B	2	3	EXACT	0.183506798252	18	0.133938237261	2	0.0250215278696	72	-0.0523963001801	1	0.0572846193364	92	0.0570031841265	93	0.0196394756252	68	0.116515933642	4	0.0195198382684	6	-0.139119033064	1	0.342466563382	0.290070263202	0.337084511138	0.36198640165	0.203347530318
M03_L_TO_DY:G808-E0811	M03_L_TO_DY	CORE13	L	DY	G808-E0811	qok	edy	0	f76v	f76v	G808-P0238	f76v.25	25	4	B	B	2	3	EXACT	0.123853252018	39	-0.27039761823	1	0.00903462910464	72	-0.233021875426	2	0.0464257985931	112	0.0422975248493	114	0.0151731812126	68	-0.0953212391127	4	0.00399527296481	6	-0.261481160425	2	-0.137509737107	-0.370531612534	-0.131371184999	-0.133514464143	-0.398990897532
M03_L_TO_DY:G808-E0826	M03_L_TO_DY	CORE13	L	DY	G808-E0826	qok	edy	0	f76v	f76v	G808-P0240	f76v.41	41	4	B	B	2	2	EXACT	0.114722592893	26	0.174038107653	3	0.0234250330395	72	0.0239080259306	1	0.0506282506544	101	0.0512814865746	102	0.0304100794966	68	-0.0953212391127	4	-0.0791144484281	6	0.00862076836006	2	0.312185733586	0.336093759516	0.319170780043	0.233071285157	0.320806501946
M03_L_TO_DY:G808-E0838	M03_L_TO_DY	CORE13	L	DY	G808-E0838	qok	edy	0	f77r	f77r	G808-P0241	f77r.21	21	4	B	B	2	2	EXACT	0.189289005836	48	0	0	0.0186293954205	72	-0.0286458391124	2	0.0873275156529	120	0.0862111850785	122	0.0254139527805	68	-0.0967085845026	4	-0.0930020347804	6	-0.00136734856073	2	0.207918401256	0.179272562144	0.214702958616	0.114916366476	0.206551052695
M03_L_TO_DY:G808-E0860	M03_L_TO_DY	CORE13	L	DY	G808-E0860	qok	edy	0	f77v	f77v	G808-P0244	f77v.8	8	5	B	B	2	3	EXACT	0.117364115821	22	0	0	0.016885419074	72	-0.114730702517	1	0.0402276066309	94	0.0394650938447	95	0.0185128380783	68	-0.010780947875	4	-0.0115372506287	6	-0.112615156842	1	0.134249534895	0.0195188323781	0.1358769539	0.122712284267	0.0216343780532
M03_L_TO_DY:G808-E0861	M03_L_TO_DY	CORE13	L	DY	G808-E0861	qok	edy	0	f77v	f77v	G808-P0244	f77v.9	9	10	B	B	2	3	EXACT	0.117364115821	22	0.0534325988482	1	0.0215612952224	72	0.0380009767349	1	0.0438366477505	95	0.0446463997743	96	0.023677892736	68	-0.0144211063854	4	0.0350483534859	6	0.0762224059456	1	0.192358009892	0.230358986627	0.194474607406	0.227406363378	0.268580415838
M03_L_TO_DY:G808-E0863	M03_L_TO_DY	CORE13	L	DY	G808-E0863	qok	edy	0	f77v	f77v	G808-P0244	f77v.10	10	8	B	B	2	3	EXACT	0.117364115821	22	0	0	0.0431424041781	72	0	0	0.0603393399021	94	0.0613916107415	94	0.0505186176166	68	-0.0822534681524	4	-0.0441525981414	6	0	0	0.160506519999	0.160506519999	0.167882733438	0.116353921858	0.160506519999
M03_L_TO_DY:G808-E0866	M03_L_TO_DY	CORE13	L	DY	G808-E0866	qok	edy	0	f77v	f77v	G808-P0244	f77v.12	12	3	B	B	2	2	EXACT	0.117364115821	22	-0.182400994987	3	0.0279352888691	72	0.541033302496	1	0.0413273727626	97	0.0473006619128	98	0.0224704064023	68	0.120838046928	4	-0.00279338851507	6	0.543148848171	1	-0.037101590297	0.503931712199	-0.0425664727637	-0.0398949788121	0.506047257874
M03_L_TO_DY:G808-E0869	M03_L_TO_DY	CORE13	L	DY	G808-E0869	qok	edy	0	f77v	f77v	G808-P0245	f77v.16	16	5	B	B	2	2	EXACT	0.171829052322	33	-0.180213445771	1	0.0356214445016	72	-0.0799588338701	1	0.0760378885714	106	0.0754691981237	107	0.0425552485474	68	-0.0822534681524	4	-0.047457547344	6	0.122670808387	2	0.0272370510527	-0.0527217828173	0.0341708550985	-0.0202204962913	0.149907859439
M03_L_TO_DY:G808-E0873	M03_L_TO_DY	CORE13	L	DY	G808-E0873	qok	edy	0	f77v	f77v	G808-P0245	f77v.20	20	3	B	B	2	2	EXACT	0.171829052322	33	0	0	0.0140759288699	72	-0.102331485408	1	0.0637710635943	105	0.0630917430726	106	0.0179549953853	68	-0.0518684457668	4	0.00816863992981	6	-0.161469625739	1	0.185904981192	0.0835734957839	0.189784047707	0.194073621122	0.0244353554532
M03_L_TO_DY:G808-E0879	M03_L_TO_DY	CORE13	L	DY	G808-E0879	qok	edy	0	f77v	f77v	G808-P0246	f77v.30	30	4	B	B	2	2	EXACT	0.130637056111	38	-0.180004298372	3	0.00322245354927	72	0.107161002584	3	0.0412413788431	113	0.0435472743841	116	0.00910347803334	68	-0.0967552065554	4	0.0117101586769	6	0.170283134121	3	-0.0461447887116	0.0610162138728	-0.0402637642275	-0.0344346300347	0.124138345409
M03_L_TO_DY:G808-E0884	M03_L_TO_DY	CORE13	L	DY	G808-E0884	qok	edy	0	f77v	f77v	G808-P0246	f77v.34	34	7	B	B	2	2	EXACT	0.130637056111	38	0	0	0.00512440289944	72	0	0	0.048711423302	110	0.0497636941414	110	0.00627412439411	68	-0.0144211063854	4	-0.0839903422663	6	0	0	0.135761459011	0.135761459011	0.136911180505	0.0517711167442	0.135761459011
M03_L_TO_DY:G808-E0898	M03_L_TO_DY	CORE13	L	DY	G808-E0898	qok	edy	0	f78r	f78r	G808-P0247	f78r.4	4	2	B	B	2	2	EXACT	0.12069761588	43	0.184491030676	1	0.0401579694725	72	0	0	0.0713052151654	116	0.0723456647881	116	0.0324553622931	68	0.171101725929	4	0.0429981147994	6	0.0267806566624	1	0.345346616028	0.345346616028	0.337644008849	0.388344730828	0.372127272691
M03_L_TO_DY:G808-E0901	M03_L_TO_DY	CORE13	L	DY	G808-E0901	qok	edy	0	f78r	f78r	G808-P0247	f78r.5	5	5	B	B	2	2	EXACT	0.12069761588	43	0	0	0.0162560912306	72	-0.0830967952615	1	0.0554263630457	115	0.0551240476498	116	0.0226709698989	68	-0.0927974117241	4	-0.0205818799393	6	-0.0805319442082	1	0.13695370711	0.0538569118487	0.143368585779	0.116371827171	0.056421762902
M03_L_TO_DY:G808-E0911	M03_L_TO_DY	CORE13	L	DY	G808-E0911	qok	edy	0	f78r	f78r	G808-P0247	f78r.13	13	1	B	B	2	2	EXACT	0.12069761588	43	-0.0737371553151	2	0.0378181881396	72	0	0	0.0663497633055	117	0.0673902129282	117	0.0374956848076	68	0.0433001791918	4	0.0477494791992	6	-0.144873926709	1	0.0847786487042	0.0847786487042	0.0844561453721	0.132528127903	-0.0600952780047
M03_L_TO_DY:G808-E0914	M03_L_TO_DY	CORE13	L	DY	G808-E0914	qok	edy	0	f78r	f78r	G808-P0247	f78r.15	15	3	B	B	2	2	EXACT	0.12069761588	43	-0.0654475365131	1	0.02507569605	72	0	0	0.0597891612549	116	0.0608296108776	116	0.0246000768943	68	0.033160656104	4	0.026214726434	6	0	0	0.0803257754164	0.0803257754164	0.0798501562607	0.10654050185	0.0803257754164
M03_L_TO_DY:G808-E0921	M03_L_TO_DY	CORE13	L	DY	G808-E0921	qok	edy	0	f78r	f78r	G808-P0248	f78r.31	31	3	B	B	2	2	EXACT	0.0671933651447	46	0	0	0.02346054514	72	0	0	0.0407317720105	118	0.0417722216332	118	0.0228899171073	68	0.033160656104	4	0.00244328575146	6	0	0	0.0906539102847	0.0906539102847	0.090083282252	0.0930971960362	0.0906539102847
M03_L_TO_DY:G808-E0922	M03_L_TO_DY	CORE13	L	DY	G808-E0922	qok	edy	0	f78r	f78r	G808-P0248	f78r.32	32	1	B	B	2	3	EXACT	0.0671933651447	46	-0.266997957665	1	0.0267454035747	72	-0.13044155673	1	0.0400656125353	119	0.0395415225487	120	0.0257715599741	68	0.0433001791918	4	0.0550423492261	6	-0.127876705677	1	-0.173059188945	-0.303500745676	-0.174033032546	-0.118016839719	-0.300935894622
M03_L_TO_DY:G808-E0928	M03_L_TO_DY	CORE13	L	DY	G808-E0928	qok	edy	0	f78v	f78v	G808-P0249	f78v.3	3	1	B	B	2	2	EXACT	0.175118794203	33	0.165507975975	2	0.0292130998291	72	0	0	0.0762797498428	107	0.0774075481338	107	0.0279002032421	68	0.0515319525751	4	0.0250590754555	6	0	0	0.369839870007	0.369839870007	0.36852697342	0.394898945462	0.369839870007
M03_L_TO_DY:G808-E0932	M03_L_TO_DY	CORE13	L	DY	G808-E0932	qok	edy	0	f78v	f78v	G808-P0249	f78v.6	6	9	B	B	2	3	EXACT	0.175118794203	33	-0.00216775480712	3	0.036259110372	72	0.156012504045	1	0.0770746423268	108	0.0787555680624	109	0.0390660923305	68	-0.0114599721571	4	-0.0176973016074	6	0.158428894139	1	0.209210149768	0.365222653812	0.212017131726	0.19151284816	0.367639043906
M03_L_TO_DY:G808-E0933	M03_L_TO_DY	CORE13	L	DY	G808-E0933	qok	edy	0	f78v	f78v	G808-P0249	f78v.7	7	7	B	B	2	2	EXACT	0.175118794203	33	-0.17611539837	1	0.0249238165913	72	-0.0841307334711	2	0.0693739518333	106	0.0673137565027	108	0.0320404124899	68	-0.096058702917	4	-0.00745361553049	6	-0.0571182929628	2	0.0239272124238	-0.0602035210473	0.0310438083223	0.0164735968933	-0.033191080539
M03_L_TO_DY:G808-E0934	M03_L_TO_DY	CORE13	L	DY	G808-E0934	qok	edy	0	f78v	f78v	G808-P0249	f78v.8	8	1	B	B	2	2	EXACT	0.175118794203	33	-0.0719926629335	3	0.0280645978782	72	-0.0899481156079	1	0.0696720532164	108	0.0691643731671	109	0.0266841423529	68	0.0515319525751	4	0.0484586531628	6	-0.087531725514	1	0.131190729148	0.0412426135397	0.129810273622	0.17964938231	0.0436590036337
M03_L_TO_DY:G808-E0936	M03_L_TO_DY	CORE13	L	DY	G808-E0936	qok	edy	0	f78v	f78v	G808-P0249	f78v.9	9	5	B	B	2	3	EXACT	0.175118794203	33	-0.0406338394336	1	0.0455335536979	72	-0.0528216558032	1	0.0846511464617	106	0.0843198814581	107	0.0485532897631	68	-0.00580234864322	4	0.0958039811222	6	-0.0991697229913	2	0.180018508467	0.127196852664	0.183038244532	0.275822489589	0.0808487854759
M03_L_TO_DY:G808-E0938	M03_L_TO_DY	CORE13	L	DY	G808-E0938	qok	edy	0	f78v	f78v	G808-P0249	f78v.10	10	2	B	B	2	2	EXACT	0.175118794203	33	-0.262061975496	1	0.0440554235887	72	0.0337003544787	1	0.0815581888775	106	0.0820644469381	107	0.0358187343276	68	0.184078751794	4	0.00361824408787	6	0.0198049369435	1	-0.0428877577039	-0.00918740322524	-0.051124446965	-0.0392695136161	-0.0230828207604
M03_L_TO_DY:G808-E0944	M03_L_TO_DY	CORE13	L	DY	G808-E0944	qok	edy	0	f78v	f78v	G808-P0249	f78v.13	13	3	B	B	2	2	EXACT	0.175118794203	33	0.188125100193	2	0.0345718202018	72	0.0236439794124	1	0.0803083677425	107	0.0807388386391	108	0.0351975827907	68	0.0239334669565	4	0.0206146857363	6	0.14394702817	2	0.397815714598	0.421459694011	0.398441477187	0.418430400334	0.541762742768
M03_L_TO_DY:G808-E0948	M03_L_TO_DY	CORE13	L	DY	G808-E0948	qok	edy	0	f78v	f78v	G808-P0249	f78v.16	16	5	B	B	2	3	EXACT	0.175118794203	33	-0.1055043357	3	0.0355126581645	72	0	0	0.0737065469415	108	0.0748343452325	108	0.0379429297865	68	-0.00580234864322	4	0.00507125090961	6	0	0	0.105127116667	0.105127116667	0.107557388289	0.110198367577	0.105127116667
M03_L_TO_DY:G808-E0952	M03_L_TO_DY	CORE13	L	DY	G808-E0952	qok	edy	0	f78v	f78v	G808-P0249	f78v.18	18	3	B	B	2	3	EXACT	0.175118794203	33	0.0146260179225	2	0.0599526523613	72	-0.0130261425708	1	0.094144085041	107	0.0941069092776	108	0.056529963983	68	0.118137965559	4	-0.0532209713777	6	0.036015751825	2	0.249697464487	0.236671321916	0.246274776108	0.196476493109	0.285713216312
M03_L_TO_DY:G808-E0972	M03_L_TO_DY	CORE13	L	DY	G808-E0972	qok	edy	0	f79r	f79r	G808-P0254	f79r.24	24	4	B	B	2	3	EXACT	0.158875380917	22	-0.269195337014	1	0.016946596233	72	0	0	0.045275273284	95	0.046503807031	95	0.0231616184101	68	-0.0887088697917	4	-0.0678852983707	6	0	0	-0.0933733598646	-0.0933733598646	-0.0871583376875	-0.161258658235	-0.0933733598646
M03_L_TO_DY:G808-E1007	M03_L_TO_DY	CORE13	L	DY	G808-E1007	qok	edy	0	f80r	f80r	G808-P0266	f80r.15	15	1	B	B	2	3	EXACT	0.0906842186872	81	0.126498498718	4	0.027770568732	72	0	0	0.0629277087194	157	0.0637590199025	157	0.0256588879629	68	0.0636687237394	4	0.0701433470442	6	0	0	0.244953286137	0.244953286137	0.242841605368	0.315096633181	0.244953286137
M03_L_TO_DY:G808-E1019	M03_L_TO_DY	CORE13	L	DY	G808-E1019	qok	edy	0	f80r	f80r	G808-P0269	f80r.40	40	6	B	B	2	2	EXACT	0.133387680381	22	0	0	0.0204527134073	72	0	0	0.0480262783543	94	0.0488575895374	94	0.0243313981708	68	-0.045485345638	4	-0.0233093811815	6	0	0	0.153840393788	0.153840393788	0.157719078552	0.130531012607	0.153840393788
M03_L_TO_DY:G808-E1028	M03_L_TO_DY	CORE13	L	DY	G808-E1028	qok	edy	0	f80v	f80v	G808-P0271	f80v.4	4	1	B	B	2	2	EXACT	0.135565611387	19	-0.0668119967964	2	0.0205899607023	72	-0.0539529396547	2	0.0414551763673	93	0.0400208241821	95	0.0197977027982	68	0.0340574910145	4	0.0354831332061	6	-0.0513147034641	2	0.0893435752926	0.0353906356379	0.0885513173885	0.124826708499	0.0380288718285
M03_L_TO_DY:G808-E1034	M03_L_TO_DY	CORE13	L	DY	G808-E1034	qok	edy	0	f80v	f80v	G808-P0271	f80v.6	6	8	B	B	2	2	EXACT	0.135565611387	19	0	0	0.038943896429	72	-0.105248480847	1	0.0584623226083	91	0.0574075151354	92	0.0415224779563	68	-0.00489284359176	4	-0.0201498682637	6	-0.00081215423212	2	0.174509507816	0.0692610269692	0.177088089343	0.154359639552	0.173697353584
M03_L_TO_DY:G808-E1070	M03_L_TO_DY	CORE13	L	DY	G808-E1070	qok	edy	0	f81r	f81r	G808-P0280	f81r.17	17	5	B	B	2	2	EXACT	0.0701107566752	43	-0.0390699333428	1	0.020746761902	72	0.302392402771	2	0.0386721506087	116	0.0438848924824	118	0.027527035723	68	-0.094518310356	4	0.00254017985672	6	0.259992118815	2	0.0517875852343	0.354179988006	0.0585678590553	0.0543277650911	0.311779704049
M03_L_TO_DY:G808-E1071	M03_L_TO_DY	CORE13	L	DY	G808-E1071	qok	edy	0	f81r	f81r	G808-P0280	f81r.19	19	1	B	B	2	2	EXACT	0.0701107566752	43	0.0789611042999	1	0.0228023774643	72	0	0	0.0409655588684	116	0.04199939558	116	0.0209469020842	68	0.054345041625	4	0.0535067919895	6	0	0	0.171874238439	0.171874238439	0.170018763059	0.225381030429	0.171874238439
M03_L_TO_DY:G808-E1085	M03_L_TO_DY	CORE13	L	DY	G808-E1085	qok	edy	0	f81r	f81r	G808-P0280	f81r.30	30	3	B	B	2	2	EXACT	0.0701107566752	43	-0.0501159379752	1	0.0314954959368	72	0	0	0.0452485544524	116	0.046282391164	116	0.032164115352	68	0.0201285485761	4	-0.000151896097663	6	0	0	0.0514903146367	0.0514903146367	0.0521589340519	0.051338418539	0.0514903146367
M03_L_TO_DY:G808-E1088	M03_L_TO_DY	CORE13	L	DY	G808-E1088	qok	edy	0	f81v	f81v	G808-P0282	f81v.12	12	5	B	B	2	2	EXACT	0.104210498844	52	-0.00395427637947	1	-0.0035324035143	72	0	0	0.0417870249718	125	0.0428070633571	125	-0.00342154410235	68	-0.00541751481692	4	-0.000604375227585	6	0	0	0.0967238189501	0.0967238189501	0.0968346783621	0.0961194437225	0.0967238189501
M03_L_TO_DY:G808-E1091	M03_L_TO_DY	CORE13	L	DY	G808-E1091	qok	edy	0	f81v	f81v	G808-P0282	f81v.14	14	7	B	B	2	2	EXACT	0.104210498844	52	-0.178677814892	1	-0.00821249707539	72	0	0	0.0376935027725	125	0.0387135411578	125	-0.00802310754425	68	-0.0114326204042	4	-0.018436986805	6	0	0	-0.0826798131232	-0.0826798131232	-0.082490423592	-0.101116799928	-0.0826798131232
M03_L_TO_DY:G808-E1107	M03_L_TO_DY	CORE13	L	DY	G808-E1107	qok	edy	0	f82r	f82r	G808-P0284	f82r.11	11	2	B	B	2	2	EXACT	0.129178372622	28	0	0	0.0367388857403	72	0	0	0.062881958595	100	0.0639695782889	100	0.0283322388025	68	0.179651528507	4	0.0480549296803	6	0	0	0.165917258362	0.165917258362	0.157510611424	0.213972188042	0.165917258362
M03_L_TO_DY:G808-E1112	M03_L_TO_DY	CORE13	L	DY	G808-E1112	qok	edy	0	f82r	f82r	G808-P0284	f82r.15	15	3	B	B	2	3	EXACT	0.129178372622	28	-0.0728481174331	5	0.027189652734	72	0	0	0.0495608393082	105	0.0506484590021	105	0.0219140244449	68	0.116874978475	4	-0.0299681786549	6	0	0	0.0835199079226	0.0835199079226	0.0782442796334	0.0535517292677	0.0835199079226
M03_L_TO_DY:G808-E1115	M03_L_TO_DY	CORE13	L	DY	G808-E1115	qok	edy	0	f82r	f82r	G808-P0284	f82r.17	17	5	B	B	2	2	EXACT	0.129178372622	28	0	0	0.0286271222313	72	0	0	0.0570414888686	100	0.0581291085625	100	0.0338936752454	68	-0.0609046341822	4	-0.0066812392038	6	0	0	0.157805494853	0.157805494853	0.163072047867	0.151124255649	0.157805494853
M03_L_TO_DY:G808-E1126	M03_L_TO_DY	CORE13	L	DY	G808-E1126	qok	edy	0	f82v	f82v	G808-P0286	f82v.6	6	1	B	B	2	2	EXACT	0.132233730423	7	-0.261551554485	1	0.0307460368819	72	0	0	0.0347935022285	80	0.0359392133413	80	0.0308504436984	68	0.0289707952767	4	0.0364375841787	6	0	0	-0.0985717871802	-0.0985717871802	-0.0984673803637	-0.0621342030014	-0.0985717871802
M03_L_TO_DY:G808-E1129	M03_L_TO_DY	CORE13	L	DY	G808-E1129	qok	edy	0	f82v	f82v	G808-P0286	f82v.7	7	11	B	B	2	3	EXACT	0.132233730423	7	0.0258667767815	2	0.0522933210638	72	0.040350974923	1	0.0572969742882	81	0.058004216356	82	0.0556724404729	68	-0.00515203461522	4	-0.0188519908536	6	0.0485110384709	1	0.210393828269	0.250744803192	0.213772947678	0.191541837415	0.25890486674
M03_L_TO_DY:G808-E1131	M03_L_TO_DY	CORE13	L	DY	G808-E1131	qok	edy	0	f82v	f82v	G808-P0286	f82v.9	9	9	B	B	2	3	EXACT	0.132233730423	7	0.138973935004	2	0.0393812161475	72	0.202162420672	1	0.0486123170348	81	0.0513987798709	82	0.0411081406387	68	0.0100231740718	4	0.0067516509118	6	0.203848828557	1	0.310588881575	0.512751302247	0.312315806066	0.317340532487	0.514437710132
M03_L_TO_DY:G808-E1139	M03_L_TO_DY	CORE13	L	DY	G808-E1139	qok	edy	0	f82v	f82v	G808-P0288	f82v.16	16	1	B	B	2	3	EXACT	0.120871972619	19	0.0710387275188	4	0.0368065912096	72	0.048050644539	1	0.0542387186316	95	0.0551219658233	96	0.0372675012218	68	0.0289707952767	4	0.0189066980318	6	0.0395846809595	1	0.228717291347	0.276767935886	0.229178201359	0.247623989379	0.268301972306
M03_L_TO_DY:G808-E1157	M03_L_TO_DY	CORE13	L	DY	G808-E1157	qok	edy	0	f83r	f83r	G808-P0292	f83r.4	4	3	B	B	2	2	EXACT	0.132416960622	25	0	0	0.0281611799126	72	-0.348618096571	1	0.0546727794523	97	0.0514079919984	98	0.0229350807787	68	0.11700448023	4	0.0201700860612	6	-0.412277537822	1	0.160578140534	-0.188039956037	0.1553520414	0.180748226595	-0.251699397288
M03_L_TO_DY:G808-E1161	M03_L_TO_DY	CORE13	L	DY	G808-E1161	qok	edy	0	f83r	f83r	G808-P0292	f83r.7	7	8	B	B	2	3	EXACT	0.132416960622	25	-0.0327439279577	1	0.0191725763131	72	0.0168979770971	1	0.0471003081988	98	0.0476474136463	99	0.0256456615704	68	-0.0908702580207	4	0.0916788193452	6	-0.0438093667802	3	0.118845608977	0.135743586074	0.125318694234	0.210524428322	0.0750362421968
M03_L_TO_DY:G808-E1164	M03_L_TO_DY	CORE13	L	DY	G808-E1164	qok	edy	0	f83r	f83r	G808-P0293	f83r.9	9	3	B	B	2	3	EXACT	0.0733455464363	28	0.39100813048	1	0.0178715938085	72	0	0	0.0366260590756	101	0.0376501239387	101	0.0120402249038	68	0.11700448023	4	0.0048271304718	6	0	0	0.482225270725	0.482225270725	0.47639390182	0.487052401197	0.482225270725
M03_L_TO_DY:G808-E1166	M03_L_TO_DY	CORE13	L	DY	G808-E1166	qok	edy	0	f83r	f83r	G808-P0293	f83r.11	11	6	B	B	2	3	EXACT	0.0733455464363	28	-0.0296446565675	2	0.00634201196361	72	0	0	0.0236401824894	102	0.0246642473525	102	0.00590567397294	68	0.0137593728462	4	-0.0741769535704	6	0	0	0.0500429018324	0.0500429018324	0.0496065638417	-0.0241340517381	0.0500429018324
M03_L_TO_DY:G808-E1169	M03_L_TO_DY	CORE13	L	DY	G808-E1169	qok	edy	0	f83r	f83r	G808-P0293	f83r.12	12	8	B	B	2	2	EXACT	0.0733455464363	28	-0.045794944619	1	0.0135759865315	72	0	0	0.0292390610652	101	0.0302631259284	101	0.015016776123	68	-0.0109178214832	4	0.0335363377066	6	0.0244370704138	1	0.0411265883488	0.0411265883488	0.0425673779403	0.0746629260554	0.0655636587626
M03_L_TO_DY:G808-E1181	M03_L_TO_DY	CORE13	L	DY	G808-E1181	qok	edy	0	f83r	f83r	G808-P0294	f83r.23	23	5	B	B	2	2	EXACT	0.163791995869	16	0	0	0.011689652924	72	0	0	0.0386062511472	88	0.0396303160103	88	0.0126201882666	68	-0.00412983285936	4	-0.0300493902236	6	0	0	0.175481648793	0.175481648793	0.176412184135	0.145432258569	0.175481648793
M03_L_TO_DY:G808-E1183	M03_L_TO_DY	CORE13	L	DY	G808-E1183	qok	edy	0	f83r	f83r	G808-P0295	f83r.25	25	4	B	B	2	2	EXACT	0.12404870429	11	-0.0162087123891	1	0.0111323223946	72	-0.184133308437	1	0.0245308268276	84	0.0228998236165	85	0.0221434594191	68	-0.17605739198	4	-0.0709016485334	6	-0.181580932826	1	0.118972314295	-0.065160994141	0.12998345132	0.0480706657621	-0.0626086185301
M03_L_TO_DY:G808-E1187	M03_L_TO_DY	CORE13	L	DY	G808-E1187	qok	edy	0	f83r	f83r	G808-P0295	f83r.28	28	4	B	B	2	2	EXACT	0.12404870429	11	0	0	0.00836921837026	72	0.0951823567814	1	0.0227151890653	83	0.0243993791269	84	0.0192178198639	68	-0.17605739198	4	0.0342293723886	6	0.225568103902	1	0.13241792266	0.227600279442	0.143266524154	0.166647295049	0.357986026563
M03_L_TO_DY:G808-E1233	M03_L_TO_DY	CORE13	L	DY	G808-E1233	qok	edy	0	f85r1	f85r	G808-P0307	f85r1.24	24	9	T	B	2	3	EXACT	0.0512915444399	8	0	0	-0.0115784096467	72	0	0	-0.00774168614508	80	-0.00671318466069	80	-0.015653020995	68	0.0576807398519	4	0.0862650639047	6	0.137094397946	1	0.0397131347932	0.0397131347932	0.0356385234449	0.125978198698	0.17680753274
M03_L_TO_DY:G808-E1249	M03_L_TO_DY	CORE13	L	DY	G808-E1249	qok	eody	1	f85r2	f85r	G808-P0314	f85r2.21	21	1	C	B	2	2	EXACT	0.0367101105648	16	0	0	0.0206430201805	70	0	0	0.0220032137367	86	0.0230317152211	86	0.0205792440375	66	0.0216928033185	4	0.0136033337052	6	0	0	0.0573531307453	0.0573531307453	0.0572893546023	0.0709564644505	0.0573531307453
M03_L_TO_DY:G808-E1329	M03_L_TO_DY	CORE13	L	DY	G808-E1329	qok	eody	1	f88r	f88r	G808-P0334	f88r.9	9	7	P	A	1	3	EXACT	-0.106680456061	17	-0.122858816257	1	0.00340835061317	72	-0.0790558948228	1	-0.0205322058275	90	-0.0202338737888	91	0.00224091076821	68	0.023254377292	4	-0.0543302898606	6	-0.0408151578515	2	-0.226130921704	-0.305186816527	-0.227298361549	-0.280461211565	-0.266946079556
M03_L_TO_DY:G808-E1344	M03_L_TO_DY	CORE13	L	DY	G808-E1344	qok	eody	1	f88v	f88v	G808-P0337	f88v.7	7	3	P	A	1	3	EXACT	-0.0414115986985	12	-0.240991642603	1	-0.0018876156446	72	-0.160151144598	1	-0.011729049694	85	-0.0125734808684	86	-0.00900654246558	68	0.119133737934	4	-0.00615977339475	6	-0.157668382998	1	-0.284290856946	-0.444442001544	-0.291409783767	-0.290450630341	-0.441959239944
M03_L_TO_DY:G808-E1359	M03_L_TO_DY	CORE13	L	DY	G808-E1359	qok	eody	1	f89r1	f89r	G808-P0340	f89r1.7	7	6	P	A	1	3	EXACT	-0.00549897310691	17	-0.186119864584	1	-0.0075586520379	72	-0.0409409840507	1	-0.0106659061112	90	-0.0101463326477	91	-0.00461597187863	68	-0.0575846760371	4	-0.0189762007938	6	-0.0381291341381	1	-0.199177489729	-0.24011847378	-0.19623480957	-0.218153690523	-0.237306623867
M03_L_TO_DY:G808-E1375	M03_L_TO_DY	CORE13	L	DY	G808-E1375	qok	eody	1	f89v1	f89v	G808-P0344	f89v1.13	13	8	P	A	1	3	EXACT	-0.00613248959959	33	-0.189004652006	1	0.0360299256914	72	0	0	0.0204076327032	106	0.0215051619647	106	0.0440712272442	68	-0.100672713137	4	-0.0255977454398	6	0	0	-0.159107215914	-0.159107215914	-0.151065914362	-0.184704961354	-0.159107215914
M03_L_TO_DY:G808-E1505	M03_L_TO_DY	CORE13	L	DY	G808-E1505	qot	eody	1	f100v	f100v	G808-P0373	f100v.14	14	3	P	A	1	3	EXACT	0.00496306781346	31	-0.156006107841	2	0.014165354249	72	0.194225046428	1	0.00778827282437	105	0.0104867036573	106	0.00702696351735	68	0.135519171598	4	0.0550517209937	6	0.14355691714	1	-0.136877685779	0.0573473606493	-0.144016076511	-0.0818259647853	0.00667923136086
M03_L_TO_DY:G808-E1554	M03_L_TO_DY	CORE13	L	DY	G808-E1554	qot	edy	0	f103r	f103r	G808-P0382	f103r.6	6	9	S	B	3	3	EXACT	0.124731066441	11	0	0	0.00255155829281	72	0	0	0.0177298856748	83	0.0189442199901	83	0.00461035552665	68	-0.0324466062086	4	-0.014199841459	6	0	0	0.127282624734	0.127282624734	0.129341421967	0.113082783275	0.127282624734
M03_L_TO_DY:G808-E1558	M03_L_TO_DY	CORE13	L	DY	G808-E1558	qot	edy	0	f103r	f103r	G808-P0384	f103r.13	13	3	S	B	3	3	EXACT	0.155093873944	9	0.287574141105	3	0.0193806243426	72	0.0645526142493	3	0.0424621977241	84	0.0437664522406	87	0.0125347478643	68	0.135761912947	4	0.0564331442877	6	0.0509679387536	3	0.462048639392	0.526601253641	0.455202762913	0.518481783679	0.513016578145
M03_L_TO_DY:G808-E1585	M03_L_TO_DY	CORE13	L	DY	G808-E1585	qot	edy	0	f103v	f103v	G808-P0400	f103v.5	5	8	S	B	3	3	EXACT	0.0852337310294	15	0.0484356398928	1	0.0123437923766	72	0	0	0.025208010252	88	0.0262663431035	88	0.0242079830578	68	-0.189346706566	4	0.000338988120485	6	0.0188061103527	1	0.146013163299	0.146013163299	0.15787735398	0.146352151419	0.164819273652
M03_L_TO_DY:G808-E1669	M03_L_TO_DY	CORE13	L	DY	G808-E1669	qot	eody	1	f105r	f105r	G808-P0440	f105r.13	13	8	S	B	3	2	EXACT	-0.0330993301645	10	-0.12242599856	1	0.0117567763887	72	-0.110299024419	1	0.00362091144789	83	0.00337466468976	84	0.0231719264066	68	-0.182301047001	4	0.0409244699921	6	-0.111601047488	1	-0.143768552336	-0.254067576755	-0.132353402318	-0.102844082344	-0.255369599823
M03_L_TO_DY:G808-E1707	M03_L_TO_DY	CORE13	L	DY	G808-E1707	qot	edy	0	f106r	f106r	G808-P0458	f106r.1	1	9	S	B	3	3	EXACT	0.0824459742604	11	0	0	0.0122415293538	72	0	0	0.0203619425818	83	0.0215203282793	83	0.0242753051658	68	-0.192331591932	4	-0.019129823677	6	0	0	0.0946875036142	0.0946875036142	0.106721279426	0.0755576799372	0.0946875036142
M03_L_TO_DY:G808-E1740	M03_L_TO_DY	CORE13	L	DY	G808-E1740	qot	edy	0	f106r	f106r	G808-P0470	f106r.36	36	4	S	B	3	3	EXACT	-0.038301844349	2	-0.190205391747	1	0.0312654495038	72	-0.0376128630912	2	0.0249401359147	75	0.0239959419194	77	0.0372024223402	68	-0.0696620211981	4	-0.0124708838542	6	0.0354424263614	2	-0.197241786592	-0.234854649683	-0.191304813756	-0.209712670446	-0.161799360231
M03_L_TO_DY:G808-E1748	M03_L_TO_DY	CORE13	L	DY	G808-E1748	qot	edy	0	f106v	f106v	G808-P0476	f106v.11	11	8	S	B	3	3	EXACT	0.164788864427	19	0	0	0.0388139668492	72	0	0	0.064167490452	91	0.0653522681863	91	0.0478710210715	68	-0.115155112857	4	-0.0500676090787	6	0	0	0.203602831276	0.203602831276	0.212659885499	0.153535222198	0.203602831276
M03_L_TO_DY:G808-E1789	M03_L_TO_DY	CORE13	L	DY	G808-E1789	qot	edy	0	f107v	f107v	G808-P0504	f107v.8	8	7	S	B	3	2	EXACT	0.199025498136	10	0	0	0.0136921180705	72	-0.100509834146	1	0.0354460687148	82	0.0347777956427	83	0.0251325042508	68	-0.180792596243	4	-0.141089980786	6	-0.117101797104	1	0.212717616207	0.11220778206	0.224158002387	0.0716276354208	0.0956158191021
M03_L_TO_DY:G808-E1827	M03_L_TO_DY	CORE13	L	DY	G808-E1827	qot	edy	0	f108r	f108r	G808-P0518	f108r.5	5	11	S	B	3	3	EXACT	0.0961877892194	16	0.0744914353295	3	0.0163426572143	72	0	0	0.0305495813657	91	0.0318375828959	91	0.0198485714299	68	-0.0432570005645	4	-0.0251945323562	6	0.166930349936	1	0.187021881763	0.187021881763	0.190527795979	0.161827349407	0.353952231699
M03_L_TO_DY:G808-E1868	M03_L_TO_DY	CORE13	L	DY	G808-E1868	qot	eody	1	f108r	f108r	G808-P0528	f108r.41	41	4	S	B	3	3	EXACT	0.146738966569	19	0	0	0.0248757155376	72	-0.205495889964	2	0.0487234187833	91	0.0441029043134	93	0.0314064392666	68	-0.0861457039699	4	-0.0120321760409	6	-0.22022440128	2	0.171614682107	-0.0338812078575	0.178145405836	0.159582506066	-0.048609719174
M03_L_TO_DY:G808-E1911	M03_L_TO_DY	CORE13	L	DY	G808-E1911	qot	edy	0	f108v	f108v	G808-P0537	f108v.34	34	4	S	B	3	3	EXACT	0.0905960573336	89	0	0	0.0334321030006	72	-0.111089154873	2	0.0634636642446	161	0.0619822336357	163	0.0397338615378	68	-0.0736967413695	4	-0.0082839218464	6	-0.112840084773	2	0.124028160334	0.0129390054616	0.130329918871	0.115744238488	0.0111880755612
M03_L_TO_DY:G808-E1949	M03_L_TO_DY	CORE13	L	DY	G808-E1949	qot	edy	0	f111v	f111v	G808-P0544	f111v.4	4	7	S	B	3	3	EXACT	0.0767791019016	104	-0.0404598755935	2	0.0183289286554	72	0	0	0.0515104282985	178	0.0526477296927	178	0.0213302836969	68	-0.0326931907179	4	0.0635269747875	6	0	0	0.0546481549634	0.0546481549634	0.0576495100049	0.118175129751	0.0546481549634
M03_L_TO_DY:G808-E1990	M03_L_TO_DY	CORE13	L	DY	G808-E1990	qot	edy	0	f112r	f112r	G808-P0559	f112r.34	34	8	S	B	3	3	EXACT	0.108765869187	11	0.145957483149	1	0.0219693573362	72	-0.0355517028877	1	0.0341295635915	84	0.034263012775	85	0.0302231114613	68	-0.118343685616	4	-0.0114672147425	6	-0.0366420137209	1	0.276692709672	0.241141006784	0.284946463797	0.265225494929	0.240050695951
M03_L_TO_DY:G808-E2007	M03_L_TO_DY	CORE13	L	DY	G808-E2007	qot	edy	0	f112v	f112v	G808-P0569	f112v.27	27	10	S	B	3	3	EXACT	0.109081486135	9	-0.143704400726	1	0.00934499867491	72	0	0	0.0166516766462	82	0.0178185015792	82	0.00994109035423	68	-0.000787863702745	4	-0.0139853044861	6	0	0	-0.0252779159158	-0.0252779159158	-0.0246818242365	-0.039263220402	-0.0252779159158
M03_L_TO_DY:G808-E2034	M03_L_TO_DY	CORE13	L	DY	G808-E2034	qot	edy	0	f113r	f113r	G808-P0580	f113r.13	13	3	S	B	3	3	EXACT	0.0709784100818	9	0	0	0.0445207426069	72	0	0	0.0469560837363	81	0.0480934538726	81	0.0391728028996	68	0.135436847356	4	0.00994317396274	6	0	0	0.115499152689	0.115499152689	0.110151212981	0.125442326651	0.115499152689
M03_L_TO_DY:G808-E2115	M03_L_TO_DY	CORE13	L	DY	G808-E2115	qot	edy	0	f114v	f114v	G808-P0620	f114v.4	4	6	S	B	3	3	EXACT	0.0112834716955	12	0.0309665840766	1	0.0281062090666	72	-0.328078471094	1	0.0248363344909	85	0.0216868388972	86	0.0318147418084	68	-0.0349383039135	4	0.0186578754019	6	-0.204855506652	2	0.0703562648387	-0.257722206255	0.0740647975805	0.0890141402405	-0.134499241814
M03_L_TO_DY:G808-E2131	M03_L_TO_DY	CORE13	L	DY	G808-E2131	qot	eody	1	f114v	f114v	G808-P0627	f114v.24	24	3	S	B	3	3	EXACT	0.0707226745923	8	0.0387912794524	2	0.0433382781847	72	0	0	0.0449179881654	82	0.0460895544695	82	0.037786780909	68	0.137714275505	4	0.0553604931303	6	0	0	0.152852232229	0.152852232229	0.147300734954	0.20821272536	0.152852232229
M03_L_TO_DY:G808-E2164	M03_L_TO_DY	CORE13	L	DY	G808-E2164	qot	edy	0	f115v	f115v	G808-P0645	f115v.3	3	6	S	B	3	3	EXACT	0.100440732134	25	0	0	0.019694998394	72	0	0	0.0399947841659	97	0.0411548516667	97	0.027591919532	68	-0.114551730001	4	0.0451154539317	6	-0.0319411294879	1	0.120135730528	0.120135730528	0.128032651666	0.16525118446	0.0881946010402
M03_L_TO_DY:G808-E2176	M03_L_TO_DY	CORE13	L	DY	G808-E2176	qot	eody	1	f115v	f115v	G808-P0650	f115v.19	19	7	S	B	3	3	EXACT	0.00968345014216	8	-0.0827900861021	1	0.0114656184163	72	0.140904547956	2	0.00932703934425	81	0.0132137505655	83	0.0188784583791	68	-0.114551730001	4	-0.0143352615066	6	0.0895433417234	2	-0.0616410175436	0.0792635304128	-0.0542281775808	-0.0759762790502	0.0279023241797
M03_L_TO_DY:G808-E0314	M03_L_TO_DY	CORE13	L	DY	G808-E0314	qot	edy	0	f31r	f31r	G808-P0108	f31r.6	6	3	H	B	2	2	EXACT	0.208719422732	9	0.276661940127	3	-0.00428630279326	72	0	0	0.0277080915039	84	0.0288750696861	84	-0.00607450598509	68	0.0261139838933	4	-0.0332619851622	6	0	0	0.481095060067	0.481095060067	0.479306856875	0.447833074904	0.481095060067
M03_L_TO_DY:G808-E0439	M03_L_TO_DY	CORE13	L	DY	G808-E0439	qot	edy	0	f43r	f43r	G808-P0155	f43r.10	10	4	H	B	2	3	EXACT	0.0897567879676	13	-0.363413207148	1	-0.0193828695861	72	0	0	-0.0074125172763	86	-0.00625528814281	86	-0.0157395069218	68	-0.0813193548942	4	-0.0488380383312	6	0	0	-0.293039288767	-0.293039288767	-0.289395926102	-0.341877327098	-0.293039288767
M03_L_TO_DY:G808-E0444	M03_L_TO_DY	CORE13	L	DY	G808-E0444	qot	edy	0	f43r	f43r	G808-P0155	f43r.12	12	5	H	B	2	3	EXACT	0.0897567879676	13	-0.0613312497938	4	-0.0048688506215	72	0	0	0.00597418372932	89	0.0071314128628	89	-0.00355910843748	68	-0.0271337877648	4	0.0154843299687	6	0	0	0.0235566875523	0.0235566875523	0.0248664297363	0.039041017521	0.0235566875523
M03_L_TO_DY:G808-E0721	M03_L_TO_DY	CORE13	L	DY	G808-E0721	qot	edy	0	f75v	f75v	G808-P0226	f75v.7	7	10	B	B	2	3	EXACT	0.0702248314959	55	0.054735167439	2	0.025048174387	72	-0.0483888876436	1	0.0445701250716	129	0.0448512603962	130	0.0287731811911	68	-0.0382751613622	4	-0.0495070042263	6	-0.0494186234166	1	0.150008173322	0.101619285678	0.153733180126	0.100501169096	0.100589549905
M03_L_TO_DY:G808-E0728	M03_L_TO_DY	CORE13	L	DY	G808-E0728	qot	edy	0	f75v	f75v	G808-P0228	f75v.43	43	7	B	B	2	3	EXACT	0.192519010956	34	-0.126966153233	3	0.00160465395919	72	0	0	0.057241928095	109	0.05837680655	109	0.00366908330989	68	-0.0334888650832	4	0.0872501371187	6	-0.052048959344	2	0.0671575116816	0.0671575116816	0.0692219410323	0.1544076488	0.0151085523376
M03_L_TO_DY:G808-E0741	M03_L_TO_DY	CORE13	L	DY	G808-E0741	qot	edy	0	f76r	f76r	G808-P0231	f76r.3	3	7	T	B	2	3	EXACT	0.0987828979649	124	-0.0314062060231	3	-0.00119551381963	70	0	0	0.0615409739588	197	0.0626883241311	197	0.000399772217564	66	-0.0275173683358	4	0.0370298000164	6	0	0	0.0661811781222	0.0661811781222	0.0677764641594	0.103210978139	0.0661811781222
M03_L_TO_DY:G808-E0806	M03_L_TO_DY	CORE13	L	DY	G808-E0806	qot	edy	0	f76v	f76v	G808-P0237	f76v.22	22	3	B	B	2	3	EXACT	0.10837505066	30	0	0	0.0258330818801	72	0.12585486138	3	0.0496060861969	102	0.0524194010826	105	0.0196435847963	68	0.13105515382	4	-0.00377731535855	6	0.118935856267	3	0.13420813254	0.260062993921	0.128018635456	0.130430817182	0.253143988808
M03_L_TO_DY:G808-E0829	M03_L_TO_DY	CORE13	L	DY	G808-E0829	qot	edy	0	f77r	f77r	G808-P0241	f77r.10	10	5	B	B	2	3	EXACT	0.149045205274	43	0.00968628005746	2	0.00969813748837	72	-0.0203312996187	3	0.0606778501603	117	0.0593410225425	120	0.0119798909831	68	-0.0290910755437	4	-0.00307631957028	6	-0.0162143599322	3	0.16842962282	0.148098323201	0.170711376315	0.16535330325	0.152215262888
M03_L_TO_DY:G808-E0836	M03_L_TO_DY	CORE13	L	DY	G808-E0836	qot	edy	0	f77r	f77r	G808-P0241	f77r.20	20	7	B	B	2	3	EXACT	0.149045205274	43	-0.110685105024	1	0.0194737939258	72	0.018749757701	2	0.066149990876	116	0.0661800776757	118	0.0232908989461	68	-0.0454163950407	4	-0.124958109767	6	0.0654292160971	2	0.0578338941757	0.0765836518767	0.061650999196	-0.067124215591	0.123263110273
M03_L_TO_DY:G808-E0846	M03_L_TO_DY	CORE13	L	DY	G808-E0846	qot	edy	0	f77r	f77r	G808-P0242	f77r.27	27	6	B	B	2	2	EXACT	0.199020646614	36	0.101024652207	1	0.0289734138369	72	-0.144978636158	1	0.0854681694523	109	0.08434828773	110	0.0309515025998	68	-0.00465349875265	4	0.0235949890995	6	-0.0960103009544	1	0.329018712658	0.184040076499	0.330996801421	0.352613701757	0.233008411703
M03_L_TO_DY:G808-E0855	M03_L_TO_DY	CORE13	L	DY	G808-E0855	qot	edy	0	f77r	f77r	G808-P0243	f77r.41	41	4	B	B	2	3	EXACT	0.123039124576	38	-0.0237845883743	3	0.0247111451877	72	0	0	0.056189726354	113	0.0573286373696	113	0.030906527317	68	-0.0806097546318	4	0.0158027817965	6	0	0	0.123965681389	0.123965681389	0.130161063519	0.139768463186	0.123965681389
M03_L_TO_DY:G808-E0882	M03_L_TO_DY	CORE13	L	DY	G808-E0882	qot	edy	0	f77v	f77v	G808-P0246	f77v.31	31	5	B	B	2	2	EXACT	0.114995526741	41	0	0	0.00723046795165	72	-0.126653154	1	0.0461731337033	113	0.0456325190065	114	0.0155023266448	68	-0.133390114328	4	-0.0313104003513	6	-0.143144663964	1	0.122225994692	-0.00442715930742	0.130497853386	0.0909155943412	-0.0209186692714
M03_L_TO_DY:G808-E0906	M03_L_TO_DY	CORE13	L	DY	G808-E0906	qot	edy	0	f78r	f78r	G808-P0247	f78r.9	9	7	B	B	2	2	EXACT	0.0989303577542	59	0	0	0.0158106375432	72	-0.0614088503405	1	0.0531016113863	131	0.0532534831	132	0.01963389526	68	-0.0491841976294	4	-0.010568981997	6	-0.148136227133	2	0.114740995297	0.0533321449569	0.118564253014	0.1041720133	-0.0333952318359
M03_L_TO_DY:G808-E0930	M03_L_TO_DY	CORE13	L	DY	G808-E0930	qot	edy	0	f78v	f78v	G808-P0249	f78v.3	3	7	B	B	2	2	EXACT	0.123294218467	62	0	0	0.0117008361251	72	-0.120246051021	2	0.063162655702	134	0.0613877978795	136	0.0235496998668	68	-0.189728975621	4	0.0487438817056	6	-0.165552179736	2	0.134995054592	0.0147490035709	0.146843918334	0.183738936298	-0.0305571251439
M03_L_TO_DY:G808-E0995	M03_L_TO_DY	CORE13	L	DY	G808-E0995	qot	edy	0	f79v	f79v	G808-P0261	f79v.12	12	7	B	B	2	2	EXACT	0.133076949136	48	-0.0512139312238	1	0.0120230995727	72	-0.00996344433127	1	0.0592639223276	121	0.0596923620161	122	0.0156926731364	68	-0.0503589927433	4	0.0299941705572	6	-0.0212799991031	1	0.0938861174847	0.0839226731534	0.0975556910485	0.123880288042	0.0726061183816
M03_L_TO_DY:G808-E0999	M03_L_TO_DY	CORE13	L	DY	G808-E0999	qot	edy	0	f79v	f79v	G808-P0263	f79v.29	29	5	B	B	2	3	EXACT	0.187505886301	20	-0.0916519327658	3	0.00656420876928	72	0	0	0.0410834075462	95	0.0422295425338	95	0.00853636441179	68	-0.026961778885	4	0.0326755346205	6	0	0	0.102418162304	0.102418162304	0.104390317947	0.135093696925	0.102418162304
M03_L_TO_DY:G808-E1026	M03_L_TO_DY	CORE13	L	DY	G808-E1026	qot	edy	0	f80v	f80v	G808-P0271	f80v.1	1	4	B	B	2	2	EXACT	0.142205361648	19	0	0	0.0141329035794	72	-0.171875049385	1	0.040230054556	91	0.038838833579	92	0.0284470409716	68	-0.229207084978	4	0.114407625729	6	-0.123798136085	1	0.156338265227	-0.0155367841583	0.170652402619	0.270745890956	0.0325401291421
M03_L_TO_DY:G808-E1027	M03_L_TO_DY	CORE13	L	DY	G808-E1027	qot	edy	0	f80v	f80v	G808-P0271	f80v.2	2	2	B	B	2	2	EXACT	0.142205361648	19	-0.110318155671	1	0.024187095129	72	0	0	0.0465004163	92	0.0476072645271	92	0.0128531881782	68	0.216863860402	4	0.0445292870423	6	0	0	0.0560743011055	0.0560743011055	0.0447403941547	0.100603588148	0.0560743011055
M03_L_TO_DY:G808-E1099	M03_L_TO_DY	CORE13	L	DY	G808-E1099	qot	edy	0	f81v	f81v	G808-P0282	f81v.25	25	2	B	B	2	3	EXACT	0.0896250682413	61	0.0888370719156	4	0.0156751165629	72	0	0	0.0506553242448	137	0.0517462218017	137	0.00323602112247	68	0.227140500147	4	0.0936671710336	6	0	0	0.19413725672	0.19413725672	0.181698161279	0.287804427753	0.19413725672
M03_L_TO_DY:G808-E1110	M03_L_TO_DY	CORE13	L	DY	G808-E1110	qot	edy	0	f82r	f82r	G808-P0284	f82r.13	13	4	B	B	2	2	EXACT	0.0627033786488	36	0	0	0.0320683402494	72	-0.0589414800719	2	0.0423689818445	108	0.0413608976545	110	0.0382572965249	68	-0.0731428891908	4	-0.0263446886068	6	-0.0413876771028	2	0.0947717188982	0.0358302388263	0.100960675174	0.0684270302914	0.0533840417955
M03_L_TO_DY:G808-E1120	M03_L_TO_DY	CORE13	L	DY	G808-E1120	qot	edy	0	f82r	f82r	G808-P0285	f82r.29	29	8	B	B	2	3	EXACT	0.145322459352	52	-0.0440703069135	1	-0.00393287269081	72	-0.029310403972	2	0.0577698211652	125	0.0572778447542	127	0.00617066451688	68	-0.175691977978	4	0.0287043234661	6	-0.0126286521843	3	0.0973192797475	0.0680088757756	0.107422816955	0.126023603214	0.0846906275632
M03_L_TO_DY:G808-E1134	M03_L_TO_DY	CORE13	L	DY	G808-E1134	qot	edy	0	f82v	f82v	G808-P0287	f82v.11	11	10	B	B	2	3	EXACT	0.147835660094	17	0.164829699529	3	0.0296995166785	72	0	0	0.05551412534	92	0.0567357050435	92	0.0339909592759	68	-0.0432541411954	4	-0.0127400088527	6	0	0	0.342364876302	0.342364876302	0.346656318899	0.329624867449	0.342364876302
M03_L_TO_DY:G808-E1140	M03_L_TO_DY	CORE13	L	DY	G808-E1140	qot	edy	0	f82v	f82v	G808-P0288	f82v.17	17	9	B	B	2	3	EXACT	0.122895010487	24	-0.0437447041133	1	0.0178346492025	72	-0.0684619538584	1	0.0427734876582	97	0.0426614432711	98	0.0259176057089	68	-0.119574745124	4	3.99597922547e-05	6	-0.0702828017484	1	0.0969849555766	0.0285230017182	0.105067912083	0.0970249153688	0.0267021538282
M03_L_TO_DY:G808-E1179	M03_L_TO_DY	CORE13	L	DY	G808-E1179	qot	edy	0	f83r	f83r	G808-P0294	f83r.23	23	2	B	B	2	2	EXACT	0.193788164405	23	0	0	0.0176198461977	72	0	0	0.0598448479597	95	0.0609770667866	95	0.00598306355006	68	0.21544594598	4	0.0223101439071	6	0	0	0.211408010603	0.211408010603	0.199771227955	0.23371815451	0.211408010603
M03_L_TO_DY:G808-E1272	M03_L_TO_DY	CORE13	L	DY	G808-E1272	qot	eody	1	f86v5	f86v	G808-P0325	f86v5.29	29	2	T	B	2	3	EXACT	-0.0265927244289	63	-0.11710729839	2	0.0429868172002	72	-0.0328117332851	1	0.00874144407123	137	0.00975092790674	138	0.0321818685573	68	0.226670878132	4	0.0302114520026	6	-0.0346802911557	1	-0.100713205618	-0.133524938903	-0.111518154261	-0.0705017536157	-0.135393496774
M03_L_TO_DY:G808-E1295	M03_L_TO_DY	CORE13	L	DY	G808-E1295	qot	edy	0	f86v6	f86v	G808-P0327	f86v6.17	17	8	T	B	2	3	EXACT	0.0738327981404	30	-0.0460377721635	5	0.0171221681307	72	0	0	0.028317808995	107	0.0298000984146	107	0.0202156728855	68	-0.0354674786993	4	0.0899561956521	6	0	0	0.0449171941076	0.0449171941076	0.0480106988624	0.13487338976	0.0449171941076
M03_L_TO_DY:G808-E1308	M03_L_TO_DY	CORE13	L	DY	G808-E1308	qot	eody	1	f86v6	f86v	G808-P0329	f86v6.34	34	4	T	B	2	3	EXACT	0.0602228330746	70	0.0979030194223	3	0.0158685405865	72	0.311521503612	2	0.0393257318368	145	0.044188997835	147	0.0217185890489	68	-0.0835823492729	4	-0.0245733991457	6	0.197312793744	3	0.173994393083	0.485515896695	0.179844441546	0.149420993938	0.371307186828
M03_L_TO_DY:G808-E1345	M03_L_TO_DY	CORE13	L	DY	G808-E1345	qot	eody	1	f88v	f88v	G808-P0338	f88v.15	15	5	P	A	1	2	EXACT	0.07357166042	20	0	0	0.00254742773197	72	0	0	0.0172354146039	92	0.0184162123688	92	0.0141681036065	68	-0.19500320325	4	0.00126233130704	6	0	0	0.0761190881519	0.0761190881519	0.0877397640264	0.077381419459	0.0761190881519
M03_L_TO_DY:G808-E1537	M03_L_TO_DY	CORE13	L	DY	G808-E1537	sh	eody	1	f102v1	f102v	G808-P0378	f102v1.20	20	6	P	A	1	3	EXACT	-0.134468433683	10	-0.0115895341433	3	0.00717933201143	72	0	0	-0.0133825852392	85	-0.0123241403009	85	0.0118586841078	68	-0.0723778576134	4	-0.0242715071119	6	0	0	-0.138878635815	-0.138878635815	-0.134199283719	-0.163150142927	-0.138878635815
M03_L_TO_DY:G808-E1542	M03_L_TO_DY	CORE13	L	DY	G808-E1542	sh	eody	1	f102v1	f102v	G808-P0378	f102v1.23	23	4	P	A	1	2	EXACT	-0.134468433683	10	0	0	0.0060109381748	72	0.0120103704329	1	-0.0141244879552	82	-0.0129878634639	83	0.0132356513546	68	-0.116817389868	4	-0.0483451137334	6	0.0115933738184	1	-0.128457495508	-0.116447125075	-0.121232782328	-0.176802609242	-0.11686412169
M03_L_TO_DY:G808-E1549	M03_L_TO_DY	CORE13	L	DY	G808-E1549	sh	edy	0	f103r	f103r	G808-P0381	f103r.1	1	8	S	B	3	3	EXACT	-0.029871990594	24	0	0	0.0173587992112	71	0	0	0.0042883758308	95	0.00557916933098	95	0.0177817678199	67	0.0102690830832	4	-0.0648914003036	6	-0.0121777765995	1	-0.0125131913828	-0.0125131913828	-0.0120902227741	-0.0774045916864	-0.0246909679823
M03_L_TO_DY:G808-E1553	M03_L_TO_DY	CORE13	L	DY	G808-E1553	sh	edy	0	f103r	f103r	G808-P0382	f103r.6	6	6	S	B	3	3	EXACT	0	0	-0.192110086978	2	0.00114819481825	72	0	0	-0.0072981943537	74	-0.00600740085351	74	0.00203286318059	68	-0.0138988492287	4	0.00529091505852	6	0	0	-0.190961892159	-0.190961892159	-0.190077223797	-0.185670977101	-0.190961892159
M03_L_TO_DY:G808-E1564	M03_L_TO_DY	CORE13	L	DY	G808-E1564	sh	edy	0	f103r	f103r	G808-P0386	f103r.20	20	6	S	B	3	2	EXACT	0.0753838204704	10	0.0509955156236	1	0.0258897110506	72	0	0	0.0299340786325	83	0.0312248721327	83	0.028360276005	68	-0.0161175750617	4	0.0121846910455	6	-0.00829833725246	1	0.152269047145	0.152269047145	0.154739612099	0.16445373819	0.143970709892
M03_L_TO_DY:G808-E1568	M03_L_TO_DY	CORE13	L	DY	G808-E1568	sh	edy	0	f103r	f103r	G808-P0388	f103r.24	24	3	S	B	3	3	EXACT	0.117370330289	14	-0.309325963539	1	0.00776392076896	72	-0.213086243269	1	0.0198555657688	87	0.0182246664014	88	0.00150978314916	68	0.114076578418	4	-0.0805385871228	6	-0.214313517543	1	-0.18419171248	-0.397277955749	-0.1904458501	-0.264730299603	-0.398505230024
M03_L_TO_DY:G808-E1572	M03_L_TO_DY	CORE13	L	DY	G808-E1572	sh	edy	0	f103r	f103r	G808-P0390	f103r.30	30	5	S	B	3	3	EXACT	0.0262223125897	7	0	0	0.0174209227981	72	-0.00937302154062	2	0.0157734519679	79	0.0158466248058	81	0.0192628104533	68	-0.0138988492287	4	-0.0918504650951	6	0.022745391434	2	0.0436432353877	0.0342702138471	0.045485123043	-0.0482072297073	0.0663886268218
M03_L_TO_DY:G808-E1574	M03_L_TO_DY	CORE13	L	DY	G808-E1574	sh	edy	0	f103r	f103r	G808-P0390	f103r.32	32	2	S	B	3	2	EXACT	0.0262223125897	7	0	0	0.0392152379832	72	0.188649683089	2	0.0356366253012	79	0.0401087989119	81	0.0301260675781	68	0.193723452981	4	0.0542105149988	6	0.187422408815	2	0.0654375505728	0.254087233662	0.0563483801678	0.119648065572	0.252859959388
M03_L_TO_DY:G808-E1577	M03_L_TO_DY	CORE13	L	DY	G808-E1577	sh	edy	0	f103r	f103r	G808-P0393	f103r.38	38	8	S	B	3	3	EXACT	0.229984451532	4	-0.123349688182	1	0.00611454944555	72	0	0	0.0132995429264	77	0.0145903364266	77	0.00639059621069	68	0.00141407255105	4	0.00173040131882	6	0	0	0.112749312796	0.112749312796	0.113025359561	0.114479714115	0.112749312796
M03_L_TO_DY:G808-E1581	M03_L_TO_DY	CORE13	L	DY	G808-E1581	sh	edy	0	f103r	f103r	G808-P0396	f103r.46	46	6	S	B	3	3	EXACT	0.204496222565	5	-0.0418152264259	2	0.00188833980921	72	0.377101065252	1	0.0108856577273	79	0.0164520542801	80	0.0028165461122	68	-0.0138988492287	4	0.0132589495656	6	0.375873790977	1	0.164569335948	0.5416704012	0.165497542251	0.177828285514	0.540443126926
M03_L_TO_DY:G808-E1583	M03_L_TO_DY	CORE13	L	DY	G808-E1583	sh	edy	0	f103v	f103v	G808-P0399	f103v.1	1	11	S	B	3	3	EXACT	0.159250060278	17	0.0217295440391	5	0.0299635614667	72	-0.00908299800396	1	0.0517582967821	94	0.05204490167	95	0.0314815549908	68	0.00414939203458	4	0.0112035530124	6	-0.00998370712618	1	0.210943165784	0.20186016778	0.212461159308	0.222146718796	0.200959458658
M03_L_TO_DY:G808-E1586	M03_L_TO_DY	CORE13	L	DY	G808-E1586	sh	edy	0	f103v	f103v	G808-P0400	f103v.6	6	8	S	B	3	3	EXACT	0.170867208948	11	-0.0765398282108	1	0.00963613482273	72	0.0336652299095	1	0.028518298446	84	0.0294795926565	85	0.014454420959	68	-0.072283009014	4	-0.0126047359263	6	0.0327645207873	1	0.10396351556	0.137628745469	0.108781801696	0.0913587796336	0.136728036347
M03_L_TO_DY:G808-E1588	M03_L_TO_DY	CORE13	L	DY	G808-E1588	sh	edy	0	f103v	f103v	G808-P0401	f103v.9	9	6	S	B	3	3	EXACT	0.199501243064	12	0.0304383402649	1	0.0285250258395	72	0	0	0.0515332666348	85	0.0526838349059	85	0.0304810965953	68	-0.00473645653022	4	0.101523917256	6	0.0458886536618	2	0.258464609169	0.258464609169	0.260420679925	0.359988526425	0.304353262831
M03_L_TO_DY:G808-E1593	M03_L_TO_DY	CORE13	L	DY	G808-E1593	sh	edy	0	f103v	f103v	G808-P0403	f103v.16	16	5	S	B	3	2	EXACT	0.113388341251	7	0.0810508921648	1	0.0134844204204	72	-0.0298836685896	1	0.0216379603171	80	0.0218902958039	81	0.0185290762977	68	-0.072283009014	4	-0.0478485956525	6	0.00538217891173	2	0.207923653836	0.178039985247	0.212968309713	0.160075058184	0.213305832748
M03_L_TO_DY:G808-E1595	M03_L_TO_DY	CORE13	L	DY	G808-E1595	sh	edy	0	f103v	f103v	G808-P0404	f103v.17	17	6	S	B	3	2	EXACT	0.140915716029	9	-0.0765398282108	1	0.0299369396106	72	-0.0069201556453	1	0.0395027298915	82	0.0398381401849	83	0.0319760641176	68	-0.00473645653022	4	-0.0267845295082	6	0.0415487355353	1	0.0943128274289	0.0873926717836	0.0963519519359	0.0675282979206	0.135861562964
M03_L_TO_DY:G808-E1598	M03_L_TO_DY	CORE13	L	DY	G808-E1598	sh	edy	0	f103v	f103v	G808-P0405	f103v.22	22	7	S	B	3	3	EXACT	0.126751091447	30	0	0	0.00614594139281	72	0.263419961871	1	0.0413123590527	102	0.0444131445684	103	0.00626289844205	68	0.00414939203458	4	0.0515819302849	6	0.262519252749	1	0.132897032839	0.39631699471	0.133013989889	0.184478963124	0.395416285588
M03_L_TO_DY:G808-E1613	M03_L_TO_DY	CORE13	L	DY	G808-E1613	sh	edy	0	f103v	f103v	G808-P0410	f103v.41	41	10	S	B	3	3	EXACT	0.234618219894	13	-0.0457751170353	2	0.0240150040527	72	0.0256490011514	1	0.0527159579809	87	0.0533176378038	88	0.029679106026	68	-0.072283009014	4	0.0274187839003	6	0.0247482920292	1	0.212858106912	0.238507108063	0.218522208885	0.240276890812	0.237606398941
M03_L_TO_DY:G808-E1614	M03_L_TO_DY	CORE13	L	DY	G808-E1614	sh	edy	0	f103v	f103v	G808-P0411	f103v.44	44	8	S	B	3	3	EXACT	0.2508418274	17	0.0439715979162	2	0.0131404361808	72	-0.0475627733213	1	0.0572575133239	91	0.0570379129725	92	0.018164857691	68	-0.072283009014	4	0.0647514288157	6	-0.0484634824435	1	0.307953861497	0.260391088175	0.312978283007	0.372705290312	0.259490379053
M03_L_TO_DY:G808-E1619	M03_L_TO_DY	CORE13	L	DY	G808-E1619	sh	edy	0	f104r	f104r	G808-P0413	f104r.7	7	6	S	B	3	3	EXACT	0.0957061364126	29	-0.00191643114404	1	0.0232122092235	72	0	0	0.0431469064735	102	0.0443659618917	102	0.0262131581999	68	-0.0278121915967	4	-0.0542556356901	6	0	0	0.117001914492	0.117001914492	0.120002863468	0.0627462788019	0.117001914492
M03_L_TO_DY:G808-E1627	M03_L_TO_DY	CORE13	L	DY	G808-E1627	sh	eody	1	f104r	f104r	G808-P0418	f104r.26	26	4	S	B	3	2	EXACT	0.0688652091081	28	0	0	0.0229118699156	72	0	0	0.0353276388596	100	0.0365466942778	100	0.0297122880393	68	-0.0927035064091	4	-0.077516129919	6	0.100680589949	1	0.0917770790237	0.0917770790237	0.0985774971474	0.0142609491048	0.192457668972
M03_L_TO_DY:G808-E1659	M03_L_TO_DY	CORE13	L	DY	G808-E1659	sh	eody	1	f104v	f104v	G808-P0435	f104v.35	35	7	S	B	3	3	EXACT	0.0117645466534	4	0	0	0.0207709049999	72	-0.0501357878352	1	0.0179929582875	76	0.0180688982533	77	0.0260440667891	68	-0.068881228055	4	0.0237009695361	6	-0.0515709089488	1	0.0325354516533	-0.017600336182	0.0378086134426	0.0562364211893	-0.0190354572956
M03_L_TO_DY:G808-E1668	M03_L_TO_DY	CORE13	L	DY	G808-E1668	sh	edy	0	f105r	f105r	G808-P0440	f105r.13	13	7	S	B	3	2	EXACT	-0.0652119928819	6	0	0	0.0117106798514	72	0	0	0.00315711718363	78	0.00461860729262	78	0.0164154946499	68	-0.0682827270915	4	0.104983316865	6	0	0	-0.0535013130305	-0.0535013130305	-0.048796498232	0.0514820038341	-0.0535013130305
M03_L_TO_DY:G808-E1714	M03_L_TO_DY	CORE13	L	DY	G808-E1714	sh	edy	0	f106r	f106r	G808-P0460	f106r.8	8	5	S	B	3	3	EXACT	0.0214728303541	3	-0.348723471998	1	0.0305081203607	72	0	0	0.0222052164291	76	0.0235140504959	76	0.032851905085	68	-0.00934422353833	4	0.0888853813586	6	0.142884207482	1	-0.296742521283	-0.296742521283	-0.294398736559	-0.207857139924	-0.153858313801
M03_L_TO_DY:G808-E1734	M03_L_TO_DY	CORE13	L	DY	G808-E1734	sh	edy	0	f106r	f106r	G808-P0466	f106r.25	25	6	S	B	3	3	EXACT	0.274676427072	6	0	0	0.0153102916524	71	0	0	0.0329018829134	77	0.0342107169802	77	0.01678189251	67	-0.00934422353833	4	0.0038053188953	6	0	0	0.289986718725	0.289986718725	0.291458319582	0.29379203762	0.289986718725
M03_L_TO_DY:G808-E1737	M03_L_TO_DY	CORE13	L	DY	G808-E1737	sh	eody	1	f106r	f106r	G808-P0468	f106r.33	33	3	S	B	3	3	EXACT	0.209220165577	5	0.203076186007	1	0.0277318992	72	0.224150512717	1	0.0388530204548	78	0.0422021226735	79	0.0226607001968	68	0.113934278669	4	-0.0588193263465	6	0.106293742669	2	0.440028250784	0.664178763501	0.434957051781	0.381208924437	0.546321993453
M03_L_TO_DY:G808-E1741	M03_L_TO_DY	CORE13	L	DY	G808-E1741	sh	edy	0	f106r	f106r	G808-P0470	f106r.36	36	10	S	B	3	3	EXACT	-0.0781645542917	2	0.20870703504	2	0.0341838062871	72	-0.0283858701623	1	0.0327260108559	76	0.0329279853217	77	0.0356308646774	68	0.00957581006434	4	0.0812597781379	6	-0.0303159088493	1	0.164726287035	0.136340416873	0.166173345426	0.245986065173	0.134410378186
M03_L_TO_DY:G808-E1745	M03_L_TO_DY	CORE13	L	DY	G808-E1745	sh	eody	1	f106v	f106v	G808-P0474	f106v.6	6	4	S	B	3	3	EXACT	0.0349345108666	10	-0.00572588126467	2	0.00456668826535	72	0	0	0.00568519924308	84	0.00698706593728	84	0.0113243757556	68	-0.110322277493	4	-0.0610662895391	6	0	0	0.0337753178673	0.0337753178673	0.0405330053576	-0.0272909716718	0.0337753178673
M03_L_TO_DY:G808-E1756	M03_L_TO_DY	CORE13	L	DY	G808-E1756	sh	edy	0	f106v	f106v	G808-P0485	f106v.37	37	8	S	B	3	3	EXACT	0.0959715689507	8	0.176537266306	1	0.0319102467351	72	0	0	0.0376404297916	81	0.0389422964858	81	0.0330314592971	68	0.0128413547573	4	0.0370451231246	6	0	0	0.304419081992	0.304419081992	0.305540294554	0.341464205117	0.304419081992
M03_L_TO_DY:G808-E1759	M03_L_TO_DY	CORE13	L	DY	G808-E1759	sh	edy	0	f106v	f106v	G808-P0487	f106v.42	42	3	S	B	3	3	EXACT	0.137202199588	27	-0.269060697714	2	0.0285329480858	72	0	0	0.0505441771199	101	0.0518460438141	101	0.0233520920941	68	0.116599221521	4	0.120865710428	6	0	0	-0.10332555004	-0.10332555004	-0.108506406032	0.017540160388	-0.10332555004
M03_L_TO_DY:G808-E1777	M03_L_TO_DY	CORE13	L	DY	G808-E1777	sh	eody	1	f107r	f107r	G808-P0499	f107r.43	43	4	S	B	3	3	EXACT	0.133589685483	7	0	0	0.0059875317207	72	0.107166234241	1	0.0139476773832	79	0.0162054305152	80	0.0118883131631	68	-0.0943338983747	4	0.0504660875815	6	0.0318540701937	1	0.139577217204	0.246743451444	0.145477998646	0.190043304785	0.171431287397
M03_L_TO_DY:G808-E1791	M03_L_TO_DY	CORE13	L	DY	G808-E1791	sh	edy	0	f107v	f107v	G808-P0504	f107v.10	10	7	S	B	3	2	EXACT	0.172829639847	10	0.0478669770289	1	0.0352031415926	72	0	0	0.0500813817981	83	0.0513158610678	83	0.0359421252839	68	0.0226331350879	4	0.0395314843314	6	0	0	0.255899758468	0.255899758468	0.256638742159	0.2954312428	0.255899758468
M03_L_TO_DY:G808-E1815	M03_L_TO_DY	CORE13	L	DY	G808-E1815	sh	edy	0	f107v	f107v	G808-P0512	f107v.35	35	6	S	B	3	3	EXACT	0	0	0.19043629755	1	0.0325004559185	72	0	0	0.0320605086758	73	0.0332949879454	73	0.0334857071277	68	0.01574390161	4	-0.0207023887273	6	0	0	0.222936753468	0.222936753468	0.223922004677	0.202234364741	0.222936753468
M03_L_TO_DY:G808-E1823	M03_L_TO_DY	CORE13	L	DY	G808-E1823	sh	edy	0	f108r	f108r	G808-P0517	f108r.2	2	5	S	B	3	3	EXACT	0.105179716617	7	0	0	0.00900068068544	72	-0.109797416004	1	0.0139117261271	79	0.0134160647643	80	0.0105352414084	68	-0.0170950915747	4	0.0109057643988	6	-0.111233545264	1	0.114180397303	0.00438298129895	0.115714958026	0.125086161702	0.00294685203895
M03_L_TO_DY:G808-E1854	M03_L_TO_DY	CORE13	L	DY	G808-E1854	sh	eody	1	f108r	f108r	G808-P0525	f108r.31	31	2	S	B	3	2	EXACT	-0.0171669440656	4	-0.407849557082	1	0.0237420331981	72	0.345672397985	1	0.0119751242219	77	0.0172959806248	78	0.0134922956057	68	0.197979332299	4	0.0143847162011	6	0.362585407393	1	-0.401274467949	-0.0556020699643	-0.411524205542	-0.386889751748	-0.0386890605562
M03_L_TO_DY:G808-E1862	M03_L_TO_DY	CORE13	L	DY	G808-E1862	sh	edy	0	f108r	f108r	G808-P0526	f108r.35	35	5	S	B	3	3	EXACT	0.0866201017625	3	0	0	-0.0105834711031	72	0	0	-0.0108347115322	75	-0.00947135781338	75	-0.0102009193089	68	-0.0170950915747	4	-0.0606328297392	6	0	0	0.0760366306593	0.0760366306593	0.0764191824535	0.0154038009201	0.0760366306593
M03_L_TO_DY:G808-E1884	M03_L_TO_DY	CORE13	L	DY	G808-E1884	sh	edy	0	f108v	f108v	G808-P0531	f108v.4	4	2	S	B	3	2	EXACT	0.131701438287	17	0.349458033096	1	0.0343516542471	72	0	0	0.0585945590602	90	0.0596142343324	90	0.024905871983	68	0.19492227934	4	0.042256676474	6	-0.158869127607	1	0.51551112563	0.51551112563	0.506065343366	0.557767802104	0.356641998023
M03_L_TO_DY:G808-E1894	M03_L_TO_DY	CORE13	L	DY	G808-E1894	sh	edy	0	f108v	f108v	G808-P0535	f108v.15	15	9	S	B	3	3	EXACT	0.159298718635	17	-0.0297892698597	2	0.0316293015868	72	0	0	0.0564629491177	91	0.0574826243899	91	0.0327740624601	68	0.0121606933437	4	0.0992036715469	6	0.157071481337	1	0.161138750362	0.161138750362	0.162283511235	0.260342421909	0.3182102317
M03_L_TO_DY:G808-E1902	M03_L_TO_DY	CORE13	L	DY	G808-E1902	sh	edy	0	f108v	f108v	G808-P0536	f108v.28	28	3	S	B	3	3	EXACT	0.0440527942538	42	0.226793569801	2	0.0378952915315	72	0.0537873223069	2	0.0442480203279	116	0.0451081222705	118	0.033940229337	68	0.105123675441	4	0.114164875485	6	0.164714442765	3	0.308741655586	0.362528977893	0.304786593391	0.422906531071	0.473456098351
M03_L_TO_DY:G808-E1909	M03_L_TO_DY	CORE13	L	DY	G808-E1909	sh	edy	0	f108v	f108v	G808-P0537	f108v.32	32	6	S	B	3	3	EXACT	0.0833742216311	76	0	0	0.0174785899963	72	-0.163029304361	1	0.0509615979706	148	0.0504178837747	149	0.0189971950019	68	-0.00834536849767	4	0.050090675978	6	-0.0986603695188	1	0.100852811627	-0.0621764927335	0.102371416633	0.150943487605	0.00219244210861
M03_L_TO_DY:G808-E1919	M03_L_TO_DY	CORE13	L	DY	G808-E1919	sh	edy	0	f108v	f108v	G808-P0537	f108v.43	43	3	S	B	3	3	EXACT	0.0833742216311	76	0	0	0.0229048722801	72	0.282625776259	1	0.0536014109736	148	0.0560309536073	149	0.0180680207179	68	0.105123675441	4	-0.077605537932	6	0.280303336603	1	0.106279093911	0.388904870171	0.101442242349	0.0286735559792	0.386582430514
M03_L_TO_DY:G808-E1929	M03_L_TO_DY	CORE13	L	DY	G808-E1929	sh	edy	0	f111r	f111r	G808-P0538	f111r.5	5	4	S	B	3	2	EXACT	0.0952223138766	12	0	0	0.0284044406413	72	0.0355509092719	1	0.0365692348086	84	0.0374845615312	85	0.0414438642823	68	-0.193264230654	4	-0.0772842177666	6	0.0065245032955	1	0.123626754518	0.15917766379	0.136666178159	0.0463425367513	0.130151257813
M03_L_TO_DY:G808-E1953	M03_L_TO_DY	CORE13	L	DY	G808-E1953	sh	edy	0	f111v	f111v	G808-P0544	f111v.5	5	10	S	B	3	3	EXACT	0.0614272222268	95	-0.0309322317495	3	0.0111441367778	72	-0.103862499548	1	0.0375176242631	170	0.0375763776581	171	0.0176718558846	68	-0.0998350350848	4	-0.0115277849141	6	-0.105673170549	1	0.0416391272551	-0.0622233722929	0.0481668463619	0.030111342341	-0.064034043294
M03_L_TO_DY:G808-E1959	M03_L_TO_DY	CORE13	L	DY	G808-E1959	sh	edy	0	f111v	f111v	G808-P0544	f111v.14	14	6	S	B	3	3	EXACT	0.0614272222268	95	0	0	0.0270022516466	72	0.0405574469783	1	0.0455581750193	167	0.0464120244144	168	0.0291551824427	68	-0.00960551893394	4	0.0149007915021	6	0.126766546233	1	0.0884294738734	0.128986920852	0.0905824046695	0.103330265376	0.215196020106
M03_L_TO_DY:G808-E1961	M03_L_TO_DY	CORE13	L	DY	G808-E1961	sh	edy	0	f111v	f111v	G808-P0544	f111v.18	18	2	S	B	3	3	EXACT	0.0614272222268	95	0.054569626973	6	0.0355432714253	72	0	0	0.0494757811487	173	0.0504689571343	173	0.0259976912084	68	0.197810188065	4	0.0600256944068	6	0	0	0.151540120625	0.151540120625	0.141994540408	0.211565815032	0.151540120625
M03_L_TO_DY:G808-E1965	M03_L_TO_DY	CORE13	L	DY	G808-E1965	sh	edy	0	f111v	f111v	G808-P0546	f111v.29	29	4	S	B	3	3	EXACT	0.212665479919	6	0	0	0.00896452631751	72	0	0	0.0283524217219	78	0.0293455977075	78	0.0156905784789	68	-0.105386307473	4	0.0194157525621	6	0	0	0.221630006236	0.221630006236	0.228356058398	0.241045758798	0.221630006236
M03_L_TO_DY:G808-E1982	M03_L_TO_DY	CORE13	L	DY	G808-E1982	sh	edy	0	f112r	f112r	G808-P0556	f112r.25	25	2	S	B	3	3	EXACT	0.0776238831174	9	0.0823445860289	3	0.000976147991194	72	0	0	0.0100275281423	84	0.0112627625656	84	-0.010543001516	68	0.196793469581	4	-0.0332297624302	6	0	0	0.160944617137	0.160944617137	0.14942546763	0.127714854707	0.160944617137
M03_L_TO_DY:G808-E1994	M03_L_TO_DY	CORE13	L	DY	G808-E1994	sh	eody	1	f112r	f112r	G808-P0561	f112r.39	39	7	S	B	3	3	EXACT	0.112655589944	15	0	0	0.0153415098974	72	0.0264644714415	1	0.03056425488	87	0.0314932856167	88	0.0216132432242	68	-0.0912861766911	4	-0.00940002099241	6	0.139789496089	1	0.127997099841	0.154461571283	0.134268833168	0.118597078849	0.267786595931
M03_L_TO_DY:G808-E1996	M03_L_TO_DY	CORE13	L	DY	G808-E1996	sh	edy	0	f112r	f112r	G808-P0562	f112r.42	42	3	S	B	3	3	EXACT	0.0186124916887	19	0	0	0.011171598906	72	0	0	0.0114102536637	91	0.0126454880869	91	0.0051167856247	68	0.114095204657	4	0.08942542091	6	-0.254295800463	1	0.0297840905947	0.0297840905947	0.0237292773134	0.119209511505	-0.224511709869
M03_L_TO_DY:G808-E2006	M03_L_TO_DY	CORE13	L	DY	G808-E2006	sh	edy	0	f112v	f112v	G808-P0568	f112v.25	25	2	S	B	3	3	EXACT	0.135904254623	15	0.24584536173	1	0.0266633063032	72	-0.0517324706723	1	0.0453515560288	88	0.0452260927451	89	0.016376244632	68	0.201534995626	4	0.0650117052983	6	-0.0518402587644	1	0.408412922657	0.356680451984	0.398125860986	0.473424627955	0.356572663892
M03_L_TO_DY:G808-E2014	M03_L_TO_DY	CORE13	L	DY	G808-E2014	sh	edy	0	f112v	f112v	G808-P0572	f112v.37	37	5	S	B	3	3	EXACT	0.13715542791	15	0.157859394596	2	0.0308091699099	72	0.0972245810171	2	0.0491259417714	89	0.050902192746	91	0.0342857341563	68	-0.0283007813658	4	-0.0872850568875	6	0.0716987556453	2	0.325823992416	0.423048573433	0.329300556663	0.238538935529	0.397522748061
M03_L_TO_DY:G808-E2030	M03_L_TO_DY	CORE13	L	DY	G808-E2030	sh	eody	1	f113r	f113r	G808-P0579	f113r.10	10	7	S	B	3	3	EXACT	-0.112747446503	6	-0.125988304175	1	0.00579369809339	72	0	0	-0.00687112814343	79	-0.00558874980457	79	0.00542049892796	68	0.0121299876775	4	-0.0455002143902	6	0	0	-0.232942052584	-0.232942052584	-0.23331525175	-0.278442266974	-0.232942052584
M03_L_TO_DY:G808-E2042	M03_L_TO_DY	CORE13	L	DY	G808-E2042	sh	edy	0	f113r	f113r	G808-P0584	f113r.25	25	8	S	B	3	3	EXACT	0.013358075088	5	0	0	-0.00358573516024	72	0	0	-0.00455524620362	77	-0.00327286786476	77	0.00140631232173	68	-0.0884586385819	4	0.0637979651688	6	0	0	0.00977233992772	0.00977233992772	0.0147643874097	0.0735703050965	0.00977233992772
M03_L_TO_DY:G808-E2067	M03_L_TO_DY	CORE13	L	DY	G808-E2067	sh	edy	0	f113v	f113v	G808-P0596	f113v.13	13	5	S	B	3	3	EXACT	0.0649489090451	26	0	0	0.029037413147	72	0	0	0.0377035700531	98	0.0388638254155	98	0.0327365719424	68	-0.0338550224651	4	-0.0277815623915	6	0	0	0.0939863221921	0.0939863221921	0.0976854809875	0.0662047598006	0.0939863221921
M03_L_TO_DY:G808-E2088	M03_L_TO_DY	CORE13	L	DY	G808-E2088	sh	edy	0	f114r	f114r	G808-P0608	f114r.4	4	8	S	B	3	3	EXACT	-0.0728073694132	15	0	0	0.00154637092108	72	0	0	-0.0128745001274	87	-0.0116271447168	87	0.00702045751974	68	-0.0915214319347	4	-0.0788901067233	6	0	0	-0.0712609984921	-0.0712609984921	-0.0657869118935	-0.150151105215	-0.0712609984921
M03_L_TO_DY:G808-E2095	M03_L_TO_DY	CORE13	L	DY	G808-E2095	sh	edy	0	f114r	f114r	G808-P0610	f114r.11	11	5	S	B	3	3	EXACT	-0.0185600707751	9	0	0	0.0223227332555	72	0	0	0.0157799134514	81	0.0170272688619	81	0.0244049088613	68	-0.0130825827222	4	0.019361051351	6	0	0	0.0037626624804	0.0037626624804	0.00584483808623	0.0231237138314	0.0037626624804
M03_L_TO_DY:G808-E2110	M03_L_TO_DY	CORE13	L	DY	G808-E2110	sh	eody	1	f114r	f114r	G808-P0618	f114r.41	41	3	S	B	3	3	EXACT	0.116224083319	9	0.365015141498	1	0.0333356321832	72	0.104693624391	1	0.0444516821632	82	0.0461497714453	83	0.028570847008	68	0.114328649483	4	0.0110949987779	6	0.0269700551879	1	0.514574857001	0.619268481392	0.509810071826	0.525669855779	0.541544912189
M03_L_TO_DY:G808-E2117	M03_L_TO_DY	CORE13	L	DY	G808-E2117	sh	edy	0	f114v	f114v	G808-P0620	f114v.5	5	5	S	B	3	2	EXACT	0.0301831985306	15	-0.00495530222945	1	0.0284495552304	72	0	0	0.0266010907493	88	0.0278404747323	88	0.029572160691	68	0.00935675884992	4	-0.077688906833	6	0	0	0.0536774515315	0.0536774515315	0.0548000569921	-0.0240114553015	0.0536774515315
M03_L_TO_DY:G808-E2120	M03_L_TO_DY	CORE13	L	DY	G808-E2120	sh	edy	0	f114v	f114v	G808-P0621	f114v.6	6	7	S	B	3	3	EXACT	0.14132910617	6	0.175806709992	1	-0.00013097707564	72	0.013549938468	1	0.0104252565559	79	0.0114175978808	80	0.00424523348681	68	-0.0745350601875	4	-0.122626256997	6	0.0123412169638	1	0.317004839087	0.330554777555	0.32138104965	0.19437858209	0.329346056051
M03_L_TO_DY:G808-E2130	M03_L_TO_DY	CORE13	L	DY	G808-E2130	sh	edy	0	f114v	f114v	G808-P0626	f114v.20	20	4	S	B	3	3	EXACT	0.0390908999918	11	-0.155470601453	1	0.0057743074262	72	-0.335191977792	1	0.00618144001033	84	0.00313539443608	85	0.0125507031074	68	-0.109432922704	4	-0.113977082879	6	-0.405781638057	1	-0.110605394035	-0.445797371827	-0.103828998353	-0.224582476913	-0.516387032091
M03_L_TO_DY:G808-E2137	M03_L_TO_DY	CORE13	L	DY	G808-E2137	sh	edy	0	f115r	f115r	G808-P0632	f115r.2	2	2	S	B	@	3	EXACT	0.0997235344762	6	0	0	0.0262235474995	69	0	0	0.0298147642917	75	0.0310969261318	75	0.0162632540037	65	0.188078906779	4	0.0365036969732	6	0	0	0.125947081976	0.125947081976	0.11598678848	0.162450778949	0.125947081976
M03_L_TO_DY:G808-E2170	M03_L_TO_DY	CORE13	L	DY	G808-E2170	sh	eody	1	f115v	f115v	G808-P0647	f115v.10	10	3	S	B	3	2	EXACT	0.0252214139208	8	0	0	0.0120037965572	72	-0.0640537055654	3	0.0115605984474	80	0.00924630013461	83	0.0119403703148	68	0.0130735938473	4	-0.0764839337985	6	-0.0911976180758	3	0.037225210478	-0.0268284950874	0.0371617842355	-0.0392587233206	-0.0539724075978
M03_L_TO_DY:G808-E2183	M03_L_TO_DY	CORE13	L	DY	G808-E2183	sh	edy	0	f115v	f115v	G808-P0653	f115v.29	29	9	S	B	3	3	EXACT	0.00868160488647	4	0	0	0.00804982680646	72	0	0	0.00603533850605	76	0.0072777122633	76	0.0126084082895	68	-0.0694545072377	4	0.0845499392494	6	0.0534326718632	1	0.0167314316929	0.0167314316929	0.021290013176	0.101281370942	0.0701641035561
M03_L_TO_DY:G808-E2185	M03_L_TO_DY	CORE13	L	DY	G808-E2185	sh	edy	0	f115v	f115v	G808-P0657	f115v.41	41	5	S	B	3	3	EXACT	0.0266203138694	16	0	0	0.0420584392834	72	0	0	0.0379749856085	88	0.0392173593657	88	0.0451342982234	68	-0.0102396115279	4	-0.00541382008721	6	0	0	0.0686787531528	0.0686787531528	0.0717546120928	0.0632649330656	0.0686787531528
M03_L_TO_DY:G808-E2195	M03_L_TO_DY	CORE13	L	DY	G808-E2195	sh	edy	0	f116r	f116r	G808-P0661	f116r.10	10	4	S	B	3	3	EXACT	0.142325809655	27	0.0833967937026	2	-0.000383264585728	72	0	0	0.0384414260597	101	0.0396884044417	101	0.00600130683986	68	-0.108929258342	4	0.0150275558764	6	-0.0887190670035	1	0.225339338772	0.225339338772	0.231723910197	0.240366894648	0.136620271768
M03_L_TO_DY:G808-E2201	M03_L_TO_DY	CORE13	L	DY	G808-E2201	sh	edy	0	f116r	f116r	G808-P0663	f116r.24	24	5	S	B	3	3	EXACT	0.10956472085	62	0.419869662641	1	0.0127250183957	72	0	0	0.0605065467109	135	0.0617535250929	135	0.0142639331284	68	-0.0134448115808	4	-0.0190100065949	6	0	0	0.542159401887	0.542159401887	0.54369831662	0.523149395292	0.542159401887
M03_L_TO_DY:G808-E2204	M03_L_TO_DY	CORE13	L	DY	G808-E2204	sh	edy	0	f116r	f116r	G808-P0663	f116r.25	25	3	S	B	3	3	EXACT	0.10956472085	62	0.0813344807879	4	0.00976070216179	72	0.344855349641	1	0.0568614211521	138	0.0600163853879	139	0.00360174450301	68	0.11445470284	4	0.0289779010257	6	0.361879760793	1	0.2006599038	0.545515253441	0.194500946141	0.229637804826	0.562539664593
M03_L_TO_DY:G808-E2207	M03_L_TO_DY	CORE13	L	DY	G808-E2207	sh	edy	0	f116r	f116r	G808-P0664	f116r.35	35	1	S	B	3	3	EXACT	0.11391172255	71	0.170429461144	2	0.0205355849562	72	-0.150954327234	1	0.0688030762816	145	0.0683888128943	146	0.0182575644078	68	0.0592536547579	4	0.0339478393532	6	-0.152057300675	1	0.304876768651	0.153922441417	0.302598748102	0.338824608004	0.152819467976
M03_L_TO_DY:G808-E2208	M03_L_TO_DY	CORE13	L	DY	G808-E2208	sh	edy	0	f116r	f116r	G808-P0664	f116r.42	42	7	S	B	3	3	EXACT	0.11391172255	71	-0.125272058618	1	0.0190237089105	72	0	0	0.0653192712791	144	0.0665662496611	144	0.02455116934	68	-0.0749513979106	4	-0.0778575633	6	0	0	0.00766337284264	0.00766337284264	0.0131908332721	-0.0701941904573	0.00766337284264
M03_L_TO_DY:G808-E0267	M03_L_TO_DY	CORE13	L	DY	G808-E0267	sh	edy	0	f26r	f26r	G808-P0090	f26r.5	5	2	H	B	2	2	EXACT	0.0909730805836	20	0.011682500211	5	-0.0141361553658	72	0	0	0.00743674752977	97	0.00867784340778	97	-0.0265578222959	68	0.197023923142	4	0.0744680253306	6	-0.0297937480081	1	0.0885194254288	0.0885194254288	0.0760977584988	0.162987450759	0.0587256774207
M03_L_TO_DY:G808-E0272	M03_L_TO_DY	CORE13	L	DY	G808-E0272	sh	edy	0	f26v	f26v	G808-P0092	f26v.1	1	7	H	B	2	3	EXACT	0.0227403727203	33	0	0	-0.0120243758553	72	0	0	-0.00172767795338	105	-0.00048658207536	105	-0.0133001190193	68	0.00965499862902	4	0.100142939598	6	-0.136657218965	1	0.010715996865	0.010715996865	0.00944025370099	0.110858936463	-0.1259412221
M03_L_TO_DY:G808-E0337	M03_L_TO_DY	CORE13	L	DY	G808-E0337	sh	edy	0	f33r	f33r	G808-P0114	f33r.3	3	5	H	B	2	3	EXACT	0.0373966512157	35	-0.0935998934891	1	-0.0127747052384	72	0	0	0.00215214990689	108	0.0033932457849	108	-0.0127480396048	68	-0.0132362803137	4	-0.063983163178	6	0	0	-0.0689779475117	-0.0689779475117	-0.0689512818781	-0.13296111069	-0.0689779475117
M03_L_TO_DY:G808-E0351	M03_L_TO_DY	CORE13	L	DY	G808-E0351	sh	edy	0	f34v	f34v	G808-P0119	f34v.5	5	4	H	B	2	3	EXACT	-0.0690750881612	23	-0.0793201622898	1	0.0162344876971	72	0	0	-0.00635208765389	96	-0.00509853090227	96	0.023621879855	68	-0.109359507505	4	0.0987710796499	6	0.111450716577	1	-0.132160762754	-0.132160762754	-0.124773370596	-0.033389683104	-0.0207100461767
M03_L_TO_DY:G808-E0407	M03_L_TO_DY	CORE13	L	DY	G808-E0407	sh	edy	0	f41r	f41r	G808-P0146	f41r.6	6	9	H	B	5	3	EXACT	0.0158172933747	15	0.0462696862145	1	-0.00731156430202	72	0	0	-0.00434340163538	88	-0.00310230575736	88	-0.0084176032927	68	0.0114828392355	4	0.0169076826195	6	0	0	0.0547754152872	0.0547754152872	0.0536693762965	0.0716830979067	0.0547754152872
M03_L_TO_DY:G808-E0411	M03_L_TO_DY	CORE13	L	DY	G808-E0411	sh	edy	0	f41r	f41r	G808-P0146	f41r.10	10	2	H	B	5	2	EXACT	0.0158172933747	15	0.105378904019	1	0.0109504594627	72	0	0	0.011269949829	88	0.012511045707	88	4.47575785467e-06	68	0.197023923142	4	0.0712592917853	6	0	0	0.132146656857	0.132146656857	0.121200673152	0.203405948642	0.132146656857
M03_L_TO_DY:G808-E0482	M03_L_TO_DY	CORE13	L	DY	G808-E0482	sh	edy	0	f46r	f46r	G808-P0170	f46r.2	2	10	H	B	2	3	EXACT	-0.088877625864	18	-0.158717599244	1	-0.0502527519679	71	0.0638105777676	1	-0.0607004282165	90	-0.0583015756215	91	-0.0488850322271	67	-0.0731673336099	4	0.10244725648	6	0.198814441238	1	-0.297847977076	-0.234037399309	-0.296480257335	-0.195400720596	-0.0990335358386
M03_L_TO_DY:G808-E0485	M03_L_TO_DY	CORE13	L	DY	G808-E0485	sh	edy	0	f46r	f46r	G808-P0170	f46r.5	5	4	H	B	2	3	EXACT	-0.088877625864	18	0	0	-0.0325731237278	71	-0.106378168433	1	-0.045445139722	89	-0.0450944813843	90	-0.0278749453972	67	-0.111272886747	4	0.0838835842325	6	-0.171473128001	1	-0.121450749592	-0.227828918024	-0.116752571261	-0.0375671653592	-0.292923877593
M03_L_TO_DY:G808-E0499	M03_L_TO_DY	CORE13	L	DY	G808-E0499	sh	edy	0	f46v	f46v	G808-P0175	f46v.5	5	2	H	B	2	3	EXACT	-0.0236073544348	29	-0.0398446465529	5	0.00279271823428	72	0	0	-0.00742601390034	106	-0.00618491802232	106	-0.00863313260168	68	0.197023923142	4	0.0740471854272	6	0	0	-0.0606592827534	-0.0606592827534	-0.0720851335894	0.0133879026738	-0.0606592827534
M03_L_TO_DY:G808-E0519	M03_L_TO_DY	CORE13	L	DY	G808-E0519	sh	eody	1	f48r	f48r	G808-P0180	f48r.3	3	1	H	B	5	3	EXACT	0.00759277118013	32	0.0158354520906	2	0.00409598390224	72	0	0	0.00455849488604	106	0.00576687440218	106	0.000913933022891	68	0.0581826532156	4	0.0337353211407	6	0	0	0.027524207173	0.027524207173	0.0243421562937	0.0612595283137	0.027524207173
M03_L_TO_DY:G808-E0535	M03_L_TO_DY	CORE13	L	DY	G808-E0535	sh	edy	0	f48v	f48v	G808-P0182	f48v.7	7	8	H	B	5	3	EXACT	0.0214103593557	28	-0.0589251463708	1	0.0252445449108	71	0	0	0.0224596780882	100	0.0237106004	100	0.0313221933507	67	-0.0765614781807	4	0.0928017472875	6	0	0	-0.0122702421044	-0.0122702421044	-0.00619259366443	0.0805315051831	-0.0122702421044
M03_L_TO_DY:G808-E0565	M03_L_TO_DY	CORE13	L	DY	G808-E0565	sh	edy	0	f50v	f50v	G808-P0190	f50v.2	2	4	H	B	2	3	EXACT	-0.031234121902	54	0.0604322268411	2	-0.0159015227381	72	0.0541415773648	1	-0.0211278321585	128	-0.0194774037208	129	-0.0103911185001	68	-0.10958673548	4	-0.0329342633407	6	0.0528043906411	1	0.0132965822011	0.0674381595659	0.0188069864391	-0.0196376811396	0.0661009728422
M03_L_TO_DY:G808-E0612	M03_L_TO_DY	CORE13	L	DY	G808-E0612	sh	eody	1	f53v	f53v	G808-P0197	f53v.8	8	4	H	A	1	2	EXACT	-0.142201957153	30	-0.0255761783168	1	-0.0376208838598	72	0	0	-0.0688472648568	103	-0.0675748741927	103	-0.0288958129197	68	-0.185955491994	4	0.0770973082739	6	0	0	-0.20539901933	-0.20539901933	-0.19667394839	-0.128301711056	-0.20539901933
M03_L_TO_DY:G808-E0615	M03_L_TO_DY	CORE13	L	DY	G808-E0615	sh	eody	1	f54v	f54v	G808-P0198	f54v.7	7	2	H	A	1	2	EXACT	-0.0560323372085	49	-0.00375049272833	1	-0.00874162867806	72	0.0913349623403	2	-0.0278529401267	122	-0.0249795956447	124	-0.0209372170069	68	0.198574856298	4	0.0829615528518	6	0.0915291654727	2	-0.0685244586149	0.0228105037255	-0.0807200469437	0.0144370942369	0.0230047068578
M03_L_TO_DY:G808-E0641	M03_L_TO_DY	CORE13	L	DY	G808-E0641	sh	edy	0	f58r	f58r	G808-P0207	f58r.15	15	6	S	A	3	2	EXACT	-0.0424577302156	62	0	0	0.0350627335799	71	0	0	-0.00071967087551	133	0.000521948084711	133	0.0364721535374	67	0.0114487881257	4	0.030981261261	6	0.0870812716037	1	-0.00739499663561	-0.00739499663561	-0.00598557667811	0.0235862646254	0.0796862749681
M03_L_TO_DY:G808-E0040	M03_L_TO_DY	CORE13	L	DY	G808-E0040	sh	eody	1	f5r	f5r	G808-P0015	f5r.4	4	2	H	A	1	2	EXACT	-0.0740557957733	15	0	0	0.00781158589914	72	0.0782618004569	1	-0.0077460709663	87	-0.00579158405593	88	-0.00325224038339	68	0.195888355756	4	-0.021810062164	6	0.147738129778	1	-0.0662442098742	0.0120175905827	-0.0773080361567	-0.0880542720382	0.0814939199037
M03_L_TO_DY:G808-E0680	M03_L_TO_DY	CORE13	L	DY	G808-E0680	sh	eody	1	f66r	f66r	G808-P0218	f66r.77	77	8	T	B	5	3	EXACT	0.0886621113603	29	0.097596067842	2	0.00154803050288	71	0.156662481321	2	0.0273577291196	102	0.0306547614083	104	0.00719765201598	67	-0.093086006429	4	-0.0769847275569	6	0.17278951776	3	0.187806209705	0.344468691026	0.193455831218	0.110821482148	0.360595727465
M03_L_TO_DY:G808-E0687	M03_L_TO_DY	CORE13	L	DY	G808-E0687	sh	eody	1	f66v	f66v	G808-P0220	f66v.6	6	2	H	B	5	3	EXACT	0.29379451563	5	0.0161208239199	2	-0.00816033221963	72	0.232847786863	1	0.00933919205298	79	0.0130842122483	80	-0.0202130651858	68	0.19672778751	4	0.0730516866261	6	0.231260795113	1	0.30175500733	0.534602794193	0.289702274364	0.374806693956	0.533015802443
M03_L_TO_DY:G808-E0689	M03_L_TO_DY	CORE13	L	DY	G808-E0689	sh	eody	1	f66v	f66v	G808-P0220	f66v.7	7	2	H	B	5	3	EXACT	0.29379451563	5	0	0	-0.0130975238453	72	0	0	0.00467015538191	77	0.00590467845516	77	-0.0254406798483	68	0.19672778751	4	0.0485763583628	6	0	0	0.280696991784	0.280696991784	0.268353835781	0.329273350147	0.280696991784
M03_L_TO_DY:G808-E0692	M03_L_TO_DY	CORE13	L	DY	G808-E0692	sh	eody	1	f66v	f66v	G808-P0221	f66v.9	9	2	H	B	5	3	EXACT	0.0274596342765	19	0	0	0.0167190972325	72	0	0	0.017709012737	91	0.0189435358103	91	0.00612986011638	68	0.19672778751	4	0.0742230905849	6	0	0	0.0441787315089	0.0441787315089	0.0335894943929	0.118401822094	0.0441787315089
M03_L_TO_DY:G808-E0698	M03_L_TO_DY	CORE13	L	DY	G808-E0698	sh	edy	0	f75r	f75r	G808-P0222	f75r.11	11	8	B	B	2	3	EXACT	0.113307823632	77	-0.0790482373257	1	-0.000856957197246	72	0	0	0.0582095871464	150	0.0595272707157	150	0.00393310509196	68	-0.0822964069682	4	0.0204988771578	6	-0.125542982494	1	0.0334026291086	0.0334026291086	0.0381926913978	0.0539015062664	-0.0921403533851
M03_L_TO_DY:G808-E0701	M03_L_TO_DY	CORE13	L	DY	G808-E0701	sh	edy	0	f75r	f75r	G808-P0222	f75r.15	15	8	B	B	2	3	EXACT	0.113307823632	77	-0.124740144288	1	0.000828606034462	72	-0.0431089092414	2	0.0587140447845	150	0.058374057956	152	0.00571781910201	68	-0.0822964069682	4	0.00273483972074	6	-0.044312112395	2	-0.0106037146224	-0.0537126238637	-0.00571450155481	-0.00786887490161	-0.0549158270173
M03_L_TO_DY:G808-E0705	M03_L_TO_DY	CORE13	L	DY	G808-E0705	sh	edy	0	f75r	f75r	G808-P0222	f75r.18	18	4	B	B	2	3	EXACT	0.113307823632	77	-0.0168091136746	2	-0.00568375464157	72	-0.0474129252717	2	0.0557793856768	151	0.0554323332048	153	0.000500259753519	68	-0.110820390212	4	0.00195591204322	6	-0.0486161284253	2	0.0908149553154	0.0434020300437	0.0969989697105	0.0927708673586	0.0421988268901
M03_L_TO_DY:G808-E0707	M03_L_TO_DY	CORE13	L	DY	G808-E0707	sh	edy	0	f75r	f75r	G808-P0223	f75r.27	27	5	B	B	2	3	EXACT	0.174622240981	14	-0.256070663958	1	-0.0065328648426	72	-0.109556165058	2	0.0170561826303	87	0.01498572364	89	-0.00609036597287	68	-0.0140637364824	4	0.0359715523999	6	-0.110759368212	2	-0.0879812878194	-0.197537452878	-0.0875387889497	-0.0520097354195	-0.198740656031
M03_L_TO_DY:G808-E0713	M03_L_TO_DY	CORE13	L	DY	G808-E0713	sh	edy	0	f75r	f75r	G808-P0223	f75r.31	31	5	B	B	2	2	EXACT	0.174622240981	14	0.15896830774	1	-0.000119936769891	72	0.0215046745965	2	0.0271339963421	87	0.027782257036	89	0.000699793162941	68	-0.0140637364824	4	-0.0155279506662	6	0.0112849439714	2	0.333470611951	0.354975286548	0.334290341884	0.317942661285	0.344755555923
M03_L_TO_DY:G808-E0727	M03_L_TO_DY	CORE13	L	DY	G808-E0727	sh	edy	0	f75v	f75v	G808-P0226	f75v.16	16	6	B	B	2	3	EXACT	0.0400378678555	46	0	0	0.0269081920393	72	0.0712394573924	2	0.0318637144808	118	0.0333950589142	120	0.0328619931672	68	-0.0743137030406	4	-0.00893020133583	6	0.0555098481181	2	0.0669460598948	0.138185517287	0.0728998610227	0.058015858559	0.122455908013
M03_L_TO_DY:G808-E0730	M03_L_TO_DY	CORE13	L	DY	G808-E0730	sh	edy	0	f75v	f75v	G808-P0228	f75v.47	47	6	B	B	2	3	EXACT	0.152894837619	31	-0.125255956374	1	-0.0108237967817	72	0.0851554243075	3	0.0360926303205	104	0.0380788319479	107	-0.0106470540369	68	-0.013835699348	4	0.0184644209892	6	0.0803774775869	3	0.0168150844639	0.101970508771	0.0169918272087	0.0352795054531	0.0971925620508
M03_L_TO_DY:G808-E0736	M03_L_TO_DY	CORE13	L	DY	G808-E0736	sh	edy	0	f75v	f75v	G808-P0230	f75v.68	68	3	B	B	2	2	EXACT	0.0827661326835	36	0	0	-0.00209390981664	72	0	0	0.0256579100251	108	0.0269206439582	108	0.00203833028805	68	-0.0723492675017	4	0.0997374474676	6	0.16380253938	1	0.0806722228669	0.0806722228669	0.0848044629716	0.180409670334	0.244474762247
M03_L_TO_DY:G808-E0739	M03_L_TO_DY	CORE13	L	DY	G808-E0739	sh	edy	0	f76r	f76r	G808-P0231	f76r.2	2	8	T	B	2	3	EXACT	0.101640084644	88	0	0	-8.34097913669e-05	70	-0.252312679132	1	0.0575338983757	158	0.0566616659714	159	-0.000704300544943	66	0.0101588074724	4	0.00100982715397	6	-0.253539321531	1	0.101556674852	-0.15075600428	0.100935784099	0.102566502006	-0.151982646679
M03_L_TO_DY:G808-E0746	M03_L_TO_DY	CORE13	L	DY	G808-E0746	sh	edy	0	f76r	f76r	G808-P0231	f76r.6	6	6	T	B	2	3	EXACT	0.101640084644	88	0.149224427406	3	-0.00418600895424	70	0	0	0.0573686013289	161	0.0585862015845	161	-0.00364820503434	66	-0.0130622538029	4	0.0244941263179	6	0	0	0.246678503096	0.246678503096	0.247216307016	0.271172629414	0.246678503096
M03_L_TO_DY:G808-E0748	M03_L_TO_DY	CORE13	L	DY	G808-E0748	sh	edy	0	f76r	f76r	G808-P0231	f76r.8	8	6	T	B	2	3	EXACT	0.101640084644	88	0.192230887561	2	-0.0186043056664	70	-0.100286301281	1	0.0510542918359	160	0.0511925293056	161	-0.0189403379109	66	-0.0130622538029	4	0.0571889150156	6	-0.150388787062	2	0.275266666538	0.174980365257	0.274930634294	0.332455581554	0.124877879476
M03_L_TO_DY:G808-E0751	M03_L_TO_DY	CORE13	L	DY	G808-E0751	sh	edy	0	f76r	f76r	G808-P0231	f76r.12	12	12	T	B	2	3	EXACT	0.101640084644	88	-0.133646103358	2	-0.00413785573601	70	0.107616457843	1	0.053309901294	160	0.0547254502523	161	-0.000120865772548	66	-0.0704206703035	4	0.0571889150156	6	-0.0595242857007	4	-0.03614387445	0.0714725833932	-0.0321268844865	0.0210450405656	-0.0956681601507
M03_L_TO_DY:G808-E0753	M03_L_TO_DY	CORE13	L	DY	G808-E0753	sh	edy	0	f76r	f76r	G808-P0231	f76r.15	15	11	T	B	2	3	EXACT	0.101640084644	88	-0.0385768751058	4	0.00137356347668	70	0	0	0.0556709873132	162	0.0568885875688	162	0.00572457884698	66	-0.0704206703035	4	0.0292916781535	6	0	0	0.0644367730145	0.0644367730145	0.0687877883848	0.093728451168	0.0644367730145
M03_L_TO_DY:G808-E0756	M03_L_TO_DY	CORE13	L	DY	G808-E0756	sh	edy	0	f76r	f76r	G808-P0231	f76r.17	17	7	T	B	2	3	EXACT	0.101640084644	88	-0.0580435354126	1	-0.0166529675624	70	0	0	0.0494818189134	159	0.050699419169	159	-0.0182780739384	66	0.0101588074724	4	-0.0748050214415	6	0	0	0.0269435816686	0.0269435816686	0.0253184752926	-0.0478614397729	0.0269435816686
M03_L_TO_DY:G808-E0761	M03_L_TO_DY	CORE13	L	DY	G808-E0761	sh	edy	0	f76r	f76r	G808-P0231	f76r.23	23	10	T	B	2	3	EXACT	0.101640084644	88	-0.12488672807	1	-0.0223326549716	70	0	0	0.0465609301631	159	0.0477785304187	159	-0.0191868282088	66	-0.0742412767276	4	-0.00764637024305	6	0	0	-0.0455792983981	-0.0455792983981	-0.0424334716353	-0.0532256686411	-0.0455792983981
M03_L_TO_DY:G808-E0770	M03_L_TO_DY	CORE13	L	DY	G808-E0770	sh	edy	0	f76r	f76r	G808-P0232	f76r.42	42	9	T	B	2	3	EXACT	0.0411060077448	24	-0.0528803321343	3	-0.0282279448146	72	-0.265529673959	1	-0.0132987762911	99	-0.0148278531663	100	-0.0255217652621	68	-0.0742412767276	4	-0.0385920556664	6	-0.274477983349	1	-0.0400022692041	-0.305531943163	-0.0372960896516	-0.0785943248705	-0.314480252553
M03_L_TO_DY:G808-E0775	M03_L_TO_DY	CORE13	L	DY	G808-E0775	sh	edy	0	f76r	f76r	G808-P0233	f76r.48	48	9	T	B	2	3	EXACT	-0.052822970378	13	0.125322851612	2	-0.00809548755544	72	0	0	-0.0134268100898	87	-0.0122092098342	87	-0.00868180096676	68	0.00186356091598	4	-0.0847141545658	6	0	0	0.0644043936783	0.0644043936783	0.063818080267	-0.0203097608874	0.0644043936783
M03_L_TO_DY:G808-E0780	M03_L_TO_DY	CORE13	L	DY	G808-E0780	sh	edy	0	f76r	f76r	G808-P0234	f76r.52	52	8	T	B	2	2	EXACT	0.0446824016021	14	-0.0791969982051	1	-0.00517049307304	72	0	0	0.000385357990113	87	0.00160295824573	87	-0.0055847479854	68	0.00186356091598	4	-0.0157902299435	6	0	0	-0.0396850896761	-0.0396850896761	-0.0400993445884	-0.0554753196196	-0.0396850896761
M03_L_TO_DY:G808-E0782	M03_L_TO_DY	CORE13	L	DY	G808-E0782	sh	edy	0	f76v	f76v	G808-P0235	f76v.2	2	6	B	B	2	3	EXACT	0.113332946538	37	0	0	0.0110223396304	72	0	0	0.0452228202541	109	0.0464748469789	109	0.0123699226233	68	-0.0118949537938	4	-0.0109405859078	6	0.36265147513	1	0.124355286169	0.124355286169	0.125702869161	0.113414700261	0.487006761298
M03_L_TO_DY:G808-E0789	M03_L_TO_DY	CORE13	L	DY	G808-E0789	sh	edy	0	f76v	f76v	G808-P0236	f76v.10	10	5	B	B	2	3	EXACT	0.19491337744	14	-0.272335659696	2	0.0107965051729	72	0	0	0.0319092250049	88	0.0331612517298	88	0.0121308037859	68	-0.0118949537938	4	-0.0346466529307	6	0	0	-0.0666257770831	-0.0666257770831	-0.06529147847	-0.101272430014	-0.0666257770831
M03_L_TO_DY:G808-E0790	M03_L_TO_DY	CORE13	L	DY	G808-E0790	sh	edy	0	f76v	f76v	G808-P0236	f76v.11	11	8	B	B	2	3	EXACT	0.19491337744	14	-0.0140799270117	2	-0.00608617388306	72	0	0	0.0239655724292	88	0.0252175991541	88	-0.00132574043955	68	-0.0870219249674	4	0.0415332745716	6	0.202802774188	1	0.174747276545	0.174747276545	0.179507709988	0.216280551117	0.377550050733
M03_L_TO_DY:G808-E0796	M03_L_TO_DY	CORE13	L	DY	G808-E0796	sh	edy	0	f76v	f76v	G808-P0237	f76v.16	16	5	B	B	2	2	EXACT	0.11951586812	22	0	0	0.0276411859007	72	0	0	0.0479225394402	94	0.0491745661651	94	0.0334677775121	68	-0.0714192540382	4	0.0340378213122	6	0	0	0.14715705402	0.14715705402	0.152983645632	0.181194875333	0.14715705402
M03_L_TO_DY:G808-E0802	M03_L_TO_DY	CORE13	L	DY	G808-E0802	sh	edy	0	f76v	f76v	G808-P0237	f76v.19	19	5	B	B	2	3	EXACT	0.11951586812	22	-0.12994346579	2	0.0090145673136	72	0	0	0.0301618908477	96	0.0314139175726	96	0.0102440460526	68	-0.0118949537938	4	0.030440264527	6	0	0	-0.00141303035689	-0.00141303035689	-0.00018355161791	0.0290272341701	-0.00141303035689
M03_L_TO_DY:G808-E0824	M03_L_TO_DY	CORE13	L	DY	G808-E0824	sh	edy	0	f76v	f76v	G808-P0240	f76v.39	39	4	B	B	2	3	EXACT	0.0523475868881	9	-0.0702530411712	1	0.000678392149324	72	0	0	0.0034305109028	82	0.00468253762767	82	0.00701843791022	68	-0.107110768331	4	0.0245347487756	6	0	0	-0.0172270621337	-0.0172270621337	-0.0108870163728	0.00730768664191	-0.0172270621337
M03_L_TO_DY:G808-E0827	M03_L_TO_DY	CORE13	L	DY	G808-E0827	sh	edy	0	f76v	f76v	G808-P0240	f76v.41	41	9	B	B	2	2	EXACT	0.0523475868881	9	0.126838127032	2	0.0176369862607	72	0.078283635107	1	0.0219537723761	83	0.0236020434715	84	0.0175919853158	68	0.0183936197791	4	-0.0790280383813	6	0.206305344571	1	0.196822700181	0.275106335288	0.196777699236	0.1177946618	0.403128044752
M03_L_TO_DY:G808-E0837	M03_L_TO_DY	CORE13	L	DY	G808-E0837	sh	edy	0	f77r	f77r	G808-P0241	f77r.21	21	2	B	B	2	2	EXACT	0.156670058511	45	0.205937682106	1	0.0222888274891	72	0	0	0.0749726087212	118	0.0761790016433	118	0.0119227741598	68	0.198503273935	4	-0.0461588886578	6	0	0	0.384896568106	0.384896568106	0.374530514777	0.338737679448	0.384896568106
M03_L_TO_DY:G808-E0843	M03_L_TO_DY	CORE13	L	DY	G808-E0843	sh	edy	0	f77r	f77r	G808-P0242	f77r.25	25	3	B	B	2	2	EXACT	0.143598588396	32	-0.226734531321	1	0.0149098043678	72	0	0	0.0511266001299	105	0.052332993052	105	0.0150112775532	68	0.0131763000629	4	0.0217257905893	6	0	0	-0.0682261385578	-0.0682261385578	-0.0681246653724	-0.0465003479685	-0.0682261385578
M03_L_TO_DY:G808-E0845	M03_L_TO_DY	CORE13	L	DY	G808-E0845	sh	edy	0	f77r	f77r	G808-P0242	f77r.27	27	4	B	B	2	2	EXACT	0.143598588396	32	0	0	0.0103616582207	72	0.0901793529598	2	0.0507119329786	104	0.0522478475714	106	0.0221211658142	68	-0.189558431022	4	-0.0137085684571	6	0.075608625401	2	0.153960246616	0.244139599576	0.16571975421	0.140251678159	0.229568872017
M03_L_TO_DY:G808-E0849	M03_L_TO_DY	CORE13	L	DY	G808-E0849	sh	edy	0	f77r	f77r	G808-P0242	f77r.34	34	2	B	B	2	2	EXACT	0.143598588396	32	0.166143621381	3	0.0287686419142	72	0	0	0.0661526607257	107	0.0673590536478	107	0.0187837541393	68	0.198503273935	4	0.0191207654284	6	0	0	0.338510851691	0.338510851691	0.328525963916	0.35763161712	0.338510851691
M03_L_TO_DY:G808-E0857	M03_L_TO_DY	CORE13	L	DY	G808-E0857	sh	edy	0	f77v	f77v	G808-P0244	f77v.6	6	2	B	B	2	2	EXACT	0.0827286416503	16	0.446625233791	2	0.0204856594958	72	0	0	0.0400488208227	90	0.0412600478094	90	0.0100922036239	68	0.197166127293	4	0.0557703362969	6	0	0	0.549839534937	0.549839534937	0.539446079065	0.605609871234	0.549839534937
M03_L_TO_DY:G808-E0867	M03_L_TO_DY	CORE13	L	DY	G808-E0867	sh	edy	0	f77v	f77v	G808-P0244	f77v.12	12	7	B	B	2	2	EXACT	0.0827286416503	16	0	0	0.00178478511284	72	0.0294923606127	2	0.0155814847607	88	0.0166100706234	90	0.002096008763	68	-0.00351429896542	4	0.0132631666635	6	0.0395887922616	2	0.0845134267631	0.114005787376	0.0848246504133	0.0977765934266	0.124102219025
M03_L_TO_DY:G808-E0868	M03_L_TO_DY	CORE13	L	DY	G808-E0868	sh	edy	0	f77v	f77v	G808-P0245	f77v.16	16	4	B	B	2	2	EXACT	0.14229636024	22	0	0	0.0183819728814	72	-0.0712340759463	3	0.0466796130938	94	0.0435596004268	97	0.0260659332622	68	-0.112253635618	4	0.00216157930868	6	-0.0781820872547	3	0.160678333121	0.0894442571751	0.168362293502	0.16283991243	0.0824962458667
M03_L_TO_DY:G808-E0871	M03_L_TO_DY	CORE13	L	DY	G808-E0871	sh	edy	0	f77v	f77v	G808-P0245	f77v.17	17	3	B	B	2	2	EXACT	0.14229636024	22	-0.0776350245126	1	-0.00518571179041	72	0.180644730073	2	0.0274750547991	95	0.0313881364011	97	-0.00613215626911	68	0.010895562322	4	0.0199572485594	6	0.179012711544	2	0.059475623937	0.24012035401	0.0585291794583	0.0794328724964	0.238488335481
M03_L_TO_DY:G808-E0875	M03_L_TO_DY	CORE13	L	DY	G808-E0875	sh	edy	0	f77v	f77v	G808-P0245	f77v.26	26	2	B	B	2	3	EXACT	0.14229636024	22	0	0	0.0207883007215	72	0	0	0.0485227578224	94	0.0497339848092	94	0.0104126472746	68	0.197166127293	4	0.0896748719181	6	0	0	0.163084660961	0.163084660961	0.152709007515	0.25275953288	0.163084660961
M03_L_TO_DY:G808-E0881	M03_L_TO_DY	CORE13	L	DY	G808-E0881	sh	edy	0	f77v	f77v	G808-P0246	f77v.31	31	2	B	B	2	2	EXACT	0.130848088222	30	0	0	0.0172078684096	72	0	0	0.0501772145929	102	0.0513884415797	102	0.00662160129733	68	0.197166127293	4	0.0700715447604	6	0	0	0.148055956632	0.148055956632	0.13746968952	0.218127501392	0.148055956632
M03_L_TO_DY:G808-E0886	M03_L_TO_DY	CORE13	L	DY	G808-E0886	sh	edy	0	f77v	f77v	G808-P0246	f77v.36	36	3	B	B	2	2	EXACT	0.130848088222	30	0.139602664041	3	0.000583555406668	72	-0.180162021219	1	0.04123998126	105	0.0401537391061	106	-0.00616706957272	68	0.115335898031	4	0.0236178002691	6	-0.05841879672	2	0.27103430767	0.090872286451	0.264283682691	0.29465210794	0.21261551095
M03_L_TO_DY:G808-E0888	M03_L_TO_DY	CORE13	L	DY	G808-E0888	sh	edy	0	f77v	f77v	G808-P0246	f77v.38	38	2	B	B	2	2	EXACT	0.130848088222	30	0	0	0.0143331034136	72	0	0	0.0481479687134	102	0.0493591957002	102	0.00357773247808	68	0.197166127293	4	0.0357372053216	6	-0.153029055614	1	0.145181191636	0.145181191636	0.134425820701	0.180918396958	-0.00784786397795
M03_L_TO_DY:G808-E0890	M03_L_TO_DY	CORE13	L	DY	G808-E0890	sh	edy	0	f77v	f77v	G808-P0246	f77v.39	39	6	B	B	2	2	EXACT	0.130848088222	30	-0.0745769063226	1	-0.00702158059941	72	0.0431315644817	1	0.0319974131017	103	0.0331029134053	104	-0.0025037474346	68	-0.0838330264269	4	-0.0156158005688	6	0.0649564463075	1	0.0492496013004	0.0923811657821	0.0537674344652	0.0336338007316	0.114206047608
M03_L_TO_DY:G808-E0891	M03_L_TO_DY	CORE13	L	DY	G808-E0891	sh	edy	0	f77v	f77v	G808-P0246	f77v.40	40	7	B	B	2	3	EXACT	0.130848088222	30	0.0134277166154	2	-0.00771093134759	72	-0.0804843818854	3	0.0321566108763	104	0.0295892195678	107	-0.00203961040366	68	-0.10413166942	4	0.0119665025319	6	-0.0821164004136	3	0.13656487349	0.0560804916048	0.142236194434	0.148531376022	0.0544484730766
M03_L_TO_DY:G808-E0896	M03_L_TO_DY	CORE13	L	DY	G808-E0896	sh	edy	0	f78r	f78r	G808-P0247	f78r.3	3	2	B	B	2	2	EXACT	0.0957070537671	50	-0.324830586653	1	0.029909751431	72	0	0	0.0537113488579	123	0.0549461782646	123	0.020751510687	68	0.18559135026	4	0.0570842199379	6	0	0	-0.199213781455	-0.199213781455	-0.208372022199	-0.142129561517	-0.199213781455
M03_L_TO_DY:G808-E0899	M03_L_TO_DY	CORE13	L	DY	G808-E0899	sh	edy	0	f78r	f78r	G808-P0247	f78r.4	4	3	B	B	2	2	EXACT	0.0957070537671	50	0	0	0.0181565699378	72	-0.103190546889	2	0.0499242699105	122	0.0483262144592	124	0.0180322301713	68	0.0202618521503	4	-0.0250323186489	6	-0.104513978276	2	0.113863623705	0.0106730768157	0.113739283938	0.088831305056	0.00934964542919
M03_L_TO_DY:G808-E0902	M03_L_TO_DY	CORE13	L	DY	G808-E0902	sh	edy	0	f78r	f78r	G808-P0247	f78r.6	6	4	B	B	2	2	EXACT	0.0957070537671	50	-0.0249927740228	2	0.0111142513293	72	0	0	0.044535495487	124	0.0457703248937	124	0.0175542517086	68	-0.0983742489373	4	-0.0483440815634	6	0	0	0.0818285310735	0.0818285310735	0.0882685314529	0.0334844495101	0.0818285310735
M03_L_TO_DY:G808-E0939	M03_L_TO_DY	CORE13	L	DY	G808-E0939	sh	edy	0	f78v	f78v	G808-P0249	f78v.10	10	4	B	B	2	2	EXACT	0.1082086077	55	-0.376146822983	1	0.0170188253991	72	-0.0572937314504	1	0.0532692704701	128	0.0534964666597	129	0.0244963041234	68	-0.11010659494	4	-0.0270084330044	6	-0.0586268870472	1	-0.250919389884	-0.308213121334	-0.24344191116	-0.277927822888	-0.309546276931
M03_L_TO_DY:G808-E0955	M03_L_TO_DY	CORE13	L	DY	G808-E0955	sh	edy	0	f78v	f78v	G808-P0250	f78v.21	21	7	B	B	2	2	EXACT	0.0740827659083	25	0.00822610704773	1	0.00247684378318	72	0.0378972341	1	0.0196559210349	98	0.0208702546996	99	0.00253562137475	68	0.00146934270079	4	0.0174315484018	6	0.124669711159	1	0.0847857167392	0.122682950839	0.0848444943308	0.102217265141	0.209455427898
M03_L_TO_DY:G808-E0956	M03_L_TO_DY	CORE13	L	DY	G808-E0956	sh	edy	0	f78v	f78v	G808-P0250	f78v.22	22	4	B	B	2	2	EXACT	0.0740827659083	25	0.0262999067829	1	-0.0112631180839	72	0.20652058834	3	0.00974568170123	98	0.0161683195267	101	-0.0054492830939	68	-0.11010659494	4	-0.000220484787357	6	0.200492554605	3	0.0891195546073	0.295640142947	0.0949333895973	0.08889906982	0.289612109212
M03_L_TO_DY:G808-E0966	M03_L_TO_DY	CORE13	L	DY	G808-E0966	sh	edy	0	f79r	f79r	G808-P0252	f79r.12	12	4	B	B	2	2	EXACT	0.122063973604	21	0	0	-0.0131913798026	72	0	0	0.0154596725153	93	0.0167519222622	93	-0.00260153813867	68	-0.193227099495	4	0.0146339166193	6	0	0	0.108872593801	0.108872593801	0.119462435465	0.123506510421	0.108872593801
M03_L_TO_DY:G808-E0973	M03_L_TO_DY	CORE13	L	DY	G808-E0973	sh	edy	0	f79r	f79r	G808-P0254	f79r.25	25	6	B	B	2	3	EXACT	0.0931648473238	22	0.1385602966	1	0.0267727509486	72	0.0386655542449	1	0.0414701732062	95	0.0424845991079	96	0.0343019898501	68	-0.101232721782	4	-0.0749907599014	6	0.00664751882057	2	0.258497894872	0.297163449117	0.266027133774	0.183507134971	0.265145413693
M03_L_TO_DY:G808-E0978	M03_L_TO_DY	CORE13	L	DY	G808-E0978	sh	edy	0	f79r	f79r	G808-P0256	f79r.33	33	2	B	B	2	3	EXACT	0.136366080526	11	0.168392716274	2	0.033745140141	72	0.104365574213	1	0.0473217609942	85	0.0489997937997	86	0.0235096544177	68	0.207739986032	4	0.0676375717808	6	0.02928891059	1	0.338503936941	0.442869511154	0.328268451218	0.406141508722	0.367792847531
M03_L_TO_DY:G808-E0982	M03_L_TO_DY	CORE13	L	DY	G808-E0982	sh	edy	0	f79r	f79r	G808-P0257	f79r.35	35	2	B	B	2	2	EXACT	0.0934228789053	5	0	0	0.0261769930523	72	0	0	0.0270895640978	77	0.0283818138447	77	0.0154963222061	68	0.207739986032	4	0.0553055142636	6	0.0734936208987	1	0.119599871958	0.119599871958	0.108919201111	0.174905386221	0.193093492856
M03_L_TO_DY:G808-E0986	M03_L_TO_DY	CORE13	L	DY	G808-E0986	sh	edy	0	f79r	f79r	G808-P0258	f79r.41	41	2	B	B	2	3	EXACT	0.0289962819678	19	0.115581493178	2	0.00449156428979	72	0	0	0.00974672795719	93	0.0110389777041	93	-0.00746472001302	68	0.207739986032	4	-0.0161460652139	6	0	0	0.149069339436	0.149069339436	0.137113055133	0.132923274222	0.149069339436
M03_L_TO_DY:G808-E1002	M03_L_TO_DY	CORE13	L	DY	G808-E1002	sh	edy	0	f79v	f79v	G808-P0265	f79v.38	38	4	B	B	2	3	EXACT	0.0604591634622	28	0	0	-0.000747332768869	72	-0.00679795581688	1	0.0156110844726	100	0.0163977731327	101	0.0056041444094	68	-0.108730823357	4	0.00994415207515	6	-0.00874779210192	1	0.0597118306933	0.0529138748765	0.0660633078716	0.0696559827685	0.0509640385914
M03_L_TO_DY:G808-E1011	M03_L_TO_DY	CORE13	L	DY	G808-E1011	sh	edy	0	f80r	f80r	G808-P0266	f80r.20	20	8	B	B	2	3	EXACT	0.0525631346674	70	-0.0698367297945	1	0.000554921949545	72	-0.389977376264	1	0.0256629736133	143	0.0236506435348	144	0.00533535921495	68	-0.0807207992993	4	-0.0781491610318	6	-0.391639875131	1	-0.0167186731775	-0.406696049442	-0.0119382359121	-0.0948678342093	-0.408358548308
M03_L_TO_DY:G808-E1017	M03_L_TO_DY	CORE13	L	DY	G808-E1017	sh	edy	0	f80r	f80r	G808-P0267	f80r.30	30	5	B	B	2	2	EXACT	0.116023874961	22	0	0	-0.00507419177897	72	-0.246157898148	2	0.0237279341447	94	0.0187232129472	96	-0.000624878850539	68	-0.0807207992993	4	-0.00754379668123	6	-0.247820397015	2	0.110949683182	-0.135208214966	0.115398996111	0.103405886501	-0.136870713833
M03_L_TO_DY:G808-E1021	M03_L_TO_DY	CORE13	L	DY	G808-E1021	sh	edy	0	f80r	f80r	G808-P0269	f80r.41	41	6	B	B	2	2	EXACT	0.071380023532	17	0	0	-0.00497585718778	72	3.9468100153e-05	2	0.0101197129759	89	0.0104949572764	91	-0.000520759871624	68	-0.0807207992993	4	-0.0737972879387	6	-0.0201560139714	3	0.0664041663442	0.0664436344444	0.0708592636604	-0.00739312159449	0.0462481523728
M03_L_TO_DY:G808-E1023	M03_L_TO_DY	CORE13	L	DY	G808-E1023	sh	edy	0	f80r	f80r	G808-P0269	f80r.45	45	2	B	B	2	2	EXACT	0.071380023532	17	-0.0370514249287	1	0.013933276561	72	0	0	0.0247037235237	90	0.0257058652295	90	0.00257509327538	68	0.207014104679	4	-0.0339169611333	6	0	0	0.0482618751643	0.0482618751643	0.0369036918787	0.0143449140311	0.0482618751643
M03_L_TO_DY:G808-E1033	M03_L_TO_DY	CORE13	L	DY	G808-E1033	sh	edy	0	f80v	f80v	G808-P0271	f80v.6	6	5	B	B	2	2	EXACT	0.0850880254632	23	0	0	0.0217772902434	72	0.406794435939	1	0.0362008059204	95	0.0410017535191	96	0.0233494657711	68	-0.00495855584547	4	-0.0104216420034	6	0.40455326723	1	0.106865315707	0.513659751645	0.108437491234	0.0964436737032	0.511418582937
M03_L_TO_DY:G808-E1037	M03_L_TO_DY	CORE13	L	DY	G808-E1037	sh	edy	0	f80v	f80v	G808-P0272	f80v.7	7	4	B	B	2	2	EXACT	0.106216041609	30	0	0	0.0193360311389	72	0	0	0.0442332507494	102	0.0454059858511	102	0.0265245937585	68	-0.102878395513	4	-0.0959671580768	6	0	0	0.125552072748	0.125552072748	0.132740635367	0.029584914671	0.125552072748
M03_L_TO_DY:G808-E1041	M03_L_TO_DY	CORE13	L	DY	G808-E1041	sh	edy	0	f80v	f80v	G808-P0273	f80v.14	14	3	B	B	2	2	EXACT	0.0801533547327	23	0.157042290997	1	0.0350100710587	72	0	0	0.0461767682358	96	0.0473495033376	96	0.0308763306674	68	0.105274795593	4	-0.0555656649894	6	0	0	0.272205716788	0.272205716788	0.268071976397	0.216640051799	0.272205716788
M03_L_TO_DY:G808-E1048	M03_L_TO_DY	CORE13	L	DY	G808-E1048	sh	edy	0	f80v	f80v	G808-P0274	f80v.22	22	7	B	B	2	2	EXACT	0.102963160105	17	-0.0281085418984	1	0.0257535029432	72	-0.0578887972609	1	0.0385764666557	90	0.0384442512714	91	0.0267839075237	68	0.00822776295692	4	-0.0199266422605	6	-0.0601299659691	1	0.10060812115	0.0427193238888	0.10163852573	0.0806814788892	0.0404781551806
M03_L_TO_DY:G808-E1054	M03_L_TO_DY	CORE13	L	DY	G808-E1054	sh	edy	0	f80v	f80v	G808-P0277	f80v.36	36	9	B	B	2	3	EXACT	0.0651112861684	25	0.025560540754	4	0.0187355354983	72	0	0	0.0295926656705	101	0.0307654007722	101	0.0193531184644	68	0.00822776295692	4	-0.00114427823415	6	0	0	0.109407362421	0.109407362421	0.110024945387	0.108263084187	0.109407362421
M03_L_TO_DY:G808-E1059	M03_L_TO_DY	CORE13	L	DY	G808-E1059	sh	edy	0	f80v	f80v	G808-P0278	f80v.42	42	6	B	B	2	3	EXACT	0.060845767478	30	0.122291119134	4	-0.00111068184688	72	0	0	0.0203588388237	106	0.0215315739254	106	-0.000884857618579	68	-0.00495855584547	4	-0.00712700185396	6	0	0	0.182026204765	0.182026204765	0.182252028993	0.174899202911	0.182026204765
M03_L_TO_DY:G808-E1079	M03_L_TO_DY	CORE13	L	DY	G808-E1079	sh	edy	0	f81r	f81r	G808-P0280	f81r.25	25	2	B	B	2	2	EXACT	0.0730538111233	39	-0.183443612919	2	0.0199100482374	72	-0.0656417269382	1	0.0342555814933	113	0.034377734424	114	0.00947231326455	68	0.197343343774	4	0.0668962158704	6	-0.0670825442937	1	-0.090479753558	-0.156121480496	-0.100917488531	-0.0235835376875	-0.157562297852
M03_L_TO_DY:G808-E1083	M03_L_TO_DY	CORE13	L	DY	G808-E1083	sh	edy	0	f81r	f81r	G808-P0280	f81r.26	26	6	B	B	2	2	EXACT	0.0730538111233	39	0	0	0.019391403622	72	0	0	0.0379069350996	111	0.0390965527497	111	0.0215818601342	68	-0.017854556088	4	-0.000421105138482	6	0.0680702571676	1	0.0924452147453	0.0924452147453	0.0946356712575	0.0920241096068	0.160515471913
M03_L_TO_DY:G808-E1092	M03_L_TO_DY	CORE13	L	DY	G808-E1092	sh	edy	0	f81v	f81v	G808-P0282	f81v.16	16	2	B	B	2	3	EXACT	0.0920943626215	41	-0.0422746993409	4	0.0100116882233	72	-0.00678697221724	1	0.0367336937268	117	0.0373462702739	118	-0.00136972188797	68	0.20348740081	4	0.0972536799935	6	0.0411410662546	1	0.0598313515039	0.0530443792867	0.0484499413927	0.157085031497	0.100972417758
M03_L_TO_DY:G808-E1094	M03_L_TO_DY	CORE13	L	DY	G808-E1094	sh	edy	0	f81v	f81v	G808-P0282	f81v.17	17	4	B	B	2	3	EXACT	0.0920943626215	41	0	0	-0.018767358076	72	-0.0584934087822	2	0.0213240623597	113	0.0207285448345	115	-0.0136982185953	68	-0.10495098855	4	0.0133958534851	6	-0.0738244034656	2	0.0733270045456	0.0148335957634	0.0783961440262	0.0867228580306	-0.00049739892006
M03_L_TO_DY:G808-E1095	M03_L_TO_DY	CORE13	L	DY	G808-E1095	sh	edy	0	f81v	f81v	G808-P0282	f81v.18	18	6	B	B	2	3	EXACT	0.0920943626215	41	-0.0733028474164	2	-0.0105168263052	72	0.0345077403341	1	0.0247797124428	115	0.0258418770162	116	-0.0113515302638	68	0.0036648816871	4	-0.00996661266346	6	0.00528731279815	1	0.00827468889992	0.042782429234	0.00743998494131	-0.00169192376354	0.0135620016981
M03_L_TO_DY:G808-E1104	M03_L_TO_DY	CORE13	L	DY	G808-E1104	sh	edy	0	f82r	f82r	G808-P0283	f82r.6	6	2	B	B	2	3	EXACT	0.152032834421	27	-0.130226710697	2	-1.08725089459e-06	72	0	0	0.0377613958046	101	0.0390546087075	101	-0.0111869376569	68	0.190150490003	4	0.0778103500033	6	0	0	0.0218050364733	0.0218050364733	0.0106191860673	0.0996153864766	0.0218050364733
M03_L_TO_DY:G808-E1106	M03_L_TO_DY	CORE13	L	DY	G808-E1106	sh	edy	0	f82r	f82r	G808-P0283	f82r.7	7	4	B	B	2	3	EXACT	0.152032834421	27	0	0	0.000246627633512	72	0.377803452273	1	0.0414012601158	99	0.0458197978249	100	0.00632068159791	68	-0.103020169409	4	0.0213977765362	6	0.374453163212	1	0.152279462055	0.530082914328	0.158353516019	0.173677238591	0.526732625267
M03_L_TO_DY:G808-E1119	M03_L_TO_DY	CORE13	L	DY	G808-E1119	sh	edy	0	f82r	f82r	G808-P0285	f82r.28	28	2	B	B	2	3	EXACT	0.0967974184029	46	0.138502548745	3	0.0165622643204	72	0	0	0.0500812860731	121	0.051374498976	121	0.00635072871272	68	0.190150490003	4	0.0700563304055	6	0	0	0.251862231468	0.251862231468	0.241650695861	0.321918561874	0.251862231468
M03_L_TO_DY:G808-E1122	M03_L_TO_DY	CORE13	L	DY	G808-E1122	sh	edy	0	f82r	f82r	G808-P0285	f82r.30	30	5	B	B	2	2	EXACT	0.0967974184029	46	0.188029291628	1	-0.00583197911732	72	0	0	0.0355168623098	119	0.0368100752127	119	-0.00548611763095	68	-0.0117195040336	4	0.0120329217441	6	0	0	0.278994730914	0.278994730914	0.2793405924	0.291027652658	0.278994730914
M03_L_TO_DY:G808-E1133	M03_L_TO_DY	CORE13	L	DY	G808-E1133	sh	edy	0	f82v	f82v	G808-P0287	f82v.11	11	7	B	B	2	3	EXACT	0.101821306032	12	0.0807831695545	2	0.0253010054897	72	-0.0463957591615	1	0.0358880298597	86	0.0359674729722	87	0.0256146124713	68	0.019961151271	4	0.0636822326789	6	-0.048464012481	1	0.207905481076	0.161509721915	0.208219088058	0.271587713755	0.159441468595
M03_L_TO_DY:G808-E1144	M03_L_TO_DY	CORE13	L	DY	G808-E1144	sh	edy	0	f82v	f82v	G808-P0289	f82v.24	24	5	B	B	2	3	EXACT	0.0686908480584	19	0.0253601321367	3	0.00762595353197	72	0.0445415635827	1	0.0194554810118	94	0.0207679259307	95	0.00832498658628	68	-0.00426614392242	4	-0.0183139524161	6	0.0659302106174	1	0.101676933727	0.14621849731	0.102375966781	0.0833629813109	0.167607144344
M03_L_TO_DY:G808-E1147	M03_L_TO_DY	CORE13	L	DY	G808-E1147	sh	edy	0	f82v	f82v	G808-P0290	f82v.29	29	4	B	B	2	3	EXACT	0.100071870463	16	-0.180617099259	1	0.00531027967565	72	-0.0581994340925	2	0.0191077385903	89	0.018183206373	91	0.011681884082	68	-0.103015530764	4	-0.0445450940609	6	-0.0168815389277	2	-0.0752349491197	-0.133434383212	-0.0688633447133	-0.119780043181	-0.0921164880474
M03_L_TO_DY:G808-E1151	M03_L_TO_DY	CORE13	L	DY	G808-E1151	sh	edy	0	f82v	f82v	G808-P0291	f82v.38	38	2	B	B	2	1	EXACT	0.0462522433403	28	0	0	0.00931214844413	72	0	0	0.0190420451517	100	0.0203421507665	100	0.0101322577708	68	-0.00463824564104	4	-0.06167680341	6	0	0	0.0555643917845	0.0555643917845	0.0563845011112	-0.0061124116255	0.0555643917845
M03_L_TO_DY:G808-E1158	M03_L_TO_DY	CORE13	L	DY	G808-E1158	sh	edy	0	f83r	f83r	G808-P0292	f83r.4	4	7	B	B	2	2	EXACT	0.124869783406	15	0	0	0.00672851494413	72	-0.116087495513	1	0.0256587074998	87	0.0250124406103	88	0.0121182369909	68	-0.0849050898488	4	0.0104845329838	6	-0.133344234842	1	0.13159829835	0.0155108028371	0.136988020397	0.142082831334	-0.00174593649145
M03_L_TO_DY:G808-E1165	M03_L_TO_DY	CORE13	L	DY	G808-E1165	sh	edy	0	f83r	f83r	G808-P0293	f83r.11	11	2	B	B	2	3	EXACT	0.0787124927312	31	0	0	0.00623806755005	72	0	0	0.027414028415	103	0.028631706197	103	-0.00475205305793	68	0.193061787887	4	-0.0352627444438	6	0	0	0.0849505602813	0.0849505602813	0.0739604396733	0.0496878158375	0.0849505602813
M03_L_TO_DY:G808-E1170	M03_L_TO_DY	CORE13	L	DY	G808-E1170	sh	edy	0	f83r	f83r	G808-P0293	f83r.13	13	3	B	B	2	3	EXACT	0.0787124927312	31	0	0	0.0108851596257	72	0	0	0.0306624811281	103	0.03188015891	103	0.00498608440682	68	0.111161108348	4	0.0656016997442	6	0.0981369085165	1	0.0895976523569	0.0895976523569	0.0836985771381	0.155199352101	0.187734560873
M03_L_TO_DY:G808-E1171	M03_L_TO_DY	CORE13	L	DY	G808-E1171	sh	edy	0	f83r	f83r	G808-P0293	f83r.14	14	3	B	B	2	3	EXACT	0.0787124927312	31	0.437792851581	2	0.000783766124859	72	-0.166974076579	1	0.0313959727367	105	0.0305320375244	106	-0.00570950871168	68	0.111161108348	4	0.0310972284538	6	-0.103610831572	1	0.517289110437	0.350315033858	0.510795835601	0.548386338891	0.413678278865
M03_L_TO_DY:G808-E1174	M03_L_TO_DY	CORE13	L	DY	G808-E1174	sh	edy	0	f83r	f83r	G808-P0294	f83r.18	18	4	B	B	2	3	EXACT	0.222100204419	12	0	0	-0.000291704640488	72	0	0	0.0298551279166	84	0.0310728056986	84	0.00583858188029	68	-0.104514905492	4	-0.0087433745232	6	0	0	0.221808499778	0.221808499778	0.227938786299	0.213065125255	0.221808499778
M03_L_TO_DY:G808-E1180	M03_L_TO_DY	CORE13	L	DY	G808-E1180	sh	edy	0	f83r	f83r	G808-P0294	f83r.23	23	4	B	B	2	2	EXACT	0.222100204419	12	0	0	-0.00880857029674	72	0.0424417730124	1	0.0225549573541	84	0.0237444691076	85	-0.00317927587339	68	-0.104514905492	4	0.01552078098	6	0.0650205828905	1	0.213291634122	0.255733407134	0.218920928545	0.228812415102	0.278312217013
M03_L_TO_DY:G808-E1182	M03_L_TO_DY	CORE13	L	DY	G808-E1182	sh	edy	0	f83r	f83r	G808-P0294	f83r.24	24	6	B	B	2	2	EXACT	0.222100204419	12	0	0	1.91926818144e-05	72	0	0	0.0301216113357	84	0.0313392891177	84	-0.000634011995368	68	0.0111153421955	4	-0.0711704064209	6	0	0	0.222119397101	0.222119397101	0.221466192423	0.15094899068	0.222119397101
M03_L_TO_DY:G808-E1191	M03_L_TO_DY	CORE13	L	DY	G808-E1191	sh	edy	0	f83r	f83r	G808-P0296	f83r.37	37	5	B	B	2	1	EXACT	0.0239459970125	35	-0.0491954865782	1	-0.00176091255181	72	0	0	0.00561551726296	108	0.0068331950449	108	-0.00251882930156	68	0.0111153421955	4	-0.0144052718234	6	0	0	-0.0270104021176	-0.0270104021176	-0.0277683188673	-0.041415673941	-0.0270104021176
M03_L_TO_DY:G808-E1195	M03_L_TO_DY	CORE13	L	DY	G808-E1195	sh	edy	0	f83r	f83r	G808-P0296	f83r.44	44	2	B	B	2	1	EXACT	0.0239459970125	35	0	0	0.021567660329	72	0	0	0.0218719672277	107	0.0230896450097	107	0.0168684986984	68	0.10144507805	4	-0.0171494520189	6	0	0	0.0455136573415	0.0455136573415	0.0408144957109	0.0283642053225	0.0455136573415
M03_L_TO_DY:G808-E1202	M03_L_TO_DY	CORE13	L	DY	G808-E1202	sh	edy	0	f83v	f83v	G808-P0299	f83v.6	6	8	B	B	2	3	EXACT	0.103174750677	17	-0.0495088658857	1	-0.00753134884732	72	0.142406652865	1	0.0114511301654	90	0.0138711930249	91	-0.0024643937262	68	-0.0936776218635	4	0.0668031929762	6	0.140967066054	1	0.046134535944	0.188541188809	0.0512014910651	0.11293772892	0.187101601998
M03_L_TO_DY:G808-E1204	M03_L_TO_DY	CORE13	L	DY	G808-E1204	sh	edy	0	f83v	f83v	G808-P0300	f83v.11	11	8	B	B	2	3	EXACT	0.14691189244	34	-0.127161065805	1	0.01023650062	72	0.0480688153917	1	0.0517681380814	107	0.0527540433293	108	0.0163486233568	68	-0.0936776218635	4	0.0243157722004	6	0.0466292285809	1	0.0299873272548	0.0780561426466	0.0360994499917	0.0543030994552	0.0766165558358
M03_L_TO_DY:G808-E1205	M03_L_TO_DY	CORE13	L	DY	G808-E1205	sh	edy	0	f83v	f83v	G808-P0300	f83v.14	14	3	B	B	2	3	EXACT	0.14691189244	34	0	0	0.00688225245886	72	-0.0283492065012	1	0.0512232018379	106	0.0514977332767	107	0.000498668196971	68	0.115395148954	4	0.0402444359083	6	-0.0297887933119	1	0.153794144899	0.125444938398	0.147410560637	0.194038580807	0.124005351587
M03_L_TO_DY:G808-E1213	M03_L_TO_DY	CORE13	L	DY	G808-E1213	sh	edy	0	f83v	f83v	G808-P0301	f83v.25	25	7	B	B	2	2	EXACT	0.167366618541	18	-0.099377520394	2	0.00398896960505	72	-0.0472176908055	1	0.0322664262389	92	0.0323981005918	93	0.00407546505756	68	0.00251051095544	4	0.0107599996164	6	-0.0486572776163	1	0.0719780677523	0.0247603769467	0.0720645632048	0.0827380673687	0.0233207901359
M03_L_TO_DY:G808-E1224	M03_L_TO_DY	CORE13	L	DY	G808-E1224	sh	edy	0	f85r1	f85r	G808-P0302	f85r1.6	6	7	T	B	2	2	EXACT	-0.00255651875349	19	-0.0209002527826	1	-0.010364805441	72	0.260535266983	2	-0.0108784447077	92	-0.00438721742304	94	-0.0134091929809	68	0.041371922145	4	0.0451995043854	6	0.245515358466	2	-0.0338215769771	0.226713690006	-0.036865964517	0.0113779274083	0.211693781489
M03_L_TO_DY:G808-E1254	M03_L_TO_DY	CORE13	L	DY	G808-E1254	sh	edy	0	f86v3	f86v	G808-P0316	f86v3.11	11	6	C	B	2	3	EXACT	0.0268475179569	27	0	0	0.0140216044475	70	0	0	0.0144867686887	97	0.0160301317816	97	0.015817271559	66	-0.0156100863846	4	-0.0242385916948	6	0	0	0.0408691224044	0.0408691224044	0.0426647895159	0.0166305307097	0.0408691224044
M03_L_TO_DY:G808-E1262	M03_L_TO_DY	CORE13	L	DY	G808-E1262	sh	eody	1	f86v5	f86v	G808-P0321	f86v5.1	1	3	T	B	2	3	EXACT	-0.0315520277713	24	0.170462014773	4	0.0212954067165	72	0	0	0.0107434507991	100	0.012286813892	100	0.0158009290897	68	0.11469147771	4	0.0095808230769	6	0	0	0.160205393718	0.160205393718	0.154710916091	0.169786216795	0.160205393718
M03_L_TO_DY:G808-E1264	M03_L_TO_DY	CORE13	L	DY	G808-E1264	sh	edy	0	f86v5	f86v	G808-P0321	f86v5.3	3	1	T	B	2	3	EXACT	-0.0315520277713	24	-0.189870287	1	0.0326209876364	72	0	0	0.010739929847	97	0.0122832929399	97	0.0301339083366	68	0.0748912870708	4	0.0288934805204	6	-0.174579023637	1	-0.188801327135	-0.188801327135	-0.191288406435	-0.159907846615	-0.363380350772
M03_L_TO_DY:G808-E1267	M03_L_TO_DY	CORE13	L	DY	G808-E1267	sh	edy	0	f86v5	f86v	G808-P0322	f86v5.10	10	4	T	B	2	3	EXACT	0.0542824333433	25	-0.0281154922845	3	0.0106071237921	72	-0.317538670578	1	0.0167197700008	100	0.0146695981658	101	0.0178880287865	68	-0.113178309774	4	-0.0874425036443	6	-0.109694549848	2	0.036774064851	-0.280764605727	0.0440549698454	-0.0506684387933	-0.0729204849967
M03_L_TO_DY:G808-E1268	M03_L_TO_DY	CORE13	L	DY	G808-E1268	sh	eody	1	f86v5	f86v	G808-P0323	f86v5.12	12	7	T	B	2	3	EXACT	0.0375837331711	30	-0.0957599949454	1	0.0379204843525	72	0.0399403095846	1	0.0336819281713	103	0.0350096162091	104	0.0396997493894	68	0.00766293006346	4	-0.0128233074063	6	0.0526234528826	1	-0.0202557774218	0.0196845321628	-0.0184765123849	-0.0330790848281	0.0323676754608
M03_L_TO_DY:G808-E1273	M03_L_TO_DY	CORE13	L	DY	G808-E1273	sh	edy	0	f86v5	f86v	G808-P0325	f86v5.30	30	5	T	B	2	2	EXACT	-0.00942258140754	64	0	0	0.0236442279471	72	-0.173232846948	1	0.00878156652567	136	0.00878695151189	137	0.025952714163	68	-0.0156100863846	4	-0.0159810167083	6	-0.0876683578205	1	0.0142216465395	-0.159011200409	0.0165301327554	-0.00175937016879	-0.073446711281
M03_L_TO_DY:G808-E1289	M03_L_TO_DY	CORE13	L	DY	G808-E1289	sh	edy	0	f86v6	f86v	G808-P0326	f86v6.7	7	10	T	B	2	3	EXACT	0.063511721373	52	-0.0189271082795	8	0.0392143941712	72	0	0	0.0444871903949	132	0.0460305534878	132	0.0410697715504	68	0.00766293006346	4	-0.0242385916948	6	0.142318933051	1	0.0837990072647	0.0837990072647	0.0856543846439	0.05956041557	0.226117940315
M03_L_TO_DY:G808-E1303	M03_L_TO_DY	CORE13	L	DY	G808-E1303	sh	edy	0	f86v6	f86v	G808-P0328	f86v6.27	27	6	T	B	2	3	EXACT	0.010188587759	47	0	0	0.016014478319	72	0	0	0.0129154590159	119	0.0144588221088	119	0.0178741557333	68	-0.0156100863846	4	-0.0267518741991	6	0	0	0.026203066078	0.026203066078	0.0280627434922	-0.000548808121058	0.026203066078
M03_L_TO_DY:G808-E1346	M03_L_TO_DY	CORE13	L	DY	G808-E1346	sh	eody	1	f88v	f88v	G808-P0338	f88v.16	16	3	P	A	1	2	EXACT	0.0521484594299	18	0.820645833462	1	0.0159104177779	72	0	0	0.0303907227952	91	0.0316268575019	91	0.0101629025676	68	0.113609876684	4	-0.0686674809577	6	0	0	0.88870471067	0.88870471067	0.88295719546	0.820037229712	0.88870471067
M03_L_TO_DY:G808-E1435	M03_L_TO_DY	CORE13	L	DY	G808-E1435	sh	edy	0	f95v1	f95v	G808-P0356	f95v1.5	5	2	H	B	3	1	EXACT	-0.0765178602865	14	0	0	-0.00475539803845	72	-0.0157701331934	1	-0.0180483000194	86	-0.0170420149287	87	-0.00471272638458	68	-0.00548907545834	4	-0.0530314386282	6	-0.0171297950872	1	-0.081273258325	-0.0970433915184	-0.0812305866711	-0.134304696953	-0.0984030534122
M03_L_TO_DY:G808-E1436	M03_L_TO_DY	CORE13	L	DY	G808-E1436	sh	edy	0	f95v1	f95v	G808-P0357	f95v1.6	6	4	H	B	3	3	EXACT	-0.033383931199	12	0.0275221692503	1	-0.0148407356106	72	0	0	-0.018733768829	85	-0.017492672951	85	-0.00931959763949	68	-0.108708340424	4	0.0515848083771	6	0	0	-0.0207024975594	-0.0207024975594	-0.0151813595883	0.0308823108177	-0.0207024975594
M03_L_TO_DY:G808-E1438	M03_L_TO_DY	CORE13	L	DY	G808-E1438	sh	edy	0	f95v2	f95v	G808-P0360	f95v2.2	2	2	H	B	3	3	EXACT	0.0380108598576	30	-0.251084502906	2	-0.00204624402475	72	0	0	0.00388539832067	104	0.00512649419869	104	-0.0137567396995	68	0.197023923142	4	0.0242844116834	6	0	0	-0.215119887074	-0.215119887074	-0.226830382748	-0.19083547539	-0.215119887074
M03_L_TO_DY:G808-E1530	M03_L_TO_DY	CORE13	L	DY	G808-E1530	t	eody	1	f102v1	f102v	G808-P0377	f102v1.9	9	1	P	A	1	3	EXACT	0.0494245175418	28	-0.095265584222	2	0.0304681368955	72	0	0	0.0325569789917	102	0.0334062864115	102	0.0255756111686	68	0.113640790737	4	0.036002493157	6	0	0	-0.0153729297847	-0.0153729297847	-0.0202654555116	0.0206295633723	-0.0153729297847
M03_L_TO_DY:G808-E1592	M03_L_TO_DY	CORE13	L	DY	G808-E1592	t	edy	0	f103v	f103v	G808-P0403	f103v.15	15	9	S	B	3	3	EXACT	0.201749144906	13	-0.0380983327814	2	0.0109298065304	72	-0.0703348392893	1	0.0388665045223	87	0.0383652166541	88	0.0167196316803	68	-0.0874974705909	4	-0.0467746374568	6	-0.0679199578394	1	0.174580618655	0.104245779366	0.180370443805	0.127805981199	0.106660660816
M03_L_TO_DY:G808-E1897	M03_L_TO_DY	CORE13	L	DY	G808-E1897	t	edy	0	f108v	f108v	G808-P0535	f108v.17	17	6	S	B	3	3	EXACT	0.209841937815	21	0.0307260683364	1	0.0224119730939	72	0	0	0.0674979615159	94	0.0682425002555	94	0.0251444089417	68	-0.024039377763	4	-0.0539961479789	6	0	0	0.262979979245	0.262979979245	0.265712415093	0.208983831266	0.262979979245
M03_L_TO_DY:G808-E1968	M03_L_TO_DY	CORE13	L	DY	G808-E1968	t	eody	1	f111v	f111v	G808-P0548	f111v.34	34	3	S	B	3	3	EXACT	0.0645044389361	13	0.010097714446	1	0.0157058690939	72	-0.0805499536218	1	0.0274621171697	86	0.0267864754389	87	0.0102995487336	68	0.107613239346	4	-0.0112412763797	6	-0.0789252718058	1	0.090308022476	0.00975806885413	0.0849017021157	0.0790667460962	0.0113827506701
M03_L_TO_DY:G808-E2063	M03_L_TO_DY	CORE13	L	DY	G808-E2063	t	eody	1	f113v	f113v	G808-P0594	f113v.7	7	2	S	B	3	3	EXACT	-0.0172744257643	13	0.161797391391	4	0.0158798464848	72	0	0	0.0170899802644	89	0.0180368221873	89	0.00728000607573	68	0.162078237232	4	0.0536241559281	6	0	0	0.160402812111	0.160402812111	0.151802971702	0.214026968039	0.160402812111
M03_L_TO_DY:G808-E2167	M03_L_TO_DY	CORE13	L	DY	G808-E2167	t	edy	0	f115v	f115v	G808-P0646	f115v.7	7	2	S	B	3	3	EXACT	0.0500486156632	7	-0.0510376299423	1	0.0340487359816	72	0.0618199445859	1	0.0343101836606	80	0.0354533270032	81	0.0263143862132	68	0.165532586088	4	0.0264666240165	6	0.0634134708197	1	0.0330597217024	0.0948796662883	0.025325371934	0.0595263457188	0.0964731925221
M03_L_TO_DY:G808-E2190	M03_L_TO_DY	CORE13	L	DY	G808-E2190	t	eody	1	f116r	f116r	G808-P0660	f116r.7	7	2	S	B	3	3	EXACT	0.277542388897	8	0	0	0.0249862849596	72	0	0	0.0499822918431	80	0.0509936769297	80	0.0166007397748	68	0.167540309998	4	0.0544827299018	6	0	0	0.302528673857	0.302528673857	0.294143128672	0.357011403758	0.302528673857
M03_L_TO_DY:G808-E0447	M03_L_TO_DY	CORE13	L	DY	G808-E0447	t	edy	0	f43v	f43v	G808-P0157	f43v.7	7	5	H	B	2	3	EXACT	-0.175023189369	8	0	0	0.00386721312317	72	-0.211897444452	1	-0.0139238643707	80	-0.015522829448	81	0.00549436768242	68	-0.0237947662173	4	0.0453812421408	6	-0.210404834421	1	-0.171155976246	-0.383053420698	-0.169528821687	-0.125774734105	-0.381560810667
M03_L_TO_DY:G808-E0451	M03_L_TO_DY	CORE13	L	DY	G808-E0451	t	edy	0	f43v	f43v	G808-P0158	f43v.13	13	2	H	B	2	2	EXACT	0.025104615886	31	-0.329439384452	1	0.0129680797227	72	0	0	0.0132105435006	104	0.0142532255893	104	0.00380328260954	68	0.168769278814	4	0.0461427661967	6	0	0	-0.291366688843	-0.291366688843	-0.300531485956	-0.245223922647	-0.291366688843
M03_L_TO_DY:G808-E0486	M03_L_TO_DY	CORE13	L	DY	G808-E0486	t	edy	0	f46r	f46r	G808-P0171	f46r.6	6	1	H	B	2	3	EXACT	-0.0632156556291	19	0.15886313228	1	0.0271383830704	72	0	0	0.00952562255279	92	0.0105895562024	92	0.0207819555132	68	0.135197743018	4	0.0855269093329	6	0	0	0.122785859721	0.122785859721	0.116429432164	0.208312769054	0.122785859721
M03_L_TO_DY:G808-E0531	M03_L_TO_DY	CORE13	L	DY	G808-E0531	t	edy	0	f48v	f48v	G808-P0181	f48v.2	2	2	H	B	5	3	EXACT	0.0693928175087	34	-0.0413832456722	2	0.0149073960445	72	0.379107266774	1	0.0308322460193	108	0.0348855328652	109	0.00592957137033	68	0.167530184407	4	0.0534351180222	6	0.3808194231	1	0.0429169678809	0.422024234655	0.0339391432068	0.0963520859031	0.423736390981
M03_L_TO_DY:G808-E0696	M03_L_TO_DY	CORE13	L	DY	G808-E0696	t	edy	0	f75r	f75r	G808-P0222	f75r.10	10	9	B	B	2	3	EXACT	0.107828009056	85	0.0175281810084	2	0.00598093745365	72	0	0	0.0605260937505	159	0.0616139467842	159	0.0086149203434	68	-0.0387969886975	4	-0.107695910583	6	0.0117913818733	2	0.131337127518	0.131337127518	0.133971110407	0.0236412169342	0.143128509391
M03_L_TO_DY:G808-E0833	M03_L_TO_DY	CORE13	L	DY	G808-E0833	t	edy	0	f77r	f77r	G808-P0241	f77r.13	13	5	B	B	2	2	EXACT	0.155242616804	54	-0.00568020220147	1	0.00682441339726	72	0	0	0.069685311104	127	0.0706901093359	127	0.00865228176817	68	-0.024249828158	4	0.0102550804708	6	0	0	0.156386828	0.156386828	0.158214696371	0.166641908471	0.156386828
M03_L_TO_DY:G808-E0910	M03_L_TO_DY	CORE13	L	DY	G808-E0910	t	edy	0	f78r	f78r	G808-P0247	f78r.12	12	7	B	B	2	2	EXACT	0.12447248428	58	-0.0813814286895	1	0.0255160635004	72	0.0850002416021	1	0.0682542000564	131	0.0692319725503	132	0.0292064040371	68	-0.0372201084244	4	0.00561852280638	6	0.0587879929455	1	0.0686071190914	0.153607360693	0.072297459628	0.0742256418978	0.127395112037
M03_L_TO_DY:G808-E0947	M03_L_TO_DY	CORE13	L	DY	G808-E0947	t	edy	0	f78v	f78v	G808-P0249	f78v.15	15	7	B	B	2	3	EXACT	0.0949066318887	65	0.145036102123	2	0.0257733829843	71	0	0	0.0598274091127	138	0.060872288868	138	0.0350425609827	67	-0.129485423312	4	-0.050370148622	6	0	0	0.265716116996	0.265716116996	0.274985294995	0.215345968374	0.265716116996
M03_L_TO_DY:G808-E1000	M03_L_TO_DY	CORE13	L	DY	G808-E1000	t	edy	0	f79v	f79v	G808-P0263	f79v.30	30	6	B	B	2	3	EXACT	0.0610424238125	21	-0.10498482053	2	0.00860387791808	72	0	0	0.0177826746528	95	0.0187611241949	95	0.0143397886554	68	-0.0889069386152	4	0.00241345312479	6	0	0	-0.0353385187998	-0.0353385187998	-0.0296026080625	-0.032925065675	-0.0353385187998
M03_L_TO_DY:G808-E1067	M03_L_TO_DY	CORE13	L	DY	G808-E1067	t	edy	0	f81r	f81r	G808-P0279	f81r.12	12	2	B	B	2	2	EXACT	0.142019368527	37	0.199413455456	1	0.0264163054143	72	-0.0519912547105	1	0.0667498823604	110	0.0664989314581	111	0.0180934570631	68	0.167904491022	4	-0.0629605032498	6	-0.139834926368	1	0.367849129398	0.315857874687	0.359526281047	0.304888626148	0.22801420303
M03_L_TO_DY:G808-E1101	M03_L_TO_DY	CORE13	L	DY	G808-E1101	t	edy	0	f81v	f81v	G808-P0282	f81v.27	27	4	B	B	2	2	EXACT	0.0955710071023	54	0	0	0.00600385106663	72	0	0	0.0441032782858	126	0.0451020385843	126	0.0158714630995	68	-0.16174578459	4	-0.100965564198	6	0	0	0.101574858169	0.101574858169	0.111442470202	0.00060929397102	0.101574858169
M03_L_TO_DY:G808-E1137	M03_L_TO_DY	CORE13	L	DY	G808-E1137	t	edy	0	f82v	f82v	G808-P0288	f82v.15	15	6	B	B	2	3	EXACT	0.0895417557251	26	-0.221746576423	1	0.0151880233461	72	0.22899907379	1	0.0322579961221	99	0.0351205787492	100	0.01680300012	68	-0.0122667910983	4	-0.0395378240032	6	0.201120344314	1	-0.117016797352	0.111982276438	-0.115401820578	-0.156554621355	0.0841035469624
M03_L_TO_DY:G808-E1246	M03_L_TO_DY	CORE13	L	DY	G808-E1246	t	edy	0	f85r2	f85r	G808-P0313	f85r2.13	13	3	C	B	2	2	EXACT	0.0266265715829	13	0	0	-0.00257018203243	70	-0.0145446093305	2	0.00103103098488	83	0.00125106109736	85	0.00252862081474	66	-0.0867027807076	4	-0.0606500841276	6	0.0186530298769	2	0.0240563895505	0.00951178021995	0.0291551923976	-0.0365936945772	0.0427094194274
M03_L_TO_DY:G808-E1269	M03_L_TO_DY	CORE13	L	DY	G808-E1269	t	eody	1	f86v5	f86v	G808-P0323	f86v5.13	13	6	T	B	2	3	EXACT	0.0765152870891	28	0.0765756161923	2	0.0466616452357	72	-0.278587242514	1	0.0535208082702	102	0.0514142392729	103	0.0509954563123	68	-0.027014342645	4	-0.149093733053	6	-0.162169127845	2	0.199752548517	-0.0788346939967	0.204086359594	0.0506588154637	0.0375834206716
M03_L_TO_DY:G808-E1278	M03_L_TO_DY	CORE13	L	DY	G808-E1278	t	eody	1	f86v5	f86v	G808-P0325	f86v5.32	32	11	T	B	2	3	EXACT	0.0046797801948	62	0.0265385583484	2	0.0342746205231	72	-0.0249850128152	2	0.0205494457618	136	0.0209093062979	138	0.038115011205	68	-0.0310132206468	4	-0.0468599022158	6	-0.019174147541	3	0.0654929590663	0.0405079462511	0.0693333497481	0.0186330568505	0.0463188115252
M03_L_TO_DY:G808-E1663	M03_L_TO_DY	CORE13	L	DY	G808-E1663	tch	edy	0	f104v	f104v	G808-P0437	f104v.41	41	1	S	B	3	3	EXACT	0.0279246462873	20	-0.00559158152373	5	0.0184441737127	72	0	0	0.0176198286577	97	0.0187604503071	97	0.0239735843805	68	-0.0755587734227	4	-0.018245090174	6	0	0	0.0407772384763	0.0407772384763	0.046306649144	0.0225321483023	0.0407772384763
M03_L_TO_DY:G808-E1723	M03_L_TO_DY	CORE13	L	DY	G808-E1723	tch	edy	0	f106r	f106r	G808-P0463	f106r.15	15	5	S	B	3	3	EXACT	0.0779548682923	12	0.118042133945	1	0.036400644675	72	0	0	0.0408681869172	85	0.0420663013535	85	0.0363029645154	68	0.0380587726699	4	0.0352316270641	6	0	0	0.232397646912	0.232397646912	0.232299966752	0.267629273976	0.232397646912
M03_L_TO_DY:G808-E1864	M03_L_TO_DY	CORE13	L	DY	G808-E1864	tch	edy	0	f108r	f108r	G808-P0527	f108r.37	37	1	S	B	3	3	EXACT	0.107404602701	3	0.352824496653	1	0.0103540687047	72	0.257467020431	1	0.0143974519972	76	0.0185481003686	77	0.0165130098901	68	-0.0943505551112	4	-0.0257498065274	6	0.260258295226	1	0.470583168059	0.72805018849	0.476742109245	0.444833361532	0.730841463285
M03_L_TO_DY:G808-E1976	M03_L_TO_DY	CORE13	L	DY	G808-E1976	tch	edy	0	f112r	f112r	G808-P0553	f112r.11	11	1	S	B	3	2	EXACT	0.154345853073	17	0.198771528176	1	0.000637685818283	72	0	0	0.0301604099876	90	0.0312822824385	90	0.00499593151254	68	-0.073455228925	4	-0.0525421284164	6	0	0	0.353755067067	0.353755067067	0.358113312762	0.301212938651	0.353755067067
M03_L_TO_DY:G808-E2058	M03_L_TO_DY	CORE13	L	DY	G808-E2058	tch	edy	0	f113r	f113r	G808-P0591	f113r.50	50	1	S	B	3	3	EXACT	0.0629447914943	41	0.0541958493416	4	0.0133765675619	72	0.0219611465512	1	0.0313761580204	117	0.0322409099601	118	0.018109442827	68	-0.0670846919848	4	-0.042720773023	6	0.0247327370153	1	0.130517208398	0.152478354949	0.135250083663	0.0877964353748	0.155249945413
M03_L_TO_DY:G808-E2123	M03_L_TO_DY	CORE13	L	DY	G808-E2123	tch	edy	0	f114v	f114v	G808-P0623	f114v.11	11	1	S	B	3	3	EXACT	-0.0224694929693	12	-0.0352174513091	1	0.0065716508802	72	0.0153873236373	2	-0.000247865109576	85	0.000834823916787	87	0.0112511316298	68	-0.0729824960296	4	-0.0315874649153	6	0.0179159254148	2	-0.0511152933982	-0.0357279697609	-0.0464358126486	-0.0827027583135	-0.0331993679834
M03_L_TO_DY:G808-E2132	M03_L_TO_DY	CORE13	L	DY	G808-E2132	tch	edy	0	f114v	f114v	G808-P0628	f114v.28	28	1	S	B	3	2	EXACT	-0.00769946414165	14	0.246563050794	2	0.0180154354795	72	0	0	0.017046365016	88	0.0181657903653	88	0.023368080029	68	-0.0729824960296	4	-0.0640008970968	6	0	0	0.256879022132	0.256879022132	0.262231666682	0.192878125035	0.256879022132
M03_L_TO_DY:G808-E2142	M03_L_TO_DY	CORE13	L	DY	G808-E2142	tch	edy	0	f115r	f115r	G808-P0635	f115r.10	10	1	S	B	@	3	EXACT	-0.0298986485245	10	-0.352766031653	1	0.00782661367509	70	0	0	-0.00361601648622	81	-0.00244701739902	81	0.0128709241193	66	-0.0754068159145	4	-0.0460746702227	6	0	0	-0.374838066502	-0.374838066502	-0.369793756058	-0.420912736725	-0.374838066502
M03_L_TO_DY:G808-E2143	M03_L_TO_DY	CORE13	L	DY	G808-E2143	tch	edy	0	f115r	f115r	G808-P0636	f115r.13	13	1	S	B	@	3	EXACT	0.0243312006821	31	0	0	-0.000310391542981	70	-0.0576093177761	1	0.00617753119272	101	0.0065457000266	102	0.00424076706982	66	-0.0754068159145	4	-0.0277922927371	6	-0.123022103505	1	0.0240208091391	-0.0335885086371	0.0285719677519	-0.00377148359804	-0.0990012943655
M03_L_TO_DY:G808-E2172	M03_L_TO_DY	CORE13	L	DY	G808-E2172	tch	eody	1	f115v	f115v	G808-P0649	f115v.13	13	4	S	B	3	3	EXACT	0.0348815050397	30	0	0	0.0093827152228	72	0	0	0.0158066146358	102	0.0169196391618	102	0.0137727579099	68	-0.0652507239775	4	-0.00598400190187	6	0	0	0.0442642202625	0.0442642202625	0.0486542629497	0.0382802183607	0.0442642202625
M03_L_TO_DY:G808-E2180	M03_L_TO_DY	CORE13	L	DY	G808-E2180	tch	edy	0	f115v	f115v	G808-P0652	f115v.25	25	8	S	B	3	3	EXACT	0.0356255899336	22	-0.1130798346	2	-0.00826377383664	71	-0.157482367057	1	-0.00169884346131	95	-0.002386278775	96	-0.00455229788068	67	-0.070432723888	4	0.00550379660848	6	-0.155133791331	1	-0.0857180185028	-0.24320038556	-0.0820065425468	-0.0802142218943	-0.240851809833
M03_L_TO_DY:G808-E0388	M03_L_TO_DY	CORE13	L	DY	G808-E0388	tch	edy	0	f39r	f39r	G808-P0137	f39r.9	9	1	H	B	2	2	EXACT	0.0389370017678	21	0.388993486121	1	0.000428795997357	72	0	0	0.0116134635035	94	0.012736957016	94	0.00550681067734	68	-0.0859001608842	4	-0.0538205665512	6	0	0	0.428359283886	0.428359283886	0.433437298566	0.374538717335	0.428359283886
M03_L_TO_DY:G808-E0570	M03_L_TO_DY	CORE13	L	DY	G808-E0570	tch	eody	1	f51r	f51r	G808-P0191	f51r.5	5	1	H	A	1	2	EXACT	-0.100127131341	37	0	0	-0.0234129649579	72	-0.0555163630563	1	-0.0504188904691	109	-0.0494394734468	110	-0.0209368663536	68	-0.0655096112156	4	-0.060902776714	6	-0.0532402829744	1	-0.123540096298	-0.179056459355	-0.121063997694	-0.184442873012	-0.176780379273
M03_L_TO_DY:G808-E0659	M03_L_TO_DY	CORE13	L	DY	G808-E0659	tch	eody	1	f58v	f58v	G808-P0213	f58v.36	36	1	S	A	3	3	EXACT	0.0809694858935	29	-0.227911288482	2	-1.98593744317e-05	71	0	0	0.0176552520645	102	0.018748682947	102	0.0040783006616	67	-0.0686651888385	4	-0.0224895437974	6	0	0	-0.146961661963	-0.146961661963	-0.142863501927	-0.169451205761	-0.146961661963
M03_L_TO_DY:G808-E0685	M03_L_TO_DY	CORE13	L	DY	G808-E0685	tch	edy	0	f66v	f66v	G808-P0219	f66v.2	2	2	H	B	5	3	EXACT	-0.0676616089387	17	0.0515922609002	1	0.0189010898232	72	0	0	0.0012797358721	90	0.00237699955954	90	0.0103273441037	68	0.164651944685	4	0.0506874753541	6	0	0	0.00283174178471	0.00283174178471	-0.00574200393482	0.0535192171388	0.00283174178471
M03_L_TO_DY:G808-E0708	M03_L_TO_DY	CORE13	L	DY	G808-E0708	tch	edy	0	f75r	f75r	G808-P0223	f75r.28	28	1	B	B	2	3	EXACT	0.0745167760133	27	0.0619058608903	3	-0.0134323831123	72	0.36874156831	1	0.0103851560282	102	0.0148819958983	103	-0.00981253089445	68	-0.0749726019212	4	0.00306971884799	6	0.37118644425	1	0.122990253791	0.491731822101	0.126610106009	0.126059972639	0.494176698042
M03_L_TO_DY:G808-E0794	M03_L_TO_DY	CORE13	L	DY	G808-E0794	tch	edy	0	f76v	f76v	G808-P0236	f76v.15	15	1	B	B	2	2	EXACT	0.208586793921	16	0	0	8.81162146504e-05	72	0	0	0.0361267577909	88	0.0372449059365	88	0.0046110760712	68	-0.0768050952848	4	-0.0587419185328	6	0	0	0.208674910136	0.208674910136	0.213197869992	0.149932991603	0.208674910136
M03_L_TO_DY:G808-E0815	M03_L_TO_DY	CORE13	L	DY	G808-E0815	tch	edy	0	f76v	f76v	G808-P0238	f76v.30	30	1	B	B	2	3	EXACT	0.114806713758	41	0	0	0.00326084080934	72	0.0525696341357	1	0.042923130948	113	0.0439747367901	114	0.0079704315244	68	-0.0768050952848	4	0.0286339545885	6	0.186439763747	1	0.118067554567	0.170637188703	0.122777145282	0.146701509156	0.304507318314
M03_L_TO_DY:G808-E0900	M03_L_TO_DY	CORE13	L	DY	G808-E0900	tch	edy	0	f78r	f78r	G808-P0247	f78r.4	4	4	B	B	2	2	EXACT	0.102541523511	60	0.00508605476797	2	0.00119455022545	72	-0.0514555814307	1	0.046445504348	134	0.0467036545565	135	0.00875731655748	68	-0.127375444631	4	-0.01400242529	6	-0.0489659614385	1	0.108822128505	0.0573665470741	0.116384894837	0.0948197032148	0.0598561670663
M03_L_TO_DY:G808-E1006	M03_L_TO_DY	CORE13	L	DY	G808-E1006	tch	edy	0	f80r	f80r	G808-P0266	f80r.13	13	1	B	B	2	3	EXACT	0.0473555603165	83	-0.0922433956904	6	-0.00304574615791	72	0	0	0.0192275238427	161	0.0200731878664	161	0.000188709198394	68	-0.0580341550083	4	-0.0415389165254	6	0	0	-0.0479335815318	-0.0479335815318	-0.0446991261755	-0.0894724980572	-0.0479335815318
M03_L_TO_DY:G808-E1152	M03_L_TO_DY	CORE13	L	DY	G808-E1152	tch	edy	0	f83r	f83r	G808-P0292	f83r.1	1	1	B	B	2	2	EXACT	0.070833682335	29	0	0	0.00152032917563	72	0	0	0.0203351157514	101	0.0213954224698	101	0.00641291548173	68	-0.0816563491012	4	-0.0220396627721	6	0	0	0.0723540115106	0.0723540115106	0.0772465978167	0.0503143487385	0.0723540115106
M03_L_TO_DY:G808-E1173	M03_L_TO_DY	CORE13	L	DY	G808-E1173	tch	edy	0	f83r	f83r	G808-P0293	f83r.16	16	1	B	B	2	2	EXACT	0.0755479398158	43	0.181296881487	1	-0.00799974358008	72	0	0	0.0239753010133	116	0.0250356077317	116	-0.00366716155372	68	-0.0816563491012	4	-0.0530444869235	6	0	0	0.248845077723	0.248845077723	0.253177659749	0.1958005908	0.248845077723
M03_L_TO_DY:G808-E1178	M03_L_TO_DY	CORE13	L	DY	G808-E1178	tch	edy	0	f83r	f83r	G808-P0294	f83r.23	23	1	B	B	2	2	EXACT	0.165714907629	23	0	0	-0.0101200291393	72	0.168354009213	1	0.0311281378387	95	0.0334483661749	96	-0.00591216979295	68	-0.0816563491012	4	-0.000454071114856	6	0.170922479787	1	0.15559487849	0.323948887703	0.159802737836	0.155140807375	0.326517358276
M03_L_TO_DY:G808-E1221	M03_L_TO_DY	CORE13	L	DY	G808-E1221	tch	edy	0	f85r1	f85r	G808-P0302	f85r1.5	5	1	T	B	2	2	EXACT	0.0271804069826	21	0	0	-0.032687699679	72	0.099923590505	1	-0.0212892069375	93	-0.0191464303432	94	-0.0284506170793	68	-0.104720087892	4	-0.0454964881717	6	0.125956876533	1	-0.00550729269637	0.0944162978086	-0.00127021009667	-0.0510037808681	0.120449583837
M03_L_TO_DY:G808-E1245	M03_L_TO_DY	CORE13	L	DY	G808-E1245	tch	edy	0	f85r2	f85r	G808-P0312	f85r2.9	9	3	C	B	2	2	EXACT	-0.00880253738466	13	0	0	-0.00764385767823	70	-0.101363844331	2	-0.0106029542337	83	-0.0120907735374	85	-0.00713644183026	66	-0.0160167420791	4	-0.0253067204838	6	-0.106505598158	2	-0.0164463950629	-0.117810239394	-0.0159389792149	-0.0417531155467	-0.122951993221
M03_L_TO_DY:G808-E1252	M03_L_TO_DY	CORE13	L	DY	G808-E1252	tch	edy	0	f86v3	f86v	G808-P0315	f86v3.1	1	1	C	B	2	2	EXACT	0.00874476668362	24	-0.151093788979	2	0.00338240990602	70	0	0	-0.00188577987906	96	-0.000546874803005	96	0.00814863771742	66	-0.0752611148839	4	-0.0280073852473	6	0	0	-0.13896661239	-0.13896661239	-0.134200384578	-0.166973997637	-0.13896661239
M03_L_TO_DY:G808-E1255	M03_L_TO_DY	CORE13	L	DY	G808-E1255	tch	eody	1	f86v3	f86v	G808-P0316	f86v3.13	13	3	C	B	2	3	EXACT	0.0531994148911	28	-0.244824537756	1	0.0127517063566	70	0.0554660661799	2	0.0187181710902	99	0.020373374225	101	0.00874147527445	66	0.0789197533095	4	0.0201382213822	6	0.0698147356363	2	-0.178873416508	-0.123407350328	-0.18288364759	-0.158735195126	-0.109058680872
M03_L_TO_DY:G808-E1416	M03_L_TO_DY	CORE13	L	DY	G808-E1416	tch	edy	0	f94r	f94r	G808-P0348	f94r.1	1	1	H	B	3	3	EXACT	-0.0340606804673	51	0	0	0.00480479383498	71	0	0	-0.0118743238379	122	-0.0107598027835	122	0.00948649911703	67	-0.0736185518757	4	-0.00891745750654	6	0	0	-0.0292558866324	-0.0292558866324	-0.0245741813503	-0.0381733441389	-0.0292558866324
M03_L_TO_DY:G808-E1666	M03_L_TO_DY	CORE13	L	DY	G808-E1666	yt	eody	1	f105r	f105r	G808-P0439	f105r.6	6	8	S	B	3	3	EXACT	0.18020198908	15	0	0	0.015047045685	72	0.0537271172529	1	0.0399169868259	87	0.0410908361541	88	0.0191264933574	68	-0.0543064581488	4	-0.0401879551388	6	0.193202273836	1	0.195249034765	0.248976152018	0.199328482438	0.155061079626	0.388451308602
M03_L_TO_DY:G808-E1671	M03_L_TO_DY	CORE13	L	DY	G808-E1671	yt	eody	1	f105r	f105r	G808-P0441	f105r.16	16	1	S	B	3	2	EXACT	0.120796419169	18	-0.102472850781	1	0.0429864579657	72	0.051504819508	1	0.0535169397771	91	0.0545212213957	92	0.0400640697672	68	0.092664163938	4	0.060561675627	6	0.184054705296	1	0.0613100263536	0.112814845862	0.0583876381551	0.121871701981	0.245364731649
M03_L_TO_DY:G808-E1691	M03_L_TO_DY	CORE13	L	DY	G808-E1691	yt	edy	0	f105r	f105r	G808-P0447	f105r.36	36	10	S	B	3	3	EXACT	0.0659226446672	12	-0.110543814516	2	0.00960957165205	72	-0.0738831723258	1	0.0106594204575	86	0.0107021407219	87	0.0152772250797	68	-0.0867434300201	4	-0.15314897292	6	-0.0734472485823	1	-0.0350115981966	-0.108894770522	-0.0293439447689	-0.188160571116	-0.108458846779
M03_L_TO_DY:G808-E0266	M03_L_TO_DY	CORE13	L	DY	G808-E0266	yt	edy	0	f26r	f26r	G808-P0090	f26r.2	2	6	H	B	2	3	EXACT	0.0537569251127	18	0.158600706621	1	-0.00637334207351	72	-0.259666313873	1	0.00437914090012	91	0.00247030450962	92	-0.00506507314153	68	-0.0286157339614	4	0.0425904833133	6	-0.266960673688	1	0.20598428966	-0.0536820242133	0.207292558592	0.248574772973	-0.0609763840277
M03_L_TO_DY:G808-E0276	M03_L_TO_DY	CORE13	L	DY	G808-E0276	yt	edy	0	f26v	f26v	G808-P0092	f26v.3	3	10	H	B	2	3	EXACT	0.0181862332435	36	0.215692148619	1	-0.00762354270542	72	0	0	0.00152791277116	109	0.00267932506164	109	-0.00375473054916	68	-0.0733951694061	4	-0.0325726895431	6	0	0	0.226254839158	0.226254839158	0.230123651314	0.193682149615	0.226254839158
M03_L_TO_DY:G808-E0023	M03_L_TO_DY	CORE13	L	DY	G808-E0023	yt	eody	1	f3r	f3r	G808-P0007	f3r.17	17	3	H	A	1	2	EXACT	-0.0871387832431	6	0	0	-0.0309619738518	72	0	0	-0.0413578037802	78	-0.0400643687285	78	-0.0282212995488	68	-0.077555368267	4	0.0373297234435	6	0	0	-0.118100757095	-0.118100757095	-0.115360082792	-0.0807710336514	-0.118100757095
M03_L_TO_DY:G808-E0406	M03_L_TO_DY	CORE13	L	DY	G808-E0406	yt	edy	0	f41r	f41r	G808-P0145	f41r.4	4	5	H	B	5	3	EXACT	-0.0510036763341	13	0.22217939028	1	-0.000335188572083	72	0.0412045034031	1	-0.00890092222554	86	-0.00737470531722	87	-0.000343800598136	68	-0.000190604173471	4	0.0580338213532	6	0.0413965013526	1	0.170840525374	0.212045028777	0.170831913348	0.228874346727	0.212237026726
M03_L_TO_DY:G808-E0521	M03_L_TO_DY	CORE13	L	DY	G808-E0521	yt	edy	0	f48r	f48r	G808-P0180	f48r.4	4	6	H	B	5	3	EXACT	-0.0116503941272	36	-0.0124862788478	3	0.0112012933738	72	0	0	0.00163881921602	111	0.00275394278721	111	0.0117042498952	68	0.00264926827799	4	0.0109005746978	6	0	0	-0.0129353796012	-0.0129353796012	-0.0124324230797	-0.00203480490331	-0.0129353796012
M03_L_TO_DY:G808-E0538	M03_L_TO_DY	CORE13	L	DY	G808-E0538	yt	edy	0	f48v	f48v	G808-P0182	f48v.10	10	3	H	B	5	3	EXACT	0.0427338373942	24	-0.0138069336688	4	0.0178126758976	72	-0.0319265062957	1	0.0201258824378	100	0.0205988012638	101	0.0148905348652	68	0.0674871898102	4	-0.0165033579875	6	-0.0317151668522	1	0.046739579623	0.0148130733274	0.0438174385906	0.0302362216356	0.0150244127709
M03_L_TO_DY:G808-E0924	M03_L_TO_DY	CORE13	L	DY	G808-E0924	yt	edy	0	f78r	f78r	G808-P0248	f78r.33	33	1	B	B	2	3	EXACT	0.0809173974918	49	0.034633438381	3	0.029672254395	72	-0.429888196759	1	0.0493562635904	124	0.0465392123492	125	0.0262275623103	68	0.088229984318	4	0.0714913886403	6	-0.418175295829	1	0.145223090268	-0.284665106491	0.141778398183	0.216714478908	-0.272952205561
M03_L_TO_DY:G808-E1231	M03_L_TO_DY	CORE13	L	DY	G808-E1231	yt	eody	1	f85r1	f85r	G808-P0307	f85r1.23	23	4	T	B	2	3	EXACT	0.0414211762217	10	-0.153148634036	2	-0.00698601623569	72	0	0	-0.00827533439024	84	-0.00716645258739	84	-0.00317754083131	68	-0.0717406131095	4	0.0932730805992	6	0	0	-0.11871347405	-0.11871347405	-0.114904998645	-0.0254403934504	-0.11871347405
M03_L_TO_DY:G808-E1277	M03_L_TO_DY	CORE13	L	DY	G808-E1277	yt	edy	0	f86v5	f86v	G808-P0325	f86v5.31	31	5	T	B	2	3	EXACT	-0.0185540177504	63	0.0930296405881	1	0.0279447181548	72	-0.0993321686534	1	0.00729559096379	136	0.0078655480035	137	0.0298909052831	68	-0.00514336457172	4	-0.0418948583481	6	-0.0759702536021	1	0.102420340992	0.0030881723391	0.104366528121	0.0605254826444	0.0264500873904
M03_L_TO_DY:G808-E1281	M03_L_TO_DY	CORE13	L	DY	G808-E1281	yt	eody	1	f86v5	f86v	G808-P0325	f86v5.39	39	1	T	B	2	2	EXACT	-0.0185540177504	63	-0.176884637505	1	0.0257017128238	72	0	0	0.00412345374374	136	0.00564365678423	136	0.0205486449736	68	0.113300964732	4	0.105553625938	6	0	0	-0.169736942432	-0.169736942432	-0.174890010282	-0.0641833164942	-0.169736942432
M04_DY_TO_L:G808-E1498	M04_DY_TO_L	CORE13	DY	L	G808-E1498	ch	ol	0	f100r	f100r	G808-P0371	f100r.15	15	5	P	A	1	2	EXACT	0.287677135173	14	0	0	0.106689965302	71	0	0	0.161705150946	85	0.160193886762	85	0.11595056176	67	-0.0484333522056	4	0.15715956297	6	0	0	0.394367100475	0.394367100475	0.403627696933	0.551526663446	0.394367100475
M04_DY_TO_L:G808-E1501	M04_DY_TO_L	CORE13	DY	L	G808-E1501	ch	eol	1	f100r	f100r	G808-P0372	f100r.24	24	9	P	A	1	3	EXACT	-0.0344582910733	2	0	0	0.0804130396362	72	0	0	0.114760993276	74	0.113249729091	74	0.0941881215956	68	-0.153776007453	4	0.0965232230058	6	0	0	0.045954748563	0.045954748563	0.0597298305223	0.142477971569	0.045954748563
M04_DY_TO_L:G808-E1504	M04_DY_TO_L	CORE13	DY	L	G808-E1504	ch	ol	0	f100r	f100r	G808-P0372	f100r.26	26	3	P	A	1	3	EXACT	-0.0344582910733	2	0.183759135854	1	0.104368310507	72	0	0	0.138874311206	75	0.137363047022	75	0.100215695065	68	0.174950119252	4	0.101135546456	6	0	0	0.253669155288	0.253669155288	0.249516539846	0.354804701744	0.253669155288
M04_DY_TO_L:G808-E1507	M04_DY_TO_L	CORE13	DY	L	G808-E1507	ch	ol	0	f100v	f100v	G808-P0373	f100v.16	16	2	P	A	1	3	EXACT	0.115039915948	23	0.0610886284132	2	0.0610536030436	72	0	0	0.0922211575291	97	0.0906963584384	97	0.0585305645399	68	0.103932603825	4	-0.173599321198	6	-0.179417445304	1	0.237182147404	0.237182147404	0.234659108901	0.063582826206	0.0577647021008
M04_DY_TO_L:G808-E1510	M04_DY_TO_L	CORE13	DY	L	G808-E1510	ch	ol	0	f100v	f100v	G808-P0373	f100v.17	17	5	P	A	1	2	EXACT	0.115039915948	23	0	0	0.0696511344202	72	0	0	0.099095588404	95	0.0975707893133	95	0.0812561077026	68	-0.127646065161	4	-0.317417282603	6	0	0	0.184691050368	0.184691050368	0.19629602365	-0.132726232236	0.184691050368
M04_DY_TO_L:G808-E1517	M04_DY_TO_L	CORE13	DY	L	G808-E1517	ch	ol	0	f102r1	f102r	G808-P0374	f102r1.5	5	7	P	A	1	2	EXACT	0.16405937093	4	-0.0410102927428	1	0.085470372738	72	0	0	0.123159347042	77	0.121737405558	77	0.0999958754335	68	-0.161474806749	4	-0.0699107868238	6	0	0	0.208519450925	0.208519450925	0.223044953621	0.138608664101	0.208519450925
M04_DY_TO_L:G808-E1527	M04_DY_TO_L	CORE13	DY	L	G808-E1527	ch	ol	0	f102r1	f102r	G808-P0376	f102r1.15	15	2	P	A	1	3	EXACT	0.144022355442	16	0	0	0.105285777957	72	0	0	0.136259804837	88	0.134837863353	88	0.105358880312	68	0.104031404263	4	-0.0269694548167	6	-0.256555533785	1	0.249308133399	0.249308133399	0.249381235754	0.222338678582	-0.00724740038605
M04_DY_TO_L:G808-E1532	M04_DY_TO_L	CORE13	DY	L	G808-E1532	ch	eol	1	f102v1	f102v	G808-P0377	f102v1.13	13	5	P	A	1	3	EXACT	0.0709081682648	23	-0.13067235305	1	0.0781361409885	72	-0.0380649632834	2	0.0924886818746	96	0.0890149899676	98	0.088815585504	68	-0.103429117643	4	0.271239958351	6	-0.0501095876173	3	0.0183719562038	-0.0196930070797	0.0290514007192	0.289611914555	-0.0317376314136
M04_DY_TO_L:G808-E1539	M04_DY_TO_L	CORE13	DY	L	G808-E1539	ch	eol	1	f102v1	f102v	G808-P0378	f102v1.22	22	4	P	A	1	2	EXACT	0.0853643162765	13	0	0	0.0729195874901	72	0	0	0.101031722389	85	0.0995512119057	85	0.0670444408608	68	0.17278237832	4	0.0212115419011	6	0	0	0.158283903767	0.158283903767	0.152408757137	0.179495445668	0.158283903767
M04_DY_TO_L:G808-E1543	M04_DY_TO_L	CORE13	DY	L	G808-E1543	ch	eol	1	f102v1	f102v	G808-P0378	f102v1.24	24	4	P	A	1	2	EXACT	0.0853643162765	13	0	0	0.0799210338246	72	0	0	0.106962359284	85	0.105481848801	85	0.0974254270216	68	-0.217668352392	4	0.173404636952	6	0	0	0.165285350101	0.165285350101	0.182789743298	0.338689987053	0.165285350101
M04_DY_TO_L:G808-E1544	M04_DY_TO_L	CORE13	DY	L	G808-E1544	ch	eol	1	f102v2	f102v	G808-P0379	f102v2.21	21	6	P	A	1	3	EXACT	-0.0765969092381	21	-0.275359598977	1	0.0688734796064	71	0	0	0.051793137033	93	0.0503126265499	93	0.0791596244049	67	-0.103429117643	4	0.140217578499	6	0	0	-0.283083028609	-0.283083028609	-0.27279688381	-0.14286545011	-0.283083028609
M04_DY_TO_L:G808-E1579	M04_DY_TO_L	CORE13	DY	L	G808-E1579	ch	eol	1	f103r	f103r	G808-P0394	f103r.41	41	1	S	B	3	3	EXACT	-0.0109420177444	7	0.0582962403433	6	-0.00315788151325	72	0	0	0.0331480432871	85	0.0314843910732	85	-0.00720183436497	68	0.0655778758992	4	0.145469238031	6	0	0	0.0441963410856	0.0441963410856	0.0401523882339	0.189665579117	0.0441963410856
M04_DY_TO_L:G808-E1587	M04_DY_TO_L	CORE13	DY	L	G808-E1587	ch	ol	0	f103v	f103v	G808-P0400	f103v.7	7	3	S	B	3	3	EXACT	-0.303171790521	11	-0.250507918858	2	-0.000894180425743	72	-0.131499180417	3	-0.0156674425148	85	-0.0200374068534	88	-0.0106293168909	68	0.164589404501	4	0.0709993129148	6	-0.0734623334488	3	-0.554573889805	-0.686073070223	-0.56430902627	-0.48357457689	-0.628036223254
M04_DY_TO_L:G808-E1629	M04_DY_TO_L	CORE13	DY	L	G808-E1629	ch	eol	1	f104r	f104r	G808-P0420	f104r.32	32	5	S	B	3	3	EXACT	-0.146459910511	15	-0.00637617502464	1	-0.0287983556474	72	0	0	-0.0254845278779	88	-0.026984164318	88	-0.0276666893518	68	-0.0480485655398	4	0.136288277175	6	0	0	-0.181634441184	-0.181634441184	-0.180502774888	-0.0453461640084	-0.181634441184
M04_DY_TO_L:G808-E1632	M04_DY_TO_L	CORE13	DY	L	G808-E1632	ch	ol	0	f104r	f104r	G808-P0423	f104r.39	39	6	S	B	3	3	EXACT	-0.0778871550268	14	-0.0598358887175	1	0.0293905730914	72	0.0349874595299	1	0.0350335403492	87	0.0339058447934	88	0.0339451175481	68	-0.0480485655398	4	0.0248333018302	6	0.178907306175	1	-0.108332470653	-0.073345011123	-0.103777926196	-0.0834991688227	0.0705748355219
M04_DY_TO_L:G808-E1634	M04_DY_TO_L	CORE13	DY	L	G808-E1634	ch	eol	1	f104r	f104r	G808-P0424	f104r.44	44	6	S	B	3	3	EXACT	-0.235706623476	9	0	0	0.0137362708643	72	0.159874025424	1	0.0144565226245	81	0.015129988397	82	0.0164227212327	68	-0.0319452682652	4	0.228440375447	6	0.103288606309	3	-0.221970352612	-0.0620963271881	-0.219283902243	0.00647002283518	-0.118681746302
M04_DY_TO_L:G808-E1643	M04_DY_TO_L	CORE13	DY	L	G808-E1643	ch	eol	1	f104v	f104v	G808-P0428	f104v.12	12	10	S	B	3	3	EXACT	0.0677113065547	4	0.157278614019	1	0.0069586793386	72	0	0	0.0468586575265	77	0.0453494647299	77	0.0160297160021	68	-0.147261925779	4	0.194452007582	6	-0.189711404619	1	0.231948599912	0.231948599912	0.241019636576	0.426400607494	0.0422371952935
M04_DY_TO_L:G808-E1649	M04_DY_TO_L	CORE13	DY	L	G808-E1649	ch	eol	1	f104v	f104v	G808-P0429	f104v.17	17	12	S	B	3	3	EXACT	-0.311525700729	11	-0.0319619217031	2	-0.0298705664498	72	0	0	-0.0387176630804	85	-0.040226855877	85	-0.00388680336762	68	-0.471607520684	4	-0.0348071233571	6	-0.10671788842	2	-0.373358188882	-0.373358188882	-0.3473744258	-0.408165312239	-0.480076077302
M04_DY_TO_L:G808-E1650	M04_DY_TO_L	CORE13	DY	L	G808-E1650	ch	ol	0	f104v	f104v	G808-P0430	f104v.19	19	2	S	B	3	3	EXACT	0.0517871388888	11	-0.0298066628394	2	0.0262887303378	72	0	0	0.0559202324754	85	0.0544110396787	85	0.0212882217757	68	0.111284394057	4	0.2217633606	6	0	0	0.0482692063872	0.0482692063872	0.0432686978251	0.270032566987	0.0482692063872
M04_DY_TO_L:G808-E1657	M04_DY_TO_L	CORE13	DY	L	G808-E1657	ch	ol	0	f104v	f104v	G808-P0433	f104v.31	31	4	S	B	3	3	EXACT	0	0	-0.0703453233359	1	-0.0136277883379	72	0	0	0.0249853594813	73	0.0234761666846	73	-0.024529092771	68	0.171681405188	4	-0.0173061633392	6	0	0	-0.0839731116738	-0.0839731116738	-0.0948744161069	-0.101279275013	-0.0839731116738
M04_DY_TO_L:G808-E1658	M04_DY_TO_L	CORE13	DY	L	G808-E1658	ch	eol	1	f104v	f104v	G808-P0434	f104v.34	34	7	S	B	3	3	EXACT	-0.0471495410236	17	0.453848551637	1	0.00487518276894	72	0	0	0.0227070186854	90	0.0211978258888	90	0.014306693263	68	-0.155473477467	4	0.280523048727	6	0	0	0.411574193383	0.411574193383	0.421005703877	0.69209724211	0.411574193383
M04_DY_TO_L:G808-E1685	M04_DY_TO_L	CORE13	DY	L	G808-E1685	ch	ol	0	f105r	f105r	G808-P0445	f105r.29	29	6	S	B	3	3	EXACT	-0.0686391579105	6	0	0	0.0345011997614	72	0.112613578762	1	0.0619389466683	78	0.0615817088814	79	0.0416306752001	68	-0.0867215977645	4	0.0792739049266	6	0.108535132766	3	-0.0341379581491	0.0784756206128	-0.0270084827104	0.0451359467775	0.0743971746166
M04_DY_TO_L:G808-E1715	M04_DY_TO_L	CORE13	DY	L	G808-E1715	ch	ol	0	f106r	f106r	G808-P0460	f106r.9	9	2	S	B	3	2	EXACT	-0.118766420138	6	-0.00112476893443	1	0.0183790446367	72	0.495789601362	1	0.041740085026	79	0.0463373597053	80	0.0133483540449	68	0.103896742048	4	0.209142599232	6	0.506014415133	1	-0.101512144436	0.394277456926	-0.106542835028	0.107630454796	0.404502270697
M04_DY_TO_L:G808-E1718	M04_DY_TO_L	CORE13	DY	L	G808-E1718	ch	eol	1	f106r	f106r	G808-P0461	f106r.11	11	3	S	B	3	3	EXACT	-0.349950972909	5	-0.057577581672	2	0.0386519054038	72	0.286959277548	1	0.0465059848411	79	0.0484333067251	80	0.0312279859183	68	0.164854494008	4	0.298588487233	6	0.5484985196	1	-0.368876649177	-0.0819173716289	-0.376300568663	-0.0702881619438	0.179621870423
M04_DY_TO_L:G808-E1735	M04_DY_TO_L	CORE13	DY	L	G808-E1735	ch	eol	1	f106r	f106r	G808-P0467	f106r.31	31	5	S	B	3	2	EXACT	-0.0674659344198	26	0	0	0.0251461921311	72	0	0	0.017379550177	98	0.0158920824787	98	0.0259131000327	68	0.0121047151544	4	0.272909050599	6	0	0	-0.0423197422887	-0.0423197422887	-0.0415528343871	0.23058930831	-0.0423197422887
M04_DY_TO_L:G808-E1747	M04_DY_TO_L	CORE13	DY	L	G808-E1747	ch	eol	1	f106v	f106v	G808-P0475	f106v.10	10	2	S	B	3	2	EXACT	0.0658268099095	5	0	0	0.0254657119079	72	0	0	0.0624706449053	77	0.0611797402645	77	0.0197906306677	68	0.121929724588	4	-0.22036967052	6	0.0560468699683	2	0.0912925218173	0.0912925218173	0.0856174405772	-0.129077148702	0.147339391786
M04_DY_TO_L:G808-E1779	M04_DY_TO_L	CORE13	DY	L	G808-E1779	ch	ol	0	f107r	f107r	G808-P0501	f107r.50	50	4	S	B	3	3	EXACT	-0.032756441498	15	0.152643417083	3	-0.00740675762269	72	0	0	0.0183463091117	90	0.0168596458031	90	-0.0231396809527	68	0.260040375904	4	0.186019918708	6	-0.126613311283	2	0.112480217962	0.112480217962	0.0967472946322	0.29850013667	-0.014133093321
M04_DY_TO_L:G808-E1780	M04_DY_TO_L	CORE13	DY	L	G808-E1780	ch	ol	0	f107r	f107r	G808-P0501	f107r.51	51	3	S	B	3	3	EXACT	-0.032756441498	15	-0.161878072708	2	0.00780185725446	72	-0.227141091337	1	0.0218731227991	89	0.0179793941275	90	-0.00223804280222	68	0.178467595135	4	-0.112152786232	6	-0.083244230091	3	-0.186832656951	-0.413973748289	-0.196872557008	-0.298985443184	-0.270076887042
M04_DY_TO_L:G808-E1794	M04_DY_TO_L	CORE13	DY	L	G808-E1794	ch	ol	0	f107v	f107v	G808-P0505	f107v.12	12	3	S	B	3	3	EXACT	-0.290598083366	20	-0.108368860651	2	-0.00688520330932	72	0.176441123743	1	-0.0489990047247	94	-0.0478064100463	95	-0.017709803492	68	0.177121442353	4	-0.15509296092	6	0.187119341597	1	-0.405852147326	-0.229411023582	-0.416676747509	-0.560945108246	-0.218732805729
M04_DY_TO_L:G808-E1799	M04_DY_TO_L	CORE13	DY	L	G808-E1799	ch	eol	1	f107v	f107v	G808-P0506	f107v.17	17	8	S	B	3	3	EXACT	0.133527239147	7	0.222246141502	3	-0.00637149350837	72	0.027430749675	2	0.0453312041131	82	0.044167530462	84	0.00223679250273	68	-0.15272391314	4	0.305941217097	6	-0.000241928541262	2	0.349401887141	0.376832636816	0.358010173152	0.655343104237	0.349159958599
M04_DY_TO_L:G808-E1800	M04_DY_TO_L	CORE13	DY	L	G808-E1800	ch	ol	0	f107v	f107v	G808-P0506	f107v.18	18	6	S	B	3	3	EXACT	0.133527239147	7	-0.162707822669	2	0.00636224275405	72	0	0	0.0447747857311	81	0.0432432801631	81	0.00844899027332	68	-0.0291240225164	4	0.308569653525	6	-0.132464052414	1	-0.022818340768	-0.022818340768	-0.0207315932487	0.285751312757	-0.155282393182
M04_DY_TO_L:G808-E1802	M04_DY_TO_L	CORE13	DY	L	G808-E1802	ch	ol	0	f107v	f107v	G808-P0507	f107v.21	21	4	S	B	3	3	EXACT	0	0	0.121175887777	2	0.00969803639833	71	-0.0883644430064	1	0.0519928484946	73	0.0490152902704	74	3.49307477595e-05	67	0.171547449184	4	-0.299173197429	6	-0.0887859241735	1	0.130873924176	0.0425094811693	0.121210818525	-0.168299273254	0.0420880000022
M04_DY_TO_L:G808-E1804	M04_DY_TO_L	CORE13	DY	L	G808-E1804	ch	ol	0	f107v	f107v	G808-P0507	f107v.22	22	5	S	B	3	2	EXACT	0	0	0	0	0.0205848623462	71	0	0	0.0605061794175	71	0.0589746738495	71	0.0214289609479	67	0.00643860390619	4	0.101066286113	6	0	0	0.0205848623462	0.0205848623462	0.0214289609479	0.12165114846	0.0205848623462
M04_DY_TO_L:G808-E1805	M04_DY_TO_L	CORE13	DY	L	G808-E1805	ch	ol	0	f107v	f107v	G808-P0508	f107v.24	24	3	S	B	3	2	EXACT	-0.308535097333	3	0	0	0.0345675950742	71	0	0	0.056962345583	74	0.0554308400149	74	0.0322971581382	67	0.0725898068895	4	0.305941217097	6	0	0	-0.273967502259	-0.273967502259	-0.276237939195	0.0319737148374	-0.273967502259
M04_DY_TO_L:G808-E1808	M04_DY_TO_L	CORE13	DY	L	G808-E1808	ch	eol	1	f107v	f107v	G808-P0509	f107v.28	28	3	S	B	3	2	EXACT	-0.114502109715	14	0	0	0.00408343746081	72	0	0	0.0101760612802	86	0.00864455571214	86	5.29711742477e-05	68	0.0725898068895	4	0.140308336322	6	-0.086767555875	1	-0.110418672254	-0.110418672254	-0.114449138541	0.0298896640683	-0.197186228129
M04_DY_TO_L:G808-E1812	M04_DY_TO_L	CORE13	DY	L	G808-E1812	ch	ol	0	f107v	f107v	G808-P0510	f107v.30	30	6	S	B	3	3	EXACT	0	0	-0.0172944449543	6	-0.0212491161972	72	-0.0516026823886	1	0.0170652307414	78	0.015086655323	79	-0.0166524114758	68	-0.0994046539029	4	0.160763402699	6	-0.0881861244137	1	-0.0385435611515	-0.0901462435401	-0.0339468564301	0.122219841547	-0.126729685565
M04_DY_TO_L:G808-E1813	M04_DY_TO_L	CORE13	DY	L	G808-E1813	ch	ol	0	f107v	f107v	G808-P0511	f107v.33	33	2	S	B	3	3	EXACT	0.104502826101	10	0.341588993452	3	0.00192070464656	72	0.188636396837	1	0.0545255205891	85	0.0549412274768	86	-0.0044527621911	68	0.110258083444	4	0.188389366689	6	0.199314614691	1	0.4480125242	0.636648921037	0.441639057362	0.636401890889	0.64732713889
M04_DY_TO_L:G808-E1829	M04_DY_TO_L	CORE13	DY	L	G808-E1829	ch	eol	1	f108r	f108r	G808-P0518	f108r.6	6	2	S	B	3	3	EXACT	-0.0457390163292	5	0.000571454567683	4	-0.007298319882	72	-0.00791403641309	2	0.0291534779126	81	0.0275566966243	83	-0.0137113173362	68	0.10170855298	4	0.20413714699	6	0.00152265617119	2	-0.0524658816436	-0.0603799180566	-0.0588788790978	0.151671265346	-0.0509432254724
M04_DY_TO_L:G808-E1867	M04_DY_TO_L	CORE13	DY	L	G808-E1867	ch	ol	0	f108r	f108r	G808-P0528	f108r.40	40	7	S	B	3	3	EXACT	-0.0819214891937	10	0.238169348709	3	0.0026570185413	72	0	0	0.0339828311082	85	0.03239296973	85	0.00390518758283	68	-0.0185759390251	4	0.126334500978	6	0.421696393074	1	0.158904878057	0.158904878057	0.160153047098	0.285239379035	0.580601271131
M04_DY_TO_L:G808-E1893	M04_DY_TO_L	CORE13	DY	L	G808-E1893	ch	eol	1	f108v	f108v	G808-P0534	f108v.13	13	2	S	B	3	3	EXACT	-0.22773043142	7	0.0556555764242	3	-0.00511510893166	72	-0.0839174563611	3	0.00779005974441	82	0.00424989096783	85	-0.0119779861003	68	0.111540524837	4	0.187815690613	6	0.00780593000558	3	-0.177189963927	-0.261107420288	-0.184052841096	0.0106257266853	-0.169384033922
M04_DY_TO_L:G808-E1901	M04_DY_TO_L	CORE13	DY	L	G808-E1901	ch	eol	1	f108v	f108v	G808-P0536	f108v.26	26	3	S	B	3	3	EXACT	-0.079947904961	39	0.035125303021	4	0.0230968699638	72	0	0	-0.00330036845341	115	-0.00474777725344	115	0.0137485001812	68	0.18200587817	4	-0.0255745328375	6	0	0	-0.0217257319761	-0.0217257319761	-0.0310741017587	-0.0473002648136	-0.0217257319761
M04_DY_TO_L:G808-E1903	M04_DY_TO_L	CORE13	DY	L	G808-E1903	ch	ol	0	f108v	f108v	G808-P0536	f108v.28	28	12	S	B	3	3	EXACT	-0.079947904961	39	0.0765658422444	2	-0.0365774618752	72	0.222248173332	1	-0.0415056028195	113	-0.040355060512	114	-0.0258922814317	68	-0.218238807514	4	0.0371491563651	6	0.234362852846	1	-0.0399595245918	0.18228864874	-0.0292743441483	-0.00281036822674	0.194403328254
M04_DY_TO_L:G808-E1904	M04_DY_TO_L	CORE13	DY	L	G808-E1904	ch	eol	1	f108v	f108v	G808-P0536	f108v.29	29	4	S	B	3	2	EXACT	-0.079947904961	39	0	0	-0.00874502429213	72	0.122419031855	2	-0.0258198074194	111	-0.024069844726	113	-0.0128482925076	68	0.0609972572727	4	0.313304135232	6	0.128975899413	2	-0.0886929292531	0.0337261026017	-0.0927961974686	0.224611205979	0.0402829701602
M04_DY_TO_L:G808-E1907	M04_DY_TO_L	CORE13	DY	L	G808-E1907	ch	eol	1	f108v	f108v	G808-P0537	f108v.31	31	2	S	B	3	3	EXACT	-0.175959296877	65	-0.156832027291	4	0.010382729299	72	0.0244839940362	1	-0.0823486969463	141	-0.0828155047528	142	0.00443148967326	68	0.111540524837	4	-0.187564382808	6	0.0365986735501	1	-0.322408594869	-0.297924600833	-0.328359834495	-0.509972977677	-0.285809921319
M04_DY_TO_L:G808-E1920	M04_DY_TO_L	CORE13	DY	L	G808-E1920	ch	eol	1	f108v	f108v	G808-P0537	f108v.43	43	7	S	B	3	3	EXACT	-0.175959296877	65	0	0	-0.0134383689235	72	0.159772065117	1	-0.0930824517166	137	-0.092462707133	138	-0.0108548614398	68	-0.0573712742443	4	0.219738981169	6	0.171886744631	1	-0.189397665801	-0.0296256006837	-0.186814158317	0.0303413153678	-0.0175109211698
M04_DY_TO_L:G808-E1923	M04_DY_TO_L	CORE13	DY	L	G808-E1923	ch	eol	1	f108v	f108v	G808-P0537	f108v.49	49	6	S	B	3	3	EXACT	-0.175959296877	65	-0.106229583357	4	-0.0157346583813	72	0	0	-0.0942497050119	141	-0.0956971138119	141	-0.0110875901612	68	-0.094748096223	4	0.13095964968	6	-0.022292841001	1	-0.297923538616	-0.297923538616	-0.293276470395	-0.166963888935	-0.320216379616
M04_DY_TO_L:G808-E1924	M04_DY_TO_L	CORE13	DY	L	G808-E1924	ch	eol	1	f108v	f108v	G808-P0537	f108v.50	50	3	S	B	3	3	EXACT	-0.175959296877	65	-0.100349804467	4	-0.0132776642414	72	0	0	-0.0928282674683	141	-0.0942756762684	141	-0.0247657125067	68	0.18200587817	4	0.308173808686	6	-0.0500696344199	1	-0.289586765585	-0.289586765585	-0.301074813851	0.0185870431008	-0.339656400005
M04_DY_TO_L:G808-E0104	M04_DY_TO_L	CORE13	DY	L	G808-E0104	ch	ol	0	f10r	f10r	G808-P0034	f10r.3	3	7	H	A	1	3	EXACT	0.0652718315167	13	-0.0334345367774	4	0.0847324999837	72	0.178106527306	1	0.102312860763	89	0.102010056647	90	0.0913957415378	68	-0.0285552602168	4	0.19466407535	6	0.188701027134	1	0.116569794723	0.294676322029	0.123233036277	0.311233870073	0.305270821857
M04_DY_TO_L:G808-E0105	M04_DY_TO_L	CORE13	DY	L	G808-E0105	ch	ol	0	f10r	f10r	G808-P0034	f10r.5	5	3	H	A	1	2	EXACT	0.0652718315167	13	0	0	0.0867508085674	72	0	0	0.109717837354	85	0.10820657317	85	0.0802271701875	68	0.197640007245	4	0.276559405992	6	0	0	0.152022640084	0.152022640084	0.145499001704	0.428582046076	0.152022640084
M04_DY_TO_L:G808-E0108	M04_DY_TO_L	CORE13	DY	L	G808-E0108	ch	ol	0	f10v	f10v	G808-P0036	f10v.3	3	6	H	A	1	2	EXACT	0.182885175531	10	0	0	0.0786180423185	72	-0.110040250539	1	0.120342267966	82	0.116452512469	83	0.0826657205485	68	0.00979485862794	4	0.0954245660613	6	-0.119246872179	2	0.26150321785	0.151462967311	0.26555089608	0.356927783911	0.142256345671
M04_DY_TO_L:G808-E0109	M04_DY_TO_L	CORE13	DY	L	G808-E0109	ch	ol	0	f10v	f10v	G808-P0037	f10v.5	5	6	H	A	1	3	EXACT	0.0414337450913	8	-0.0719793913292	1	0.0614756667515	72	-0.268026935059	1	0.0886094933444	81	0.0831510500282	82	0.0730998188044	68	-0.136147571928	4	0.131026953027	6	-0.257432435231	1	0.0309300205136	-0.237096914545	0.0425541725665	0.16195697354	-0.226502414717
M04_DY_TO_L:G808-E1932	M04_DY_TO_L	CORE13	DY	L	G808-E1932	ch	ol	0	f111r	f111r	G808-P0539	f111r.7	7	6	S	B	3	3	EXACT	-0.140592314836	96	0.0628458331188	5	-0.0384286664183	69	0	0	-0.109203071113	170	-0.111294053534	170	-0.0346627085572	65	-0.0996254794236	4	-0.297790442271	6	0	0	-0.116175148135	-0.116175148135	-0.112409190274	-0.413965590406	-0.116175148135
M04_DY_TO_L:G808-E1939	M04_DY_TO_L	CORE13	DY	L	G808-E1939	ch	eol	1	f111r	f111r	G808-P0539	f111r.20	20	6	S	B	3	3	EXACT	-0.140592314836	96	-0.128147476474	5	-0.0187437577489	69	0	0	-0.106830764347	170	-0.108921746768	170	-0.0137664208929	65	-0.0996254794236	4	0.0559247511394	6	-0.0494372912911	1	-0.287483549059	-0.287483549059	-0.282506212203	-0.23155879792	-0.33692084035
M04_DY_TO_L:G808-E1942	M04_DY_TO_L	CORE13	DY	L	G808-E1942	ch	ol	0	f111r	f111r	G808-P0540	f111r.37	37	2	S	B	3	3	EXACT	-0.182338160532	14	0.00244121022899	4	-0.0221656305752	71	0	0	-0.0146755541163	89	-0.016766536538	89	-0.0297488762663	67	0.104838327852	4	-0.0222069047519	6	0	0	-0.202062580878	-0.202062580878	-0.209645826569	-0.22426948563	-0.202062580878
M04_DY_TO_L:G808-E1947	M04_DY_TO_L	CORE13	DY	L	G808-E1947	ch	eol	1	f111v	f111v	G808-P0544	f111v.2	2	2	S	B	3	3	EXACT	-0.239763753682	75	-0.107825517857	1	-0.00337361813742	72	0	0	-0.128950637048	148	-0.130222502197	148	-0.0100054495095	68	0.109353005144	4	-0.0397808961676	6	0	0	-0.350962889676	-0.350962889676	-0.357594721049	-0.390743785844	-0.350962889676
M04_DY_TO_L:G808-E1954	M04_DY_TO_L	CORE13	DY	L	G808-E1954	ch	ol	0	f111v	f111v	G808-P0544	f111v.6	6	7	S	B	3	3	EXACT	-0.239763753682	75	0.15548869243	1	-0.00610737549213	72	0.162810991248	1	-0.128501422989	148	-0.127630166208	149	-0.00512432800203	68	-0.0228336928686	4	0.0574512875525	6	-0.096815178721	3	-0.0903824367437	0.0724285545045	-0.0893993892536	-0.0329311491912	-0.187197615465
M04_DY_TO_L:G808-E1955	M04_DY_TO_L	CORE13	DY	L	G808-E1955	ch	eol	1	f111v	f111v	G808-P0544	f111v.8	8	3	S	B	3	3	EXACT	-0.239763753682	75	-0.0732055209683	4	0.00288663614909	72	0	0	-0.124378700898	151	-0.125650566048	151	-0.00566856566543	68	0.148310556951	4	0.179606132133	6	0	0	-0.310082638501	-0.310082638501	-0.318637840315	-0.130476506368	-0.310082638501
M04_DY_TO_L:G808-E1958	M04_DY_TO_L	CORE13	DY	L	G808-E1958	ch	eol	1	f111v	f111v	G808-P0544	f111v.13	13	4	S	B	3	3	EXACT	-0.239763753682	75	0	0	0.0129033967485	72	0	0	-0.121207573209	147	-0.122479438359	147	0.00325750619551	68	0.176869026104	4	-0.165633474958	6	-0.0847587990757	2	-0.226860356933	-0.226860356933	-0.236506247486	-0.392493831892	-0.311619156009
M04_DY_TO_L:G808-E1963	M04_DY_TO_L	CORE13	DY	L	G808-E1963	ch	eol	1	f111v	f111v	G808-P0544	f111v.23	23	9	S	B	3	3	EXACT	-0.239763753682	75	-0.112422703693	2	-0.00439635860838	72	-0.195844244406	2	-0.12928028133	149	-0.131062758528	151	-0.00193333264987	68	-0.0462823099478	4	0.162496891614	6	-0.168638769112	3	-0.356582815983	-0.552427060388	-0.354119790024	-0.194085924369	-0.525221585095
M04_DY_TO_L:G808-E1973	M04_DY_TO_L	CORE13	DY	L	G808-E1973	ch	ol	0	f112r	f112r	G808-P0552	f112r.2	2	7	S	B	3	3	EXACT	-0.0991830414322	26	-0.220747533071	1	0.00184128350194	72	-0.119963264061	2	-0.00980420914148	99	-0.0128474500475	101	0.0113778174957	68	-0.160290208927	4	0.27752591856	6	-0.115279011948	2	-0.318089291001	-0.438052555062	-0.308552757008	-0.0405633724418	-0.433368302949
M04_DY_TO_L:G808-E1974	M04_DY_TO_L	CORE13	DY	L	G808-E1974	ch	ol	0	f112r	f112r	G808-P0552	f112r.8	8	4	S	B	3	2	EXACT	-0.0991830414322	26	0	0	0.0130832425597	72	-0.286140911493	1	0.000455506898305	98	-0.00363796575863	99	0.0040125732453	68	0.16727420637	4	-0.102423369752	6	-0.152574461119	2	-0.0860997988725	-0.372240710365	-0.0951704681869	-0.188523168625	-0.238674259991
M04_DY_TO_L:G808-E1980	M04_DY_TO_L	CORE13	DY	L	G808-E1980	ch	eol	1	f112r	f112r	G808-P0555	f112r.20	20	4	S	B	3	3	EXACT	-0.415094979081	16	0.183139229063	2	-0.00734101308518	72	-0.00847727074342	3	-0.0508038942549	90	-0.0498680867996	93	-0.0176131092022	68	0.16727420637	4	-0.0776782624161	6	0.0904046385682	3	-0.239296763103	-0.247774033847	-0.24956885922	-0.316975025519	-0.148892124535
M04_DY_TO_L:G808-E2012	M04_DY_TO_L	CORE13	DY	L	G808-E2012	ch	ol	0	f112v	f112v	G808-P0571	f112v.33	33	10	S	B	3	3	EXACT	-0.300169784594	13	0.123172098417	3	-0.0114401904308	72	0	0	-0.0223718644281	88	-0.0239171487706	88	0.0136655789385	68	-0.438250384733	4	0.0867052454241	6	0	0	-0.188437876608	-0.188437876608	-0.163332107238	-0.101732631183	-0.188437876608
M04_DY_TO_L:G808-E2015	M04_DY_TO_L	CORE13	DY	L	G808-E2015	ch	ol	0	f112v	f112v	G808-P0572	f112v.37	37	9	S	B	3	3	EXACT	-0.428376756141	5	-0.0479434940603	2	-0.0157294757088	72	0.629565057952	1	-0.00738581944576	79	-0.000542555071596	80	-0.0137807925104	68	-0.0488692051083	4	-0.0597057219693	6	0.639755786926	1	-0.49204972591	0.137515332041	-0.490101042712	-0.55175544788	0.147706061015
M04_DY_TO_L:G808-E2018	M04_DY_TO_L	CORE13	DY	L	G808-E2018	ch	ol	0	f112v	f112v	G808-P0573	f112v.41	41	4	S	B	3	2	EXACT	0.152788148657	5	0	0	-0.00263693417033	72	0	0	0.0431860175546	77	0.0416407332121	77	0.00793667673149	68	-0.182400434527	4	0.171895088419	6	0	0	0.150151214487	0.150151214487	0.160724825389	0.322046302906	0.150151214487
M04_DY_TO_L:G808-E2020	M04_DY_TO_L	CORE13	DY	L	G808-E2020	ch	ol	0	f112v	f112v	G808-P0574	f112v.43	43	5	S	B	3	3	EXACT	-0.0747915842047	7	0	0	-0.0196769931729	72	0	0	0.00894585644899	79	0.00740057210649	79	-0.0147683682631	68	-0.103135731665	4	-0.159855674598	6	-0.145432637973	1	-0.0944685773776	-0.0944685773776	-0.0895599524678	-0.254324251975	-0.239901215351
M04_DY_TO_L:G808-E2036	M04_DY_TO_L	CORE13	DY	L	G808-E2036	ch	ol	0	f113r	f113r	G808-P0580	f113r.15	15	1	S	B	3	2	EXACT	0	0	0.731422817091	1	0.00502204984793	72	0.270513371426	1	0.0510448175795	73	0.0528796535434	74	-4.5262949914e-05	68	0.0911545114251	4	0.226698035765	6	0.405900550873	1	0.736444866939	1.00695823837	0.731377554141	0.963142902704	1.14234541781
M04_DY_TO_L:G808-E2039	M04_DY_TO_L	CORE13	DY	L	G808-E2039	ch	eol	1	f113r	f113r	G808-P0581	f113r.19	19	5	S	B	3	2	EXACT	-0.265595336269	7	0	0	-0.0158005430985	72	0	0	-0.00864889843201	79	-0.0102527028809	79	0.0124548179355	68	-0.496153536663	4	0.173194374861	6	0	0	-0.281395879368	-0.281395879368	-0.253140518334	-0.108201504507	-0.281395879368
M04_DY_TO_L:G808-E2044	M04_DY_TO_L	CORE13	DY	L	G808-E2044	ch	ol	0	f113r	f113r	G808-P0585	f113r.27	27	2	S	B	3	3	EXACT	-0.078231505882	6	-0.0551262884848	3	-0.00614039917969	72	0	0	0.016182125568	81	0.0145783211192	81	-0.0119486888726	68	0.0925886696139	4	-0.475828510228	6	0	0	-0.139498193546	-0.139498193546	-0.145306483239	-0.615326703774	-0.139498193546
M04_DY_TO_L:G808-E2046	M04_DY_TO_L	CORE13	DY	L	G808-E2046	ch	ol	0	f113r	f113r	G808-P0585	f113r.28	28	10	S	B	3	3	EXACT	-0.078231505882	6	0.132436794548	2	-0.00502767459016	72	0	0	0.022639710246	80	0.0210359057971	80	0.00340809667454	68	-0.148447642076	4	0.138985570351	6	0.0426861223447	1	0.049177614076	0.049177614076	0.0576133853407	0.188163184427	0.0918637364207
M04_DY_TO_L:G808-E2054	M04_DY_TO_L	CORE13	DY	L	G808-E2054	ch	eol	1	f113r	f113r	G808-P0590	f113r.42	42	6	S	B	3	3	EXACT	0	0	-0.212234001395	1	0.00746360282186	72	0	0	0.0405261188896	73	0.0389223144407	73	0.0116902438523	68	-0.0644011506821	4	-0.163826061254	6	0.152641825084	1	-0.204770398573	-0.204770398573	-0.200543757543	-0.368596459827	-0.0521285734895
M04_DY_TO_L:G808-E2070	M04_DY_TO_L	CORE13	DY	L	G808-E2070	ch	eol	1	f113v	f113v	G808-P0598	f113v.21	21	6	S	B	3	3	EXACT	-0.169239821124	3	0.105024384026	1	0.00244133742644	72	0	0	0.0310684449892	76	0.0296394789053	76	0.00826519085513	68	-0.0965762601004	4	0.120605845896	6	0	0	-0.0617740996715	-0.0617740996715	-0.0559502462428	0.0588317462247	-0.0617740996715
M04_DY_TO_L:G808-E2080	M04_DY_TO_L	CORE13	DY	L	G808-E2080	ch	eol	1	f113v	f113v	G808-P0600	f113v.31	31	2	S	B	3	3	EXACT	0.0834483424871	21	0.147745766101	1	-0.0146769848245	72	0	0	0.0277109783934	94	0.0262820123095	94	-0.0208783425324	68	0.0907340069723	4	0.212436806746	6	0	0	0.216517123764	0.216517123764	0.210315766056	0.42895393051	0.216517123764
M04_DY_TO_L:G808-E2083	M04_DY_TO_L	CORE13	DY	L	G808-E2083	ch	eol	1	f113v	f113v	G808-P0603	f113v.39	39	2	S	B	3	3	EXACT	-0.0616153543614	13	-0.14109904381	1	-0.00770205699718	72	-0.156992377142	1	0.00735107392322	86	0.00439130478966	87	-0.013493124833	68	0.0907340069723	4	0.175283164853	6	-0.146414810722	1	-0.210416455169	-0.367408832311	-0.216207523005	-0.0351332903162	-0.356831265891
M04_DY_TO_L:G808-E2092	M04_DY_TO_L	CORE13	DY	L	G808-E2092	ch	eol	1	f114r	f114r	G808-P0608	f114r.7	7	1	S	B	3	2	EXACT	0	0	0.728774129337	1	0.0162239117138	72	0	0	0.0661824932677	73	0.0647129270478	73	0.0149140716194	68	0.0384768449258	4	0.0515272375523	6	0	0	0.744998041051	0.744998041051	0.743688200956	0.796525278603	0.744998041051
M04_DY_TO_L:G808-E2108	M04_DY_TO_L	CORE13	DY	L	G808-E2108	ch	ol	0	f114r	f114r	G808-P0617	f114r.38	38	9	S	B	3	3	EXACT	-0.0323510517496	22	-0.102708035977	2	-0.030698027954	72	0.226491639257	1	-0.0134022909212	96	-0.0120620934976	97	-0.00499097409258	68	-0.46773229199	4	0.0633141517131	6	0.0143504045322	2	-0.16575711568	0.0607345235771	-0.140050061819	-0.102442963967	-0.151406711148
M04_DY_TO_L:G808-E2128	M04_DY_TO_L	CORE13	DY	L	G808-E2128	ch	ol	0	f114v	f114v	G808-P0624	f114v.16	16	11	S	B	3	3	EXACT	0.0552602024078	7	-0.163371050505	3	-0.00316669165998	72	-0.312163091418	1	0.0286577506095	82	0.0231926733225	83	0.00403904844293	68	-0.125679557778	4	0.304118258807	6	-0.300101552027	1	-0.111277539757	-0.423440631176	-0.104071799654	0.192840719049	-0.411379091784
M04_DY_TO_L:G808-E2140	M04_DY_TO_L	CORE13	DY	L	G808-E2140	ch	eol	1	f115r	f115r	G808-P0634	f115r.8	8	2	S	B	@	3	EXACT	0	0	0.0560751881193	5	0.0271208846724	70	0	0	0.0692042322933	75	0.0675519564504	75	0.0231028256161	66	0.0934226068996	4	0.0454576976999	6	0	0	0.0831960727917	0.0831960727917	0.0791780137354	0.128653770492	0.0831960727917
M04_DY_TO_L:G808-E2145	M04_DY_TO_L	CORE13	DY	L	G808-E2145	ch	ol	0	f115r	f115r	G808-P0636	f115r.17	17	9	S	B	@	3	EXACT	-0.175473388613	20	-0.0464702511254	3	-0.00310718714828	70	0.0169178992465	1	-0.0207627888894	93	-0.0216272744279	94	-0.00113895866083	66	-0.035579209393	4	0.314255128674	6	0.02851035164	1	-0.225050826886	-0.20813292764	-0.223082598399	0.089204301788	-0.196540475246
M04_DY_TO_L:G808-E2146	M04_DY_TO_L	CORE13	DY	L	G808-E2146	ch	ol	0	f115r	f115r	G808-P0637	f115r.19	19	6	S	B	@	3	EXACT	0	0	0	0	0.0119077191188	70	0	0	0.0536626932699	70	0.052010417427	70	0.0140291319185	66	-0.0230918442786	4	0.314255128674	6	-0.0483193644786	1	0.0119077191188	0.0119077191188	0.0140291319185	0.326162847793	-0.0364116453598
M04_DY_TO_L:G808-E2156	M04_DY_TO_L	CORE13	DY	L	G808-E2156	ch	eol	1	f115r	f115r	G808-P0642	f115r.38	38	2	S	B	@	3	EXACT	0.155835569881	4	0.235428014519	4	0.00818120893364	69	0	0	0.063291417033	77	0.0616391411901	77	0.00293557002121	65	0.0934226068996	4	-0.110908367128	6	0	0	0.399444793333	0.399444793333	0.394199154421	0.288536426205	0.399444793333
M04_DY_TO_L:G808-E2174	M04_DY_TO_L	CORE13	DY	L	G808-E2174	ch	ol	0	f115v	f115v	G808-P0649	f115v.15	15	2	S	B	3	3	EXACT	0.0763038515823	22	-0.172602757683	2	0.0148086958392	72	-0.123937727556	2	0.0424087604994	96	0.0382558294894	98	0.00630491508897	68	0.159358845339	4	0.223762164269	6	-0.119572471043	2	-0.0814902102613	-0.205427937817	-0.0899939910116	0.142271954008	-0.201062681304
M04_DY_TO_L:G808-E2203	M04_DY_TO_L	CORE13	DY	L	G808-E2203	ch	ol	0	f116r	f116r	G808-P0663	f116r.25	25	1	S	B	3	3	EXACT	-0.266260454941	61	-0.0428672763462	5	-0.014787657034	71	0	0	-0.128366885664	137	-0.129700074984	137	-0.0183173940807	67	0.0443249193476	4	-0.289682536649	6	0	0	-0.323915388321	-0.323915388321	-0.327445125367	-0.61359792497	-0.323915388321
M04_DY_TO_L:G808-E0113	M04_DY_TO_L	CORE13	DY	L	G808-E0113	ch	ol	0	f11r	f11r	G808-P0038	f11r.3	3	2	H	A	1	3	EXACT	-0.0262569616271	7	0.280468982204	2	0.0765681166965	72	0	0	0.104265336142	81	0.102754071958	81	0.0747271576274	68	0.10785176709	4	0.311319403729	6	0	0	0.330780137273	0.330780137273	0.328939178204	0.642099541002	0.330780137273
M04_DY_TO_L:G808-E0121	M04_DY_TO_L	CORE13	DY	L	G808-E0121	ch	ol	0	f13r	f13r	G808-P0041	f13r.2	2	2	H	A	1	3	EXACT	0.284814362765	11	0.316944609064	4	0.0712982216824	72	0	0	0.137042659187	87	0.135531395002	87	0.069147268789	68	0.10785176709	4	-0.380419214927	6	0	0	0.673057193511	0.673057193511	0.670906240618	0.292637978584	0.673057193511
M04_DY_TO_L:G808-E0124	M04_DY_TO_L	CORE13	DY	L	G808-E0124	ch	ol	0	f13r	f13r	G808-P0042	f13r.7	7	3	H	A	1	3	EXACT	0.124258949075	15	0	0	0.0540153017714	72	-0.110040250539	1	0.0906461620373	87	0.0872290038418	88	0.0469007446384	68	0.174950119252	4	0.246612262334	6	-0.150941394864	1	0.178274250846	0.068234000307	0.171159693713	0.42488651318	0.0273328559825
M04_DY_TO_L:G808-E0136	M04_DY_TO_L	CORE13	DY	L	G808-E0136	ch	ol	0	f14v	f14v	G808-P0047	f14v.2	2	9	H	A	1	3	EXACT	0.0494461181936	25	0	0	0.061134830657	72	-0.268026935059	1	0.075052791969	97	0.0703771197496	98	0.0737759003234	68	-0.153776007453	4	0.160304880579	6	-0.257432435231	1	0.110580948851	-0.157445986208	0.123222018517	0.27088582943	-0.14685148638
M04_DY_TO_L:G808-E0137	M04_DY_TO_L	CORE13	DY	L	G808-E0137	ch	ol	0	f15r	f15r	G808-P0048	f15r.3	3	5	H	A	1	2	EXACT	0.0671157173777	35	0	0	0.0758798361928	72	0.241852627288	1	0.0837727878338	107	0.0840304827147	108	0.0797664434742	68	0.00979485862794	4	0.165061133249	6	0.502388871585	1	0.14299555357	0.384848180859	0.146882160852	0.30805668682	0.645384425155
M04_DY_TO_L:G808-E0138	M04_DY_TO_L	CORE13	DY	L	G808-E0138	ch	ol	0	f15r	f15r	G808-P0048	f15r.14	14	3	H	A	1	2	EXACT	0.0671157173777	35	-0.00532574504012	1	0.103524272824	72	-0.268026935059	1	0.101513733242	108	0.0969146440236	109	0.104486617583	68	0.0871517581397	4	0.15715956297	6	0.232030700971	2	0.165314245162	-0.102712689897	0.166276589921	0.322473808132	0.397344946133
M04_DY_TO_L:G808-E0142	M04_DY_TO_L	CORE13	DY	L	G808-E0142	ch	ol	0	f15v	f15v	G808-P0049	f15v.11	11	4	H	A	1	2	EXACT	0.0414886163009	28	-0.222505780532	1	0.0696246762884	72	-0.268026935059	1	0.0738796277681	101	0.0693395515912	102	0.0606447466768	68	0.222270825905	4	0.19058824582	6	-0.257432435231	1	-0.111392487943	-0.379419423001	-0.120372417554	0.0791957578772	-0.368824923173
M04_DY_TO_L:G808-E0143	M04_DY_TO_L	CORE13	DY	L	G808-E0143	ch	ol	0	f15v	f15v	G808-P0049	f15v.12	12	3	H	A	1	2	EXACT	0.0414886163009	28	0	0	0.0845056021524	72	-0.144508354131	1	0.0874105364783	100	0.0839294589175	101	0.0778498928069	68	0.197640007245	4	0.276559405992	6	0.00918698933722	1	0.125994218453	-0.0185141356781	0.119338509108	0.402553624446	0.135181207791
M04_DY_TO_L:G808-E0148	M04_DY_TO_L	CORE13	DY	L	G808-E0148	ch	ol	0	f16v	f16v	G808-P0053	f16v.5	5	4	H	A	1	2	EXACT	0.00203124389937	12	0	0	0.0643093049668	72	0	0	0.082561500481	84	0.0810502362966	84	0.0550167064539	68	0.222270825905	4	0.302086518563	6	0	0	0.0663405488661	0.0663405488661	0.0570479503533	0.368427067429	0.0663405488661
M04_DY_TO_L:G808-E0149	M04_DY_TO_L	CORE13	DY	L	G808-E0149	ch	ol	0	f16v	f16v	G808-P0053	f16v.6	6	6	H	A	1	2	EXACT	0.00203124389937	12	-0.124751255347	1	0.0703285513757	72	0	0	0.0853943732469	85	0.0838831090626	85	0.0738886124914	68	0.00979485862794	4	0.180121012755	6	0	0	-0.0523914600719	-0.0523914600719	-0.0488313989562	0.127729552683	-0.0523914600719
M04_DY_TO_L:G808-E0150	M04_DY_TO_L	CORE13	DY	L	G808-E0150	ch	ol	0	f16v	f16v	G808-P0054	f16v.8	8	2	H	A	1	3	EXACT	-0.0542065534539	13	0	0	0.0769177687444	72	0.365261314135	2	0.0831155094498	85	0.088848234789	87	0.0750973774428	68	0.10785176709	4	0.195734094421	6	0.245309827882	3	0.0227112152905	0.387972529425	0.020890823989	0.218445309712	0.268021043172
M04_DY_TO_L:G808-E0151	M04_DY_TO_L	CORE13	DY	L	G808-E0151	ch	ol	0	f16v	f16v	G808-P0054	f16v.9	9	4	H	A	1	3	EXACT	-0.0542065534539	13	0	0	0.0674098943513	72	-0.104442209061	1	0.0750617805521	85	0.0718466064837	86	0.0613738033476	68	0.170010787633	4	0.302086518563	6	-0.11837131894	2	0.0132033408974	-0.0912388681635	0.00716724989376	0.31528985946	-0.105167978043
M04_DY_TO_L:G808-E0153	M04_DY_TO_L	CORE13	DY	L	G808-E0153	ch	ol	0	f17r	f17r	G808-P0055	f17r.3	3	1	H	A	1	2	EXACT	0.189735898178	6	0	0	0.114389187134	72	0.116992499157	2	0.153199231584	78	0.151606992579	80	0.118067696976	68	0.0518418660402	4	0.261435843308	6	0.127586998985	2	0.304125085312	0.421117584469	0.307803595154	0.56556092862	0.431712084297
M04_DY_TO_L:G808-E0157	M04_DY_TO_L	CORE13	DY	L	G808-E0157	ch	ol	0	f17r	f17r	G808-P0057	f17r.11	11	4	H	A	1	2	EXACT	-0.146761647439	9	0	0	0.10690683893	72	-0.104442209061	1	0.108694441413	81	0.104985995389	82	0.096694788837	68	0.280499036738	4	0.187106706628	6	-0.104636504358	1	-0.0398548085086	-0.14429701757	-0.0500668586021	0.14725189812	-0.144491312866
M04_DY_TO_L:G808-E0162	M04_DY_TO_L	CORE13	DY	L	G808-E0162	ch	ol	0	f17v	f17v	G808-P0058	f17v.5	5	2	H	A	1	2	EXACT	0.152066333478	50	-0.0406310806331	1	0.0824667754502	72	0	0	0.11325080892	123	0.111739544736	123	0.0809727963078	68	0.10785176709	4	-0.284951847672	6	0	0	0.193902028295	0.193902028295	0.192408049153	-0.0910498193772	0.193902028295
M04_DY_TO_L:G808-E0169	M04_DY_TO_L	CORE13	DY	L	G808-E0169	ch	ol	0	f17v	f17v	G808-P0058	f17v.11	11	4	H	A	1	1	EXACT	0.152066333478	50	0	0	0.0685928235698	72	0	0	0.106203564286	122	0.104692300102	122	0.0844699976415	68	-0.201331789429	4	-0.146691915842	6	0	0	0.220659157048	0.220659157048	0.236536331119	0.0739672412056	0.220659157048
M04_DY_TO_L:G808-E0175	M04_DY_TO_L	CORE13	DY	L	G808-E0175	ch	ol	0	f17v	f17v	G808-P0058	f17v.16	16	2	H	A	1	1	EXACT	0.152066333478	50	0	0	0.0741260340465	72	0	0	0.109469065551	122	0.107957801367	122	0.0784703825693	68	0.000259455378728	4	-0.398834097214	6	0	0	0.226192367525	0.226192367525	0.230536716047	-0.172641729689	0.226192367525
M04_DY_TO_L:G808-E0178	M04_DY_TO_L	CORE13	DY	L	G808-E0178	ch	ol	0	f17v	f17v	G808-P0058	f17v.18	18	4	H	A	1	3	EXACT	0.152066333478	50	-0.212995736595	1	0.0902370414737	72	0.0343859422961	1	0.116397918658	123	0.114491136435	124	0.0855437238302	68	0.170010787633	4	0.19466407535	6	0.016001328402	2	0.0293076383564	0.0636935806524	0.0246143207129	0.223971713706	0.0453089667584
M04_DY_TO_L:G808-E0179	M04_DY_TO_L	CORE13	DY	L	G808-E0179	ch	ol	0	f17v	f17v	G808-P0058	f17v.20	20	4	H	A	1	2	EXACT	0.152066333478	50	0	0	0.100109026762	72	0	0	0.12480329076	122	0.123292026576	122	0.0929222942367	68	0.222270825905	4	0.246612262334	6	0	0	0.25217536024	0.25217536024	0.244988627715	0.498787622574	0.25217536024
M04_DY_TO_L:G808-E0180	M04_DY_TO_L	CORE13	DY	L	G808-E0180	ch	ol	0	f18r	f18r	G808-P0059	f18r.2	2	7	H	A	1	3	EXACT	0.0235723535077	12	0	0	0.0591001505512	72	-0.144508354131	1	0.0811738123546	84	0.0773953196185	85	0.0716215331526	68	-0.153776007453	4	0.225016444043	6	0.0716127126091	2	0.0826725040589	-0.0618358500724	0.0951938866603	0.307688948102	0.154285216668
M04_DY_TO_L:G808-E0184	M04_DY_TO_L	CORE13	DY	L	G808-E0184	ch	ol	0	f18r	f18r	G808-P0060	f18r.9	9	1	H	A	1	2	EXACT	0.186999123391	21	0	0	0.0608217876402	72	0	0	0.109083853657	93	0.107572589472	93	0.067678233495	68	-0.0557504456715	4	0.253272977214	6	0	0	0.247820911032	0.247820911032	0.254677356886	0.501093888245	0.247820911032
M04_DY_TO_L:G808-E0189	M04_DY_TO_L	CORE13	DY	L	G808-E0189	ch	ol	0	f19r	f19r	G808-P0062	f19r.2	2	5	H	A	1	3	EXACT	0.0522521017823	22	-0.135134109942	1	0.0637772569509	72	0	0	0.0780068095841	95	0.0764955453997	95	0.0734512565772	68	-0.100693390478	4	0.19466407535	6	-0.0858570968409	1	-0.0191047512088	-0.0191047512088	-0.00943075158246	0.175559324141	-0.10496184805
M04_DY_TO_L:G808-E0190	M04_DY_TO_L	CORE13	DY	L	G808-E0190	ch	ol	0	f19r	f19r	G808-P0062	f19r.3	3	4	H	A	1	2	EXACT	0.0522521017823	22	0	0	0.0755638102402	72	0	0	0.0891456559338	94	0.0876343917494	94	0.0669332414493	68	0.222270825905	4	0.302086518563	6	-0.01297778532	1	0.127815912022	0.127815912022	0.119185343232	0.429902430585	0.114838126702
M04_DY_TO_L:G808-E0191	M04_DY_TO_L	CORE13	DY	L	G808-E0191	ch	ol	0	f19r	f19r	G808-P0062	f19r.10	10	3	H	A	1	2	EXACT	0.0522521017823	22	0	0	0.0774705896533	72	-0.144508354131	1	0.0906061678247	94	0.0869670427733	95	0.0780696643428	68	0.0672736661509	4	0.302086518563	6	0.00918698933722	1	0.129722691436	-0.0147856626958	0.130321766125	0.431809209999	0.138909680773
M04_DY_TO_L:G808-E0197	M04_DY_TO_L	CORE13	DY	L	G808-E0197	ch	ol	0	f19v	f19v	G808-P0064	f19v.9	9	5	H	A	1	2	EXACT	0.246164546134	15	0	0	0.0656597815176	72	0.176880640279	1	0.121301179251	87	0.120796133256	88	0.0723703979848	68	-0.0484333522056	4	-0.241108471139	6	0.16910422728	2	0.311824327652	0.488704967931	0.318534944119	0.0707158565125	0.480928554932
M04_DY_TO_L:G808-E0201	M04_DY_TO_L	CORE13	DY	L	G808-E0201	ch	ol	0	f20r	f20r	G808-P0066	f20r.7	7	5	H	A	1	2	EXACT	-0.0679542253014	6	0	0	0.0816784330787	72	-0.144508354131	1	0.103182372189	78	0.0989530955139	79	0.0944909831508	68	-0.136147571928	4	-0.301344611034	6	0.00918698933722	1	0.0137242077773	-0.130784146354	0.0265367578495	-0.287620403257	0.0229111971145
M04_DY_TO_L:G808-E0209	M04_DY_TO_L	CORE13	DY	L	G808-E0209	ch	ol	0	f20v	f20v	G808-P0069	f20v.9	9	5	H	A	1	2	EXACT	0.159590098106	24	0	0	0.0699724144502	72	-0.0757618283515	1	0.109805578287	96	0.106691106999	97	0.081825641867	68	-0.131545105417	4	0.203097445931	6	-0.0652298682234	1	0.229562512556	0.153800684204	0.241415739973	0.432659958487	0.164332644332
M04_DY_TO_L:G808-E0210	M04_DY_TO_L	CORE13	DY	L	G808-E0210	ch	ol	0	f20v	f20v	G808-P0069	f20v.10	10	3	H	A	1	2	EXACT	0.159590098106	24	0.302216833012	1	0.071198998957	72	-0.107340329218	2	0.112859160401	97	0.107545635767	99	0.0700982968815	68	0.0898982804603	4	0.295397838401	6	-0.0968083690897	2	0.533005930075	0.425665600857	0.531905227999	0.828403768476	0.436197560985
M04_DY_TO_L:G808-E0213	M04_DY_TO_L	CORE13	DY	L	G808-E0213	ch	ol	0	f21r	f21r	G808-P0071	f21r.5	5	6	H	A	1	2	EXACT	0.0722149343353	6	-0.207939845038	1	0.0432728750356	72	0	0	0.0750736856186	79	0.0735624214342	79	0.0486666146509	68	-0.0484333522056	4	-0.00151099535961	6	0	0	-0.092452035667	-0.092452035667	-0.0870582960516	-0.0939630310266	-0.092452035667
M04_DY_TO_L:G808-E0215	M04_DY_TO_L	CORE13	DY	L	G808-E0215	ch	ol	0	f21r	f21r	G808-P0072	f21r.11	11	2	H	A	1	2	EXACT	0.0956753756528	16	-0.0231342130853	1	0.0644378553082	72	0	0	0.09265226635	89	0.0911410021656	89	0.0618833514516	68	0.10785176709	4	-0.406996963308	6	0	0	0.136979017876	0.136979017876	0.134424514019	-0.270017945432	0.136979017876
M04_DY_TO_L:G808-E0218	M04_DY_TO_L	CORE13	DY	L	G808-E0218	ch	ol	0	f21r	f21r	G808-P0072	f21r.12	12	6	H	A	1	2	EXACT	0.0956753756528	16	0	0	0.060370793943	72	-0.268026935059	1	0.0904731397779	88	0.0853042089054	89	0.0667702934941	68	-0.0484333522056	4	0.0423687725923	6	-0.257432435231	1	0.156046169596	-0.111980765463	0.162445669147	0.198414942188	-0.101386265635
M04_DY_TO_L:G808-E0220	M04_DY_TO_L	CORE13	DY	L	G808-E0220	ch	ol	0	f21v	f21v	G808-P0073	f21v.4	4	4	H	A	1	3	EXACT	0.3043390448	17	0	0	0.0796743310741	72	0.110321532961	2	0.145453390085	89	0.143894562878	91	0.0743596775247	68	0.170010787633	4	0.302086518563	6	0.0958500310734	2	0.384013375874	0.494334908836	0.378698722325	0.686099894437	0.479863406948
M04_DY_TO_L:G808-E0221	M04_DY_TO_L	CORE13	DY	L	G808-E0221	ch	ol	0	f21v	f21v	G808-P0073	f21v.6	6	4	H	A	1	2	EXACT	0.3043390448	17	0	0	0.0765485187601	72	0.488670000981	1	0.142924643045	89	0.145621302166	90	0.0679758739997	68	0.222270825905	4	0.302086518563	6	0.449132497377	1	0.38088756356	0.869557564541	0.3723149188	0.682974082123	0.830020060938
M04_DY_TO_L:G808-E0234	M04_DY_TO_L	CORE13	DY	L	G808-E0234	ch	ol	0	f22v	f22v	G808-P0079	f22v.9	9	3	H	A	1	2	EXACT	0.362165738706	17	-0.135134109942	1	0.0831566538402	72	0	0	0.156207998252	90	0.154696734068	90	0.0892498628774	68	-0.0204405535719	4	0.0987515696578	6	0	0	0.310188282605	0.310188282605	0.316281491642	0.408939852263	0.310188282605
M04_DY_TO_L:G808-E0247	M04_DY_TO_L	CORE13	DY	L	G808-E0247	ch	ol	0	f23v	f23v	G808-P0084	f23v.10	10	4	H	A	1	2	EXACT	0.00799376945321	26	0	0	0.107142557699	71	0	0	0.0965800609718	97	0.0950687967875	97	0.109812155009	67	0.0624184759211	4	-0.337564828694	6	0	0	0.115136327152	0.115136327152	0.117805924462	-0.222428501541	0.115136327152
M04_DY_TO_L:G808-E0249	M04_DY_TO_L	CORE13	DY	L	G808-E0249	ch	eol	1	f24r	f24r	G808-P0085	f24r.1	1	7	H	A	1	3	EXACT	0.0327461493919	43	0.537743546905	2	0.0573610581648	71	-0.268026935059	1	0.062968157165	116	0.0589096506504	117	0.063676645241	67	-0.0484333522056	4	0.122194870827	6	0.0816182960217	2	0.627850754461	0.359823819403	0.634166341538	0.750045625288	0.709469050483
M04_DY_TO_L:G808-E0254	M04_DY_TO_L	CORE13	DY	L	G808-E0254	ch	ol	0	f24r	f24r	G808-P0085	f24r.19	19	3	H	A	1	2	EXACT	0.0327461493919	43	0	0	0.0481212728677	71	0	0	0.0486258945812	114	0.0471146303969	114	0.046977349278	67	0.0672736661509	4	-0.172570560896	6	0	0	0.0808674222596	0.0808674222596	0.0797234986699	-0.0917031386364	0.0808674222596
M04_DY_TO_L:G808-E0260	M04_DY_TO_L	CORE13	DY	L	G808-E0260	ch	ol	0	f24v	f24v	G808-P0087	f24v.9	9	2	H	A	1	2	EXACT	-0.0635196427344	13	0.158006495096	1	0.0621229279465	72	0.178106527306	1	0.0703633406944	86	0.0704694434779	87	0.0657612114046	68	0.000259455378728	4	-0.171500541824	6	0.0771292514769	2	0.156609780308	0.334716307614	0.160248063766	-0.0148907615163	0.233739031785
M04_DY_TO_L:G808-E0263	M04_DY_TO_L	CORE13	DY	L	G808-E0263	ch	ol	0	f25v	f25v	G808-P0089	f25v.3	3	3	H	A	1	3	EXACT	0.157331690854	20	-0.0805040583173	2	0.0796218735456	72	-0.268026935059	1	0.113144554159	94	0.107967987347	95	0.0740135853405	68	0.174950119252	4	0.118119041297	6	-0.257432435231	1	0.156449506082	-0.111577428976	0.150841217877	0.27456854738	-0.100982929148
M04_DY_TO_L:G808-E0287	M04_DY_TO_L	CORE13	DY	L	G808-E0287	ch	ol	0	f27r	f27r	G808-P0094	f27r.9	9	4	H	A	1	2	EXACT	-0.035647067743	12	0	0	0.0587728894384	71	0	0	0.0721177681168	83	0.0706065039324	83	0.0585547453592	67	0.0624184759211	4	0.142011003003	6	0.0664729708354	1	0.0231258216954	0.0231258216954	0.0229076776162	0.165136824698	0.0895987925308
M04_DY_TO_L:G808-E0288	M04_DY_TO_L	CORE13	DY	L	G808-E0288	ch	ol	0	f27r	f27r	G808-P0094	f27r.11	11	1	H	A	1	2	EXACT	-0.035647067743	12	0	0	0.0853195463067	71	0	0	0.0948263541125	83	0.0933150899282	83	0.0873177166603	67	0.0518418660402	4	0.261435843308	6	0	0	0.0496724785637	0.0496724785637	0.0516706489173	0.311108321872	0.0496724785637
M04_DY_TO_L:G808-E0297	M04_DY_TO_L	CORE13	DY	L	G808-E0297	ch	ol	0	f28v	f28v	G808-P0096	f28v.3	3	2	H	A	1	2	EXACT	0.0487259821437	9	0	0	0.0853001687673	71	0	0	0.111035015758	80	0.109523751574	80	0.0903817525246	67	0.000175313989588	4	0.303156537634	6	0	0	0.134026150911	0.134026150911	0.139107734668	0.437182688545	0.134026150911
M04_DY_TO_L:G808-E0301	M04_DY_TO_L	CORE13	DY	L	G808-E0301	ch	ol	0	f28v	f28v	G808-P0097	f28v.5	5	2	H	A	1	2	EXACT	0.209161551621	8	0	0	0.0871377549465	72	-0.268026935059	1	0.130301499438	80	0.12427960939	81	0.0859185393039	68	0.10785176709	4	-0.00044097628809	6	-0.257432435231	1	0.296299306567	0.0282723715087	0.295080090925	0.295858330279	0.0388668713366
M04_DY_TO_L:G808-E0303	M04_DY_TO_L	CORE13	DY	L	G808-E0303	ch	ol	0	f28v	f28v	G808-P0098	f28v.7	7	3	H	A	1	3	EXACT	-0.184565163605	10	0.0784388618494	3	0.0772212348491	71	0.488670000981	1	0.0744689839723	84	0.0782185286891	85	0.0713861774612	67	0.174950119252	4	0.0533528225686	6	0.449132497377	1	-0.0289050669061	0.459764934075	-0.0347401242939	0.0244477556625	0.420227430471
M04_DY_TO_L:G808-E0306	M04_DY_TO_L	CORE13	DY	L	G808-E0306	ch	ol	0	f29r	f29r	G808-P0100	f29r.7	7	2	H	A	1	2	EXACT	0.214519981847	19	0	0	0.0923186233621	72	0.170721465209	1	0.139117171877	91	0.138307777616	92	0.0914041646851	68	0.10785176709	4	0.136028266377	6	0.181315965037	1	0.306838605209	0.477560070417	0.305924146532	0.442866871586	0.488154570245
M04_DY_TO_L:G808-E0307	M04_DY_TO_L	CORE13	DY	L	G808-E0307	ch	ol	0	f29v	f29v	G808-P0102	f29v.6	6	2	H	A	1	3	EXACT	0.225993585074	16	0.121580640629	1	0.0989153871917	72	0	0	0.145598204553	89	0.144086940369	89	0.0983889734459	68	0.10785176709	4	0.303156537634	6	0	0	0.446489612895	0.446489612895	0.445963199149	0.74964615053	0.446489612895
M04_DY_TO_L:G808-E0001	M04_DY_TO_L	CORE13	DY	L	G808-E0001	ch	ol	0	f2r	f2r	G808-P0001	f2r.5	5	4	H	A	1	2	EXACT	0.0658785795069	18	0	0	0.067221266013	72	0	0	0.0890187188359	90	0.0875074546515	90	0.0675030387372	68	0.0624184759211	4	0.302086518563	6	-0.01297778532	1	0.13309984552	0.13309984552	0.133381618244	0.435186364083	0.1201220602
M04_DY_TO_L:G808-E0003	M04_DY_TO_L	CORE13	DY	L	G808-E0003	ch	ol	0	f2r	f2r	G808-P0001	f2r.7	7	4	H	A	1	2	EXACT	0.0658785795069	18	0	0	0.0896207175388	72	0	0	0.106938280057	90	0.105427015872	90	0.0783918367753	68	0.280499036738	4	0.276559405992	6	0	0	0.155499297046	0.155499297046	0.144270416282	0.432058703038	0.155499297046
M04_DY_TO_L:G808-E0010	M04_DY_TO_L	CORE13	DY	L	G808-E0010	ch	ol	0	f2v	f2v	G808-P0003	f2v.3	3	4	H	A	1	3	EXACT	0.347181847603	13	-0.116784068267	1	0.0975884660489	72	0.210769848341	2	0.15894296342	86	0.159358849793	88	0.0933275851451	68	0.170010787633	4	0.302086518563	6	0.221364348169	2	0.327986245386	0.538756093726	0.323725364482	0.630072763948	0.549350593554
M04_DY_TO_L:G808-E0011	M04_DY_TO_L	CORE13	DY	L	G808-E0011	ch	ol	0	f2v	f2v	G808-P0004	f2v.5	5	8	H	A	1	3	EXACT	0.373393815317	3	0	0	0.0935504187871	72	-0.268026935059	1	0.141042744292	75	0.134582770374	76	0.108098287755	68	-0.153776007453	4	0.15622905105	6	-0.133749219436	2	0.466944234104	0.198917299046	0.481492103072	0.623173285154	0.333195014668
M04_DY_TO_L:G808-E0311	M04_DY_TO_L	CORE13	DY	L	G808-E0311	ch	ol	0	f30r	f30r	G808-P0105	f30r.9	9	3	H	A	1	2	EXACT	0.126694416341	17	0.303201401916	1	0.0820231044183	72	0	0	0.115693636844	90	0.11418237266	90	0.0817206745652	68	0.0871517581397	4	0.302086518563	6	0	0	0.511918922675	0.511918922675	0.511616492822	0.814005441238	0.511918922675
M04_DY_TO_L:G808-E0325	M04_DY_TO_L	CORE13	DY	L	G808-E0325	ch	ol	0	f32r	f32r	G808-P0110	f32r.3	3	4	H	A	1	2	EXACT	0.17404007733	14	-0.135134109942	1	0.0791546165397	72	0.176880640279	1	0.117213881656	87	0.116755282224	88	0.0801383510596	68	0.0624184759211	4	-0.274066790785	6	0.187475140106	1	0.118060583927	0.294941224206	0.119044318447	-0.156006206858	0.305535724034
M04_DY_TO_L:G808-E0334	M04_DY_TO_L	CORE13	DY	L	G808-E0334	ch	ol	0	f32v	f32v	G808-P0113	f32v.10	10	4	H	A	1	3	EXACT	-0.141941106039	14	-0.333370199146	1	0.0587087458908	72	-0.268026935059	1	0.0471670386321	87	0.0424486581511	88	0.0521608226248	68	0.170010787633	4	-0.171779029521	6	-0.257432435231	1	-0.416602559294	-0.684629494353	-0.42315048256	-0.588381588815	-0.674034994525
M04_DY_TO_L:G808-E0338	M04_DY_TO_L	CORE13	DY	L	G808-E0338	ch	eol	1	f33v	f33v	G808-P0116	f33v.7	7	7	H	B	2	3	EXACT	-0.080737036342	27	0	0	-0.0299359432672	72	-0.144212856043	1	-0.0282246560005	99	-0.03055689458	100	-0.0236641755962	68	-0.136568794207	4	0.0737028539017	6	0.00905701021727	1	-0.110672979609	-0.254885835652	-0.104401211938	-0.0369701257076	-0.101615969392
M04_DY_TO_L:G808-E0353	M04_DY_TO_L	CORE13	DY	L	G808-E0353	ch	ol	0	f35r	f35r	G808-P0122	f35r.11	11	2	H	A	1	3	EXACT	-0.0221038576381	17	0.221629882476	2	0.0799528553279	72	0	0	0.0866876734761	91	0.0851764092917	91	0.0783109985313	68	0.10785176709	4	0.143081022074	6	0	0	0.279478880166	0.279478880166	0.27783702337	0.422559902241	0.279478880166
M04_DY_TO_L:G808-E0355	M04_DY_TO_L	CORE13	DY	L	G808-E0355	ch	ol	0	f35r	f35r	G808-P0122	f35r.14	14	2	H	A	1	2	EXACT	-0.0221038576381	17	0.0467891707821	2	0.0807085101953	72	0	0	0.083442901246	91	0.0819316370616	91	0.0791111036849	68	0.10785176709	4	-0.150951656078	6	0	0	0.105393823339	0.105393823339	0.103796416829	-0.0455578327389	0.105393823339
M04_DY_TO_L:G808-E0361	M04_DY_TO_L	CORE13	DY	L	G808-E0361	ch	eol	1	f35v	f35v	G808-P0123	f35v.15	15	2	H	A	1	1	EXACT	0.180481975555	33	0	0	0.0644927343923	72	0.0663266567023	1	0.112846343511	105	0.111207230768	106	0.068275367723	68	0.000175313989588	4	-0.00044097628809	6	0.0769211565303	1	0.244974709947	0.311301366649	0.248757343278	0.244533733659	0.321895866477
M04_DY_TO_L:G808-E0362	M04_DY_TO_L	CORE13	DY	L	G808-E0362	ch	ol	0	f35v	f35v	G808-P0123	f35v.19	19	4	H	A	1	2	EXACT	0.180481975555	33	0	0	0.0732140397198	72	-0.268026935059	1	0.118826667164	105	0.113976857106	106	0.061020060261	68	0.280499036738	4	-0.138536380673	6	-0.171644766036	2	0.253696015275	-0.014330919784	0.241502035816	0.115159634601	0.0820512492388
M04_DY_TO_L:G808-E0363	M04_DY_TO_L	CORE13	DY	L	G808-E0363	ch	ol	0	f36r	f36r	G808-P0124	f36r.2	2	7	H	A	1	3	EXACT	0.202634027719	7	0	0	0.0521412672844	72	0	0	0.0974508307834	79	0.095939566599	79	0.058056677032	68	-0.0484333522056	4	0.250543556613	6	-0.150941394864	1	0.254775295004	0.254775295004	0.260690704751	0.505318851617	0.10383390014
M04_DY_TO_L:G808-E0364	M04_DY_TO_L	CORE13	DY	L	G808-E0364	ch	ol	0	f36r	f36r	G808-P0125	f36r.5	5	3	H	A	1	3	EXACT	-0.0953931661064	9	-0.0929196916768	2	0.0849999577793	71	0.0628473756314	2	0.090341670267	82	0.0889607262006	84	0.0796293017604	67	0.174950119252	4	0.310249384657	6	0.207234385663	2	-0.103312900004	-0.0404655243725	-0.108683556023	0.206936484653	0.103921485659
M04_DY_TO_L:G808-E0369	M04_DY_TO_L	CORE13	DY	L	G808-E0369	ch	ol	0	f36v	f36v	G808-P0126	f36v.2	2	2	H	A	1	3	EXACT	-0.0897057477918	10	0	0	0.0955122723159	72	-0.268026935059	1	0.101933430485	82	0.0963620141809	83	0.0947856753421	68	0.10785176709	4	0.195734094421	6	-0.257432435231	1	0.00580652452416	-0.262220410534	0.00507992755033	0.201540618945	-0.251625910706
M04_DY_TO_L:G808-E0373	M04_DY_TO_L	CORE13	DY	L	G808-E0373	ch	ol	0	f37r	f37r	G808-P0129	f37r.4	4	4	H	A	1	2	EXACT	0.167213670581	7	0	0	0.0806440871675	72	-0.206267644595	2	0.12028957169	79	0.111529184624	81	0.0723123581958	68	0.222270825905	4	0.330065516833	6	-0.124122722947	2	0.247857757749	0.0415901131538	0.239526028777	0.577923274582	0.123735034802
M04_DY_TO_L:G808-E0377	M04_DY_TO_L	CORE13	DY	L	G808-E0377	ch	ol	0	f37v	f37v	G808-P0131	f37v.2	2	2	H	A	1	2	EXACT	-0.0995974585003	9	-0.135134109942	1	0.0729239404395	72	0	0	0.0812383640623	82	0.079727099878	82	0.0771975775736	68	0.000259455378728	4	0.247682281406	6	0	0	-0.161807628003	-0.161807628003	-0.157533990869	0.0858746534028	-0.161807628003
M04_DY_TO_L:G808-E0382	M04_DY_TO_L	CORE13	DY	L	G808-E0382	ch	ol	0	f37v	f37v	G808-P0133	f37v.23	23	2	H	A	1	1	EXACT	0.275059838783	7	0	0	0.128746576197	72	-0.268026935059	1	0.173685804443	79	0.16706522776	80	0.132883658408	68	0.0584035248232	4	0.277629425064	6	-0.257432435231	1	0.40380641498	0.135779479921	0.407943497191	0.681435840043	0.146373979749
M04_DY_TO_L:G808-E0383	M04_DY_TO_L	CORE13	DY	L	G808-E0383	ch	ol	0	f38v	f38v	G808-P0135	f38v.1	1	2	H	A	1	3	EXACT	0.01022967827	25	0.0112142373538	1	0.10270797481	71	0	0	0.0946015146849	97	0.0930902505006	97	0.102400385609	67	0.10785176709	4	-0.0365508787365	6	0	0	0.124151890434	0.124151890434	0.123844301233	0.0876010116975	0.124151890434
M04_DY_TO_L:G808-E0385	M04_DY_TO_L	CORE13	DY	L	G808-E0385	ch	ol	0	f38v	f38v	G808-P0135	f38v.5	5	3	H	A	1	2	EXACT	0.01022967827	25	0	0	0.0699328520324	72	0.10914017107	2	0.0714759521849	97	0.0713915962526	99	0.0689192308625	68	0.0871517581397	4	0.310249384657	6	0.244705543132	2	0.0801625303024	0.189302701372	0.0791489091325	0.39041191496	0.324868073435
M04_DY_TO_L:G808-E0390	M04_DY_TO_L	CORE13	DY	L	G808-E0390	ch	eol	1	f39r	f39r	G808-P0138	f39r.11	11	10	H	B	2	3	EXACT	-0.0972248102915	20	-0.0221436900397	3	-0.0499127345712	72	-0.0210093087988	2	-0.0385865435573	95	-0.03907159148	97	-0.0403203374909	68	-0.21299659348	4	0.204792399777	6	0.0565949110569	2	-0.169281234902	-0.190290543701	-0.159688837822	0.0355111648744	-0.112686323845
M04_DY_TO_L:G808-E0392	M04_DY_TO_L	CORE13	DY	L	G808-E0392	ch	ol	0	f39v	f39v	G808-P0139	f39v.2	2	4	H	B	2	3	EXACT	-0.00115848286343	32	-0.0145816600918	3	-0.0293899173088	72	0.419635302491	1	-0.00798267171168	107	-0.00522925336092	108	-0.0462847243579	68	0.257809148745	4	0.142011003003	6	0.430229802319	1	-0.045130060264	0.374505242227	-0.0620248673131	0.0968809427388	0.385099742054
M04_DY_TO_L:G808-E0013	M04_DY_TO_L	CORE13	DY	L	G808-E0013	ch	ol	0	f3r	f3r	G808-P0005	f3r.1	1	3	H	A	1	2	EXACT	0.286457445089	10	0	0	0.0910197911465	72	0	0	0.142042018858	82	0.140572126988	82	0.0960078855093	68	0.00621201271781	4	0.0353235036662	6	0	0	0.377477236235	0.377477236235	0.382465330598	0.412800739902	0.377477236235
M04_DY_TO_L:G808-E0015	M04_DY_TO_L	CORE13	DY	L	G808-E0015	ch	ol	0	f3r	f3r	G808-P0005	f3r.3	3	3	H	A	1	2	EXACT	0.286457445089	10	0	0	0.0940404122144	72	-0.269587596775	1	0.144694271503	82	0.138619341342	83	0.0992061901695	68	0.00621201271781	4	0.29010603867	6	-0.258681188633	1	0.380497857303	0.110910260528	0.385663635258	0.670603895974	0.12181666867
M04_DY_TO_L:G808-E0019	M04_DY_TO_L	CORE13	DY	L	G808-E0019	ch	ol	0	f3r	f3r	G808-P0005	f3r.8	8	3	H	A	1	2	EXACT	0.286457445089	10	0	0	0.105517347995	72	0.138578152909	1	0.154771580969	82	0.153492897076	83	0.11135823982	68	0.00621201271781	4	0.235560214416	6	0.149484561051	1	0.391974793084	0.530552945993	0.397815684909	0.6275350075	0.541459354135
M04_DY_TO_L:G808-E0026	M04_DY_TO_L	CORE13	DY	L	G808-E0026	ch	ol	0	f3v	f3v	G808-P0009	f3v.3	3	2	H	A	1	2	EXACT	0.0723235951994	16	0	0	0.0879591196564	72	0	0	0.108799628006	88	0.107288363822	88	0.086788219585	68	0.10785176709	4	0.0916587226351	6	0	0	0.160282714856	0.160282714856	0.159111814784	0.251941437491	0.160282714856
M04_DY_TO_L:G808-E0030	M04_DY_TO_L	CORE13	DY	L	G808-E0030	ch	ol	0	f3v	f3v	G808-P0010	f3v.10	10	5	H	A	1	2	EXACT	0.31940002979	14	-0.0719793913292	1	0.0692850537568	72	0	0	0.133163140653	87	0.131651876468	87	0.0727837326596	68	0.00979485862794	4	0.284722272087	6	0	0	0.316705692218	0.316705692218	0.320204371121	0.601427964304	0.316705692218
M04_DY_TO_L:G808-E0422	M04_DY_TO_L	CORE13	DY	L	G808-E0422	ch	ol	0	f42r	f42r	G808-P0149	f42r.10	10	7	H	A	1	2	EXACT	0.214727613411	22	0	0	0.0915999112678	72	0	0	0.139454810506	94	0.137943546322	94	0.0998364177203	68	-0.0484333522056	4	-0.507968959715	6	-0.108161635583	1	0.306327524679	0.306327524679	0.314564031132	-0.201641435036	0.198165889096
M04_DY_TO_L:G808-E0423	M04_DY_TO_L	CORE13	DY	L	G808-E0423	ch	ol	0	f42r	f42r	G808-P0149	f42r.12	12	2	H	A	1	2	EXACT	0.214727613411	22	0.138710478736	2	0.0767378065562	72	0	0	0.128599416717	96	0.127088152532	96	0.0749068292435	68	0.10785176709	4	0.0998215887293	6	0	0	0.430175898703	0.430175898703	0.428344921391	0.529997487433	0.430175898703
M04_DY_TO_L:G808-E0429	M04_DY_TO_L	CORE13	DY	L	G808-E0429	ch	ol	0	f42v	f42v	G808-P0151	f42v.1	1	6	H	A	1	3	EXACT	0.00320385301105	22	-0.0613588841351	1	0.0969196493548	72	0	0	0.0925432938569	95	0.0910320296726	95	0.105469081577	68	-0.0484333522056	4	0.214480207526	6	-0.108161635583	1	0.0387646182307	0.0387646182307	0.047314050453	0.253244825756	-0.0693970173524
M04_DY_TO_L:G808-E0434	M04_DY_TO_L	CORE13	DY	L	G808-E0434	ch	ol	0	f42v	f42v	G808-P0152	f42v.12	12	2	H	A	1	3	EXACT	0.107634611832	23	0.3523523041	1	0.0622495652404	72	-0.228494987606	1	0.0944280452795	96	0.0899275512673	97	0.0595663384386	68	0.10785176709	4	0.303156537634	6	-0.232433077986	1	0.522236481173	0.293741493566	0.519553254371	0.825393018807	0.289803403187
M04_DY_TO_L:G808-E0435	M04_DY_TO_L	CORE13	DY	L	G808-E0435	ch	ol	0	f42v	f42v	G808-P0152	f42v.15	15	2	H	A	1	1	EXACT	0.107634611832	23	0	0	0.0706882737818	72	0	0	0.0979537458761	95	0.0964424816917	95	0.0714101617335	68	0.0584035248232	4	0.277629425064	6	0	0	0.178322885614	0.178322885614	0.179044773566	0.455952310678	0.178322885614
M04_DY_TO_L:G808-E0461	M04_DY_TO_L	CORE13	DY	L	G808-E0461	ch	eol	1	f44v	f44v	G808-P0162	f44v.2	2	2	H	A	1	2	EXACT	0.362882555183	7	-0.225077133706	2	0.0728273690804	72	0	0	0.122086947963	81	0.120575683779	81	0.0707663660339	68	0.10785176709	4	0.0631931584805	6	0	0	0.210632790557	0.210632790557	0.208571787511	0.273825949038	0.210632790557
M04_DY_TO_L:G808-E0470	M04_DY_TO_L	CORE13	DY	L	G808-E0470	ch	eol	1	f44v	f44v	G808-P0163	f44v.7	7	5	H	A	1	2	EXACT	0.225450250651	13	0	0	0.0778304068749	72	0	0	0.126659608259	85	0.125148344074	85	0.0818317536082	68	0.00979485862794	4	0.132426969329	6	0.134038435881	1	0.303280657525	0.303280657525	0.307282004259	0.435707626855	0.437319093406
M04_DY_TO_L:G808-E0478	M04_DY_TO_L	CORE13	DY	L	G808-E0478	ch	eol	1	f45r	f45r	G808-P0167	f45r.10	10	8	H	A	1	3	EXACT	0.100000258107	12	0	0	0.054704552008	72	-0.121006923915	1	0.088324428546	84	0.0847382983279	85	0.0669673699892	68	-0.153776007453	4	0.276559405992	6	-0.110412424087	1	0.154704810115	0.0336978862005	0.166967628096	0.431264216107	0.0442923860285
M04_DY_TO_L:G808-E0481	M04_DY_TO_L	CORE13	DY	L	G808-E0481	ch	ol	0	f45v	f45v	G808-P0169	f45v.9	9	3	H	A	1	2	EXACT	0.0718222519105	15	0	0	0.0924685682225	72	0	0	0.113428745107	87	0.111917480922	87	0.0927805774168	68	0.0871517581397	4	0.310249384657	6	0	0	0.164290820133	0.164290820133	0.164602829327	0.47454020479	0.164290820133
M04_DY_TO_L:G808-E0484	M04_DY_TO_L	CORE13	DY	L	G808-E0484	ch	ol	0	f46r	f46r	G808-P0170	f46r.4	4	2	H	B	2	3	EXACT	0.0250012026485	24	-0.0346503071443	2	-0.0578374373485	71	0	0	-0.0191110826723	97	-0.0206455216871	97	-0.0677036272483	67	0.107413231068	4	0.154703787318	6	0	0	-0.0674865418443	-0.0674865418443	-0.077352731744	0.0872172454742	-0.0674865418443
M04_DY_TO_L:G808-E0494	M04_DY_TO_L	CORE13	DY	L	G808-E0494	ch	ol	0	f46r	f46r	G808-P0173	f46r.13	13	5	H	B	2	3	EXACT	-0.0687875767772	15	-0.0452946977877	1	-0.00761335907178	71	-0.0572820708102	2	0.00621495493761	87	0.0040045604909	89	-0.00186969462211	67	-0.103827751009	4	0.0412615463125	6	-0.046867423408	2	-0.121695633637	-0.178977704447	-0.115951969187	-0.0804340873243	-0.168563057045
M04_DY_TO_L:G808-E0495	M04_DY_TO_L	CORE13	DY	L	G808-E0495	ch	eol	1	f46r	f46r	G808-P0174	f46r.14	14	4	H	B	2	3	EXACT	0.049043465921	2	0	0	0.000481679888338	71	-0.0484779127103	2	0.0401010807612	73	0.0370956554946	75	-0.00950744274188	67	0.16779147154	4	0.119623683847	6	-0.0594402701247	2	0.0495251458094	0.00104723309905	0.0395360231792	0.169148829657	-0.00991512431529
M04_DY_TO_L:G808-E0506	M04_DY_TO_L	CORE13	DY	L	G808-E0506	ch	ol	0	f47r	f47r	G808-P0176	f47r.2	2	2	H	A	1	2	EXACT	-0.491796272897	5	0.109256415103	1	0.0719523909416	72	0	0	0.0701252385413	78	0.0686139743569	78	0.0698399185929	68	0.10785176709	4	0.303156537634	6	0	0	-0.310587466852	-0.310587466852	-0.312699939201	-0.00743092921744	-0.310587466852
M04_DY_TO_L:G808-E0507	M04_DY_TO_L	CORE13	DY	L	G808-E0507	ch	ol	0	f47r	f47r	G808-P0176	f47r.4	4	4	H	A	1	2	EXACT	-0.491796272897	5	0	0	0.0948127187931	72	-0.268026935059	1	0.0908017480122	77	0.0851127794243	78	0.0873144387406	68	0.222270825905	4	0.302086518563	6	-0.257432435231	1	-0.396983554104	-0.665010489162	-0.404481834156	-0.0948970355408	-0.654415989334
M04_DY_TO_L:G808-E0508	M04_DY_TO_L	CORE13	DY	L	G808-E0508	ch	ol	0	f47r	f47r	G808-P0177	f47r.6	6	4	H	A	1	2	EXACT	0.00880487616417	12	-0.321171771034	1	0.0929046284048	72	0.14500828334	2	0.103163086395	85	0.103371659832	87	0.0883682276395	68	0.170010787633	4	-0.0599219762265	6	0.222368479481	2	-0.219462266465	-0.0744539831248	-0.22399866723	-0.279384242692	0.00290621301538
M04_DY_TO_L:G808-E0509	M04_DY_TO_L	CORE13	DY	L	G808-E0509	ch	ol	0	f47r	f47r	G808-P0177	f47r.9	9	5	H	A	1	3	EXACT	0.00880487616417	12	0	0	0.0572127760642	72	-0.268026935059	1	0.0774464231738	84	0.0722586222995	85	0.0685861698414	68	-0.136147571928	4	0.122194870827	6	-0.257432435231	1	0.0660176522284	-0.20200928283	0.0773910460055	0.188212523055	-0.191414783002
M04_DY_TO_L:G808-E0516	M04_DY_TO_L	CORE13	DY	L	G808-E0516	ch	ol	0	f47v	f47v	G808-P0178	f47v.6	6	5	H	A	1	2	EXACT	0.156768276199	17	0	0	0.0475388968795	72	0	0	0.0912685099927	89	0.0897572458083	89	0.0781013798583	68	-0.47203596754	4	0.15690559808	6	0	0	0.204307173078	0.204307173078	0.234869656057	0.361212771159	0.204307173078
M04_DY_TO_L:G808-E0517	M04_DY_TO_L	CORE13	DY	L	G808-E0517	ch	ol	0	f47v	f47v	G808-P0179	f47v.10	10	7	H	A	1	3	EXACT	-0.0537541687748	9	0	0	0.0586690023681	72	0.210769848341	2	0.0761505287649	81	0.0786775069701	83	0.0649683965324	68	-0.0484333522056	4	0.19058824582	6	0.159211765019	3	0.00491483359328	0.215684681934	0.0112142277576	0.195503079413	0.164126598612
M04_DY_TO_L:G808-E0518	M04_DY_TO_L	CORE13	DY	L	G808-E0518	ch	ol	0	f47v	f47v	G808-P0179	f47v.14	14	1	H	A	1	1	EXACT	-0.0537541687748	9	0	0	0.0921057339924	72	0	0	0.105872067986	81	0.104360803802	81	0.0922175631292	68	0.090191984885	4	0.176202902693	6	-0.179268702388	1	0.0383515652176	0.0383515652176	0.0384633943544	0.214554467911	-0.14091713717
M04_DY_TO_L:G808-E0544	M04_DY_TO_L	CORE13	DY	L	G808-E0544	ch	ol	0	f49r	f49r	G808-P0185	f49r.15	15	2	H	A	1	2	EXACT	0.0162610383636	19	-0.135134109942	1	0.0661451439334	72	0.244659056403	1	0.074867818319	92	0.0755367581957	93	0.0700200283319	68	0.000259455378728	4	0.303156537634	6	0.255253556231	1	-0.052727927645	0.191931128758	-0.0488530432465	0.250428609989	0.202525628586
M04_DY_TO_L:G808-E0545	M04_DY_TO_L	CORE13	DY	L	G808-E0545	ch	eol	1	f49r	f49r	G808-P0185	f49r.18	18	2	H	A	1	2	EXACT	0.0162610383636	19	0	0	0.0662089631662	72	0.100918101472	1	0.0770642547315	91	0.0761706164855	92	0.0637586421247	68	0.10785176709	4	0.195734094421	6	0.140604526705	2	0.0824700015298	0.183388103002	0.0800196804883	0.278204095951	0.223074528235
M04_DY_TO_L:G808-E0553	M04_DY_TO_L	CORE13	DY	L	G808-E0553	ch	ol	0	f49v	f49v	G808-P0186	f49v.26	26	6	H	A	1	2	EXACT	0.0437712156741	24	0	0	0.0918401071286	72	-0.268026935059	1	0.0974411870392	96	0.0925020838599	97	0.0966655538769	68	0.00979485862794	4	-0.0550861137287	6	-0.257432435231	1	0.135611322803	-0.132415612256	0.140436769551	0.080525209074	-0.121821112428
M04_DY_TO_L:G808-E0556	M04_DY_TO_L	CORE13	DY	L	G808-E0556	ch	ol	0	f49v	f49v	G808-P0187	f49v.30	30	3	H	A	1	2	EXACT	0.359448840879	5	0	0	0.074804384487	72	0	0	0.127368312932	77	0.125857048748	77	0.0740773240498	68	0.0871517581397	4	0.212633819199	6	0	0	0.434253225366	0.434253225366	0.433526164929	0.646887044566	0.434253225366
M04_DY_TO_L:G808-E0559	M04_DY_TO_L	CORE13	DY	L	G808-E0559	ch	ol	0	f49v	f49v	G808-P0188	f49v.40	40	4	H	A	1	2	EXACT	0.0705874910881	21	0	0	0.0668104143824	72	0.241852627288	1	0.0874337122272	93	0.0879159230923	94	0.0670680193636	68	0.0624184759211	4	0.246612262334	6	0.502388871585	1	0.137397905471	0.379250532759	0.137655510452	0.384010167805	0.639786777055
M04_DY_TO_L:G808-E0561	M04_DY_TO_L	CORE13	DY	L	G808-E0561	ch	ol	0	f49v	f49v	G808-P0188	f49v.50	50	1	H	A	1	2	EXACT	0.0705874910881	21	0	0	0.0581892271319	72	0	0	0.0807592446785	93	0.0792479804941	93	0.0585618569738	68	0.0518418660402	4	0.261435843308	6	0	0	0.12877671822	0.12877671822	0.129149348062	0.390212561528	0.12877671822
M04_DY_TO_L:G808-E0033	M04_DY_TO_L	CORE13	DY	L	G808-E0033	ch	ol	0	f4r	f4r	G808-P0011	f4r.3	3	2	H	A	1	2	EXACT	0.0603754624202	10	0.147592931641	2	0.104515289474	72	0	0	0.128954748804	84	0.12744348462	84	0.104318281745	68	0.10785176709	4	-0.00044097628809	6	0	0	0.312483683535	0.312483683535	0.312286675806	0.312042707247	0.312483683535
M04_DY_TO_L:G808-E0036	M04_DY_TO_L	CORE13	DY	L	G808-E0036	ch	ol	0	f4v	f4v	G808-P0014	f4v.10	10	4	H	A	1	1	EXACT	0.10644654525	18	-0.207939845038	1	0.132587571957	72	0	0	0.145660038033	91	0.144148773848	91	0.123886153218	68	0.280499036738	4	-0.291431037262	6	0	0	0.0310942721688	0.0310942721688	0.0223928534298	-0.260336765093	0.0310942721688
M04_DY_TO_L:G808-E0587	M04_DY_TO_L	CORE13	DY	L	G808-E0587	ch	eol	1	f51v	f51v	G808-P0192	f51v.13	13	2	H	A	1	1	EXACT	0.151908932909	36	0	0	0.0885485480466	72	0.333131572626	1	0.120425045488	108	0.121123389053	109	0.0904709016215	68	0.0558558834919	4	0.289656177625	6	0.642033625331	1	0.240457480955	0.573589053581	0.24237983453	0.53011365858	0.882491106286
M04_DY_TO_L:G808-E0592	M04_DY_TO_L	CORE13	DY	L	G808-E0592	ch	ol	0	f52v	f52v	G808-P0194	f52v.2	2	2	H	A	1	3	EXACT	0.222984832	8	-0.115366737297	2	0.0688971735503	72	0	0	0.11000113734	82	0.108489873156	82	0.0666049825315	68	0.10785176709	4	0.0635590618546	6	0	0	0.176515268253	0.176515268253	0.174223077234	0.240074330108	0.176515268253
M04_DY_TO_L:G808-E0596	M04_DY_TO_L	CORE13	DY	L	G808-E0596	ch	eol	1	f52v	f52v	G808-P0194	f52v.4	4	5	H	A	1	2	EXACT	0.222984832	8	0	0	0.0601396408079	72	0	0	0.107385524751	80	0.105874260567	80	0.0665255431157	68	-0.0484333522056	4	0.149791215806	6	0	0	0.283124472808	0.283124472808	0.289510375116	0.432915688614	0.283124472808
M04_DY_TO_L:G808-E0599	M04_DY_TO_L	CORE13	DY	L	G808-E0599	ch	ol	0	f52v	f52v	G808-P0195	f52v.9	9	3	H	A	1	2	EXACT	0.30573359416	12	0	0	0.0901381114621	72	0.172080823425	2	0.148086527514	84	0.14789996183	86	0.0914823344933	68	0.0672736661509	4	-0.0530539573093	6	0.229159743357	2	0.395871705622	0.567952529047	0.397215928653	0.342817748313	0.625031448979
M04_DY_TO_L:G808-E0600	M04_DY_TO_L	CORE13	DY	L	G808-E0600	ch	ol	0	f52v	f52v	G808-P0195	f52v.10	10	3	H	A	1	2	EXACT	0.30573359416	12	0.728094955838	1	0.0796684709163	72	0	0	0.146214945261	85	0.144703681077	85	0.0855564927226	68	-0.0204405535719	4	0.0713211249826	6	0.40528178199	1	1.11349702091	1.11349702091	1.11938504272	1.1848181459	1.5187788029
M04_DY_TO_L:G808-E0604	M04_DY_TO_L	CORE13	DY	L	G808-E0604	ch	ol	0	f53r	f53r	G808-P0196	f53r.9	9	2	H	A	1	2	EXACT	0.0155575059073	22	0.406890480547	1	0.0685603318607	72	0	0	0.0788397030024	95	0.0773284388181	95	0.0662483266248	68	0.10785176709	4	-0.00044097628809	6	0	0	0.491008318315	0.491008318315	0.488696313079	0.490567342027	0.491008318315
M04_DY_TO_L:G808-E0606	M04_DY_TO_L	CORE13	DY	L	G808-E0606	ch	ol	0	f53v	f53v	G808-P0197	f53v.3	3	3	H	A	1	2	EXACT	0.184205789836	27	-0.00121287150061	1	0.0927303929495	72	0	0	0.13191732501	100	0.130431274056	100	0.0927543229222	68	0.0923110203315	4	0.0754910512845	6	0	0	0.275723311285	0.275723311285	0.275747241258	0.35121436257	0.275723311285
M04_DY_TO_L:G808-E0611	M04_DY_TO_L	CORE13	DY	L	G808-E0611	ch	ol	0	f53v	f53v	G808-P0197	f53v.6	6	3	H	A	1	2	EXACT	0.184205789836	27	0	0	0.0788371347723	72	0	0	0.122993187799	99	0.121507136844	99	0.079739809174	68	0.0634791068612	4	0.167456040929	6	0	0	0.263042924608	0.263042924608	0.26394559901	0.430498965538	0.263042924608
M04_DY_TO_L:G808-E0614	M04_DY_TO_L	CORE13	DY	L	G808-E0614	ch	eol	1	f54v	f54v	G808-P0198	f54v.6	6	2	H	A	1	2	EXACT	0.118197102828	37	0	0	0.0639366932897	72	0.124925632257	1	0.0921069839685	109	0.0911871987587	110	0.0679422995149	68	-0.00417117562165	4	0.00532536489863	6	0.135380144943	1	0.182133796118	0.307059428375	0.186139402343	0.187459161016	0.317513941061
M04_DY_TO_L:G808-E0618	M04_DY_TO_L	CORE13	DY	L	G808-E0618	ch	ol	0	f54v	f54v	G808-P0198	f54v.12	12	2	H	A	1	1	EXACT	0.118197102828	37	0	0	0.0604483001656	72	0.208422067139	1	0.0898027242902	109	0.0896629453946	110	0.0641384357632	68	-0.00229656807724	4	-0.276235195594	6	0.351498128577	1	0.178645402994	0.387067470133	0.182335538591	-0.0975897926	0.53014353157
M04_DY_TO_L:G808-E0620	M04_DY_TO_L	CORE13	DY	L	G808-E0620	ch	ol	0	f54v	f54v	G808-P0198	f54v.16	16	2	H	A	1	1	EXACT	0.118197102828	37	0	0	0.0690511722201	72	0	0	0.0954853553721	109	0.0939661335888	109	0.0698701010052	68	0.0551168197916	4	0.304295773557	6	0.46719311394	1	0.187248275048	0.187248275048	0.188067203833	0.491544048605	0.654441388988
M04_DY_TO_L:G808-E0621	M04_DY_TO_L	CORE13	DY	L	G808-E0621	ch	ol	0	f55r	f55r	G808-P0199	f55r.3	3	2	H	B	2	3	EXACT	0.106762271742	25	-0.0481033168379	6	-0.00975191701173	72	0	0	0.0330959817809	103	0.0315847175965	103	-0.0166705251225	68	0.10785176709	4	0.186902012222	6	0	0	0.0489070378921	0.0489070378921	0.0419884297813	0.235809050114	0.0489070378921
M04_DY_TO_L:G808-E0622	M04_DY_TO_L	CORE13	DY	L	G808-E0622	ch	ol	0	f55r	f55r	G808-P0199	f55r.5	5	5	H	B	2	3	EXACT	0.106762271742	25	0.204198125172	2	-0.0511832565155	72	0.188464359542	1	0.0107470811373	99	0.0113426671329	100	-0.0482716400342	68	-0.100693390478	4	0.122194870827	6	0.135688950086	1	0.259777140398	0.44824149994	0.26268875688	0.381972011225	0.395466090484
M04_DY_TO_L:G808-E0629	M04_DY_TO_L	CORE13	DY	L	G808-E0629	ch	ol	0	f56r	f56r	G808-P0204	f56r.15	15	3	H	A	1	1	EXACT	0.211104660576	22	0	0	0.0804615798686	72	0	0	0.130075397494	94	0.12856413331	94	0.0735679868593	68	0.197640007245	4	-0.138536380673	6	0	0	0.291566240444	0.291566240444	0.284672647435	0.153029859771	0.291566240444
M04_DY_TO_L:G808-E0643	M04_DY_TO_L	CORE13	DY	L	G808-E0643	ch	ol	0	f58r	f58r	G808-P0208	f58r.22	22	3	S	A	3	3	EXACT	-0.031250278438	33	0	0	0.0456539566714	71	-0.100274482816	2	0.03281549233	104	0.0293955444397	106	0.0379614035827	67	0.17450654606	4	0.302091536525	6	-0.0897224142206	2	0.0144036782334	-0.0858708045825	0.00671112514469	0.316495214758	-0.0753187359872
M04_DY_TO_L:G808-E0644	M04_DY_TO_L	CORE13	DY	L	G808-E0644	ch	eol	1	f58r	f58r	G808-P0209	f58r.30	30	8	S	A	3	3	EXACT	0.0119000212538	47	-0.105023971027	1	0.0138999370786	71	0	0	0.0164847924759	119	0.0149438803182	119	0.0176361145763	67	-0.0486787108543	4	0.151459735938	6	0.232982197466	1	-0.0792240126951	-0.0792240126951	-0.0754878351974	0.0722357232427	0.153758184771
M04_DY_TO_L:G808-E0653	M04_DY_TO_L	CORE13	DY	L	G808-E0653	ch	eol	1	f58v	f58v	G808-P0210	f58v.17	17	8	S	A	3	3	EXACT	0.0407178030499	73	0.239408939191	1	0.0191758726351	71	0	0	0.0255954933888	145	0.0239393241863	145	0.0232544216089	67	-0.0491478165932	4	0.10669680449	6	0	0	0.299302614876	0.299302614876	0.30338116385	0.405999419367	0.299302614876
M04_DY_TO_L:G808-E0654	M04_DY_TO_L	CORE13	DY	L	G808-E0654	ch	eol	1	f58v	f58v	G808-P0210	f58v.19	19	6	S	A	3	3	EXACT	0.0407178030499	73	-0.161719075197	1	-0.0041239534285	71	-0.0744162408725	1	0.0114202129412	145	0.00942424822251	146	0.00368209237049	67	-0.13488321448	4	0.192875743671	6	-0.0631547072251	1	-0.125125225575	-0.199541466448	-0.117319179776	0.0677505180954	-0.188279932801
M04_DY_TO_L:G808-E0655	M04_DY_TO_L	CORE13	DY	L	G808-E0655	ch	ol	0	f58v	f58v	G808-P0210	f58v.20	20	6	S	A	3	3	EXACT	0.0407178030499	73	0	0	0.0189098890162	71	0.2508741764	3	0.0238790443143	144	0.0275947412454	147	0.0219559462079	67	-0.0321195628629	4	-0.101175088362	6	0.262135710048	3	0.0596276920662	0.310501868466	0.0626737492579	-0.0415473962961	0.321763402114
M04_DY_TO_L:G808-E0042	M04_DY_TO_L	CORE13	DY	L	G808-E0042	ch	ol	0	f5v	f5v	G808-P0017	f5v.2	2	2	H	A	1	2	EXACT	0.15434349934	11	0	0	0.0670464254893	72	0.042077601449	1	0.106683605921	83	0.104795695726	84	0.0646453669374	68	0.10785176709	4	-0.0559152325169	6	-0.0277447671531	2	0.221389924829	0.263467526278	0.218988866277	0.165474692312	0.193645157676
M04_DY_TO_L:G808-E0045	M04_DY_TO_L	CORE13	DY	L	G808-E0045	ch	ol	0	f5v	f5v	G808-P0017	f5v.5	5	7	H	A	1	2	EXACT	0.15434349934	11	0	0	0.0589113743432	72	-0.144508354131	1	0.0996266940835	83	0.0956015333679	84	0.0714216524618	68	-0.153776007453	4	0.187106706628	6	-0.107981456893	2	0.213254873683	0.0687465195517	0.225765151802	0.400361580311	0.10527341679
M04_DY_TO_L:G808-E0047	M04_DY_TO_L	CORE13	DY	L	G808-E0047	ch	ol	0	f5v	f5v	G808-P0017	f5v.6	6	2	H	A	1	1	EXACT	0.15434349934	11	0	0	0.0604280304854	72	0	0	0.100942347604	83	0.0994310834201	83	0.0605463747138	68	0.0584035248232	4	-0.0259680888587	6	0	0	0.214771529825	0.214771529825	0.214889874054	0.188803440966	0.214771529825
M04_DY_TO_L:G808-E0673	M04_DY_TO_L	CORE13	DY	L	G808-E0673	ch	eol	1	f66r	f66r	G808-P0218	f66r.71	71	2	T	B	5	2	EXACT	-0.093374411386	49	0.0135344119196	2	0.000407047038289	71	0	0	-0.0333727841531	122	-0.0348970954226	122	-0.00633320932613	67	0.1132878776	4	-0.160565039532	6	0	0	-0.0794329524281	-0.0794329524281	-0.0861732087925	-0.23999799196	-0.0794329524281
M04_DY_TO_L:G808-E0050	M04_DY_TO_L	CORE13	DY	L	G808-E0050	ch	ol	0	f6r	f6r	G808-P0018	f6r.7	7	5	H	A	1	2	EXACT	0.300576583832	33	-0.207939845038	1	0.0792327130134	71	0.147353546796	2	0.157723414328	105	0.156634540275	107	0.0868540705284	67	-0.0484333522056	4	0.302086518563	6	0.220190135008	2	0.171869451808	0.319222998604	0.179490809323	0.473955970371	0.392059586816
M04_DY_TO_L:G808-E0053	M04_DY_TO_L	CORE13	DY	L	G808-E0053	ch	ol	0	f6v	f6v	G808-P0019	f6v.3	3	3	H	A	1	2	EXACT	0.225687556571	19	0	0	0.075841633508	72	0	0	0.128412124078	91	0.126900859894	91	0.075175587719	68	0.0871517581397	4	0.0455055479419	6	0	0	0.301529190079	0.301529190079	0.30086314429	0.347034738021	0.301529190079
M04_DY_TO_L:G808-E0057	M04_DY_TO_L	CORE13	DY	L	G808-E0057	ch	ol	0	f6v	f6v	G808-P0020	f6v.14	14	2	H	A	1	1	EXACT	0.051782030481	26	0	0	0.0642353022198	72	0	0	0.0771881388133	98	0.075676874629	98	0.0680027924815	68	0.000175313989588	4	0.0916587226351	6	0	0	0.116017332701	0.116017332701	0.119784822963	0.207676055336	0.116017332701
M04_DY_TO_L:G808-E0771	M04_DY_TO_L	CORE13	DY	L	G808-E0771	ch	ol	0	f76r	f76r	G808-P0232	f76r.43	43	6	T	B	2	3	EXACT	-0.235596848453	17	-0.0320438926165	4	-0.0165669159998	72	0.0504863378847	2	-0.0397202161627	93	-0.0383486929735	95	-0.0159733086532	68	-0.026659237995	4	0.214219525742	6	-0.00273572167915	2	-0.28420765707	-0.233721319185	-0.283614049723	-0.0699881313276	-0.286943378749
M04_DY_TO_L:G808-E0801	M04_DY_TO_L	CORE13	DY	L	G808-E0801	ch	ol	0	f76v	f76v	G808-P0237	f76v.18	18	6	B	B	2	2	EXACT	-0.350042623354	25	0	0	-0.0820942366031	72	0.48739806175	1	-0.134093167384	97	-0.128872327708	98	-0.0782153840027	68	-0.148050510668	4	-0.14128193733	6	0.44650283993	1	-0.432136859958	0.0552612017922	-0.428258007357	-0.573418797288	0.014365979972
M04_DY_TO_L:G808-E0821	M04_DY_TO_L	CORE13	DY	L	G808-E0821	ch	eol	1	f76v	f76v	G808-P0239	f76v.36	36	2	B	B	2	2	EXACT	-0.43552992088	4	0	0	-0.0542734584717	72	0.179646018957	1	-0.0385105490997	76	-0.0367089318683	77	-0.0639364085623	68	0.10998091321	4	0.296066217292	6	0.441548860278	1	-0.489803379351	-0.310157360394	-0.499466329442	-0.19373716206	-0.0482545190733
M04_DY_TO_L:G808-E0831	M04_DY_TO_L	CORE13	DY	L	G808-E0831	ch	ol	0	f77r	f77r	G808-P0241	f77r.11	11	4	B	B	2	2	EXACT	-0.277557420711	48	-0.259901846138	2	-0.0740800994375	72	-0.314667440273	1	-0.153051608975	122	-0.155554057482	123	-0.0888189645493	68	0.176467228933	4	-0.2633600162	6	-0.303947839082	1	-0.611539366287	-0.926206806559	-0.626278231398	-0.874899382487	-0.915487205368
M04_DY_TO_L:G808-E0847	M04_DY_TO_L	CORE13	DY	L	G808-E0847	ch	eol	1	f77r	f77r	G808-P0242	f77r.32	32	3	B	B	2	3	EXACT	-0.365560828323	22	0	0	-0.0827955289829	72	-0.241433314242	1	-0.131011050345	94	-0.133285462097	95	-0.092872242226	68	0.0884952176202	4	0.304860475321	6	-0.137719919879	2	-0.448356357306	-0.689789671548	-0.458433070549	-0.143495881985	-0.586076277185
M04_DY_TO_L:G808-E0856	M04_DY_TO_L	CORE13	DY	L	G808-E0856	ch	eol	1	f77r	f77r	G808-P0243	f77r.46	46	4	B	B	2	3	EXACT	-0.16696088181	44	-0.0770277655568	2	-0.0905854086159	72	0	0	-0.112987092456	118	-0.114434895404	118	-0.106295174268	68	0.176467228933	4	0.0566346682756	6	0	0	-0.334574055983	-0.334574055983	-0.350283821634	-0.277939387707	-0.334574055983
M04_DY_TO_L:G808-E0971	M04_DY_TO_L	CORE13	DY	L	G808-E0971	ch	ol	0	f79r	f79r	G808-P0253	f79r.19	19	3	B	B	2	3	EXACT	-0.14187655154	31	-0.0151018771228	2	-0.074976511724	72	0.0315884582261	2	-0.0802597390258	105	-0.0790573015982	107	-0.0900472770562	68	0.181212034756	4	0.137432405917	6	0.0418899011465	2	-0.231954940387	-0.200366482161	-0.247025705719	-0.0945225344706	-0.190065039241
M04_DY_TO_L:G808-E0989	M04_DY_TO_L	CORE13	DY	L	G808-E0989	ch	eol	1	f79r	f79r	G808-P0258	f79r.43	43	4	B	B	2	3	EXACT	-0.174120591257	11	-0.0320526563061	3	-0.0972728377184	72	0.110500276877	3	-0.0767602597043	86	-0.0708302901008	89	-0.113145326972	68	0.172545015426	4	0.178522907339	6	0.0779020210283	4	-0.303446085281	-0.192945808404	-0.319318574535	-0.124923177942	-0.225544064253
M04_DY_TO_L:G808-E0996	M04_DY_TO_L	CORE13	DY	L	G808-E0996	ch	ol	0	f79v	f79v	G808-P0261	f79v.17	17	3	B	B	2	3	EXACT	-0.307576355029	45	-0.185010109448	3	-0.0897526408897	72	0.0586591135232	3	-0.168031019679	120	-0.163120724998	123	-0.105325666161	68	0.174975903446	4	0.305782925146	6	0.0206037072692	4	-0.582339105367	-0.523679991843	-0.597912130638	-0.276556180221	-0.561735398097
M04_DY_TO_L:G808-E0062	M04_DY_TO_L	CORE13	DY	L	G808-E0062	ch	ol	0	f7r	f7r	G808-P0022	f7r.7	7	3	H	A	1	2	EXACT	0.143174863239	11	0	0	0.0748252811883	72	0	0	0.111951348249	83	0.110440084065	83	0.0740994499687	68	0.0871517581397	4	-0.274066790785	6	-0.108161635583	1	0.218000144427	0.218000144427	0.217274313208	-0.0560666463577	0.109838508844
M04_DY_TO_L:G808-E0066	M04_DY_TO_L	CORE13	DY	L	G808-E0066	ch	ol	0	f7r	f7r	G808-P0022	f7r.9	9	4	H	A	1	3	EXACT	0.143174863239	11	0	0	0.0661466062358	72	0	0	0.104422859134	83	0.102911594949	83	0.0600362041665	68	0.170010787633	4	0.210404377996	6	-0.0875523494941	1	0.209321469475	0.209321469475	0.203211067406	0.419725847471	0.121769119981
M04_DY_TO_L:G808-E1025	M04_DY_TO_L	CORE13	DY	L	G808-E1025	ch	eol	1	f80r	f80r	G808-P0270	f80r.53	53	5	B	B	2	2	EXACT	-0.151983865035	30	0	0	-0.0794847110776	72	0	0	-0.0878036148926	102	-0.0892116535331	102	-0.0812987180442	68	-0.0486598353542	4	0.140054836148	6	-0.0542708874574	2	-0.231468576113	-0.231468576113	-0.233282583079	-0.0914137399645	-0.28573946357
M04_DY_TO_L:G808-E1045	M04_DY_TO_L	CORE13	DY	L	G808-E1045	ch	eol	1	f80v	f80v	G808-P0273	f80v.16	16	1	B	B	2	3	EXACT	-0.379188898883	16	-0.0710366706626	5	-0.0963666245096	72	-0.0940154433604	1	-0.1200445458	93	-0.120933526618	94	-0.105236208374	68	0.0544033658761	4	0.176725775166	6	-0.100827014302	1	-0.546592194055	-0.640607637416	-0.55546177792	-0.369866418889	-0.647419208358
M04_DY_TO_L:G808-E1064	M04_DY_TO_L	CORE13	DY	L	G808-E1064	ch	eol	1	f81r	f81r	G808-P0279	f81r.5	5	2	B	B	2	3	EXACT	-0.323782771052	26	-0.00119877804909	4	-0.0537635659137	72	-0.0340656009882	2	-0.104649114447	102	-0.104135767235	104	-0.0638958112526	68	0.118471476813	4	0.186625187948	6	-0.028182277954	2	-0.378745115015	-0.412810716003	-0.388877360354	-0.192119927067	-0.406927392969
M04_DY_TO_L:G808-E1065	M04_DY_TO_L	CORE13	DY	L	G808-E1065	ch	ol	0	f81r	f81r	G808-P0279	f81r.10	10	1	B	B	2	2	EXACT	-0.323782771052	26	0	0	-0.0766072777596	72	0	0	-0.126184961067	98	-0.127647738609	98	-0.0849539952629	68	0.0652737917607	4	0.0506989873461	6	0	0	-0.400390048812	-0.400390048812	-0.408736766315	-0.349691061466	-0.400390048812
M04_DY_TO_L:G808-E1077	M04_DY_TO_L	CORE13	DY	L	G808-E1077	ch	eol	1	f81r	f81r	G808-P0280	f81r.24	24	4	B	B	2	2	EXACT	-0.341330896093	33	0	0	-0.0843226588442	72	0	0	-0.153381120517	105	-0.154843898058	105	-0.0924623048755	68	0.0540381956529	4	-0.10356079285	6	0	0	-0.425653554937	-0.425653554937	-0.433793200968	-0.529214347787	-0.425653554937
M04_DY_TO_L:G808-E1121	M04_DY_TO_L	CORE13	DY	L	G808-E1121	ch	eol	1	f82r	f82r	G808-P0285	f82r.30	30	3	B	B	2	2	EXACT	-0.183599115935	47	0.0922331349442	2	-0.0754667517152	72	-0.0406954872495	1	-0.109943127525	121	-0.110620795703	122	-0.0902278356512	68	0.17545875307	4	-0.165546047808	6	-0.0305555949002	1	-0.166832732706	-0.207528219956	-0.181593816642	-0.332378780515	-0.197388327607
M04_DY_TO_L:G808-E1123	M04_DY_TO_L	CORE13	DY	L	G808-E1123	ch	eol	1	f82r	f82r	G808-P0285	f82r.31	31	1	B	B	2	3	EXACT	-0.183599115935	47	-0.0539051431503	3	-0.10229177715	72	-0.233289024673	1	-0.127592883074	122	-0.12969972736	123	-0.111360978371	68	0.0518717214746	4	0.048710017871	6	-0.238044545348	1	-0.339796036236	-0.573085060908	-0.348865237456	-0.291086018365	-0.577840581584
M04_DY_TO_L:G808-E1124	M04_DY_TO_L	CORE13	DY	L	G808-E1124	ch	eol	1	f82r	f82r	G808-P0285	f82r.33	33	3	B	B	2	2	EXACT	-0.183599115935	47	-0.0705656365798	1	-0.0822991294114	72	0.0312970967602	1	-0.117203764643	120	-0.117219465049	121	-0.0859355123613	68	-0.0204935413898	4	0.251001663121	6	0.0414369891095	1	-0.336463881927	-0.305166785166	-0.340100264876	-0.0854622188056	-0.295026892817
M04_DY_TO_L:G808-E1149	M04_DY_TO_L	CORE13	DY	L	G808-E1149	ch	ol	0	f82v	f82v	G808-P0291	f82v.37	37	5	B	B	2	3	EXACT	-0.158526715637	26	0	0	-0.0916777548737	72	0	0	-0.0927745036196	98	-0.0943395592176	98	-0.0910183446566	68	-0.10290129674	4	0.0957552687207	6	-0.0296377891569	1	-0.250204470511	-0.250204470511	-0.249545060293	-0.15444920179	-0.279842259667
M04_DY_TO_L:G808-E1196	M04_DY_TO_L	CORE13	DY	L	G808-E1196	ch	eol	1	f83r	f83r	G808-P0297	f83r.48	48	2	B	B	2	2	EXACT	-0.488441387479	3	0.730185773106	1	-0.0589932372527	72	0	0	-0.028883280951	76	-0.0303949826923	76	-0.0626019250095	68	0.00233967103922	4	0.30186748971	6	-0.225168433967	1	0.182751148374	0.182751148374	0.179142460617	0.484618638084	-0.0424172855936
M04_DY_TO_L:G808-E1206	M04_DY_TO_L	CORE13	DY	L	G808-E1206	ch	eol	1	f83v	f83v	G808-P0300	f83v.14	14	8	B	B	2	3	EXACT	-0.281960594597	23	0	0	-0.0769322275436	72	0	0	-0.10813193133	95	-0.109647742425	95	-0.0786342197838	68	-0.048011152637	4	0.0368431230415	6	-0.0129470816526	1	-0.358892822141	-0.358892822141	-0.360594814381	-0.322049699099	-0.371839903793
M04_DY_TO_L:G808-E1210	M04_DY_TO_L	CORE13	DY	L	G808-E1210	ch	eol	1	f83v	f83v	G808-P0300	f83v.20	20	4	B	B	2	2	EXACT	-0.281960594597	23	0	0	-0.052546168117	72	0	0	-0.0896498652385	95	-0.0911656763329	95	-0.0655271014224	68	0.168116904898	4	0.0989552465147	6	0	0	-0.334506762714	-0.334506762714	-0.347487696019	-0.235551516199	-0.334506762714
M04_DY_TO_L:G808-E1215	M04_DY_TO_L	CORE13	DY	L	G808-E1215	ch	eol	1	f83v	f83v	G808-P0301	f83v.27	27	2	B	B	2	2	EXACT	-0.368425496954	37	0	0	-0.062447129855	72	0.170477351018	1	-0.156632207381	109	-0.154874272858	110	-0.0724801997051	68	0.10810226442	4	-0.265074188718	6	0.181064475464	1	-0.430872626809	-0.260395275791	-0.440905696659	-0.695946815527	-0.249808151345
M04_DY_TO_L:G808-E1220	M04_DY_TO_L	CORE13	DY	L	G808-E1220	ch	eol	1	f85r1	f85r	G808-P0302	f85r1.3	3	9	T	B	2	3	EXACT	0.00719596397709	22	0	0	0.00120687439503	72	0	0	0.0221142286365	94	0.0206048281395	94	0.00108529313666	68	0.00327920631908	4	-0.251716943101	6	0	0	0.00840283837212	0.00840283837212	0.00828125711375	-0.243314104729	0.00840283837212
M04_DY_TO_L:G808-E1232	M04_DY_TO_L	CORE13	DY	L	G808-E1232	ch	ol	0	f85r1	f85r	G808-P0307	f85r1.23	23	8	T	B	2	3	EXACT	-0.0424743526926	3	0	0	0.0278104965128	72	0.125973032385	2	0.0618262011485	75	0.0628865538184	77	0.0368263036325	68	-0.125452773989	4	0.0897251479061	6	0.24086687482	2	-0.0146638561797	0.111309176206	-0.00564804906009	0.0750612917264	0.22620301864
M04_DY_TO_L:G808-E1240	M04_DY_TO_L	CORE13	DY	L	G808-E1240	ch	ol	0	f85r1	f85r	G808-P0310	f85r1.32	32	2	T	B	2	3	EXACT	0.0807470799323	18	0.438095011898	1	-0.0031425428832	72	0	0	0.0407009828244	91	0.0391915823273	91	-0.00832895338025	68	0.0850318860985	4	-0.0681426545855	6	0	0	0.515699548947	0.515699548947	0.51051313845	0.447556894361	0.515699548947
M04_DY_TO_L:G808-E1244	M04_DY_TO_L	CORE13	DY	L	G808-E1244	ch	ol	0	f85r2	f85r	G808-P0311	f85r2.4	4	4	C	B	2	2	EXACT	-0.10527301015	8	0	0	0.00502859284105	70	-0.281216411016	1	0.0249578452771	78	0.0200131841395	79	-0.0112643519711	66	0.273864024651	4	0.280752112765	6	-0.2702922611	1	-0.100244417309	-0.381460828326	-0.116537362121	0.180507695455	-0.370536678409
M04_DY_TO_L:G808-E1251	M04_DY_TO_L	CORE13	DY	L	G808-E1251	ch	ol	0	f85r2	f85r	G808-P0314	f85r2.23	23	3	C	B	2	2	EXACT	-0.095586679123	12	0	0	0.00228488620011	70	-0.163066352563	2	0.0152966157262	82	0.0103687794529	84	-0.00436581816994	66	0.112023350716	4	0.00908920257202	6	-0.164935275865	2	-0.0933017929229	-0.256368145486	-0.099952497293	-0.0842125903509	-0.258237068787
M04_DY_TO_L:G808-E1276	M04_DY_TO_L	CORE13	DY	L	G808-E1276	ch	ol	0	f86v5	f86v	G808-P0325	f86v5.31	31	4	T	B	2	3	EXACT	0.014449557531	55	-0.0916702412337	1	-0.0461576947081	72	0	0	-0.020738386077	128	-0.0226301910801	128	-0.0594619995865	68	0.18000030046	4	-0.0483925716306	6	0	0	-0.123378378411	-0.123378378411	-0.136682683289	-0.171770950041	-0.123378378411
M04_DY_TO_L:G808-E1286	M04_DY_TO_L	CORE13	DY	L	G808-E1286	ch	ol	0	f86v6	f86v	G808-P0326	f86v6.5	5	3	T	B	2	3	EXACT	-0.105769252108	36	0.180121032839	2	-0.0447704108332	72	0.543112720214	1	-0.0473989676621	110	-0.043596866213	111	-0.0568172405637	68	0.16001050682	4	0.327753576361	6	0.499905983764	1	0.0295813698972	0.572694090111	0.0175345401668	0.357334946258	0.529487353661
M04_DY_TO_L:G808-E1291	M04_DY_TO_L	CORE13	DY	L	G808-E1291	ch	eol	1	f86v6	f86v	G808-P0326	f86v6.9	9	6	T	B	2	3	EXACT	-0.105769252108	36	0.0109821636375	1	-0.0490475372634	72	0.286991025421	3	-0.0541179766718	109	-0.0457610067532	112	-0.0460435339137	68	-0.100130781973	4	-0.0106944454165	6	0.293837709969	3	-0.143834625734	0.143156399687	-0.140830622384	-0.154529071151	0.150003084235
M04_DY_TO_L:G808-E1296	M04_DY_TO_L	CORE13	DY	L	G808-E1296	ch	ol	0	f86v6	f86v	G808-P0327	f86v6.18	18	7	T	B	2	3	EXACT	-0.0904171814854	34	0	0	-0.0300719100635	72	0.104656973228	1	-0.0347527933678	106	-0.0349537414091	107	-0.0303878524223	68	-0.0247160777286	4	0.092561168457	6	0.0319817534009	1	-0.120489091549	-0.0158321183211	-0.120805033908	-0.0279279230918	-0.0885073381479
M04_DY_TO_L:G808-E1321	M04_DY_TO_L	CORE13	DY	L	G808-E1321	ch	eol	1	f87r	f87r	G808-P0331	f87r.15	15	2	H	A	1	2	EXACT	0.202984989255	10	0	0	0.109870868805	72	0	0	0.150545225212	82	0.149005540419	82	0.108869371217	68	0.126884262478	4	0.185721515132	6	0	0	0.31285585806	0.31285585806	0.311854360472	0.498577373192	0.31285585806
M04_DY_TO_L:G808-E1322	M04_DY_TO_L	CORE13	DY	L	G808-E1322	ch	eol	1	f87r	f87r	G808-P0331	f87r.16	16	2	H	A	1	1	EXACT	0.202984989255	10	0	0	0.0855106050597	72	0	0	0.129155725339	82	0.127616040546	82	0.0872114717427	68	0.0565838061247	4	0.307279295092	6	0	0	0.288495594315	0.288495594315	0.290196460998	0.595774889407	0.288495594315
M04_DY_TO_L:G808-E1336	M04_DY_TO_L	CORE13	DY	L	G808-E1336	ch	eol	1	f88r	f88r	G808-P0335	f88r.19	19	8	P	A	1	2	EXACT	-0.00768523621784	10	0.236551911822	1	0.0813747833637	72	0	0	0.100928228895	83	0.099592039454	83	0.114031417149	68	-0.473790212312	4	-0.284648968264	6	0	0	0.310241458968	0.310241458968	0.342898092753	0.0255924907033	0.310241458968
M04_DY_TO_L:G808-E1340	M04_DY_TO_L	CORE13	DY	L	G808-E1340	ch	ol	0	f88r	f88r	G808-P0335	f88r.22	22	3	P	A	1	2	EXACT	-0.00768523621784	10	0	0	0.11375048788	72	0.00535176212811	2	0.127546661997	82	0.123998373001	84	0.121339361484	68	-0.0152625847126	4	0.293235962532	6	0.00344914205029	2	0.106065251662	0.11141701379	0.113654125266	0.399301214194	0.109514393712
M04_DY_TO_L:G808-E1342	M04_DY_TO_L	CORE13	DY	L	G808-E1342	ch	eol	1	f88r	f88r	G808-P0336	f88r.30	30	4	P	A	1	2	EXACT	-0.0913763321604	3	0	0	0.0875548891729	72	0	0	0.116155952119	75	0.114819762678	75	0.0887441045169	68	0.0673360070066	4	0.293235962532	6	0	0	-0.00382144298758	-0.00382144298758	-0.00263222764356	0.289414519545	-0.00382144298758
M04_DY_TO_L:G808-E1343	M04_DY_TO_L	CORE13	DY	L	G808-E1343	ch	ol	0	f88r	f88r	G808-P0336	f88r.31	31	3	P	A	1	2	EXACT	-0.0913763321604	3	0	0	0.108515549779	72	0.10001766923	1	0.136278186301	75	0.134850236353	76	0.115796485848	68	-0.0152625847126	4	0.0820451651678	6	0.03213280189	1	0.0171392176181	0.117156886848	0.0244201536871	0.0991843827859	0.0492720195081
M04_DY_TO_L:G808-E1365	M04_DY_TO_L	CORE13	DY	L	G808-E1365	ch	ol	0	f89r1	f89r	G808-P0341	f89r1.16	16	8	P	A	1	3	EXACT	-0.143734841896	6	-0.030322698335	5	0.0587349996948	72	0.0354317727716	1	0.0685637365158	83	0.0670692211357	84	0.0711687819126	68	-0.15265069974	4	0.191086062156	6	0.181333721342	1	-0.115322540536	-0.0798907677642	-0.102888758318	0.0757635216202	0.0660111808065
M04_DY_TO_L:G808-E1370	M04_DY_TO_L	CORE13	DY	L	G808-E1370	ch	eol	1	f89v1	f89v	G808-P0343	f89v1.6	6	4	P	A	1	3	EXACT	0.129374590643	30	0.212137959409	2	0.10484959812	72	0.228140065049	1	0.127528763697	104	0.127279447821	105	0.100784610163	68	0.173942991659	4	-0.1398059913	6	0.23877239545	1	0.446362148171	0.674502213221	0.442297160214	0.306556156872	0.685134543621
M04_DY_TO_L:G808-E1381	M04_DY_TO_L	CORE13	DY	L	G808-E1381	ch	ol	0	f89v1	f89v	G808-P0344	f89v1.18	18	5	P	A	1	2	EXACT	0.0402016826931	27	0	0	0.108945011734	72	0	0	0.105601860204	99	0.104078185499	99	0.121195928395	68	-0.0993319732375	4	-0.106905271016	6	-0.225679867755	1	0.149146694427	0.149146694427	0.161397611088	0.0422414234107	-0.0765331733279
M04_DY_TO_L:G808-E0073	M04_DY_TO_L	CORE13	DY	L	G808-E0073	ch	ol	0	f8r	f8r	G808-P0027	f8r.15	15	3	H	A	1	3	EXACT	0.188212373741	21	-0.101555140919	2	0.0734512130573	70	-0.189863202216	1	0.114831306338	93	0.110429331845	94	0.0672995217785	66	0.174950119252	4	-0.331913322886	6	-0.179268702388	1	0.16010844588	-0.029754756336	0.153956754601	-0.171804877006	-0.0191602565081
M04_DY_TO_L:G808-E0074	M04_DY_TO_L	CORE13	DY	L	G808-E0074	ch	ol	0	f8r	f8r	G808-P0027	f8r.17	17	1	H	A	1	3	EXACT	0.188212373741	21	0.230804359602	2	0.0895602543956	71	0.0574901607027	1	0.134054046575	94	0.132083875588	95	0.0918116013515	67	0.0518418660402	4	0.261435843308	6	0.0570918940652	1	0.508576987738	0.566067148441	0.510828334694	0.770012831046	0.565668881804
M04_DY_TO_L:G808-E0078	M04_DY_TO_L	CORE13	DY	L	G808-E0078	ch	ol	0	f8v	f8v	G808-P0028	f8v.1	1	6	H	A	1	2	EXACT	0.152630646094	22	-0.222505780532	1	0.0754583652943	72	0	0	0.109185715953	95	0.107674451768	95	0.0879050290262	68	-0.136147571928	4	-0.322286721756	6	0	0	0.00558323085653	0.00558323085653	0.0180298945884	-0.3167034909	0.00558323085653
M04_DY_TO_L:G808-E0085	M04_DY_TO_L	CORE13	DY	L	G808-E0085	ch	ol	0	f8v	f8v	G808-P0028	f8v.9	9	4	H	A	1	2	EXACT	0.152630646094	22	0	0	0.0865488657452	72	0	0	0.121052591798	94	0.119541327613	94	0.0785644766899	68	0.222270825905	4	0.161090857249	6	0	0	0.239179511839	0.239179511839	0.231195122784	0.400270369089	0.239179511839
M04_DY_TO_L:G808-E0089	M04_DY_TO_L	CORE13	DY	L	G808-E0089	ch	ol	0	f8v	f8v	G808-P0029	f8v.15	15	2	H	A	1	3	EXACT	0.107634677677	18	0.303201401916	1	0.0836467022745	72	0	0	0.112789543676	91	0.111278279492	91	0.0822221305923	68	0.10785176709	4	0.0723911440542	6	0.0664729708354	1	0.494482781867	0.494482781867	0.493058210185	0.566873925921	0.560955752702
M04_DY_TO_L:G808-E1386	M04_DY_TO_L	CORE13	DY	L	G808-E1386	ch	ol	0	f90r1	f90r	G808-P0345	f90r1.6	6	6	H	A	1	2	EXACT	0.199521626773	25	0	0	0.0852352815263	71	0	0	0.131689051844	96	0.130177787659	96	0.0984516711747	67	-0.136147571928	4	-0.108936426127	6	0	0	0.284756908299	0.284756908299	0.297973297947	0.175820482172	0.284756908299
M04_DY_TO_L:G808-E1389	M04_DY_TO_L	CORE13	DY	L	G808-E1389	ch	ol	0	f93r	f93r	G808-P0346	f93r.2	2	3	H	A	1	3	EXACT	0.20108867763	43	-0.118998563034	1	0.0942492633215	71	0	0	0.138720788306	115	0.137209524121	115	0.0894308046484	67	0.174950119252	4	0.302086518563	6	0	0	0.176339377917	0.176339377917	0.171520919244	0.47842589648	0.176339377917
M04_DY_TO_L:G808-E1392	M04_DY_TO_L	CORE13	DY	L	G808-E1392	ch	ol	0	f93r	f93r	G808-P0346	f93r.6	6	6	H	A	1	2	EXACT	0.20108867763	43	-0.182546344307	1	0.0801157833269	72	0	0	0.129360675148	116	0.127849410963	116	0.0842515639691	68	0.00979485862794	4	0.284722272087	6	0	0	0.0986581166496	0.0986581166496	0.102793897292	0.383380388736	0.0986581166496
M04_DY_TO_L:G808-E1396	M04_DY_TO_L	CORE13	DY	L	G808-E1396	ch	eol	1	f93r	f93r	G808-P0346	f93r.10	10	4	H	A	1	2	EXACT	0.20108867763	43	0	0	0.085319732782	72	0.252417546276	1	0.135203024545	115	0.134986435027	116	0.0738378529151	68	0.280499036738	4	-0.018875241836	6	0.263012046104	1	0.286408410412	0.538825956688	0.274926530545	0.267533168576	0.549420456516
M04_DY_TO_L:G808-E1405	M04_DY_TO_L	CORE13	DY	L	G808-E1405	ch	ol	0	f93r	f93r	G808-P0346	f93r.31	31	2	H	A	1	1	EXACT	0.20108867763	43	0	0	0.0461460662135	72	0.0343859422961	1	0.110676902868	115	0.10879216264	116	0.048849483769	68	0.000175313989588	4	0.0916587226351	6	0.044980442124	1	0.247234743843	0.281620686139	0.249938161399	0.338893466478	0.292215185967
M04_DY_TO_L:G808-E1418	M04_DY_TO_L	CORE13	DY	L	G808-E1418	ch	ol	0	f94r	f94r	G808-P0348	f94r.4	4	9	H	B	3	3	EXACT	-0.218783412364	28	-0.0879398280206	2	-0.0121400707647	72	0	0	-0.0555942614099	102	-0.0570692509831	102	-0.00996420203874	68	-0.0491429116411	4	0.18320982193	6	0	0	-0.318863311149	-0.318863311149	-0.316687442423	-0.135653489219	-0.318863311149
M04_DY_TO_L:G808-E1427	M04_DY_TO_L	CORE13	DY	L	G808-E1427	ch	ol	0	f95r1	f95r	G808-P0353	f95r1.9	9	3	H	B	3	3	EXACT	-0.154371222425	24	0.320100142668	2	-0.00334378707864	72	-0.378334260378	1	-0.016170023033	98	-0.0210065043664	99	-0.0138324082616	68	0.174950119252	4	0.220796685293	6	-0.38410190265	1	0.162385133165	-0.215949127213	0.151896511982	0.383181818458	-0.221716769485
M04_DY_TO_L:G808-E1430	M04_DY_TO_L	CORE13	DY	L	G808-E1430	ch	ol	0	f95r2	f95r	G808-P0354	f95r2.2	2	4	H	B	3	3	EXACT	0.0455502224359	16	-0.237659394203	2	-0.0117192251093	72	-0.132495541767	1	0.0169252898642	90	0.0141343213717	91	-0.0224099701989	68	0.170010787633	4	0.302086518563	6	-0.121901041939	1	-0.203828396877	-0.336323938644	-0.214519141966	0.0982581216863	-0.325729438816
M04_DY_TO_L:G808-E1447	M04_DY_TO_L	CORE13	DY	L	G808-E1447	ch	ol	0	f96r	f96r	G808-P0361	f96r.8	8	5	H	A	1	2	EXACT	0.412593030872	24	0	0	0.0767709578463	72	0	0	0.178344778877	96	0.176833514693	96	0.0807099840485	68	0.00979485862794	4	0.0727211412852	6	-0.257432435231	1	0.489363988719	0.489363988719	0.493303014921	0.562085130004	0.231931553488
M04_DY_TO_L:G808-E1449	M04_DY_TO_L	CORE13	DY	L	G808-E1449	ch	eol	1	f96r	f96r	G808-P0361	f96r.12	12	2	H	A	1	3	EXACT	0.412593030872	24	-0.206538303113	1	0.0625962335377	72	0.108532142569	1	0.164007232148	97	0.162266301127	98	0.0599333989887	68	0.10785176709	4	0.251613575685	6	0.109261618177	1	0.268650961298	0.377183103866	0.265988126749	0.520264536982	0.377912579475
M04_DY_TO_L:G808-E1454	M04_DY_TO_L	CORE13	DY	L	G808-E1454	ch	ol	0	f99r	f99r	G808-P0363	f99r.18	18	2	P	A	1	3	EXACT	0.31896900158	12	0.630524897169	1	0.0913088282101	72	-0.00682142258241	1	0.156112473923	85	0.153168678498	86	0.0910368484083	68	0.0959204195173	4	-0.0630794855539	6	0.00305070796031	1	1.04080272696	1.03398130438	1.04053074716	0.977723241405	1.04385343492
M04_DY_TO_L:G808-E1472	M04_DY_TO_L	CORE13	DY	L	G808-E1472	ch	ol	0	f99r	f99r	G808-P0366	f99r.48	48	4	P	A	1	2	EXACT	0.0303650352592	16	-0.0412333658397	1	0.102648389118	72	0	0	0.111062852501	89	0.109657222854	89	0.0984968220962	68	0.173212963168	4	-0.140968379554	6	0	0	0.0917800585376	0.0917800585376	0.0876284915156	-0.0491883210162	0.0917800585376
M04_DY_TO_L:G808-E1479	M04_DY_TO_L	CORE13	DY	L	G808-E1479	ch	ol	0	f99v	f99v	G808-P0368	f99v.23	23	2	P	A	1	2	EXACT	-0.0754843708553	15	0	0	0.130552628886	71	-0.0596657049491	1	0.118957493979	86	0.115772029112	87	0.131907407093	67	0.10785176709	4	-0.0708070331137	6	-0.105581684012	1	0.0550682580311	-0.00459744691797	0.0564230362372	-0.0157387750826	-0.050513425981
M04_DY_TO_L:G808-E1487	M04_DY_TO_L	CORE13	DY	L	G808-E1487	ch	eol	1	f99v	f99v	G808-P0369	f99v.35	35	4	P	A	1	2	EXACT	0.105697098689	15	0.0496611914705	1	0.099356875875	72	0.244659056403	1	0.124281409862	88	0.124493127545	89	0.0921258991803	68	0.222270825905	4	0.246612262334	6	0.255253556231	1	0.254715166035	0.499374222438	0.24748418934	0.501327428369	0.509968722266
M04_DY_TO_L:G808-E0090	M04_DY_TO_L	CORE13	DY	L	G808-E0090	ch	ol	0	f9r	f9r	G808-P0030	f9r.2	2	2	H	A	1	3	EXACT	0.181691239926	19	0.292842012818	2	0.0924912680534	72	0	0	0.136166380503	93	0.134655116318	93	0.0915869649465	68	0.10785176709	4	0.303156537634	6	0	0	0.567024520797	0.567024520797	0.56612021769	0.870181058432	0.567024520797
M04_DY_TO_L:G808-E0094	M04_DY_TO_L	CORE13	DY	L	G808-E0094	ch	ol	0	f9r	f9r	G808-P0031	f9r.7	7	2	H	A	1	3	EXACT	0.0950417636356	15	0.0112142373538	1	0.0807355920493	72	0	0	0.106792666506	88	0.105281402321	88	0.0791397785891	68	0.10785176709	4	-0.1675722351	6	0	0	0.186991593039	0.186991593039	0.185395779579	0.0194193579389	0.186991593039
M04_DY_TO_L:G808-E0098	M04_DY_TO_L	CORE13	DY	L	G808-E0098	ch	ol	0	f9v	f9v	G808-P0032	f9v.2	2	5	H	A	1	3	EXACT	0.41885684796	12	-0.127554879496	3	0.0513602872465	72	0	0	0.122600493945	87	0.121089229761	87	0.0603038768902	68	-0.100693390478	4	0.0786336276048	6	0	0	0.34266225571	0.34266225571	0.351605845354	0.421295883315	0.34266225571
M04_DY_TO_L:G808-E0103	M04_DY_TO_L	CORE13	DY	L	G808-E0103	ch	ol	0	f9v	f9v	G808-P0033	f9v.10	10	3	H	A	1	2	EXACT	0.1635777259	20	0	0	0.0845129575176	72	0	0	0.122219919081	92	0.120708654897	92	0.0855262891403	68	0.0672736661509	4	-0.00151099535961	6	0	0	0.248090683418	0.248090683418	0.24910401504	0.246579688058	0.248090683418
M04_DY_TO_L:G808-E1502	M04_DY_TO_L	CORE13	DY	L	G808-E1502	cth	eol	1	f100r	f100r	G808-P0372	f100r.25	25	5	P	A	1	2	EXACT	0.203299957648	16	0	0	0.0859531256379	72	0.0731435215877	1	0.133685297521	88	0.131135306769	89	0.0965097512975	68	-0.0935229886627	4	-0.0027829293587	6	0.0701168909068	1	0.289253083286	0.362396604874	0.299809708945	0.286470153927	0.359369974193
M04_DY_TO_L:G808-E2068	M04_DY_TO_L	CORE13	DY	L	G808-E2068	cth	ol	0	f113v	f113v	G808-P0596	f113v.14	14	6	S	B	3	3	EXACT	-0.0978335430393	23	0.0353286636669	6	0.00987580937932	72	0	0	0.00649094942623	101	0.00434127288164	101	0.0157673597196	68	-0.0902932615803	4	0.0868440799602	6	0	0	-0.052629069993	-0.052629069993	-0.0467375196527	0.0342150099672	-0.052629069993
M04_DY_TO_L:G808-E2074	M04_DY_TO_L	CORE13	DY	L	G808-E2074	cth	ol	0	f113v	f113v	G808-P0599	f113v.25	25	7	S	B	3	3	EXACT	0.00822449014706	10	0	0	0.00156003238412	72	0.087151592479	1	0.0332470549628	82	0.0321696296642	83	0.00432203367931	68	-0.0454067048084	4	0.116165320617	6	0.0830537593092	1	0.00978452253118	0.0969361150102	0.0125465238264	0.125949843148	0.0928382818404
M04_DY_TO_L:G808-E0168	M04_DY_TO_L	CORE13	DY	L	G808-E0168	cth	eol	1	f17v	f17v	G808-P0058	f17v.11	11	3	H	A	1	1	EXACT	0.113491048129	58	0	0	0.0610316938829	72	0	0	0.0840788118565	130	0.0817899934008	130	0.0591893649245	68	0.092337808087	4	0.0249572785052	6	0	0	0.174522742012	0.174522742012	0.172680413053	0.199480020517	0.174522742012
M04_DY_TO_L:G808-E0170	M04_DY_TO_L	CORE13	DY	L	G808-E0170	cth	ol	0	f17v	f17v	G808-P0058	f17v.13	13	4	H	A	1	1	EXACT	0.113491048129	58	0	0	0.0728700898746	72	0	0	0.0906354619442	130	0.0883466434885	130	0.0680495012121	68	0.15480661905	4	-0.331534444717	6	0	0	0.186361138004	0.186361138004	0.181540549341	-0.145173306714	0.186361138004
M04_DY_TO_L:G808-E0177	M04_DY_TO_L	CORE13	DY	L	G808-E0177	cth	ol	0	f17v	f17v	G808-P0058	f17v.16	16	4	H	A	1	1	EXACT	0.113491048129	58	0	0	0.0613174425328	72	0	0	0.0842370726472	130	0.0819482541915	130	0.0572604572278	68	0.13027271463	4	-0.324894484319	6	0	0	0.174808490662	0.174808490662	0.170751505357	-0.150085993657	0.174808490662
M04_DY_TO_L:G808-E0181	M04_DY_TO_L	CORE13	DY	L	G808-E0181	cth	ol	0	f18r	f18r	G808-P0060	f18r.5	5	4	H	A	1	2	EXACT	0.0861396717467	18	0	0	0.0694560799459	72	0	0	0.0973489459576	90	0.0950601275018	90	0.0644346671698	68	0.15480661905	4	0.257473881229	6	0	0	0.155595751693	0.155595751693	0.150574338917	0.413069632922	0.155595751693
M04_DY_TO_L:G808-E0185	M04_DY_TO_L	CORE13	DY	L	G808-E0185	cth	ol	0	f18r	f18r	G808-P0060	f18r.12	12	2	H	A	1	2	EXACT	0.0861396717467	18	0	0	0.0558943911858	72	-0.153472804681	2	0.0864995949495	90	0.0798047991445	92	0.059552571557	68	-0.00630815321389	4	0.271285792329	6	-0.148347518376	2	0.142034062933	-0.0114387417488	0.145692243304	0.413319855261	-0.00631345544358
M04_DY_TO_L:G808-E0196	M04_DY_TO_L	CORE13	DY	L	G808-E0196	cth	ol	0	f19v	f19v	G808-P0063	f19v.6	6	3	H	A	1	2	EXACT	-0.00511780424515	14	0	0	0.0712449644988	72	0.261677736829	1	0.0871360293367	86	0.0872821436287	87	0.0717553805024	68	0.062554414348	4	0.257473881229	6	0.391390179222	1	0.0661271602536	0.327804897082	0.0666375762573	0.323601041483	0.457517339475
M04_DY_TO_L:G808-E0199	M04_DY_TO_L	CORE13	DY	L	G808-E0199	cth	ol	0	f19v	f19v	G808-P0064	f19v.14	14	3	H	A	1	1	EXACT	0.193361264467	16	0	0	0.0568655926569	72	0	0	0.108079371777	88	0.105790553321	88	0.0566354385728	68	0.0607647339979	4	-0.041219899411	6	0	0	0.250226857124	0.250226857124	0.24999670304	0.209006957713	0.250226857124
M04_DY_TO_L:G808-E0226	M04_DY_TO_L	CORE13	DY	L	G808-E0226	cth	ol	0	f22r	f22r	G808-P0074	f22r.3	3	6	H	A	1	3	EXACT	-0.0566106071279	12	0	0	0.0953336697945	72	0.11584909665	2	0.103967092894	84	0.102821982468	86	0.108695740088	68	-0.131835003289	4	0.11859483311	6	0.0639861673276	2	0.0387230626665	0.154572159317	0.0520851329604	0.157317895776	0.102709229994
M04_DY_TO_L:G808-E0251	M04_DY_TO_L	CORE13	DY	L	G808-E0251	cth	ol	0	f24r	f24r	G808-P0085	f24r.7	7	6	H	A	1	2	EXACT	-0.0070919746899	43	0	0	0.0228721967861	70	0	0	0.0177539653998	113	0.0154651469441	113	0.0301546394896	66	-0.0972921431766	4	0.114230509122	6	0.170687335863	1	0.0157802220962	0.0157802220962	0.0230626647997	0.130010731219	0.186467557959
M04_DY_TO_L:G808-E0291	M04_DY_TO_L	CORE13	DY	L	G808-E0291	cth	ol	0	f28r	f28r	G808-P0095	f28r.4	4	5	H	A	1	2	EXACT	0.0733450596773	21	-0.161451647563	1	0.0396474354313	72	0	0	0.06703383644	94	0.0647450179843	94	0.0497338448802	68	-0.131835003289	4	-0.0869098226233	6	0	0	-0.0484591524546	-0.0484591524546	-0.0383727430057	-0.135368975078	-0.0484591524546
M04_DY_TO_L:G808-E0304	M04_DY_TO_L	CORE13	DY	L	G808-E0304	cth	ol	0	f28v	f28v	G808-P0098	f28v.8	8	9	H	A	1	3	EXACT	-0.0685605554687	10	-0.114032600159	2	0.0268305213243	72	0.0731435215877	1	0.044445410755	84	0.0429330105627	85	0.0439737861164	68	-0.26461845823	4	0.148318432467	6	0.0701168909068	1	-0.155762634304	-0.0826191127159	-0.138619369512	-0.00744420183696	-0.0856457433969
M04_DY_TO_L:G808-E0312	M04_DY_TO_L	CORE13	DY	L	G808-E0312	cth	ol	0	f30v	f30v	G808-P0106	f30v.3	3	3	H	A	1	3	EXACT	0.0747544516473	21	0.00976467943794	1	0.07982904957	72	0.0731435215877	1	0.0999475574651	94	0.0977691959113	95	0.0788707324453	68	0.0961069626009	4	0.109284475485	6	0.25660030802	2	0.164348180655	0.237491702243	0.163389863531	0.273632656141	0.420948488675
M04_DY_TO_L:G808-E0324	M04_DY_TO_L	CORE13	DY	L	G808-E0324	cth	ol	0	f32r	f32r	G808-P0110	f32r.3	3	3	H	A	1	2	EXACT	0.166039319401	14	-0.132457905468	1	0.072146517259	72	0	0	0.113210486375	87	0.110921667919	87	0.0707362864689	68	0.0961069626009	4	-0.168709669313	6	0	0	0.105727931192	0.105727931192	0.104317700402	-0.0629817381205	0.105727931192
M04_DY_TO_L:G808-E0335	M04_DY_TO_L	CORE13	DY	L	G808-E0335	cth	ol	0	f32v	f32v	G808-P0113	f32v.10	10	8	H	A	1	3	EXACT	-0.173433247182	14	-2.00682257434e-05	1	0.0392234241268	72	0.693190812407	1	0.0328582932668	87	0.0384970880009	88	0.0458097879382	68	-0.0727582387572	4	0.00603012155856	6	0.236415379104	2	-0.134229891281	0.558960921126	-0.127643527469	-0.128199769722	0.102185487824
M04_DY_TO_L:G808-E0354	M04_DY_TO_L	CORE13	DY	L	G808-E0354	cth	ol	0	f35r	f35r	G808-P0122	f35r.14	14	1	H	A	1	2	EXACT	-0.013678139285	23	0.29519250869	2	0.0679347158962	72	0.053990998927	1	0.0737009244275	97	0.0715915704213	98	0.0644506813371	68	0.127149825312	4	-0.0540562868654	6	0.188953547317	1	0.349449085301	0.403440084228	0.345965050742	0.295392798436	0.538402632618
M04_DY_TO_L:G808-E0366	M04_DY_TO_L	CORE13	DY	L	G808-E0366	cth	ol	0	f36r	f36r	G808-P0125	f36r.7	7	2	H	A	1	2	EXACT	-0.242023167559	12	0	0	0.0404646696589	72	0	0	0.0304490127157	84	0.02816019426	84	0.0377664362471	68	0.0863211595713	4	-0.224630705911	6	-0.0799122041245	1	-0.2015584979	-0.2015584979	-0.204256731312	-0.426189203812	-0.281470702025
M04_DY_TO_L:G808-E0368	M04_DY_TO_L	CORE13	DY	L	G808-E0368	cth	ol	0	f36r	f36r	G808-P0125	f36r.8	8	2	H	A	1	2	EXACT	-0.242023167559	12	0	0	0.0534827245015	72	0	0	0.0416073454379	84	0.0393185269822	84	0.0590424834528	68	-0.0410466557601	4	0.271285792329	6	0	0	-0.188540443058	-0.188540443058	-0.182980684107	0.0827453492707	-0.188540443058
M04_DY_TO_L:G808-E0372	M04_DY_TO_L	CORE13	DY	L	G808-E0372	cth	ol	0	f36v	f36v	G808-P0127	f36v.13	13	3	H	A	1	2	EXACT	-0.0575473077679	18	0	0	0.0423306540226	72	0	0	0.046911209316	90	0.0446223908603	90	0.0393882638959	68	0.092337808087	4	0.194710711882	6	0	0	-0.0152166537454	-0.0152166537454	-0.018159043872	0.179494058136	-0.0152166537454
M04_DY_TO_L:G808-E0379	M04_DY_TO_L	CORE13	DY	L	G808-E0379	cth	ol	0	f37v	f37v	G808-P0132	f37v.11	11	3	H	A	1	2	EXACT	0.0865597243235	11	0	0	0.0876430653549	72	-0.28634874961	1	0.118884467457	83	0.112215461198	84	0.0873661111889	68	0.092337808087	4	0.204105970491	6	-0.281223463305	1	0.174202789678	-0.112145959931	0.173925835512	0.378308760169	-0.107020673626
M04_DY_TO_L:G808-E0014	M04_DY_TO_L	CORE13	DY	L	G808-E0014	cth	ol	0	f3r	f3r	G808-P0005	f3r.1	1	4	H	A	1	2	EXACT	0.158176818543	12	0	0	0.0865404907223	72	0	0	0.125459572006	84	0.123245437848	84	0.0835681594298	68	0.137056809963	4	-0.169054728507	6	0	0	0.244717309265	0.244717309265	0.241744977973	0.0756625807581	0.244717309265
M04_DY_TO_L:G808-E0017	M04_DY_TO_L	CORE13	DY	L	G808-E0017	cth	ol	0	f3r	f3r	G808-P0005	f3r.5	5	5	H	A	1	2	EXACT	0.158176818543	12	0	0	0.0520584870175	72	0	0	0.0959035688309	84	0.0936894346726	84	0.0714058451494	68	-0.276859913956	4	0.0538143494227	6	0.169369032408	1	0.21023530556	0.21023530556	0.229582663692	0.264049654983	0.379604337968
M04_DY_TO_L:G808-E0417	M04_DY_TO_L	CORE13	DY	L	G808-E0417	cth	ol	0	f42r	f42r	G808-P0149	f42r.8	8	3	H	A	1	2	EXACT	0.119714766822	21	0.158526664293	2	0.0800875070523	72	0	0	0.112548366059	95	0.110259547604	95	0.0791443933089	68	0.0961069626009	4	-0.207811552773	6	0	0	0.358328938167	0.358328938167	0.357385824424	0.150517385394	0.358328938167
M04_DY_TO_L:G808-E0421	M04_DY_TO_L	CORE13	DY	L	G808-E0421	cth	ol	0	f42r	f42r	G808-P0149	f42r.10	10	6	H	A	1	2	EXACT	0.119714766822	21	-0.0487421189846	1	0.0677178099099	72	0	0	0.100092776239	94	0.0978039577829	94	0.0794554178576	68	-0.131835003289	4	-0.443471240425	6	0	0	0.138690457747	0.138690457747	0.150428065695	-0.304780782678	0.138690457747
M04_DY_TO_L:G808-E0457	M04_DY_TO_L	CORE13	DY	L	G808-E0457	cth	ol	0	f44v	f44v	G808-P0162	f44v.1	1	3	H	A	1	2	EXACT	0.091118741168	7	0	0	0.0820571965821	72	0	0	0.118690626807	79	0.116401808352	79	0.0757114018065	68	0.189922229679	4	-0.163369052046	6	-0.0393254259173	1	0.17317593775	0.17317593775	0.166830142974	0.00980688570447	0.133850511833
M04_DY_TO_L:G808-E0469	M04_DY_TO_L	CORE13	DY	L	G808-E0469	cth	ol	0	f44v	f44v	G808-P0163	f44v.7	7	3	H	A	1	2	EXACT	0.195153222206	14	0	0	0.0698149349958	72	-0.131562672125	1	0.118541055454	86	0.113806187734	87	0.0737163354129	68	0.00347764981575	4	0.0646048888637	6	-0.176834917992	1	0.264968157202	0.133405485076	0.268869557619	0.329573046065	0.0881332392097
M04_DY_TO_L:G808-E0473	M04_DY_TO_L	CORE13	DY	L	G808-E0473	cth	ol	0	f44v	f44v	G808-P0164	f44v.12	12	6	H	A	1	2	EXACT	-0.0403418676856	15	0	0	0.0821809647329	72	-0.0462353253691	1	0.0884045692126	87	0.085009586518	88	0.102580137961	68	-0.26461845823	4	0.0626918923549	6	-0.0411100390639	1	0.0418390970473	-0.00439622832186	0.0622382702752	0.104530989402	0.000729057983345
M04_DY_TO_L:G808-E0550	M04_DY_TO_L	CORE13	DY	L	G808-E0550	cth	ol	0	f49v	f49v	G808-P0186	f49v.22	22	2	H	A	1	1	EXACT	-0.00562143880575	24	0	0	0.0536436320257	72	-0.28634874961	1	0.0583228613375	96	0.0528652370118	97	0.0592128561255	68	-0.0410466557601	4	-0.00862211613626	6	-0.281223463305	1	0.04802219322	-0.23832655639	0.0535914173198	0.0394000770837	-0.233201270085
M04_DY_TO_L:G808-E0031	M04_DY_TO_L	CORE13	DY	L	G808-E0031	cth	ol	0	f4r	f4r	G808-P0011	f4r.2	2	4	H	A	1	2	EXACT	-0.0130386123112	12	-0.0427370440489	1	0.0826864536221	72	0	0	0.0979967447033	85	0.0957079262476	85	0.079664753998	68	0.134041869144	4	-0.206986024062	6	0	0	0.026910797262	0.026910797262	0.0238890976379	-0.1800752268	0.026910797262
M04_DY_TO_L:G808-E0034	M04_DY_TO_L	CORE13	DY	L	G808-E0034	cth	ol	0	f4r	f4r	G808-P0012	f4r.7	7	2	H	A	1	2	EXACT	0.165476876532	15	0	0	0.0735301710666	72	-0.130608657568	2	0.116731282078	87	0.109722407486	89	0.0802691915807	68	-0.0410466557601	4	0.271285792329	6	-0.125483371263	2	0.239007047599	0.108398390031	0.245746068113	0.510292839928	0.113523676336
M04_DY_TO_L:G808-E0035	M04_DY_TO_L	CORE13	DY	L	G808-E0035	cth	ol	0	f4v	f4v	G808-P0014	f4v.8	8	3	H	A	1	2	EXACT	0.117416533935	20	0	0	0.114672053791	71	0	0	0.137829368257	91	0.135540549801	91	0.121310002881	67	0.00347764981575	4	0.274779849631	6	0	0	0.232088587726	0.232088587726	0.238726536816	0.506868437357	0.232088587726
M04_DY_TO_L:G808-E0595	M04_DY_TO_L	CORE13	DY	L	G808-E0595	cth	eol	1	f52v	f52v	G808-P0194	f52v.4	4	3	H	A	1	2	EXACT	0.118578661987	14	0	0	0.0574441290424	72	0	0	0.0957184755505	86	0.0934296570948	86	0.0551690518867	68	0.0961069626009	4	0.0472989204624	6	0	0	0.176022791029	0.176022791029	0.173747713874	0.223321711492	0.176022791029
M04_DY_TO_L:G808-E0607	M04_DY_TO_L	CORE13	DY	L	G808-E0607	cth	ol	0	f53v	f53v	G808-P0197	f53v.3	3	5	H	A	1	2	EXACT	0.121115270848	25	0	0	0.0661698526644	72	-0.0904197144967	1	0.0991158166992	97	0.0952391231571	98	0.0747365115474	68	-0.079476738122	4	0.0637087003088	6	-0.0852500166234	1	0.187285123512	0.0968654090155	0.195851782395	0.250993823821	0.102035106889
M04_DY_TO_L:G808-E0619	M04_DY_TO_L	CORE13	DY	L	G808-E0619	cth	ol	0	f54v	f54v	G808-P0198	f54v.12	12	3	H	A	1	1	EXACT	0.0956857736791	46	0	0	0.0576345654418	72	0	0	0.077791775197	118	0.0754720716357	118	0.0554819029894	68	0.0942164373578	4	-0.257018592262	6	0.173320354266	1	0.153320339121	0.153320339121	0.151167676669	-0.103698253141	0.326640693387
M04_DY_TO_L:G808-E0628	M04_DY_TO_L	CORE13	DY	L	G808-E0628	cth	ol	0	f56r	f56r	G808-P0204	f56r.11	11	4	H	A	1	2	EXACT	0.196502912944	22	0	0	0.0571725455036	72	0.0731435215877	1	0.110892378722	94	0.108598808523	95	0.051428571878	68	0.15480661905	4	0.128517886766	6	0.0701168909068	1	0.253675458448	0.326818980036	0.247931484822	0.382193345214	0.323792349355
M04_DY_TO_L:G808-E0056	M04_DY_TO_L	CORE13	DY	L	G808-E0056	cth	ol	0	f6v	f6v	G808-P0020	f6v.7	7	4	H	A	1	1	EXACT	-0.0222723258716	25	0	0	0.0696316349195	72	0.0731435215877	1	0.0646579692665	97	0.0628363242177	98	0.0660637197549	68	0.13027271463	4	-0.149672991971	6	0.0701168909068	1	0.047359309048	0.120502830636	0.0437913938833	-0.102313682923	0.117476199955
M04_DY_TO_L:G808-E0058	M04_DY_TO_L	CORE13	DY	L	G808-E0058	cth	ol	0	f6v	f6v	G808-P0020	f6v.14	14	3	H	A	1	1	EXACT	-0.0222723258716	25	0	0	0.0547387338403	72	0.140679118728	1	0.053603444754	97	0.0525837397221	98	0.0525262307617	68	0.092337808087	4	-0.0851971965833	6	0.145804405033	1	0.0324664079687	0.173145526696	0.0302539048902	-0.0527307886145	0.178270813001
M04_DY_TO_L:G808-E0061	M04_DY_TO_L	CORE13	DY	L	G808-E0061	cth	ol	0	f7r	f7r	G808-P0022	f7r.7	7	2	H	A	1	2	EXACT	0.0077965428507	17	-0.0488173287935	1	0.0726268818276	72	0	0	0.084450076694	90	0.0821556980951	90	0.0717457718144	68	0.0875924393216	4	-0.153878443379	6	0	0	0.0316060958848	0.0316060958848	0.0307249858716	-0.122272347494	0.0316060958848
M04_DY_TO_L:G808-E0067	M04_DY_TO_L	CORE13	DY	L	G808-E0067	cth	ol	0	f7v	f7v	G808-P0023	f7v.2	2	7	H	A	1	3	EXACT	-0.0488429959417	16	-0.18878455226	1	0.0738337382672	72	0.0731435215877	1	0.0752314454927	89	0.0733338438998	90	0.0824560029105	68	-0.0727582387572	4	0.274779849631	6	0.0701168909068	1	-0.163793809934	-0.0906502883468	-0.155171545291	0.110986039696	-0.0936769190277
M04_DY_TO_L:G808-E1103	M04_DY_TO_L	CORE13	DY	L	G808-E1103	cth	ol	0	f82r	f82r	G808-P0283	f82r.5	5	5	B	B	2	2	EXACT	-0.273773186253	39	0.40269277827	1	-0.0958288250038	72	0.0174641010637	2	-0.144069514186	112	-0.142864624468	114	-0.0936705816997	68	-0.132532739	4	-0.0828667111478	6	-0.0222802848707	3	0.033090767013	0.0505548680767	0.035249010317	-0.0497759441348	0.0108104821423
M04_DY_TO_L:G808-E1328	M04_DY_TO_L	CORE13	DY	L	G808-E1328	cth	eol	1	f88r	f88r	G808-P0334	f88r.7	7	2	P	A	1	3	EXACT	-0.000184525211809	17	0.32299962955	1	0.104227279566	72	0.0818814670243	1	0.112170714555	90	0.110027230589	91	0.105139672994	68	0.088704091305	4	0.211472025308	6	0.0867350796818	1	0.427042383904	0.508923850928	0.427954777332	0.638514409212	0.513777463586
M04_DY_TO_L:G808-E1341	M04_DY_TO_L	CORE13	DY	L	G808-E1341	cth	ol	0	f88r	f88r	G808-P0336	f88r.26	26	4	P	A	1	2	EXACT	0.134103430056	17	0	0	0.108761753388	72	0.262599319827	1	0.138835208787	89	0.138404113798	90	0.11237207866	68	0.047373723772	4	0.121725666377	6	0.392040088572	1	0.242865183444	0.505464503271	0.246475508716	0.364590849821	0.634905272016
M04_DY_TO_L:G808-E1371	M04_DY_TO_L	CORE13	DY	L	G808-E1371	cth	ol	0	f89v1	f89v	G808-P0343	f89v1.6	6	10	P	A	1	3	EXACT	0.12337109815	30	-0.0738895300924	3	0.0840327593715	72	-0.0170743796745	1	0.106083398481	105	0.102942600134	106	0.104644453426	68	-0.266378539541	4	-0.054179592516	6	-0.0119058627768	1	0.133514327429	0.116439947754	0.154126021483	0.0793347349127	0.121608464652
M04_DY_TO_L:G808-E1378	M04_DY_TO_L	CORE13	DY	L	G808-E1378	cth	ol	0	f89v1	f89v	G808-P0344	f89v1.15	15	3	P	A	1	3	EXACT	0.0380012778007	35	0	0	0.13264810072	72	0.0724658455808	1	0.113301943334	107	0.110938251341	108	0.129012355511	68	0.194443269287	4	0.0533191646347	6	-0.106187731613	2	0.170649378521	0.243115224102	0.167013633312	0.223968543155	0.0644616469075
M04_DY_TO_L:G808-E0082	M04_DY_TO_L	CORE13	DY	L	G808-E0082	cth	ol	0	f8v	f8v	G808-P0028	f8v.5	5	6	H	A	1	2	EXACT	0.0771625842363	27	0.0135624234096	1	0.0717466013776	72	-0.0823125416594	1	0.0899199259087	100	0.0862951170965	101	0.0816892641109	68	-0.0972921431766	4	-0.0227975247406	6	-0.0846348951416	1	0.162471609023	0.0801590673641	0.172414271757	0.139674084283	0.0778367138819
M04_DY_TO_L:G808-E1401	M04_DY_TO_L	CORE13	DY	L	G808-E1401	cth	ol	0	f93r	f93r	G808-P0346	f93r.20	20	2	H	A	1	1	EXACT	0.114100290075	47	0	0	0.0417225554619	72	0	0	0.0751325823877	119	0.0728437639319	119	0.048033710612	68	-0.0655805601794	4	0.208522622981	6	0	0	0.155822845537	0.155822845537	0.162134000687	0.364345468518	0.155822845537
M04_DY_TO_L:G808-E1404	M04_DY_TO_L	CORE13	DY	L	G808-E1404	cth	ol	0	f93r	f93r	G808-P0346	f93r.30	30	3	H	A	1	1	EXACT	0.114100290075	47	0	0	0.0537316052773	72	0	0	0.0823985621079	119	0.0801097436522	119	0.0533170989944	68	0.0607647339979	4	0.148318432467	6	0	0	0.167831895352	0.167831895352	0.16741738907	0.316150327819	0.167831895352
M04_DY_TO_L:G808-E1406	M04_DY_TO_L	CORE13	DY	L	G808-E1406	cth	ol	0	f93r	f93r	G808-P0346	f93r.31	31	3	H	A	1	1	EXACT	0.114100290075	47	0	0	0.0394737014364	72	-0.0709607419652	1	0.0737719312126	119	0.0705878191601	120	0.0363632552753	68	0.092337808087	4	-0.0851971965833	6	-0.0765304684788	1	0.153573991512	0.0826132495464	0.15046354535	0.0683767949283	0.0770435230328
M04_DY_TO_L:G808-E1414	M04_DY_TO_L	CORE13	DY	L	G808-E1414	cth	ol	0	f93v	f93v	G808-P0347	f93v.9	9	6	H	A	1	3	EXACT	0.208787435019	32	0.0966747028576	1	0.0641611213509	71	0.146317310356	1	0.122458916065	104	0.120752534142	105	0.0703317515081	67	-0.0392056905042	4	0.17699367847	6	0.151442596661	1	0.369623259228	0.515940569584	0.375793889385	0.546616937698	0.521065855889
M04_DY_TO_L:G808-E1460	M04_DY_TO_L	CORE13	DY	L	G808-E1460	cth	eol	1	f99r	f99r	G808-P0364	f99r.29	29	5	P	A	1	2	EXACT	-0.119602119063	7	-0.0525471614066	1	0.0848899183749	72	-0.175252742532	1	0.099978560437	80	0.0948869115033	81	0.094832186374	68	-0.0841416638403	4	-0.405045223697	6	-0.195920428278	1	-0.0872593620945	-0.262512104627	-0.0773170940954	-0.492304585792	-0.283179790372
M04_DY_TO_L:G808-E1478	M04_DY_TO_L	CORE13	DY	L	G808-E1478	cth	eol	1	f99v	f99v	G808-P0368	f99v.22	22	9	P	A	1	3	EXACT	-0.0219264868931	9	-0.0629620412046	4	0.107933968049	72	0	0	0.119384487917	85	0.117095669461	85	0.122037232357	68	-0.131835003289	4	-0.382229589283	6	-0.0799122041245	1	0.0230454399509	0.0230454399509	0.0371487042597	-0.359184149332	-0.0568667641736
M04_DY_TO_L:G808-E1674	M04_DY_TO_L	CORE13	DY	L	G808-E1674	k	ol	0	f105r	f105r	G808-P0442	f105r.17	17	6	S	B	3	3	EXACT	0.0736804729778	32	-0.0111745469231	1	-0.0198960959702	70	0	0	0.0234811930049	103	0.0212180625337	103	-0.0149491698648	66	-0.101527764696	4	-0.498161074831	6	0.219094973372	1	0.0426098300845	0.0426098300845	0.0475567561899	-0.455551244747	0.261704803456
M04_DY_TO_L:G808-E1853	M04_DY_TO_L	CORE13	DY	L	G808-E1853	k	eol	1	f108r	f108r	G808-P0525	f108r.31	31	1	S	B	3	2	EXACT	-0.331836918795	7	-0.0186264771586	2	0.0118168527746	72	0	0	0.0201921914585	81	0.0178153661911	81	0.0119120835535	68	0.0101833102811	4	-0.371203812261	6	0	0	-0.338646543179	-0.338646543179	-0.3385513124	-0.70985035544	-0.338646543179
M04_DY_TO_L:G808-E1878	M04_DY_TO_L	CORE13	DY	L	G808-E1878	k	eol	1	f108r	f108r	G808-P0530	f108r.48	48	5	S	B	3	3	EXACT	-0.215268206218	9	0.409582948045	1	0.00813922117966	72	0.475280229525	2	0.0251096943471	82	0.0344511036917	84	0.0159482774041	68	-0.124629353887	4	-0.246516887593	6	0.307091239758	3	0.202453963006	0.677734192531	0.21026301923	-0.0440629245877	0.509545202764
M04_DY_TO_L:G808-E1905	M04_DY_TO_L	CORE13	DY	L	G808-E1905	k	eol	1	f108v	f108v	G808-P0537	f108v.30	30	3	S	B	3	3	EXACT	-0.18680679344	90	0.0760895540219	5	0.00312720733646	72	0	0	-0.105907602683	167	-0.107855520654	167	-0.00430692466682	68	0.129493713872	4	-0.357702084232	6	0	0	-0.107590032081	-0.107590032081	-0.115024164084	-0.465292116314	-0.107590032081
M04_DY_TO_L:G808-E1921	M04_DY_TO_L	CORE13	DY	L	G808-E1921	k	eol	1	f108v	f108v	G808-P0537	f108v.46	46	7	S	B	3	3	EXACT	-0.18680679344	90	-0.269703940669	2	-0.0225853532141	72	-0.0250560579074	1	-0.125028758123	164	-0.126165925617	165	-0.0216395275782	68	-0.0386781265457	4	-0.24129177813	6	-0.0197481595058	1	-0.479096087323	-0.50415214523	-0.478150261687	-0.720387865453	-0.498844246829
M04_DY_TO_L:G808-E2121	M04_DY_TO_L	CORE13	DY	L	G808-E2121	k	eol	1	f114v	f114v	G808-P0622	f114v.9	9	5	S	B	3	3	EXACT	-0.368312152222	10	-0.0662521753908	1	0.0144273207543	72	0.230926148397	1	8.63927059875e-05	83	0.000802269805153	84	0.0221407096266	68	-0.116716199215	4	0.0763816127361	6	0.175538308814	1	-0.420137006858	-0.189210858461	-0.412423617986	-0.343755394122	-0.244598698044
M04_DY_TO_L:G808-E0132	M04_DY_TO_L	CORE13	DY	L	G808-E0132	k	ol	0	f14r	f14r	G808-P0045	f14r.4	4	2	H	A	1	2	EXACT	-0.0332356449099	13	0	0	0.0774737420091	72	0.494422625872	1	0.0893386038069	85	0.0922644316734	86	0.0824731611667	68	-0.00752986175916	4	0.147133403742	6	0.442079504528	1	0.0442380970992	0.538660722972	0.0492375162569	0.191371500841	0.486317601627
M04_DY_TO_L:G808-E0135	M04_DY_TO_L	CORE13	DY	L	G808-E0135	k	ol	0	f14v	f14v	G808-P0047	f14v.1	1	7	H	A	1	3	EXACT	-0.0285803662844	27	-0.399696722718	1	0.0806500838451	72	0.213913468617	1	0.0636697192509	100	0.0633087814205	101	0.0902684159841	68	-0.0828750406068	4	0.298460197713	6	0.46237950852	1	-0.347627005157	-0.13371353654	-0.338008673018	-0.049166807444	0.114752503363
M04_DY_TO_L:G808-E0144	M04_DY_TO_L	CORE13	DY	L	G808-E0144	k	ol	0	f16r	f16r	G808-P0050	f16r.2	2	3	H	A	1	3	EXACT	0.118798306555	12	0	0	0.0650232354285	72	0	0	0.102468700064	84	0.100252990417	84	0.0659540916192	68	0.0491852020965	4	0.345780906015	6	-0.122795129458	1	0.183821541983	0.183821541983	0.184752398174	0.529602447998	0.0610264125255
M04_DY_TO_L:G808-E0261	M04_DY_TO_L	CORE13	DY	L	G808-E0261	k	eol	1	f24v	f24v	G808-P0087	f24v.10	10	4	H	A	1	2	EXACT	-0.0463922031849	16	0	0	0.0600389691123	72	0	0	0.0667172400983	88	0.0645015304514	88	0.0632889157881	68	0.0047763975357	4	0.0961505565187	6	0	0	0.0136467659274	0.0136467659274	0.0168967126032	0.109797322446	0.0136467659274
M04_DY_TO_L:G808-E0284	M04_DY_TO_L	CORE13	DY	L	G808-E0284	k	eol	1	f27r	f27r	G808-P0093	f27r.3	3	3	H	A	1	2	EXACT	0.0128770954579	23	-0.0427122327225	3	0.079866786529	72	0.0553296158233	1	0.0805492310452	98	0.0784534061343	99	0.0774062763022	68	0.121681982296	4	-0.141492094332	6	0.060585848493	1	0.0500316492644	0.105361265088	0.0475711390377	-0.0914604450674	0.110617497757
M04_DY_TO_L:G808-E0293	M04_DY_TO_L	CORE13	DY	L	G808-E0293	k	ol	0	f28r	f28r	G808-P0095	f28r.8	8	4	H	A	1	2	EXACT	0.131546119083	26	0	0	0.109115614183	72	-0.224509061228	2	0.13309470398	98	0.124468683111	100	0.107089711513	68	0.143542481482	4	0.0630168352914	6	-0.147702406738	2	0.240661733267	0.0161526720389	0.238635830597	0.303678568558	0.0929593265289
M04_DY_TO_L:G808-E0005	M04_DY_TO_L	CORE13	DY	L	G808-E0005	k	ol	0	f2r	f2r	G808-P0002	f2r.9	9	3	H	A	1	3	EXACT	-0.066229409354	17	-0.0742399722228	1	0.0571872891308	72	-0.058645832348	2	0.0574745146402	90	0.0535407149303	92	0.0533926908218	68	0.121681982296	4	0.102675260947	6	-0.0579278654613	2	-0.083282092446	-0.141927924794	-0.087076690755	0.0193931685007	-0.141209957907
M04_DY_TO_L:G808-E0007	M04_DY_TO_L	CORE13	DY	L	G808-E0007	k	eol	1	f2r	f2r	G808-P0002	f2r.10	10	7	H	A	1	3	EXACT	-0.066229409354	17	0	0	0.0650577972344	72	-0.161534205876	1	0.0651288219359	89	0.0608067253588	90	0.0711243563272	68	-0.0380871854315	4	0.130546669882	6	-0.0131771295654	1	-0.00117161211963	-0.162705817995	0.00489494697315	0.129375057762	-0.014348741685
M04_DY_TO_L:G808-E0012	M04_DY_TO_L	CORE13	DY	L	G808-E0012	k	eol	1	f2v	f2v	G808-P0004	f2v.6	6	5	H	A	1	3	EXACT	0.212082688282	9	-0.0427837185774	2	0.100536575738	72	0	0	0.141607138646	83	0.139391428999	83	0.113294397202	68	-0.116359867245	4	-0.22836831166	6	0	0	0.269835545442	0.269835545442	0.282593366906	0.0414672337825	0.269835545442
M04_DY_TO_L:G808-E0333	M04_DY_TO_L	CORE13	DY	L	G808-E0333	k	eol	1	f32v	f32v	G808-P0113	f32v.10	10	2	H	A	1	3	EXACT	-0.183650799228	14	-0.186257572684	3	0.0474300501488	72	0	0	0.030695564676	89	0.0284798550291	89	0.0479545754248	68	0.0384996423679	4	-0.209910094754	6	0	0	-0.322478321764	-0.322478321764	-0.321953796487	-0.532388416517	-0.322478321764
M04_DY_TO_L:G808-E0359	M04_DY_TO_L	CORE13	DY	L	G808-E0359	k	ol	0	f35v	f35v	G808-P0123	f35v.7	7	5	H	A	1	2	EXACT	0.162182281821	35	0	0	0.0714837331976	72	-0.28748391658	1	0.113257198962	107	0.107674332728	108	0.0736236765141	68	0.0350912187275	4	0.00528806898405	6	-0.28222768391	1	0.233666015018	-0.0538179015613	0.235805958335	0.238954084002	-0.0485616688916
M04_DY_TO_L:G808-E0370	M04_DY_TO_L	CORE13	DY	L	G808-E0370	k	eol	1	f36v	f36v	G808-P0127	f36v.7	7	2	H	A	1	2	EXACT	0.0279368231366	15	-0.0342790021162	1	0.070966731534	72	-0.0458011020651	1	0.0892557412839	88	0.0859392604094	89	0.0728757674797	68	0.0384996423679	4	0.0588187902197	6	-0.0405448693954	1	0.0646245525544	0.0188234504893	0.0665335885001	0.123443342774	0.024079683159
M04_DY_TO_L:G808-E0376	M04_DY_TO_L	CORE13	DY	L	G808-E0376	k	ol	0	f37r	f37r	G808-P0130	f37r.10	10	9	H	A	1	3	EXACT	0.0625663482721	12	-0.00419065725077	1	0.0820223919025	72	-0.161534205876	1	0.107876395716	85	0.102959262842	86	0.0917214480449	68	-0.0828750406068	4	0.151964588771	6	-0.0131771295654	1	0.140398082924	-0.0211361229519	0.150097139066	0.292362671695	0.127220953358
M04_DY_TO_L:G808-E0453	M04_DY_TO_L	CORE13	DY	L	G808-E0453	k	ol	0	f43v	f43v	G808-P0158	f43v.15	15	7	H	B	2	3	EXACT	0.0675705348351	23	0.0478455369801	1	-0.0690135212699	72	-0.0764611192901	1	-0.0144618804356	96	-0.0168799140789	97	-0.0702995065294	68	-0.0471583038335	4	0.100350362829	6	-0.143873596579	1	0.0464025505453	-0.0300585687448	0.0451165652858	0.146752913374	-0.0974710460339
M04_DY_TO_L:G808-E0477	M04_DY_TO_L	CORE13	DY	L	G808-E0477	k	ol	0	f45r	f45r	G808-P0167	f45r.9	9	8	H	A	1	3	EXACT	0.0617655668945	16	0.204530506046	2	0.07085516382	72	-0.132697839095	1	0.0980420435886	90	0.0936982935176	91	0.0798973241929	68	-0.0828750406068	4	0.167784061912	6	-0.177839138597	1	0.33715123676	0.204453397665	0.346193397133	0.504935298672	0.159312098163
M04_DY_TO_L:G808-E0515	M04_DY_TO_L	CORE13	DY	L	G808-E0515	k	ol	0	f47v	f47v	G808-P0178	f47v.4	4	3	H	A	1	2	EXACT	0.130159222995	15	-0.152993605631	1	0.0781941143271	72	0.0736953977335	1	0.111244297596	88	0.109023411592	89	0.0798997281002	68	0.0491852020965	4	0.120313676833	6	0.0789516304032	1	0.0553597316918	0.129055129425	0.0570653454649	0.175673408525	0.134311362095
M04_DY_TO_L:G808-E0576	M04_DY_TO_L	CORE13	DY	L	G808-E0576	k	ol	0	f51r	f51r	G808-P0191	f51r.12	12	3	H	A	1	2	EXACT	0.111848545596	34	0	0	0.0778875853957	72	0	0	0.101736950657	106	0.0993210230637	106	0.0783378022864	68	0.0702205855221	4	0.289498050186	6	0	0	0.189736130991	0.189736130991	0.190186347882	0.479234181177	0.189736130991
M04_DY_TO_L:G808-E0616	M04_DY_TO_L	CORE13	DY	L	G808-E0616	k	ol	0	f54v	f54v	G808-P0198	f54v.10	10	1	H	A	1	2	EXACT	0.17201904234	42	0.214765829753	2	0.0684386448087	72	-0.0858340270725	1	0.116807309191	116	0.113153862688	117	0.0716491297301	68	0.0138470113706	4	0.196948394701	6	-0.0806745183517	1	0.455223516902	0.369389489829	0.458434001823	0.652171911602	0.37454899855
M04_DY_TO_L:G808-E0630	M04_DY_TO_L	CORE13	DY	L	G808-E0630	k	eol	1	f56r	f56r	G808-P0204	f56r.19	19	2	H	A	1	1	EXACT	0.201537245237	24	0	0	0.0727743359359	72	-0.28748391658	1	0.124460099291	96	0.118379896739	97	0.0747394458992	68	0.0393539884713	4	0.267883305373	6	-0.28222768391	1	0.274311581173	-0.0131723354064	0.276276691136	0.542194886546	-0.00791610273674
M04_DY_TO_L:G808-E0633	M04_DY_TO_L	CORE13	DY	L	G808-E0633	k	ol	0	f56v	f56v	G808-P0206	f56v.8	8	5	H	A	1	2	EXACT	0.0660775816138	18	0	0	0.0659594760818	72	0	0	0.0902699951588	90	0.088054285512	90	0.0848460613279	68	-0.255125951191	4	0.218092106827	6	0	0	0.132037057696	0.132037057696	0.150923642942	0.350129164523	0.132037057696
M04_DY_TO_L:G808-E0658	M04_DY_TO_L	CORE13	DY	L	G808-E0658	k	ol	0	f58v	f58v	G808-P0212	f58v.32	32	9	S	A	3	3	EXACT	-0.0700314361397	17	0.00687726120393	3	-0.00701702228288	71	0	0	0.00849916750165	91	0.00601624551645	91	-0.00287010515611	67	-0.0764857117681	4	0.0521618475722	6	-0.0166239293969	1	-0.0701711972187	-0.0701711972187	-0.0660242800919	-0.0180093496464	-0.0867951266156
M04_DY_TO_L:G808-E0663	M04_DY_TO_L	CORE13	DY	L	G808-E0663	k	ol	0	f66r	f66r	G808-P0214	f66r.53	53	10	T	B	5	3	EXACT	-0.171794231146	19	-0.00207999076264	2	-0.00733700754708	71	0.0600779186591	2	-0.0175295324703	92	-0.0173327717076	94	-0.00410905460078	67	-0.0614245947968	4	-0.0818261324743	6	0.0232466252461	2	-0.181211229456	-0.121133310797	-0.177983276509	-0.26303736193	-0.15796460421
M04_DY_TO_L:G808-E0704	M04_DY_TO_L	CORE13	DY	L	G808-E0704	k	ol	0	f75r	f75r	G808-P0222	f75r.17	17	7	B	B	2	3	EXACT	-0.325228290828	86	0.0462795058008	1	-0.098168671506	72	-0.0175656470806	1	-0.227683197373	159	-0.228100052048	160	-0.100863635912	68	-0.0523693737708	4	-0.0513954424688	6	-0.0115258428741	1	-0.377117456533	-0.394683103614	-0.379812420939	-0.428512899002	-0.388643299407
M04_DY_TO_L:G808-E0918	M04_DY_TO_L	CORE13	DY	L	G808-E0918	k	eol	1	f78r	f78r	G808-P0247	f78r.25	25	2	B	B	2	2	EXACT	-0.236608533167	55	0	0	-0.0974586616437	72	0	0	-0.155822025821	127	-0.157720240672	127	-0.102972997437	68	-0.00372949802357	4	0.222341212183	6	0	0	-0.334067194811	-0.334067194811	-0.339581530604	-0.111725982627	-0.334067194811
M04_DY_TO_L:G808-E1327	M04_DY_TO_L	CORE13	DY	L	G808-E1327	k	eol	1	f87v	f87v	G808-P0333	f87v.14	14	3	H	A	1	2	EXACT	-0.0424905035423	19	-0.031960784449	1	0.0529304273843	72	0	0	0.0556772398391	92	0.0534615301923	92	0.0531499419254	68	0.0491852020965	4	0.114739059829	6	0	0	-0.021520860607	-0.021520860607	-0.0213013460659	0.0932181992216	-0.021520860607
M04_DY_TO_L:G808-E0088	M04_DY_TO_L	CORE13	DY	L	G808-E0088	k	ol	0	f8v	f8v	G808-P0029	f8v.14	14	5	H	A	1	2	EXACT	-0.0349849571741	19	0	0	0.0821554263604	72	0	0	0.0811419168782	91	0.0789262072314	91	0.0938320037437	68	-0.116359867245	4	-0.113128680233	6	0	0	0.0471704691863	0.0471704691863	0.0588470465696	-0.0659582110464	0.0471704691863
M04_DY_TO_L:G808-E1395	M04_DY_TO_L	CORE13	DY	L	G808-E1395	k	eol	1	f93r	f93r	G808-P0346	f93r.10	10	3	H	A	1	2	EXACT	0.177006172165	47	0	0	0.0682549897548	72	0	0	0.116809800606	119	0.114594090959	119	0.0693657890152	68	0.0493579242399	4	0.0669407731217	6	0	0	0.24526116192	0.24526116192	0.24637196118	0.312201935042	0.24526116192
M04_DY_TO_L:G808-E1425	M04_DY_TO_L	CORE13	DY	L	G808-E1425	k	ol	0	f95r1	f95r	G808-P0352	f95r1.2	2	8	H	B	3	3	EXACT	-0.127532090353	21	-0.01872622522	3	-0.00204233689967	72	-0.114956720217	3	-0.00830251682361	96	-0.0126283171476	99	7.53236351374e-05	68	-0.0380581481721	4	0.298851200061	6	-0.113400361178	3	-0.148300652473	-0.26325737269	-0.146182991938	0.150550547588	-0.261701013651
M04_DY_TO_L:G808-E0107	M04_DY_TO_L	CORE13	DY	L	G808-E0107	kch	ol	0	f10v	f10v	G808-P0036	f10v.3	3	3	H	A	1	2	EXACT	0.194619243845	10	0.150387554585	1	0.0929506452135	72	0	0	0.137688570643	83	0.135781824343	83	0.097718457712	68	0.0118955789911	4	0.0292371603101	6	-0.251491101124	1	0.437957443643	0.437957443643	0.442725256141	0.467194603953	0.186466342519
M04_DY_TO_L:G808-E2028	M04_DY_TO_L	CORE13	DY	L	G808-E2028	kch	ol	0	f113r	f113r	G808-P0577	f113r.6	6	12	S	B	3	3	EXACT	-0.196217636187	20	-0.0864170118249	5	0.0206536584584	72	0.230113664282	1	-0.0083307246935	97	-0.00745333296444	98	0.0250767513796	68	-0.0545406122177	4	0.209252635424	6	0.231417110031	1	-0.261980989553	-0.0318673252708	-0.257557896632	-0.0527283541289	-0.0305638795227
M04_DY_TO_L:G808-E0112	M04_DY_TO_L	CORE13	DY	L	G808-E0112	kch	ol	0	f11r	f11r	G808-P0038	f11r.2	2	8	H	A	1	3	EXACT	0.00928294419037	13	-0.0381050310692	2	0.0544478897542	72	-0.105120730283	1	0.0743043617469	87	0.0707158999255	88	0.0656284162192	68	-0.135623313899	4	0.111149139609	6	-0.104255110526	1	0.0256258028754	-0.0794949274079	0.0368063293403	0.136774942484	-0.0786293076502
M04_DY_TO_L:G808-E0122	M04_DY_TO_L	CORE13	DY	L	G808-E0122	kch	ol	0	f13r	f13r	G808-P0042	f13r.5	5	4	H	A	1	2	EXACT	-0.00764633913208	20	0	0	0.0858550660142	72	0	0	0.0882932156293	92	0.0863864693295	92	0.08928259911	68	0.0275847496364	4	0.214535565535	6	0	0	0.0782087268821	0.0782087268821	0.0816362599779	0.292744292418	0.0782087268821
M04_DY_TO_L:G808-E0166	M04_DY_TO_L	CORE13	DY	L	G808-E0166	kch	ol	0	f17v	f17v	G808-P0058	f17v.9	9	3	H	A	1	1	EXACT	0.13970521991	58	0	0	0.0619476868918	72	0.0830255194632	1	0.0973665739349	130	0.0955903090981	131	0.0661337220125	68	-0.00921716390893	4	-0.186125567874	6	0.0743269466154	1	0.201652906802	0.284678426265	0.205838941923	0.0155273389282	0.275979853417
M04_DY_TO_L:G808-E0192	M04_DY_TO_L	CORE13	DY	L	G808-E0192	kch	ol	0	f19v	f19v	G808-P0063	f19v.2	2	2	H	A	1	2	EXACT	0.111824636233	13	0	0	0.100988904714	72	0	0	0.131619377347	85	0.129712631048	85	0.0965214936345	68	0.176932639324	4	0.290754168437	6	0	0	0.212813540948	0.212813540948	0.208346129868	0.503567709385	0.212813540948
M04_DY_TO_L:G808-E0227	M04_DY_TO_L	CORE13	DY	L	G808-E0227	kch	ol	0	f22r	f22r	G808-P0076	f22r.7	7	1	H	A	1	2	EXACT	0.189405326941	9	-0.168121773907	1	0.0952915391047	72	0	0	0.135234984477	82	0.133328238177	82	0.0947454632843	68	0.104572574302	4	0.0438157578559	6	0	0	0.116575092139	0.116575092139	0.116029016319	0.160390849995	0.116575092139
M04_DY_TO_L:G808-E0229	M04_DY_TO_L	CORE13	DY	L	G808-E0229	kch	ol	0	f22r	f22r	G808-P0077	f22r.10	10	1	H	A	1	3	EXACT	0.158415199713	14	-0.0818768523106	2	0.0897314373931	72	0.185427912821	2	0.124566579011	88	0.124710842932	90	0.0888582967662	68	0.104572574302	4	0.0553465312289	6	0.157493855571	2	0.166269784796	0.351697697617	0.165396644169	0.221616316025	0.323763640367
M04_DY_TO_L:G808-E0286	M04_DY_TO_L	CORE13	DY	L	G808-E0286	kch	eol	1	f27r	f27r	G808-P0094	f27r.7	7	3	H	A	1	3	EXACT	-0.0161031203194	17	0	0	0.0952190523865	72	0.0483756977694	2	0.0992610907657	89	0.0969268440951	91	0.100120300601	68	0.0118955789911	4	0.230800602498	6	0.049241317527	2	0.0791159320671	0.127491629836	0.0840171802815	0.309916534565	0.128357249594
M04_DY_TO_L:G808-E0305	M04_DY_TO_L	CORE13	DY	L	G808-E0305	kch	eol	1	f29r	f29r	G808-P0100	f29r.5	5	1	H	A	1	3	EXACT	0.276149636578	16	0.155299167247	1	0.10748578446	72	0	0	0.164449817754	89	0.162543071454	89	0.10765701719	68	0.104572574302	4	0.160371507723	6	0	0	0.538934588285	0.538934588285	0.539105821015	0.699306096008	0.538934588285
M04_DY_TO_L:G808-E0028	M04_DY_TO_L	CORE13	DY	L	G808-E0028	kch	eol	1	f3v	f3v	G808-P0009	f3v.4	4	4	H	A	1	3	EXACT	0.10580265342	12	-0.0439417861557	1	0.0885708174438	72	-0.0179588423105	1	0.119254825525	85	0.116118084554	86	0.0921581006237	68	0.0275847496364	4	0.043130266723	6	-0.0170932225529	1	0.150431684708	0.132472842398	0.154018967888	0.193561951431	0.133338462155
M04_DY_TO_L:G808-E0433	M04_DY_TO_L	CORE13	DY	L	G808-E0433	kch	ol	0	f42v	f42v	G808-P0152	f42v.11	11	4	H	A	1	3	EXACT	0.193466798489	23	-0.0411026510098	1	0.0921300209351	71	0.0849675816084	2	0.135380365908	95	0.133082307068	97	0.0959833826958	67	0.0275847496364	4	0.0961886296743	6	0.0186124790211	2	0.244494168415	0.329461750023	0.248347530175	0.340682798089	0.263106647436
M04_DY_TO_L:G808-E0475	M04_DY_TO_L	CORE13	DY	L	G808-E0475	kch	ol	0	f45r	f45r	G808-P0165	f45r.3	3	3	H	A	1	3	EXACT	0.0180847733793	15	0	0	0.0821869439486	72	-0.105120730283	1	0.0982322249758	87	0.0943718556177	88	0.0763240346462	68	0.181854148341	4	0.271541409803	6	-0.104255110526	1	0.100271717328	-0.00484901295527	0.0944088080255	0.371813127131	-0.00398339319763
M04_DY_TO_L:G808-E0560	M04_DY_TO_L	CORE13	DY	L	G808-E0560	kch	eol	1	f49v	f49v	G808-P0188	f49v.42	42	5	H	A	1	3	EXACT	0.0267937078911	24	0	0	0.0760583128813	72	0.204121520284	2	0.0833653965837	96	0.0845645737497	98	0.0863152373095	68	-0.0983116561472	4	0.280583122238	6	0.195677727602	3	0.102852020772	0.306973541057	0.113108945201	0.38343514301	0.298529748374
M04_DY_TO_L:G808-E0625	M04_DY_TO_L	CORE13	DY	L	G808-E0625	kch	ol	0	f56r	f56r	G808-P0203	f56r.7	7	2	H	A	1	2	EXACT	0.103014965386	24	0.025774143078	1	0.113035823713	72	0	0	0.12926867981	97	0.12736193351	97	0.113160580348	68	0.110912707168	4	0.281712456002	6	0	0	0.241824932178	0.241824932178	0.241949688813	0.52353738818	0.241824932178
M04_DY_TO_L:G808-E0626	M04_DY_TO_L	CORE13	DY	L	G808-E0626	kch	ol	0	f56r	f56r	G808-P0204	f56r.9	9	2	H	A	1	1	EXACT	0.267610599179	25	0	0	0.0852016520201	72	0	0	0.151092656207	97	0.149185909907	97	0.0836891044379	68	0.110912707168	4	-0.140582854139	6	0	0	0.352812251199	0.352812251199	0.351299703617	0.212229397061	0.352812251199
M04_DY_TO_L:G808-E0635	M04_DY_TO_L	CORE13	DY	L	G808-E0635	kch	ol	0	f56v	f56v	G808-P0206	f56v.11	11	4	H	A	1	2	EXACT	0.162214745044	16	0	0	0.0861572877863	72	0.0767593859757	1	0.126177338877	88	0.124068527108	89	0.0816075010136	68	0.163501409173	4	0.244675139879	6	0.0776250057334	1	0.248372032831	0.325131418807	0.243822246058	0.49304717271	0.325997038564
M04_DY_TO_L:G808-E0637	M04_DY_TO_L	CORE13	DY	L	G808-E0637	kch	ol	0	f56v	f56v	G808-P0206	f56v.14	14	3	H	A	1	2	EXACT	0.162214745044	16	0	0	0.0969334627865	72	-0.278174913485	1	0.134994209331	88	0.128798305765	89	0.105819084093	68	-0.0541243531658	4	-0.105483057566	6	-0.277309293728	1	0.259148207831	-0.0190267056542	0.268033829137	0.153665150265	-0.0181610858966
M04_DY_TO_L:G808-E0919	M04_DY_TO_L	CORE13	DY	L	G808-E0919	kch	ol	0	f78r	f78r	G808-P0248	f78r.28	28	4	B	B	2	3	EXACT	-0.341208321362	50	0	0	-0.103910574299	72	-0.191194035554	2	-0.197241392607	122	-0.198247971875	124	-0.111518802257	68	0.0254259876012	4	0.260184161655	6	-0.210063703148	2	-0.445118895661	-0.636312931215	-0.45272712362	-0.184934734007	-0.655182598809
M04_DY_TO_L:G808-E1274	M04_DY_TO_L	CORE13	DY	L	G808-E1274	kch	ol	0	f86v5	f86v	G808-P0325	f86v5.30	30	7	T	B	2	2	EXACT	0.0218555762524	62	0.14895698891	2	-0.0334755703169	72	0	0	-0.00879277439748	136	-0.011326672663	136	-0.0337636274407	68	-0.0285775574277	4	-0.299319249181	6	0	0	0.137336994845	0.137336994845	0.137048937721	-0.161982254335	0.137336994845
M04_DY_TO_L:G808-E0083	M04_DY_TO_L	CORE13	DY	L	G808-E0083	kch	ol	0	f8v	f8v	G808-P0028	f8v.7	7	2	H	A	1	2	EXACT	0.0770663803672	24	0	0	0.0957339262635	72	-0.069735098162	2	0.110690274739	96	0.10574289075	98	0.0909573988041	68	0.176932639324	4	0.281712456002	6	-0.0725932982981	2	0.172800306631	0.103065208469	0.168023779171	0.454512762633	0.100207008333
M04_DY_TO_L:G808-E1399	M04_DY_TO_L	CORE13	DY	L	G808-E1399	kch	ol	0	f93r	f93r	G808-P0346	f93r.13	13	3	H	A	1	2	EXACT	0.204362972777	48	0	0	0.0677764856468	72	0	0	0.127584302843	120	0.125677556544	120	0.0630683676097	68	0.147812238528	4	0.203934332575	6	0	0	0.272139458424	0.272139458424	0.267431340387	0.476073790999	0.272139458424
M04_DY_TO_L:G808-E0102	M04_DY_TO_L	CORE13	DY	L	G808-E0102	kch	ol	0	f9v	f9v	G808-P0033	f9v.10	10	2	H	A	1	2	EXACT	0.152722267552	24	0	0	0.0930579855841	72	0.00411386797074	2	0.127597291026	96	0.123811987646	98	0.0920075752704	68	0.110912707168	4	0.110775548052	6	0.00497948772838	2	0.245780253136	0.249894121107	0.244729842822	0.356555801188	0.250759740865
M04_DY_TO_L:G808-E1503	M04_DY_TO_L	CORE13	DY	L	G808-E1503	ok	eol	1	f100r	f100r	G808-P0372	f100r.25	25	10	P	A	1	2	EXACT	0.230140728183	16	0.071227246202	3	0.0743765553384	72	0	0	0.128118714406	91	0.125895457916	91	0.0967492535028	68	-0.305971029436	4	-0.0885417227202	6	0	0	0.375744529723	0.375744529723	0.398117227887	0.287202807003	0.375744529723
M04_DY_TO_L:G808-E1509	M04_DY_TO_L	CORE13	DY	L	G808-E1509	ok	ol	0	f100v	f100v	G808-P0373	f100v.17	17	4	P	A	1	2	EXACT	0.0826514902172	27	0	0	0.0738899892743	72	0	0	0.0937863587934	99	0.091536749166	99	0.0685057114476	68	0.165410996348	4	-0.373753772866	6	0	0	0.156541479491	0.156541479491	0.151157201665	-0.217212293374	0.156541479491
M04_DY_TO_L:G808-E1526	M04_DY_TO_L	CORE13	DY	L	G808-E1526	ok	ol	0	f102r1	f102r	G808-P0376	f102r1.14	14	7	P	A	1	3	EXACT	0.148881862853	11	-0.248237690991	1	0.0851124631978	72	-0.0167379876747	1	0.122103092647	84	0.118646883745	85	0.0928915449546	68	-0.0471436426493	4	-0.195696355557	6	0.204539023749	2	-0.014243364941	-0.0309813526157	-0.00646428318414	-0.209939720498	0.190295658808
M04_DY_TO_L:G808-E1528	M04_DY_TO_L	CORE13	DY	L	G808-E1528	ok	eol	1	f102r1	f102r	G808-P0376	f102r1.16	16	6	P	A	1	3	EXACT	0.148881862853	11	-0.00542166395493	1	0.0843763502807	72	0	0	0.124362805707	84	0.122092732812	84	0.0921121312777	68	-0.0471436426493	4	0.0397434921885	6	0.307134986453	2	0.227836549178	0.227836549178	0.235572330175	0.267580041367	0.534971535631
M04_DY_TO_L:G808-E1546	M04_DY_TO_L	CORE13	DY	L	G808-E1546	ok	eol	1	f102v2	f102v	G808-P0380	f102v2.32	32	4	P	A	1	3	EXACT	-0.00446355314481	39	0.141452178068	5	0.09283133377	72	0.325810042621	1	0.0719838682234	116	0.0722104435019	117	0.0889739494878	68	0.158397321035	4	0.137598591298	6	0.451514039469	1	0.229819958693	0.555630001315	0.225962574411	0.367418549991	0.681333998163
M04_DY_TO_L:G808-E1555	M04_DY_TO_L	CORE13	DY	L	G808-E1555	ok	eol	1	f103r	f103r	G808-P0383	f103r.10	10	4	S	B	3	3	EXACT	-0.259953352534	25	0.131450209434	4	-0.00208110554634	72	0	0	-0.0405477609592	101	-0.0429285562925	101	-0.016709391905	68	0.246588055489	4	-0.193181646392	6	-0.0823995994458	1	-0.130584248646	-0.130584248646	-0.145212535005	-0.323765895038	-0.212983848092
M04_DY_TO_L:G808-E1636	M04_DY_TO_L	CORE13	DY	L	G808-E1636	ok	eol	1	f104v	f104v	G808-P0425	f104v.3	3	5	S	B	3	3	EXACT	-0.110636480433	20	-0.090059082062	2	-0.0124842883589	72	0	0	-0.0120525181074	94	-0.0143311035976	94	-0.00725117253368	68	-0.101459041285	4	-0.102042486683	6	0	0	-0.213179850854	-0.213179850854	-0.207946735029	-0.315222337537	-0.213179850854
M04_DY_TO_L:G808-E1698	M04_DY_TO_L	CORE13	DY	L	G808-E1698	ok	eol	1	f105v	f105v	G808-P0450	f105v.12	12	3	S	B	3	3	EXACT	0.018088649456	35	0.233844549225	4	0.0221569429547	72	0.456948636294	2	0.0410284570676	111	0.0467881605064	113	0.0138684828933	68	0.163049061974	4	0.0700292760289	6	0.460255539689	2	0.274090141636	0.73103877793	0.265801681575	0.344119417665	0.734345681325
M04_DY_TO_L:G808-E1704	M04_DY_TO_L	CORE13	DY	L	G808-E1704	ok	ol	0	f105v	f105v	G808-P0457	f105v.37	37	7	S	B	3	3	EXACT	0.0911632951601	37	-0.0480959150147	2	-0.0101133269656	72	0	0	0.0340943502702	111	0.0318173295922	111	-0.00863416250371	68	-0.0352708248415	4	0.299976084279	6	0	0	0.0329540531798	0.0329540531798	0.0344332176417	0.332930137458	0.0329540531798
M04_DY_TO_L:G808-E1725	M04_DY_TO_L	CORE13	DY	L	G808-E1725	ok	ol	0	f106r	f106r	G808-P0463	f106r.16	16	10	S	B	3	3	EXACT	0.197532336603	5	-0.160170973235	2	0.000420300535221	72	-0.163210813914	2	0.0482605435634	79	0.0418290210622	81	0.0118739785525	68	-0.194304270732	4	0.186288990162	6	-0.0751419321913	3	0.0377816639028	-0.125429150011	0.04923534192	0.224070654064	-0.0373602682885
M04_DY_TO_L:G808-E1766	M04_DY_TO_L	CORE13	DY	L	G808-E1766	ok	eol	1	f107r	f107r	G808-P0490	f107r.10	10	3	S	B	3	3	EXACT	0.0315411416384	21	-0.153054977412	1	-0.00871380180388	72	-0.0935034578407	1	0.0210988957704	94	0.0180946789639	95	-0.0191427562136	68	0.168566868648	4	-0.0458387621434	6	-0.059072867299	2	-0.130227637577	-0.223731095418	-0.140656591987	-0.176066399721	-0.189300504876
M04_DY_TO_L:G808-E1786	M04_DY_TO_L	CORE13	DY	L	G808-E1786	ok	eol	1	f107v	f107v	G808-P0504	f107v.8	8	3	S	B	3	2	EXACT	-0.141167933579	11	0	0	0.0425888971526	72	0.198308970073	1	0.0498190798189	83	0.0498772831429	84	0.0354990754896	68	0.163104631532	4	-0.0641505840486	6	0.201381700704	1	-0.0985790364266	0.0997299336464	-0.10566885809	-0.162729620475	0.102802664278
M04_DY_TO_L:G808-E1806	M04_DY_TO_L	CORE13	DY	L	G808-E1806	ok	eol	1	f107v	f107v	G808-P0509	f107v.25	25	3	S	B	3	3	EXACT	0.0196232716626	12	0.156145713803	2	0.0208476271195	72	0.112710056796	1	0.0541561341346	86	0.0531046521214	87	0.0124789072192	68	0.163104631532	4	0.295829727975	6	0.115782787427	1	0.196616612585	0.30932666938	0.188247892684	0.49244634056	0.312399400012
M04_DY_TO_L:G808-E1807	M04_DY_TO_L	CORE13	DY	L	G808-E1807	ok	ol	0	f107v	f107v	G808-P0509	f107v.27	27	5	S	B	3	3	EXACT	0.0196232716626	12	-0.0330481088765	3	-0.00457745713172	72	0	0	0.0280130799596	87	0.0258690643716	87	0.00099029487392	68	-0.0992404751199	4	0.135829692462	6	0	0	-0.0180022943456	-0.0180022943456	-0.01243454234	0.117827398116	-0.0180022943456
M04_DY_TO_L:G808-E1809	M04_DY_TO_L	CORE13	DY	L	G808-E1809	ok	eol	1	f107v	f107v	G808-P0510	f107v.29	29	2	S	B	3	3	EXACT	-0.139089107218	9	0	0	0.0148883122554	72	0.0156152405625	1	0.0315333455507	81	0.0296402859793	82	0.00919177974457	68	0.111718131047	4	-0.0358526969417	6	0.0186879711939	1	-0.124200794962	-0.1085855544	-0.129897327473	-0.160053491904	-0.105512823768
M04_DY_TO_L:G808-E1839	M04_DY_TO_L	CORE13	DY	L	G808-E1839	ok	ol	0	f108r	f108r	G808-P0521	f108r.19	19	4	S	B	3	2	EXACT	-0.313781195414	10	0.274286457457	2	0.00874019957575	72	0	0	0.0123670206911	84	0.010078725982	84	0.00143641098794	68	0.13289312714	4	-0.178489853927	6	-0.0105038222552	1	-0.0307545383817	-0.0307545383817	-0.0380583269695	-0.209244392309	-0.0412583606369
M04_DY_TO_L:G808-E1877	M04_DY_TO_L	CORE13	DY	L	G808-E1877	ok	eol	1	f108r	f108r	G808-P0530	f108r.48	48	4	S	B	3	3	EXACT	-0.384669575443	4	0.324574447487	2	0.0128609266489	72	0	0	0.0437551916837	78	0.0414668969746	78	0.00579953377133	68	0.13289312714	4	-0.19011717293	6	-0.185990515153	2	-0.047234201307	-0.047234201307	-0.0542955941846	-0.237351374237	-0.23322471646
M04_DY_TO_L:G808-E1922	M04_DY_TO_L	CORE13	DY	L	G808-E1922	ok	eol	1	f108v	f108v	G808-P0537	f108v.47	47	7	S	B	3	3	EXACT	-0.213193121618	89	-0.144413490282	1	-0.0230516161942	72	0.161005017099	1	-0.139016983923	162	-0.138965639495	163	-0.0149352923041	68	-0.161041035822	4	-0.206473327612	6	0.163794570147	1	-0.380658228095	-0.219653210996	-0.372541904205	-0.587131555706	-0.216863657948
M04_DY_TO_L:G808-E1999	M04_DY_TO_L	CORE13	DY	L	G808-E1999	ok	eol	1	f112v	f112v	G808-P0563	f112v.2	2	7	S	B	3	3	EXACT	-0.0655821412328	23	-0.00587494374985	1	-0.00351030040012	72	-0.0520963644535	1	0.00264171948273	96	0.000199449300445	97	0.000407911060916	68	-0.0701308056966	4	0.117660200995	6	-0.0607290361986	1	-0.0749673853828	-0.127063749836	-0.0710491739217	0.0426928156125	-0.135696421581
M04_DY_TO_L:G808-E2027	M04_DY_TO_L	CORE13	DY	L	G808-E2027	ok	ol	0	f113r	f113r	G808-P0577	f113r.5	5	11	S	B	3	3	EXACT	-0.152083286852	25	-0.0694988938983	2	0.0283349751637	72	-0.0127467892984	1	-0.00135546405002	99	-0.00305647766811	100	0.04330356991	68	-0.226141885746	4	-0.368355788823	6	-0.0097700745756	1	-0.193247205587	-0.205993994885	-0.178278610841	-0.56160299441	-0.203017280163
M04_DY_TO_L:G808-E2066	M04_DY_TO_L	CORE13	DY	L	G808-E2066	ok	ol	0	f113v	f113v	G808-P0596	f113v.13	13	4	S	B	3	3	EXACT	-0.0596499025257	29	0	0	-0.00114311826471	72	-0.0163403857722	3	-0.00266518531397	101	-0.00413671872244	104	-0.0109647454653	68	0.165813886735	4	0.119483578263	6	-0.008607676023	3	-0.0607930207904	-0.0771334065626	-0.070614647991	0.0586905574727	-0.0694006968134
M04_DY_TO_L:G808-E2102	M04_DY_TO_L	CORE13	DY	L	G808-E2102	ok	ol	0	f114r	f114r	G808-P0614	f114r.25	25	10	S	B	3	3	EXACT	0.123239779759	18	-0.0861811484316	4	0.0019874736797	72	0	0	0.0464129339398	94	0.0441738964237	94	0.0041126134466	68	-0.0341530662685	4	0.227561855887	6	0	0	0.0390461050071	0.0390461050071	0.041171244774	0.266607960894	0.0390461050071
M04_DY_TO_L:G808-E2134	M04_DY_TO_L	CORE13	DY	L	G808-E2134	ok	ol	0	f114v	f114v	G808-P0629	f114v.31	31	5	S	B	3	2	EXACT	0.0419427362617	12	0	0	0.0458942370833	72	0.0651417874458	2	0.0770495161957	84	0.0752250366422	86	0.0545846586434	68	-0.101857112819	4	-0.00631479335855	6	0.0698256413316	2	0.087836973345	0.152978760791	0.0965273949051	0.0815221799865	0.157662614677
M04_DY_TO_L:G808-E0131	M04_DY_TO_L	CORE13	DY	L	G808-E0131	ok	ol	0	f14r	f14r	G808-P0045	f14r.2	2	7	H	A	1	2	EXACT	-0.0162226134843	10	-0.00692063136842	1	0.0645494813247	72	0	0	0.0865128528478	83	0.0842895963582	83	0.0863441163118	68	-0.305971029436	4	0.117509711751	6	0	0	0.041406236472	0.041406236472	0.0632008714591	0.158915948223	0.041406236472
M04_DY_TO_L:G808-E0158	M04_DY_TO_L	CORE13	DY	L	G808-E0158	ok	ol	0	f17v	f17v	G808-P0058	f17v.2	2	4	H	A	1	2	EXACT	0.139497766132	50	0	0	0.0916742971106	72	0	0	0.114807662964	122	0.112584406474	122	0.0853466276902	68	0.199232961277	4	0.293487210013	6	0	0	0.231172063242	0.231172063242	0.224844393822	0.524659273255	0.231172063242
M04_DY_TO_L:G808-E0167	M04_DY_TO_L	CORE13	DY	L	G808-E0167	ok	ol	0	f17v	f17v	G808-P0058	f17v.10	10	4	H	A	1	2	EXACT	0.139497766132	50	0	0	0.0877478867865	72	0.302670326359	1	0.112490437199	122	0.112116222795	123	0.081189252053	68	0.199232961277	4	0.0795514781236	6	0.451577446703	2	0.227245652918	0.529915979277	0.220687018184	0.306797131042	0.678823099621
M04_DY_TO_L:G808-E0172	M04_DY_TO_L	CORE13	DY	L	G808-E0172	ok	eol	1	f17v	f17v	G808-P0058	f17v.14	14	5	H	A	1	2	EXACT	0.139497766132	50	0.0465826335126	1	0.0838729425168	72	0	0	0.109861288574	123	0.107638032084	123	0.0888958457171	68	-0.00152812786851	4	0.238533396199	6	0	0	0.269953342161	0.269953342161	0.274976245361	0.50848673836	0.269953342161
M04_DY_TO_L:G808-E0176	M04_DY_TO_L	CORE13	DY	L	G808-E0176	ok	eol	1	f17v	f17v	G808-P0058	f17v.16	16	3	H	A	1	1	EXACT	0.139497766132	50	0	0	0.0767481019281	72	0	0	0.105998760889	122	0.1037755044	122	0.0778811188646	68	0.0574750980273	4	-0.359047436653	6	0	0	0.21624586806	0.21624586806	0.217378884996	-0.142801568593	0.21624586806
M04_DY_TO_L:G808-E0237	M04_DY_TO_L	CORE13	DY	L	G808-E0237	ok	ol	0	f23r	f23r	G808-P0082	f23r.6	6	7	H	A	1	3	EXACT	-0.0434211941762	21	-0.0964987755682	3	0.0803654977616	72	0	0	0.0699118767812	96	0.0676886202917	96	0.0875380351009	68	-0.0415793529859	4	0.147967029452	6	-0.0388879810643	1	-0.0595544719828	-0.0595544719828	-0.0523819346436	0.0884125574696	-0.0984424530471
M04_DY_TO_L:G808-E0238	M04_DY_TO_L	CORE13	DY	L	G808-E0238	ok	ol	0	f23r	f23r	G808-P0082	f23r.9	9	1	H	A	1	3	EXACT	-0.0434211941762	21	0.317682638383	5	0.0439887166838	72	0	0	0.0613608007394	98	0.0591375442498	98	0.0436242461138	68	0.0501730003927	4	-0.0828031797695	6	0	0	0.318250160891	0.318250160891	0.317885690321	0.235446981121	0.318250160891
M04_DY_TO_L:G808-E0242	M04_DY_TO_L	CORE13	DY	L	G808-E0242	ok	eol	1	f23v	f23v	G808-P0083	f23v.3	3	3	H	A	1	3	EXACT	0.0115276482007	17	0.150453947803	3	0.0619475125009	72	-0.00898827835047	1	0.0810768697809	92	0.0782857330674	93	0.0559376510437	68	0.164103441292	4	0.0991954473422	6	-0.016397154231	1	0.223929108505	0.214940830154	0.217919247048	0.323124555847	0.207531954274
M04_DY_TO_L:G808-E0243	M04_DY_TO_L	CORE13	DY	L	G808-E0243	ok	ol	0	f23v	f23v	G808-P0084	f23v.6	6	4	H	A	1	2	EXACT	-0.0960698899638	27	0	0	0.100606530859	71	-0.2860171847	1	0.0635583132224	98	0.0581802768276	99	0.103800048623	67	0.0471074514675	4	0.268205975625	6	-0.282908610787	1	0.00453664089543	-0.281480543805	0.00773015865965	0.272742616521	-0.278371969892
M04_DY_TO_L:G808-E0250	M04_DY_TO_L	CORE13	DY	L	G808-E0250	ok	ol	0	f24r	f24r	G808-P0085	f24r.3	3	3	H	A	1	2	EXACT	0.0256805722193	45	0	0	0.0541658639747	71	0	0	0.0488676662425	116	0.046644409753	116	0.0539678406378	67	0.0574750980273	4	0.293487210013	6	0	0	0.079846436194	0.079846436194	0.0796484128571	0.373333646207	0.079846436194
M04_DY_TO_L:G808-E0256	M04_DY_TO_L	CORE13	DY	L	G808-E0256	ok	ol	0	f24v	f24v	G808-P0086	f24v.4	4	3	H	A	1	2	EXACT	0.152903634905	12	0	0	0.0631625494654	71	0.154242322862	1	0.106536124894	83	0.105324278943	84	0.069005271417	67	-0.0347107000638	4	0.268205975625	6	0.157350896774	1	0.21606618437	0.370308507232	0.221908906322	0.484272159995	0.373417081144
M04_DY_TO_L:G808-E0008	M04_DY_TO_L	CORE13	DY	L	G808-E0008	ok	ol	0	f2r	f2r	G808-P0002	f2r.12	12	1	H	A	1	3	EXACT	-0.115393323946	21	-0.0465192364233	3	0.0626878872687	72	-0.0441191473128	1	0.0424716261227	96	0.0397397254463	97	0.0634233679097	68	0.0501730003927	4	0.217260283525	6	-0.0410105734001	1	-0.0992246731004	-0.143343820413	-0.0984891924595	0.118035610424	-0.140235246501
M04_DY_TO_L:G808-E0318	M04_DY_TO_L	CORE13	DY	L	G808-E0318	ok	eol	1	f31r	f31r	G808-P0108	f31r.9	9	4	H	B	2	2	EXACT	-0.15993453708	9	0	0	-0.00755683145446	72	0	0	0.00994537607779	81	0.00768896904666	81	-0.00521253021873	68	-0.047421853385	4	0.198425033116	6	0	0	-0.167491368534	-0.167491368534	-0.165147067299	0.0309336645819	-0.167491368534
M04_DY_TO_L:G808-E0367	M04_DY_TO_L	CORE13	DY	L	G808-E0367	ok	ol	0	f36r	f36r	G808-P0125	f36r.7	7	3	H	A	1	2	EXACT	-0.162799430606	13	0	0	0.0485449670592	72	-0.131231107215	1	0.0457736738478	85	0.0419253883611	86	0.0467513865558	68	0.079024119638	4	-0.236936965907	6	-0.178520065475	1	-0.114254463547	-0.245485570763	-0.116048044051	-0.351191429455	-0.292774529022
M04_DY_TO_L:G808-E0029	M04_DY_TO_L	CORE13	DY	L	G808-E0029	ok	eol	1	f3v	f3v	G808-P0010	f3v.9	9	2	H	A	1	2	EXACT	0.257676279025	16	0	0	0.0646072532883	72	-0.0441191473128	1	0.126338009177	88	0.122618068764	89	0.0686785539027	68	-0.00461657313562	4	0.289641842739	6	-0.0410105734001	1	0.322283532313	0.278164385	0.326354832927	0.611925375052	0.281272958913
M04_DY_TO_L:G808-E0397	M04_DY_TO_L	CORE13	DY	L	G808-E0397	ok	ol	0	f40r	f40r	G808-P0141	f40r.5	5	4	H	B	2	3	EXACT	-0.0781190484219	30	-0.00816870787488	3	-0.0174699718636	72	-0.000674485500916	3	-0.0191153275463	105	-0.019792347371	108	-0.0279583064462	68	0.160819952818	4	0.116665065449	6	-0.044055595171	3	-0.10375772816	-0.104432213661	-0.114246062743	0.012907337289	-0.147813323331
M04_DY_TO_L:G808-E0426	M04_DY_TO_L	CORE13	DY	L	G808-E0426	ok	ol	0	f42r	f42r	G808-P0150	f42r.20	20	4	H	A	1	2	EXACT	0.0865280652276	17	0	0	0.0819754021162	72	0	0	0.108541233568	89	0.106317977078	89	0.0773354853495	68	0.160842271169	4	-0.0984229239914	6	0	0	0.168503467344	0.168503467344	0.163863550577	0.0700805433523	0.168503467344
M04_DY_TO_L:G808-E0431	M04_DY_TO_L	CORE13	DY	L	G808-E0431	ok	ol	0	f42v	f42v	G808-P0151	f42v.5	5	7	H	A	1	3	EXACT	0.0749393945928	26	0.0130721032992	1	0.0802529830506	72	0	0	0.096384322808	99	0.0941610663184	99	0.0932467169807	68	-0.140652209741	4	0.181484985589	6	0	0	0.168264480943	0.168264480943	0.181258214873	0.349749466532	0.168264480943
M04_DY_TO_L:G808-E0479	M04_DY_TO_L	CORE13	DY	L	G808-E0479	ok	ol	0	f45v	f45v	G808-P0168	f45v.2	2	1	H	A	1	3	EXACT	0.0455412036751	14	0.0259909160902	2	0.0739620767863	72	0.180732346679	2	0.0967448193099	88	0.0972157809242	90	0.0753607450459	68	0.0501730003927	4	-0.0154989794879	6	0.17946820743	2	0.145494196552	0.32622654323	0.146892864811	0.129995217064	0.324962403981
M04_DY_TO_L:G808-E0038	M04_DY_TO_L	CORE13	DY	L	G808-E0038	ok	eol	1	f4v	f4v	G808-P0014	f4v.12	12	3	H	A	1	3	EXACT	0.119235855885	14	-0.00453151775887	2	0.123919486207	72	0	0	0.148649520918	88	0.146426264429	88	0.126559700947	68	0.079024119638	4	0.0377051940841	6	0.0594751543773	2	0.238623824333	0.238623824333	0.241264039073	0.276329018417	0.29809897871
M04_DY_TO_L:G808-E0568	M04_DY_TO_L	CORE13	DY	L	G808-E0568	ok	ol	0	f51r	f51r	G808-P0191	f51r.4	4	3	H	A	1	2	EXACT	0.112894315093	34	0	0	0.079108913761	72	-0.16176423103	1	0.102717317311	106	0.0981998089077	107	0.0845480833344	68	-0.0133685175173	4	0.120756419549	6	-0.0141072920909	1	0.192003228854	0.0302389978237	0.197442398427	0.312759648403	0.177895936763
M04_DY_TO_L:G808-E0623	M04_DY_TO_L	CORE13	DY	L	G808-E0623	ok	ol	0	f55r	f55r	G808-P0199	f55r.6	6	7	H	B	2	2	EXACT	0.0551325161776	31	0.234354055321	1	-0.0388806007961	72	0	0	0.00639618956392	104	0.00417293307437	104	-0.0328947247394	68	-0.140652209741	4	-0.207158155941	6	-0.0406911655025	2	0.250605970702	0.250605970702	0.256591846759	0.0434478147609	0.2099148052
M04_DY_TO_L:G808-E0054	M04_DY_TO_L	CORE13	DY	L	G808-E0054	ok	ol	0	f6v	f6v	G808-P0019	f6v.3	3	7	H	A	1	2	EXACT	0.232107070704	21	0	0	0.0640305676483	72	0	0	0.124155479154	93	0.121932222665	93	0.0760700418489	68	-0.140652209741	4	0.0504320505778	6	0	0	0.296137638352	0.296137638352	0.308177112553	0.34656968893	0.296137638352
M04_DY_TO_L:G808-E0059	M04_DY_TO_L	CORE13	DY	L	G808-E0059	ok	ol	0	f6v	f6v	G808-P0020	f6v.20	20	3	H	A	1	2	EXACT	0.0214423188383	27	0	0	0.0814710625487	72	-0.2860171847	1	0.0825195862369	99	0.0769834849111	100	0.0757324913778	68	0.179015056474	4	0.264832570171	6	-0.282908610787	1	0.102913381387	-0.183103803313	0.0971748102161	0.367745951558	-0.1799952294
M04_DY_TO_L:G808-E0895	M04_DY_TO_L	CORE13	DY	L	G808-E0895	ok	ol	0	f77v	f77v	G808-P0246	f77v.42	42	6	B	B	2	2	EXACT	-0.230159397084	43	-0.0405233146884	2	-0.0854592320467	72	0	0	-0.130413821762	117	-0.132638480539	117	-0.0724209463466	68	-0.307122623514	4	-0.0654315264113	6	0	0	-0.35614194382	-0.35614194382	-0.343103658119	-0.421573470231	-0.35614194382
M04_DY_TO_L:G808-E0945	M04_DY_TO_L	CORE13	DY	L	G808-E0945	ok	ol	0	f78v	f78v	G808-P0249	f78v.14	14	5	B	B	2	2	EXACT	-0.351104441871	65	-0.131089199112	2	-0.0994730225574	72	-0.172368794032	1	-0.219992870886	139	-0.221345323328	140	-0.095741634905	68	-0.162919249012	4	-0.416645842233	6	-0.187677005466	1	-0.581666663541	-0.754035457573	-0.577935275888	-0.998312505774	-0.769343669006
M04_DY_TO_L:G808-E0965	M04_DY_TO_L	CORE13	DY	L	G808-E0965	ok	ol	0	f79r	f79r	G808-P0252	f79r.10	10	4	B	B	2	3	EXACT	-0.225411166691	25	0	0	-0.0838704166043	72	-0.227612929472	1	-0.101036317675	97	-0.10404283591	98	-0.0983992194319	68	0.163105659732	4	0.252908923258	6	-0.225228581361	1	-0.309281583296	-0.536894512768	-0.323810386123	-0.0563726600375	-0.534510164656
M04_DY_TO_L:G808-E0968	M04_DY_TO_L	CORE13	DY	L	G808-E0968	ok	ol	0	f79r	f79r	G808-P0253	f79r.15	15	5	B	B	2	3	EXACT	-0.28275962883	39	0.204156841986	3	-0.109454865596	72	-0.0176546889173	1	-0.150554228568	114	-0.15116674415	115	-0.109797293638	68	-0.103647160606	4	-0.34217447448	6	-0.026861318118	1	-0.18805765244	-0.205712341357	-0.188400080482	-0.53023212692	-0.214918970558
M04_DY_TO_L:G808-E1201	M04_DY_TO_L	CORE13	DY	L	G808-E1201	ok	eol	1	f83v	f83v	G808-P0299	f83v.6	6	7	B	B	2	3	EXACT	-0.317248971177	27	0.0603630478902	3	-0.0964672780766	72	0	0	-0.132668426814	102	-0.134880187202	102	-0.0929342977872	68	-0.156539916251	4	-0.253425914819	6	0	0	-0.353353201364	-0.353353201364	-0.349820221074	-0.606779116182	-0.353353201364
M04_DY_TO_L:G808-E1212	M04_DY_TO_L	CORE13	DY	L	G808-E1212	ok	ol	0	f83v	f83v	G808-P0301	f83v.25	25	5	B	B	2	2	EXACT	-0.415543482029	35	0.288098630564	2	-0.10593003278	72	-0.0824083327741	2	-0.186016928341	109	-0.185688644835	111	-0.10295368512	68	-0.156539916251	4	0.119173153062	6	-0.0908417574628	2	-0.233374884245	-0.315783217019	-0.230398536585	-0.114201731183	-0.324216641708
M04_DY_TO_L:G808-E1270	M04_DY_TO_L	CORE13	DY	L	G808-E1270	ok	ol	0	f86v5	f86v	G808-P0324	f86v5.23	23	4	T	B	2	3	EXACT	-0.0688018832728	37	0.0838193882072	4	-0.0306858657697	72	0.125621070728	2	-0.0253867592247	113	-0.0247905076715	115	-0.0425191127279	68	0.170470466143	4	-0.00510593095974	6	0.1202751442	2	-0.0156683608354	0.109952709892	-0.0275016077935	-0.0207742917951	0.104606783364
M04_DY_TO_L:G808-E1320	M04_DY_TO_L	CORE13	DY	L	G808-E1320	ok	eol	1	f87r	f87r	G808-P0331	f87r.14	14	4	H	A	1	2	EXACT	0.284346572572	13	0.0496737920823	1	0.113145693111	72	0	0	0.167994493175	86	0.165727527905	86	0.11855828254	68	0.0211205370674	4	0.124310277771	6	0	0	0.447166057765	0.447166057765	0.452578647194	0.571476335536	0.447166057765
M04_DY_TO_L:G808-E1335	M04_DY_TO_L	CORE13	DY	L	G808-E1335	ok	ol	0	f88r	f88r	G808-P0335	f88r.19	19	7	P	A	1	2	EXACT	0.0838467225122	13	-0.181035954697	1	0.104930748848	72	0	0	0.127526821105	86	0.125392993142	86	0.119629441616	68	-0.144957342068	4	-0.104159286029	6	0	0	0.00774151666246	0.00774151666246	0.022440209431	-0.0964177693668	0.00774151666246
M04_DY_TO_L:G808-E1349	M04_DY_TO_L	CORE13	DY	L	G808-E1349	ok	ol	0	f88v	f88v	G808-P0338	f88v.17	17	6	P	A	1	2	EXACT	0.216584346241	14	-0.139448662745	1	0.0815129624899	72	0	0	0.127211743276	87	0.125074286856	87	0.0907355788502	68	-0.0752799226115	4	-0.134998327769	6	0	0	0.158648645986	0.158648645986	0.167871262346	0.0236503182167	0.158648645986
M04_DY_TO_L:G808-E1372	M04_DY_TO_L	CORE13	DY	L	G808-E1372	ok	ol	0	f89v1	f89v	G808-P0343	f89v1.9	9	3	P	A	1	3	EXACT	0.087572855046	34	0.288328272743	2	0.125863081381	71	0	0	0.129084024442	107	0.126810753457	107	0.123301831501	67	0.16875727501	4	0.184114382253	6	0	0	0.50176420917	0.50176420917	0.499202959291	0.685878591423	0.50176420917
M04_DY_TO_L:G808-E1377	M04_DY_TO_L	CORE13	DY	L	G808-E1377	ok	ol	0	f89v1	f89v	G808-P0344	f89v1.14	14	5	P	A	1	3	EXACT	-0.00555446346254	25	0.00490258374808	2	0.0920154065056	72	0	0	0.0845668753505	99	0.0822936043661	99	0.103308948165	68	-0.0999851155636	4	0.129027319642	6	0.262255799295	1	0.0913635267911	0.0913635267911	0.102657068451	0.220390846433	0.353619326086
M04_DY_TO_L:G808-E1380	M04_DY_TO_L	CORE13	DY	L	G808-E1380	ok	eol	1	f89v1	f89v	G808-P0344	f89v1.17	17	8	P	A	1	2	EXACT	-0.00555446346254	25	-0.0694591129076	1	0.0962746836453	72	0	0	0.0875248327318	98	0.0852515617474	98	0.110642905683	68	-0.147995404847	4	-0.158074350311	6	0	0	0.0212611072752	0.0212611072752	0.0356293293129	-0.136813243036	0.0212611072752
M04_DY_TO_L:G808-E0086	M04_DY_TO_L	CORE13	DY	L	G808-E0086	ok	ol	0	f8v	f8v	G808-P0029	f8v.14	14	2	H	A	1	2	EXACT	-0.0621572390448	18	-0.167477164862	2	0.0886260628826	72	0	0	0.078272328931	92	0.0760490724414	92	0.0874199511376	68	0.109118246566	4	-0.0665003069845	6	0	0	-0.141008341024	-0.141008341024	-0.142214452769	-0.207508648008	-0.141008341024
M04_DY_TO_L:G808-E1397	M04_DY_TO_L	CORE13	DY	L	G808-E1397	ok	eol	1	f93r	f93r	G808-P0346	f93r.11	11	1	H	A	1	2	EXACT	0.218630703398	45	0.101451628237	2	0.0703993822792	72	0	0	0.133322407878	119	0.131099151388	119	0.0715884802736	68	0.0501730003927	4	-0.0929515328423	6	0.442649588192	1	0.390481713914	0.390481713914	0.391670811908	0.297530181071	0.833131302106
M04_DY_TO_L:G808-E1407	M04_DY_TO_L	CORE13	DY	L	G808-E1407	ok	ol	0	f93v	f93v	G808-P0347	f93v.3	3	10	H	A	1	3	EXACT	0.19999086234	30	0.0516926948501	1	0.0508971090014	71	0	0	0.109778967725	102	0.107555711235	102	0.0722022123803	67	-0.305971029436	4	-0.013647648492	6	0	0	0.302580666192	0.302580666192	0.323885769571	0.2889330177	0.302580666192
M04_DY_TO_L:G808-E1428	M04_DY_TO_L	CORE13	DY	L	G808-E1428	ok	ol	0	f95r1	f95r	G808-P0353	f95r1.9	9	6	H	B	3	3	EXACT	-0.153987083135	28	0.219778541523	2	-0.0130371375988	72	0	0	-0.030377296701	102	-0.0326021060989	102	-0.01137032042	68	-0.0413868504245	4	0.167643752942	6	-0.222110578164	1	0.0527543207895	0.0527543207895	0.0544211379683	0.220398073731	-0.169356257374
M04_DY_TO_L:G808-E1445	M04_DY_TO_L	CORE13	DY	L	G808-E1445	ok	ol	0	f96r	f96r	G808-P0361	f96r.5	5	7	H	A	1	2	EXACT	0.25906875726	31	0.234354055321	1	0.0580399285801	72	0	0	0.134283704839	104	0.13206044835	104	0.0794516486999	68	-0.305971029436	4	-0.247645889159	6	0	0	0.55146274116	0.55146274116	0.57287446128	0.303816852001	0.55146274116
M04_DY_TO_L:G808-E1453	M04_DY_TO_L	CORE13	DY	L	G808-E1453	ok	eol	1	f99r	f99r	G808-P0363	f99r.17	17	5	P	A	1	3	EXACT	0.141732997928	11	0.29364623073	1	0.0761867709823	72	-0.0126408729365	1	0.118108288978	84	0.114910805028	85	0.0860806141592	68	-0.0920195312636	4	0.294660238141	6	-0.0281402414864	1	0.51156599964	0.498925126704	0.521459842817	0.806226237781	0.483425758154
M04_DY_TO_L:G808-E1457	M04_DY_TO_L	CORE13	DY	L	G808-E1457	ok	eol	1	f99r	f99r	G808-P0364	f99r.28	28	7	P	A	1	3	EXACT	-0.578875827204	1	-0.00256341654739	2	0.110890114103	72	0	0	0.140599423928	75	0.138531302053	75	0.119822291042	68	-0.0409678621064	4	0.0841300320522	6	0	0	-0.470549129648	-0.470549129648	-0.461616952709	-0.386419097596	-0.470549129648
M04_DY_TO_L:G808-E1466	M04_DY_TO_L	CORE13	DY	L	G808-E1466	ok	eol	1	f99r	f99r	G808-P0364	f99r.31	31	7	P	A	1	2	EXACT	-0.578875827204	1	-0.173184701181	1	0.0968642865562	72	0	0	0.12632672004	74	0.124258598165	74	0.119678955668	68	-0.290996056578	4	-0.235557880584	6	-0.00207169554932	1	-0.655196241828	-0.655196241828	-0.632381572717	-0.890754122412	-0.657267937378
M04_DY_TO_L:G808-E1471	M04_DY_TO_L	CORE13	DY	L	G808-E1471	ok	eol	1	f99r	f99r	G808-P0366	f99r.48	48	2	P	A	1	2	EXACT	0.0395853354801	13	-0.163719083295	1	0.0923841612102	72	0	0	0.110196226928	86	0.108128105053	86	0.0922986217131	68	0.0938273644232	4	-0.45339576468	6	0	0	-0.0317495866052	-0.0317495866052	-0.0318351261024	-0.485145351285	-0.0317495866052
M04_DY_TO_L:G808-E1476	M04_DY_TO_L	CORE13	DY	L	G808-E1476	ok	ol	0	f99v	f99v	G808-P0367	f99v.13	13	2	P	A	1	2	EXACT	0.0814572876477	16	0	0	0.11119552854	72	0	0	0.132415872314	88	0.130192615824	88	0.118007315934	68	-0.00461657313562	4	0.289641842739	6	0	0	0.192652816188	0.192652816188	0.199464603581	0.482294658926	0.192652816188
M04_DY_TO_L:G808-E1477	M04_DY_TO_L	CORE13	DY	L	G808-E1477	ok	eol	1	f99v	f99v	G808-P0368	f99v.22	22	7	P	A	1	3	EXACT	0.161314206848	6	-0.00612513147477	3	0.105611588703	72	0	0	0.142267724337	81	0.140044467848	81	0.114269190215	68	-0.0415793529859	4	-0.315107546409	6	0.322045077419	1	0.260800664077	0.260800664077	0.269458265589	-0.0543068823327	0.582845741496
M04_DY_TO_L:G808-E1482	M04_DY_TO_L	CORE13	DY	L	G808-E1482	ok	eol	1	f99v	f99v	G808-P0368	f99v.23	23	7	P	A	1	2	EXACT	0.161314206848	6	-0.158251247825	1	0.120919863036	72	0	0	0.157505931006	79	0.155282674516	79	0.131745540781	68	-0.0631283745965	4	-0.180297209867	6	0	0	0.12398282206	0.12398282206	0.134808499804	-0.0563143878071	0.12398282206
M04_DY_TO_L:G808-E1483	M04_DY_TO_L	CORE13	DY	L	G808-E1483	ok	ol	0	f99v	f99v	G808-P0368	f99v.24	24	3	P	A	1	2	EXACT	0.161314206848	6	0	0	0.111325422646	72	-0.176240829778	1	0.152421815115	78	0.146509819922	79	0.11991509363	68	-0.0347107000638	4	0.165584161067	6	-0.198308898697	1	0.272639629494	0.0963987997165	0.281229300478	0.438223790561	0.0743307307967
M04_DY_TO_L:G808-E1491	M04_DY_TO_L	CORE13	DY	L	G808-E1491	ok	eol	1	f99v	f99v	G808-P0370	f99v.39	39	6	P	A	1	2	EXACT	0.171613072225	4	-0.257519942329	1	0.0757716931242	72	0	0	0.115897083497	77	0.113673827008	77	0.0982264582171	68	-0.305971029436	4	-0.00821856156938	6	0	0	-0.0101351769794	-0.0101351769794	0.0123195881135	-0.0183537385488	-0.0101351769794
M04_DY_TO_L:G808-E1493	M04_DY_TO_L	CORE13	DY	L	G808-E1493	ok	ol	0	f99v	f99v	G808-P0370	f99v.42	42	4	P	A	1	2	EXACT	0.171613072225	4	0.147907813875	2	0.0959364730764	72	0.169890721964	1	0.140394790592	78	0.139016448263	79	0.092117795778	68	0.160842271169	4	-0.35717591208	6	0.172999295877	1	0.415457359176	0.585348081141	0.411638681878	0.0582814470962	0.588456655053
M04_DY_TO_L:G808-E1519	M04_DY_TO_L	CORE13	DY	L	G808-E1519	ot	eol	1	f102r1	f102r	G808-P0375	f102r1.8	8	6	P	A	1	2	EXACT	0.0880892757772	11	0	0	0.0771005884399	72	0.192925146702	1	0.10677473649	83	0.106492040816	84	0.0834490915509	68	-0.0308383323998	4	0.0812314100884	6	0.438557505692	1	0.165189864217	0.358115010919	0.171538367328	0.246421274306	0.603747369909
M04_DY_TO_L:G808-E1533	M04_DY_TO_L	CORE13	DY	L	G808-E1533	ot	eol	1	f102v1	f102v	G808-P0377	f102v1.14	14	4	P	A	1	2	EXACT	-0.00038465999898	31	0	0	0.110991682343	72	0	0	0.0907679773095	103	0.0889378880462	103	0.102231413965	68	0.259898084585	4	0.225842065386	6	0	0	0.110607022344	0.110607022344	0.101846753966	0.33644908773	0.110607022344
M04_DY_TO_L:G808-E1678	M04_DY_TO_L	CORE13	DY	L	G808-E1678	ot	eol	1	f105r	f105r	G808-P0442	f105r.19	19	2	S	B	3	3	EXACT	0.0323606930705	19	0.145641807749	2	-0.0215815890027	71	0	0	0.015501571209	92	0.0137407515571	92	-0.027564176398	67	0.0786104552095	4	0.00955823143014	6	-0.0589006164344	1	0.156420911817	0.156420911817	0.150438324422	0.165979143247	0.0975202953828
M04_DY_TO_L:G808-E1682	M04_DY_TO_L	CORE13	DY	L	G808-E1682	ot	ol	0	f105r	f105r	G808-P0442	f105r.21	21	7	S	B	3	3	EXACT	0.0323606930705	19	0	0	-0.00627956316364	71	-0.0217800262077	1	0.0243178760472	90	0.0224019305484	91	-0.00583711011864	67	-0.0137069463263	4	-0.164050744438	6	-0.0286977917259	1	0.0260811299068	0.00430110369912	0.0265235829518	-0.137969614531	-0.00261666181905
M04_DY_TO_L:G808-E1727	M04_DY_TO_L	CORE13	DY	L	G808-E1727	ot	ol	0	f106r	f106r	G808-P0464	f106r.18	18	4	S	B	3	3	EXACT	-0.166510380002	12	0.0467130546864	2	-0.0163422859158	72	-0.326487546532	2	-0.00802991234042	86	-0.0162760397721	88	-0.0271367638793	68	0.167146298585	4	0.106603532021	6	-0.343171907069	2	-0.136139611231	-0.462627157763	-0.146934089195	-0.0295360792105	-0.4793115183
M04_DY_TO_L:G808-E1757	M04_DY_TO_L	CORE13	DY	L	G808-E1757	ot	eol	1	f106v	f106v	G808-P0485	f106v.39	39	4	S	B	3	2	EXACT	-0.0553013157757	11	-0.204289682685	1	0.00352582932399	72	0	0	0.0216290825525	84	0.0200587963585	84	0.00910629716718	68	-0.0913577566633	4	0.0791450117678	6	0.150530402073	2	-0.256065169136	-0.256065169136	-0.250484701293	-0.176920157368	-0.105534767063
M04_DY_TO_L:G808-E1760	M04_DY_TO_L	CORE13	DY	L	G808-E1760	ot	ol	0	f106v	f106v	G808-P0487	f106v.44	44	10	S	B	3	3	EXACT	-0.121277322268	22	-0.167149772459	3	-0.0137787697904	72	-0.0688648198619	1	-0.0236120676936	97	-0.0253554737277	98	-0.00353037174747	68	-0.188017169173	4	0.124058174358	6	-0.0783050237757	1	-0.302205864517	-0.371070684379	-0.291957466474	-0.178147690159	-0.380510888293
M04_DY_TO_L:G808-E1792	M04_DY_TO_L	CORE13	DY	L	G808-E1792	ot	ol	0	f107v	f107v	G808-P0505	f107v.11	11	8	S	B	3	3	EXACT	-0.092448705533	24	0.103613654017	2	-0.00969701076447	72	0.00655368928111	3	-0.0101647514513	98	-0.0104335165722	101	-0.009039908442	68	-0.0208829824793	4	0.0891302185012	6	0.00289081309688	3	0.00146793771997	0.00802162700108	0.00212504004243	0.0905981562212	0.00435875081685
M04_DY_TO_L:G808-E1828	M04_DY_TO_L	CORE13	DY	L	G808-E1828	ot	ol	0	f108r	f108r	G808-P0518	f108r.5	5	12	S	B	3	3	EXACT	-0.138847060108	6	-0.095344070708	4	-0.0183980121181	72	0	0	0.00419213278502	82	0.00225247205909	82	-7.69364061557e-07	68	-0.331168783753	4	-0.446157326842	6	0	0	-0.252589142934	-0.252589142934	-0.23419190018	-0.698746469776	-0.252589142934
M04_DY_TO_L:G808-E0106	M04_DY_TO_L	CORE13	DY	L	G808-E0106	ot	ol	0	f10r	f10r	G808-P0035	f10r.8	8	3	H	A	1	2	EXACT	0.159440438823	21	0.253899079947	2	0.0701400193757	72	0	0	0.113477638575	95	0.111731086611	95	0.0710358735878	68	0.0548951385686	4	-0.033997116335	6	0	0	0.483479538145	0.483479538145	0.484375392357	0.44948242181	0.483479538145
M04_DY_TO_L:G808-E2021	M04_DY_TO_L	CORE13	DY	L	G808-E2021	ot	ol	0	f112v	f112v	G808-P0574	f112v.44	44	4	S	B	3	3	EXACT	-0.190872039247	10	0	0	0.00748505295513	72	-0.0779787192851	1	0.0142432774304	82	0.0116734018247	83	-0.000767898869676	68	0.147769807384	4	-0.0194948532549	6	-0.0747821323182	1	-0.183386986292	-0.261365705577	-0.191639938117	-0.202881839547	-0.25816911861
M04_DY_TO_L:G808-E2023	M04_DY_TO_L	CORE13	DY	L	G808-E2023	ot	eol	1	f112v	f112v	G808-P0575	f112v.45	45	5	S	B	3	3	EXACT	-0.0886926749003	18	-0.0552914321165	1	-0.00686910329773	72	0	0	-8.37194996452e-05	91	-0.00195040792517	91	-0.00199152935917	68	-0.0898032868462	4	0.186795332558	6	0	0	-0.150853210315	-0.150853210315	-0.145975636376	0.0359421222436	-0.150853210315
M04_DY_TO_L:G808-E2048	M04_DY_TO_L	CORE13	DY	L	G808-E2048	ot	eol	1	f113r	f113r	G808-P0586	f113r.30	30	2	S	B	3	3	EXACT	0.0522477421352	17	0.293082720613	1	0.00549224712646	72	0	0	0.0385967827004	90	0.0371863770318	90	0.00163531205828	68	0.0710453416734	4	-0.0514948644498	6	0	0	0.350822709875	0.350822709875	0.346965774806	0.299327845425	0.350822709875
M04_DY_TO_L:G808-E2060	M04_DY_TO_L	CORE13	DY	L	G808-E2060	ot	eol	1	f113v	f113v	G808-P0592	f113v.2	2	9	S	B	3	3	EXACT	-0.130415593682	13	-0.0497891569688	6	0.00698872944982	72	-0.0810532515854	1	0.00838280487846	91	0.00606309882823	92	0.00736293872512	68	0.00061228788303	4	0.181359269476	6	-0.0855762455497	1	-0.173216021201	-0.254269272787	-0.172841811926	0.00814324827508	-0.258792266751
M04_DY_TO_L:G808-E2065	M04_DY_TO_L	CORE13	DY	L	G808-E2065	ot	eol	1	f113v	f113v	G808-P0595	f113v.10	10	2	S	B	3	3	EXACT	-0.249230143337	10	-0.0589270958631	4	0.0265136199973	72	0	0	0.0179605751444	86	0.0162858155889	86	0.0238487973431	68	0.0718007212325	4	-0.0368643064921	6	0	0	-0.281643619203	-0.281643619203	-0.284308441857	-0.318507925695	-0.281643619203
M04_DY_TO_L:G808-E2075	M04_DY_TO_L	CORE13	DY	L	G808-E2075	ot	ol	0	f113v	f113v	G808-P0599	f113v.26	26	11	S	B	3	3	EXACT	-0.133221176696	10	-0.0466346370011	3	-0.00593796885034	72	-0.0136410382575	1	0.00528294603985	85	0.00373815153843	86	0.00523719248347	68	-0.195930595412	4	0.297452028369	6	-0.0437273752474	2	-0.185793782548	-0.199434820805	-0.174618621214	0.111658245821	-0.229521157795
M04_DY_TO_L:G808-E2085	M04_DY_TO_L	CORE13	DY	L	G808-E2085	ot	eol	1	f113v	f113v	G808-P0604	f113v.42	42	8	S	B	3	3	EXACT	-0.0755550316957	15	0.00269269715665	4	0.034603414341	72	0	0	0.0384576196556	91	0.0367828601002	91	0.0366020168452	68	0.00061228788303	4	-0.0595858801913	6	0.213360515264	2	-0.038258920198	-0.038258920198	-0.0362603176938	-0.0978448003893	0.175101595066
M04_DY_TO_L:G808-E2096	M04_DY_TO_L	CORE13	DY	L	G808-E2096	ot	ol	0	f114r	f114r	G808-P0611	f114r.16	16	13	S	B	3	3	EXACT	0.0323301430589	24	0.130781281019	2	0.00846438721744	72	0	0	0.0344491960014	98	0.0327043227704	98	0.0194256960401	68	-0.177894548465	4	-0.173075840357	6	-0.0168073297012	1	0.171575811295	0.171575811295	0.182537120118	-0.00150002906217	0.154768481594
M04_DY_TO_L:G808-E2114	M04_DY_TO_L	CORE13	DY	L	G808-E2114	ot	ol	0	f114v	f114v	G808-P0620	f114v.2	2	4	S	B	3	3	EXACT	-0.202333950687	18	0	0	-0.00396149731418	72	-0.14380789233	1	-0.0206396853498	90	-0.0236019818056	91	-0.0136528961036	68	0.160774494097	4	-0.13884579034	6	-0.138689627629	1	-0.206295448001	-0.350103340332	-0.215986846791	-0.345141238342	-0.34498507563
M04_DY_TO_L:G808-E2124	M04_DY_TO_L	CORE13	DY	L	G808-E2124	ot	ol	0	f114v	f114v	G808-P0623	f114v.11	11	7	S	B	3	3	EXACT	0.055635017832	12	0	0	0.028737938902	72	0	0	0.0607681931759	84	0.0587569243229	84	0.0375779611591	68	-0.121560227477	4	0.0936328307097	6	0	0	0.084372956734	0.084372956734	0.0932129789911	0.178005787444	0.084372956734
M04_DY_TO_L:G808-E0116	M04_DY_TO_L	CORE13	DY	L	G808-E0116	ot	ol	0	f11r	f11r	G808-P0039	f11r.6	6	5	H	A	1	3	EXACT	0.23989535233	7	0.26285346164	2	0.0518099798584	71	0	0	0.104911618817	80	0.103165066853	80	0.059897371119	67	-0.0836637951975	4	0.201362003905	6	0.169750395312	1	0.554558793829	0.554558793829	0.56264618509	0.755920797734	0.724309189141
M04_DY_TO_L:G808-E0125	M04_DY_TO_L	CORE13	DY	L	G808-E0125	ot	ol	0	f13v	f13v	G808-P0043	f13v.1	1	5	H	A	1	2	EXACT	-0.0277656583209	13	0	0	0.0675422292373	72	0	0	0.0791479579288	85	0.077401405965	85	0.0729060606737	68	-0.0236582643838	4	0.295438564169	6	0	0	0.0397765709164	0.0397765709164	0.0451404023528	0.335215135086	0.0397765709164
M04_DY_TO_L:G808-E0145	M04_DY_TO_L	CORE13	DY	L	G808-E0145	ot	ol	0	f16r	f16r	G808-P0051	f16r.8	8	5	H	A	1	2	EXACT	0.11147610979	18	0	0	0.0527655374675	72	-0.428718859361	1	0.0865574867479	90	0.0794929203701	91	0.0556696589627	68	0.00338011284714	4	0.263651254011	6	-0.425261247496	1	0.164241647258	-0.264477212103	0.167145768753	0.427892901269	-0.261019600239
M04_DY_TO_L:G808-E0173	M04_DY_TO_L	CORE13	DY	L	G808-E0173	ot	eol	1	f17v	f17v	G808-P0058	f17v.15	15	6	H	A	1	2	EXACT	0.173700431065	56	0	0	0.0865571310997	72	0.000806999907222	1	0.125876482038	128	0.123403321952	129	0.111073784492	68	-0.330241335765	4	0.192059725567	6	-0.0119319737451	2	0.260257562165	0.261064562072	0.284774215557	0.452317287732	0.24832558842
M04_DY_TO_L:G808-E0205	M04_DY_TO_L	CORE13	DY	L	G808-E0205	ot	ol	0	f20v	f20v	G808-P0068	f20v.2	2	7	H	A	1	2	EXACT	-0.0391232716346	14	0	0	0.0825824638678	72	0	0	0.0879475563837	86	0.0861524182271	86	0.0941949061214	68	-0.114844413645	4	-0.0242506103654	6	0	0	0.0434591922332	0.0434591922332	0.0550716344868	0.0192085818679	0.0434591922332
M04_DY_TO_L:G808-E0212	M04_DY_TO_L	CORE13	DY	L	G808-E0212	ot	ol	0	f21r	f21r	G808-P0071	f21r.5	5	5	H	A	1	2	EXACT	-0.0776357311329	9	0.00452824235279	1	0.0415032725317	72	0	0	0.0576770417064	82	0.0559304897426	82	0.0509623081342	68	-0.119315691914	4	0.0998631220407	6	0	0	-0.0316042162484	-0.0316042162484	-0.0221451806458	0.0682589057923	-0.0316042162484
M04_DY_TO_L:G808-E0240	M04_DY_TO_L	CORE13	DY	L	G808-E0240	ot	ol	0	f23v	f23v	G808-P0083	f23v.1	1	7	H	A	1	3	EXACT	-0.0424254206591	18	0.155610711168	1	0.0931649154018	72	-0.215122460613	1	0.0890274106069	91	0.0843155017215	92	0.0985304340324	68	0.00193573948046	4	-0.132767854384	6	-0.170662495844	2	0.206350205911	-0.00877225470175	0.211715724542	0.0735823515272	0.0356877100669
M04_DY_TO_L:G808-E0248	M04_DY_TO_L	CORE13	DY	L	G808-E0248	ot	ol	0	f23v	f23v	G808-P0084	f23v.10	10	6	H	A	1	2	EXACT	0.0172046053647	27	-0.296374412575	1	0.107357819464	71	0	0	0.0941293141616	99	0.0923827621978	99	0.11356484843	67	0.00338011284714	4	-0.0245078866249	6	0	0	-0.171811987746	-0.171811987746	-0.165604958781	-0.196319874371	-0.171811987746
M04_DY_TO_L:G808-E0255	M04_DY_TO_L	CORE13	DY	L	G808-E0255	ot	ol	0	f24v	f24v	G808-P0086	f24v.2	2	6	H	A	1	3	EXACT	0.200154630039	11	0	0	0.0932644853165	71	0	0	0.135436074289	82	0.133689522325	82	0.0987163524445	67	0.00193573948046	4	0.321354556594	6	0	0	0.293419115356	0.293419115356	0.298870982484	0.61477367195	0.293419115356
M04_DY_TO_L:G808-E0300	M04_DY_TO_L	CORE13	DY	L	G808-E0300	ot	ol	0	f28v	f28v	G808-P0097	f28v.5	5	1	H	A	1	2	EXACT	0.20460129484	8	0	0	0.0880228746695	72	0.496288526732	1	0.130511889445	80	0.133667975403	81	0.0899280523968	68	0.0556194941041	4	0.0480261580013	6	0.442146784582	1	0.29262416951	0.788912696242	0.294529347237	0.340650327511	0.734770954092
M04_DY_TO_L:G808-E0308	M04_DY_TO_L	CORE13	DY	L	G808-E0308	ot	ol	0	f29v	f29v	G808-P0102	f29v.8	8	1	H	A	1	2	EXACT	0.204399955182	19	-0.0790985780172	2	0.0688665338126	72	0	0	0.114563882352	93	0.112817330389	93	0.06964486796	68	0.0556194941041	4	-0.0190385801083	6	0	0	0.194167910978	0.194167910978	0.194946245125	0.175129330869	0.194167910978
M04_DY_TO_L:G808-E0326	M04_DY_TO_L	CORE13	DY	L	G808-E0326	ot	ol	0	f32r	f32r	G808-P0111	f32r.7	7	1	H	A	1	1	EXACT	0.0463941227716	17	0	0	0.0652455219124	72	-0.0418988654875	1	0.0844838614264	89	0.0816812462129	90	0.0729432925007	68	-0.0656319372905	4	0.0480261580013	6	-0.0480054462286	1	0.111639644684	0.0697407791965	0.119337415272	0.159665802685	0.0636341984554
M04_DY_TO_L:G808-E0343	M04_DY_TO_L	CORE13	DY	L	G808-E0343	ot	eol	1	f34r	f34r	G808-P0117	f34r.6	6	1	H	B	2	3	EXACT	-0.186797221711	29	0.295126775911	3	-0.0631725550145	72	0	0	-0.0727731594906	104	-0.0745383351307	104	-0.0702455996432	68	0.0570541600859	4	0.128929470641	6	0	0	0.0451569991855	0.0451569991855	0.0380839545568	0.174086469826	0.0451569991855
M04_DY_TO_L:G808-E0384	M04_DY_TO_L	CORE13	DY	L	G808-E0384	ot	eol	1	f38v	f38v	G808-P0135	f38v.1	1	4	H	A	1	3	EXACT	0.0371890302912	33	0.178397280611	2	0.105401636823	71	0.262408470718	1	0.097394082399	106	0.097482590461	107	0.102102961135	67	0.160644483156	4	-0.0566478427342	6	0.390453238671	1	0.320987947725	0.583396418443	0.317689272037	0.264340104991	0.711441186396
M04_DY_TO_L:G808-E0391	M04_DY_TO_L	CORE13	DY	L	G808-E0391	ot	eol	1	f39r	f39r	G808-P0138	f39r.16	16	1	H	B	2	2	EXACT	-0.1582261293	26	-0.0521839427019	1	-0.0190017897872	72	-0.146353268263	1	-0.0395296492208	99	-0.042044336301	100	-0.0235600720717	68	0.0584732886201	4	0.126808641436	6	0.262621828029	1	-0.229411861789	-0.375765130052	-0.233970144074	-0.102603220353	0.0332099662398
M04_DY_TO_L:G808-E0022	M04_DY_TO_L	CORE13	DY	L	G808-E0022	ot	eol	1	f3r	f3r	G808-P0007	f3r.16	16	1	H	A	1	2	EXACT	0.525929870915	4	0.646869072979	1	0.0907284922651	72	0.261046141263	1	0.153258491021	77	0.153338352444	78	0.0909219573018	68	0.0874243924519	4	-0.0675611302987	6	0.38904538371	1	1.26352743616	1.52457357742	1.2637209012	1.19596630586	1.65257281987
M04_DY_TO_L:G808-E0420	M04_DY_TO_L	CORE13	DY	L	G808-E0420	ot	ol	0	f42r	f42r	G808-P0149	f42r.10	10	5	H	A	1	2	EXACT	0.179780626773	26	0	0	0.0924024294651	72	0	0	0.131899483686	98	0.130152931722	98	0.102758362727	68	-0.0836637951975	4	-0.27222742614	6	0	0	0.272183056239	0.272183056239	0.282538989501	-4.43699012638e-05	0.272183056239
M04_DY_TO_L:G808-E0430	M04_DY_TO_L	CORE13	DY	L	G808-E0430	ot	ol	0	f42v	f42v	G808-P0151	f42v.2	2	9	H	A	1	3	EXACT	-0.00328482362224	25	-0.0474559276497	2	0.0777948225657	72	-0.428718859361	1	0.071774123216	99	0.0653360117708	100	0.0927162470109	68	-0.175884752204	4	0.267132967037	6	-0.425261247496	1	0.0270540712937	-0.401664788067	0.0419754957389	0.294187038331	-0.398207176203
M04_DY_TO_L:G808-E0450	M04_DY_TO_L	CORE13	DY	L	G808-E0450	ot	eol	1	f43v	f43v	G808-P0158	f43v.12	12	9	H	B	2	3	EXACT	0.0380542140123	26	-0.256982086811	2	-0.0370474713733	72	0.150877982702	2	-0.00535581757288	100	-0.00342980033316	102	-0.0310037323995	68	-0.139802193234	4	-0.140229346986	6	0.226693638186	2	-0.255975344172	-0.10509736147	-0.249931605198	-0.396204691158	-0.0292817059857
M04_DY_TO_L:G808-E0458	M04_DY_TO_L	CORE13	DY	L	G808-E0458	ot	ol	0	f44v	f44v	G808-P0162	f44v.1	1	6	H	A	1	2	EXACT	0.100770112273	4	0	0	0.07279933721	72	0	0	0.109262237154	76	0.107515685191	76	0.0769668806527	68	0.00193573948046	4	-0.261363782301	6	0	0	0.173569449483	0.173569449483	0.177736992926	-0.0877943328179	0.173569449483
M04_DY_TO_L:G808-E0465	M04_DY_TO_L	CORE13	DY	L	G808-E0465	ot	ol	0	f44v	f44v	G808-P0162	f44v.3	3	4	H	A	1	2	EXACT	0.100770112273	4	0	0	0.0803997872423	72	-0.266399725031	2	0.116462663501	76	0.105702640919	78	0.0828110446704	68	0.0393930517617	4	0.196259417991	6	-0.267242598393	2	0.181169899516	-0.085229825515	0.183581156944	0.377429317507	-0.0860726988774
M04_DY_TO_L:G808-E0512	M04_DY_TO_L	CORE13	DY	L	G808-E0512	ot	eol	1	f47v	f47v	G808-P0178	f47v.3	3	3	H	A	1	2	EXACT	0.217228618891	16	-0.0977803180841	1	0.0842950165989	72	0	0	0.129721211615	89	0.127974659651	89	0.0860235177064	68	0.0548951385686	4	-0.140677594658	6	-0.0281285592616	1	0.203743317406	0.203743317406	0.205471818513	0.0630657227483	0.175614758144
M04_DY_TO_L:G808-E0528	M04_DY_TO_L	CORE13	DY	L	G808-E0528	ot	eol	1	f48r	f48r	G808-P0180	f48r.8	8	3	H	B	5	2	EXACT	0.0185807862356	40	0.0288895661526	1	-0.0122604646103	72	0	0	0.00726413225275	113	0.00547830521319	113	-0.0159098762613	68	0.0497652186344	4	-0.145817417701	6	0	0	0.0352098877779	0.0352098877779	0.0315604761269	-0.110607529923	0.0352098877779
M04_DY_TO_L:G808-E0543	M04_DY_TO_L	CORE13	DY	L	G808-E0543	ot	ol	0	f49r	f49r	G808-P0185	f49r.14	14	5	H	A	1	2	EXACT	0.0313455576006	21	0	0	0.083902378054	72	-0.428718859361	1	0.0918183920081	93	0.0848675824174	94	0.0886380784072	68	0.00338011284714	4	0.289567246436	6	-0.237073609985	2	0.115247935655	-0.313470923706	0.119983636008	0.404815182091	-0.12182567433
M04_DY_TO_L:G808-E0552	M04_DY_TO_L	CORE13	DY	L	G808-E0552	ot	ol	0	f49v	f49v	G808-P0186	f49v.26	26	3	H	A	1	2	EXACT	0.0363471089201	24	-0.0977803180841	1	0.097113075686	72	0	0	0.0977232355675	97	0.0959766836037	97	0.0995955802693	68	0.0548951385686	4	-0.245109798216	6	0.390453238671	1	0.035679866522	0.035679866522	0.0381623711052	-0.209429931694	0.426133105193
M04_DY_TO_L:G808-E0602	M04_DY_TO_L	CORE13	DY	L	G808-E0602	ot	ol	0	f53r	f53r	G808-P0196	f53r.5	5	2	H	A	1	3	EXACT	-0.00328811925733	23	0.0916762371647	1	0.0535636146746	72	0	0	0.0586801325437	96	0.0569335805799	96	0.0514131296092	68	0.0901065015836	4	0.315555917185	6	0	0	0.141951732582	0.141951732582	0.139801247517	0.457507649767	0.141951732582
M04_DY_TO_L:G808-E0603	M04_DY_TO_L	CORE13	DY	L	G808-E0603	ot	ol	0	f53r	f53r	G808-P0196	f53r.9	9	1	H	A	1	2	EXACT	-0.00328811925733	23	0.387291044732	1	0.0662582325741	72	0	0	0.0712804168805	96	0.0695338649167	96	0.066883137237	68	0.0556194941041	4	0.0480261580013	6	0	0	0.450261158049	0.450261158049	0.450886062712	0.49828731605	0.450261158049
M04_DY_TO_L:G808-E0624	M04_DY_TO_L	CORE13	DY	L	G808-E0624	ot	ol	0	f55r	f55r	G808-P0200	f55r.13	13	4	H	B	2	2	EXACT	-0.0791177946025	39	-0.0358705158031	1	-0.00859254550866	72	-0.133446485505	1	-0.0245596313223	112	-0.0269924648768	113	-0.0114161311835	68	0.0393930517617	4	0.321354556594	6	0.166228957467	2	-0.123580855914	-0.257027341419	-0.126404441589	0.19777370068	0.0426481015526
M04_DY_TO_L:G808-E0660	M04_DY_TO_L	CORE13	DY	L	G808-E0660	ot	ol	0	f58v	f58v	G808-P0213	f58v.37	37	6	S	A	3	3	EXACT	-0.0716164205263	25	-0.132837438182	2	0.0265980404737	71	0	0	0.0166094452844	98	0.014610649611	98	0.035211743627	67	-0.11769055826	4	0.294242970795	6	0	0	-0.177855818235	-0.177855818235	-0.169242115081	0.116387152561	-0.177855818235
M04_DY_TO_L:G808-E0039	M04_DY_TO_L	CORE13	DY	L	G808-E0039	ot	ol	0	f5r	f5r	G808-P0015	f5r.2	2	9	H	A	1	3	EXACT	0.181755494463	12	-0.18453333674	1	0.0753095100676	72	0.217342380127	1	0.114221592925	85	0.11403722146	86	0.0990354287603	68	-0.328046378782	4	0.0996930492775	6	0.220775291367	1	0.0725316677906	0.289874047918	0.0962575864834	0.172224717068	0.293306959157
M04_DY_TO_L:G808-E0043	M04_DY_TO_L	CORE13	DY	L	G808-E0043	ot	ol	0	f5v	f5v	G808-P0017	f5v.4	4	3	H	A	1	3	EXACT	0.087334269461	13	0.125237696025	2	0.0837487818326	72	0	0	0.111213644036	87	0.109467092073	87	0.0808692756544	68	0.13268502766	4	-0.0342035249048	6	0	0	0.296320747319	0.296320747319	0.293441241141	0.262117222414	0.296320747319
M04_DY_TO_L:G808-E0046	M04_DY_TO_L	CORE13	DY	L	G808-E0046	ot	ol	0	f5v	f5v	G808-P0017	f5v.6	6	1	H	A	1	1	EXACT	0.087334269461	13	0	0	0.061451646587	72	0	0	0.0915923945211	85	0.0898458425573	85	0.0632993405367	68	0.0300254902398	4	0.0480261580013	6	0	0	0.148785916048	0.148785916048	0.150633609998	0.196812074049	0.148785916048
M04_DY_TO_L:G808-E0737	M04_DY_TO_L	CORE13	DY	L	G808-E0737	ot	ol	0	f75v	f75v	G808-P0230	f75v.68	68	4	B	B	2	2	EXACT	-0.358520291903	36	0	0	-0.0927878581222	72	0	0	-0.171811601403	108	-0.173277718426	108	-0.110968261597	68	0.216263290411	4	-0.131402318889	6	0	0	-0.451308150025	-0.451308150025	-0.4694885535	-0.582710468914	-0.451308150025
M04_DY_TO_L:G808-E0805	M04_DY_TO_L	CORE13	DY	L	G808-E0805	ot	eol	1	f76v	f76v	G808-P0237	f76v.21	21	2	B	B	2	3	EXACT	-0.266570809721	27	-0.0834411747828	2	-0.0728059103315	72	-0.0850552736094	1	-0.109035287156	101	-0.110236260338	102	-0.0825681240976	68	0.0931347927219	4	-0.233518455407	6	-0.0798034657507	1	-0.422817894835	-0.507873168445	-0.432580108601	-0.656336350243	-0.502621360586
M04_DY_TO_L:G808-E0818	M04_DY_TO_L	CORE13	DY	L	G808-E0818	ot	ol	0	f76v	f76v	G808-P0238	f76v.32	32	9	B	B	2	3	EXACT	-0.29859819935	36	0.19198859144	3	-0.103393808901	72	0	0	-0.148219342239	111	-0.149972794641	111	-0.0977853911429	68	-0.198753841754	4	0.0219811171268	6	0	0	-0.21000341681	-0.21000341681	-0.204394999052	-0.188022299683	-0.21000341681
M04_DY_TO_L:G808-E1001	M04_DY_TO_L	CORE13	DY	L	G808-E1001	ot	ol	0	f79v	f79v	G808-P0264	f79v.35	35	6	B	B	2	3	EXACT	-0.131795522755	19	-0.286661017791	2	-0.0978866521652	72	0.0207696852543	3	-0.0876250635431	93	-0.0849650422518	96	-0.0987865246695	68	-0.0826044423785	4	0.298742174016	6	0.0217846788647	3	-0.516343192711	-0.495573507457	-0.517243065216	-0.217601018696	-0.494558513847
M04_DY_TO_L:G808-E1012	M04_DY_TO_L	CORE13	DY	L	G808-E1012	ot	ol	0	f80r	f80r	G808-P0266	f80r.21	21	6	B	B	2	2	EXACT	-0.309769878625	80	-0.079989215484	2	-0.106402722116	72	-0.0229555194821	1	-0.217897412905	154	-0.218069335341	155	-0.107633758251	68	-0.0854910360096	4	-0.150551982428	6	-0.0190423845756	1	-0.496161816225	-0.519117335707	-0.49739285236	-0.646713798653	-0.515204200801
M04_DY_TO_L:G808-E1057	M04_DY_TO_L	CORE13	DY	L	G808-E1057	ot	ol	0	f80v	f80v	G808-P0278	f80v.41	41	6	B	B	2	3	EXACT	-0.24536583618	30	-0.173600471801	3	-0.0851669227676	72	-0.0921549420607	2	-0.119348385296	105	-0.120059362518	107	-0.0901860138846	68	0.000141876062023	4	-0.361297064586	6	-0.0975392967647	2	-0.504133230748	-0.596288172809	-0.509152321866	-0.865430295334	-0.601672527513
M04_DY_TO_L:G808-E1082	M04_DY_TO_L	CORE13	DY	L	G808-E1082	ot	eol	1	f81r	f81r	G808-P0280	f81r.26	26	3	B	B	2	2	EXACT	-0.266594814406	48	0	0	-0.0816366335334	72	-0.11897859306	2	-0.151176662196	120	-0.151875109335	122	-0.0896294143195	68	0.0542247428657	4	-0.0719473621236	6	-0.115114290697	2	-0.348231447939	-0.467210040999	-0.356224228725	-0.420178810063	-0.463345738636
M04_DY_TO_L:G808-E1243	M04_DY_TO_L	CORE13	DY	L	G808-E1243	ot	ol	0	f85r1	f85r	G808-P0310	f85r1.35	35	5	T	B	2	2	EXACT	0.233731966992	20	-0.210514148177	1	0.00923483587078	72	0	0	0.0760622521688	93	0.0743649975412	93	0.00902766992609	68	0.0127575499276	4	-0.0767317104635	6	0	0	0.0324526546864	0.0324526546864	0.0322454887417	-0.0442790557771	0.0324526546864
M04_DY_TO_L:G808-E1265	M04_DY_TO_L	CORE13	DY	L	G808-E1265	ot	ol	0	f86v5	f86v	G808-P0321	f86v5.5	5	3	T	B	2	3	EXACT	-0.160351577676	28	0.0864765627567	2	-0.0435248324945	72	-0.109772642457	2	-0.0525458555352	102	-0.0551819593822	104	-0.0530293159719	68	0.118035897184	4	0.0623454628805	6	-0.10996912449	2	-0.117399847414	-0.227172489871	-0.126904330892	-0.0550543845337	-0.227368971905
M04_DY_TO_L:G808-E1266	M04_DY_TO_L	CORE13	DY	L	G808-E1266	ot	ol	0	f86v5	f86v	G808-P0322	f86v5.7	7	5	T	B	2	3	EXACT	-0.038768575682	30	-0.0325968003876	1	-0.0249663349614	72	0	0	-0.0104994653429	103	-0.0128414066058	103	-0.0215338684017	68	-0.0833337559138	4	0.271029955271	6	0	0	-0.096331711031	-0.096331711031	-0.0928992444713	0.17469824424	-0.096331711031
M04_DY_TO_L:G808-E1297	M04_DY_TO_L	CORE13	DY	L	G808-E1297	ot	ol	0	f86v6	f86v	G808-P0328	f86v6.20	20	2	T	B	2	3	EXACT	-0.157301213454	50	0	0	-0.00830167828172	72	0	0	-0.0661761017068	122	-0.0685180429696	122	-0.0137438929642	68	0.0842004818828	4	0.199173224725	6	0	0	-0.165602891735	-0.165602891735	-0.171045106418	0.03357033299	-0.165602891735
M04_DY_TO_L:G808-E1310	M04_DY_TO_L	CORE13	DY	L	G808-E1310	ot	ol	0	f86v6	f86v	G808-P0329	f86v6.39	39	4	T	B	2	3	EXACT	-0.0713507595756	73	0.054489855715	3	-0.0529257342365	72	0.18282731494	2	-0.068195960754	148	-0.066631853907	150	-0.0660443957793	68	0.170076022555	4	0.178879225695	6	0.0994954320703	4	-0.069786638097	0.113040676843	-0.0829052996399	0.109092587598	0.0297087939732
M04_DY_TO_L:G808-E1325	M04_DY_TO_L	CORE13	DY	L	G808-E1325	ot	ol	0	f87v	f87v	G808-P0332	f87v.9	9	3	H	A	1	1	EXACT	0.186359452449	18	0	0	0.0569852944592	72	0	0	0.104909960873	90	0.103163408909	90	0.0610669104713	68	-0.0124175369481	4	0.192059725567	6	0	0	0.243344746908	0.243344746908	0.24742636292	0.435404472476	0.243344746908
M04_DY_TO_L:G808-E1350	M04_DY_TO_L	CORE13	DY	L	G808-E1350	ot	ol	0	f88v	f88v	G808-P0338	f88v.18	18	3	P	A	1	2	EXACT	0.211481852004	6	0	0	0.10062777894	72	0	0	0.140479268344	78	0.138782088437	78	0.103535013959	68	0.0511910301577	4	0.0804513082489	6	0	0	0.312109630943	0.312109630943	0.315016865963	0.392560939192	0.312109630943
M04_DY_TO_L:G808-E1355	M04_DY_TO_L	CORE13	DY	L	G808-E1355	ot	eol	1	f88v	f88v	G808-P0338	f88v.20	20	3	P	A	1	2	EXACT	0.211481852004	6	0	0	0.104912423379	72	0	0	0.14443432475	78	0.142737144843	78	0.110567791679	68	0.00875740883249	4	0.00804054761609	6	0	0	0.316394275383	0.316394275383	0.322049643683	0.324434822999	0.316394275383
M04_DY_TO_L:G808-E0077	M04_DY_TO_L	CORE13	DY	L	G808-E0077	ot	ol	0	f8v	f8v	G808-P0028	f8v.1	1	5	H	A	1	2	EXACT	0.140156915464	24	0	0	0.0792235722669	72	0.120922363021	1	0.112116073911	96	0.110783370643	97	0.0888042786353	68	-0.0836637951975	4	-0.359221120059	6	0.124379974886	1	0.219380487731	0.340302850752	0.228961194099	-0.139840632328	0.343760462616
M04_DY_TO_L:G808-E1390	M04_DY_TO_L	CORE13	DY	L	G808-E1390	ot	ol	0	f93r	f93r	G808-P0346	f93r.4	4	7	H	A	1	3	EXACT	0.207192282546	45	0.000530131224821	1	0.0556597776857	72	0	0	0.118914666955	118	0.117168114991	118	0.0692791406673	68	-0.175884752204	4	0.102643385631	6	0	0	0.263382191457	0.263382191457	0.277001554438	0.366025577088	0.263382191457
M04_DY_TO_L:G808-E1398	M04_DY_TO_L	CORE13	DY	L	G808-E1398	ot	eol	1	f93r	f93r	G808-P0346	f93r.11	11	2	H	A	1	2	EXACT	0.207192282546	45	-0.0531784721259	2	0.0817027927383	72	0	0	0.132918679769	119	0.131172127806	119	0.0812075534414	68	0.0901065015836	4	-0.236958247895	6	0.172154449015	1	0.235716603159	0.235716603159	0.235221363862	-0.00124164473598	0.407871052174
M04_DY_TO_L:G808-E1475	M04_DY_TO_L	CORE13	DY	L	G808-E1475	ot	ol	0	f99v	f99v	G808-P0367	f99v.12	12	4	P	A	1	3	EXACT	-0.0375975759866	13	0.0658686516737	1	0.086028246946	72	-0.243139717213	2	0.0931837860996	86	0.0845057234795	88	0.0816381530982	68	0.160644483156	4	-0.00128717017898	6	-0.239682105349	2	0.114299322633	-0.12884039458	0.109909228785	0.113012152454	-0.125382782716
M04_DY_TO_L:G808-E0100	M04_DY_TO_L	CORE13	DY	L	G808-E0100	ot	ol	0	f9v	f9v	G808-P0032	f9v.4	4	6	H	A	1	3	EXACT	0.382451667122	13	-0.0394718323107	1	0.054566000048	72	0	0	0.129114226795	86	0.127367674831	86	0.059166523885	68	-0.0236582643838	4	0.167357088946	6	0	0	0.397545834859	0.397545834859	0.402146358696	0.564902923806	0.397545834859
M04_DY_TO_L:G808-E1496	M04_DY_TO_L	CORE13	DY	L	G808-E1496	pch	eol	1	f100r	f100r	G808-P0371	f100r.12	12	1	P	A	1	3	EXACT	0.343687237696	12	-0.0645167118749	2	0.0916725489831	72	0	0	0.145810611825	86	0.144316498619	86	0.0985823769343	68	-0.0258021386826	4	0.119279400076	6	0	0	0.370843074805	0.370843074805	0.377752902756	0.490122474881	0.370843074805
M04_DY_TO_L:G808-E1529	M04_DY_TO_L	CORE13	DY	L	G808-E1529	pch	ol	0	f102v1	f102v	G808-P0377	f102v1.7	7	3	P	A	1	2	EXACT	0.0449209193233	31	0	0	0.0887236947679	72	-0.0679051165251	1	0.0869749272568	103	0.0841412772094	104	0.0882530921086	68	0.0967138066434	4	0.0959091039243	6	-0.0655464884156	1	0.133644614091	0.0657394975662	0.133174011432	0.229553718016	0.0680981256756
M04_DY_TO_L:G808-E1602	M04_DY_TO_L	CORE13	DY	L	G808-E1602	pch	ol	0	f103v	f103v	G808-P0407	f103v.30	30	4	S	B	3	2	EXACT	-0.0960646718666	13	0	0	0.0239477903731	72	0	0	0.0291737059514	85	0.0274932895466	85	0.0162688631005	68	0.15448156035	4	-0.47031485982	6	0	0	-0.0721168814936	-0.0721168814936	-0.0797958087661	-0.542431741314	-0.0721168814936
M04_DY_TO_L:G808-E1630	M04_DY_TO_L	CORE13	DY	L	G808-E1630	pch	ol	0	f104r	f104r	G808-P0421	f104r.34	34	1	S	B	3	3	EXACT	0.0434683682229	3	0.077794010503	4	-0.0208092275328	72	0	0	0.0142960116076	79	0.0127223576535	79	-0.0214989506553	68	-0.00909040759263	4	-0.283991270106	6	0	0	0.100453151193	0.100453151193	0.0997634280706	-0.183538118913	0.100453151193
M04_DY_TO_L:G808-E1719	M04_DY_TO_L	CORE13	DY	L	G808-E1719	pch	eol	1	f106r	f106r	G808-P0462	f106r.13	13	1	S	B	3	3	EXACT	0.25142461674	3	0.0173820436904	1	0.0181833728953	72	0	0	0.0589827069125	76	0.0574915969634	76	0.0215638763535	68	-0.039293099902	4	0.112923342889	6	0	0	0.286990033326	0.286990033326	0.290370536784	0.399913376214	0.286990033326
M04_DY_TO_L:G808-E2069	M04_DY_TO_L	CORE13	DY	L	G808-E2069	pch	eol	1	f113v	f113v	G808-P0596	f113v.15	15	8	S	B	3	3	EXACT	-0.0527509424326	29	-0.131749085901	2	-0.00970597179463	72	-0.0670494723193	1	-0.0125173158516	103	-0.0141801583814	104	-0.00762660703679	68	-0.0450620221113	4	0.167076703276	6	0.0559577759379	2	-0.194206000128	-0.261255472447	-0.19212663537	-0.0271292968518	-0.13824822419
M04_DY_TO_L:G808-E2073	M04_DY_TO_L	CORE13	DY	L	G808-E2073	pch	eol	1	f113v	f113v	G808-P0599	f113v.25	25	5	S	B	3	3	EXACT	0.0235200047655	10	-0.221395883213	1	-0.011167929622	72	-0.125528080588	1	0.0131047393579	83	0.0103667447788	84	-0.00702813294774	68	-0.0815513225178	4	0.0367447770064	6	-0.124096679933	1	-0.20904380807	-0.334571888658	-0.204904011395	-0.172299031063	-0.333140488002
M04_DY_TO_L:G808-E0302	M04_DY_TO_L	CORE13	DY	L	G808-E0302	pch	ol	0	f28v	f28v	G808-P0098	f28v.7	7	1	H	A	1	3	EXACT	-0.185860306229	11	0.0365537575972	4	0.0710748694053	72	0	0	0.0600389887994	87	0.0585448755939	87	0.076773069146	68	-0.0258021386826	4	-0.149292912002	6	0	0	-0.078231679227	-0.078231679227	-0.0725334794863	-0.227524591229	-0.078231679227
M04_DY_TO_L:G808-E0020	M04_DY_TO_L	CORE13	DY	L	G808-E0020	pch	eol	1	f3r	f3r	G808-P0006	f3r.11	11	1	H	A	1	1	EXACT	0.191203455593	9	0	0	0.10186365091	72	0	0	0.135234788962	81	0.133806116374	81	0.107108796472	68	0.012688729227	4	-0.135886570193	6	0	0	0.293067106503	0.293067106503	0.298312252065	0.157180536311	0.293067106503
M04_DY_TO_L:G808-E0597	M04_DY_TO_L	CORE13	DY	L	G808-E0597	pch	eol	1	f52v	f52v	G808-P0195	f52v.7	7	1	H	A	1	2	EXACT	0.266740080915	16	0.706601057789	1	0.0822733510604	72	0	0	0.142419517668	89	0.140925404463	89	0.095767312087	68	-0.147131598887	4	0.169344345842	6	0	0	1.05561448976	1.05561448976	1.06910845079	1.22495883561	1.05561448976
M04_DY_TO_L:G808-E0878	M04_DY_TO_L	CORE13	DY	L	G808-E0878	pch	eol	1	f77v	f77v	G808-P0246	f77v.29	29	6	B	B	2	3	EXACT	-0.207890931971	40	0.13391049098	1	-0.0789344997395	72	0.118182547202	2	-0.11528494731	113	-0.112274723082	115	-0.0812923547284	68	-0.0388594780456	4	0.183018788874	6	0.191596241455	2	-0.15291494073	-0.0347323935278	-0.155272795719	0.0301038481436	0.0386813007253
M04_DY_TO_L:G808-E1032	M04_DY_TO_L	CORE13	DY	L	G808-E1032	pch	eol	1	f80v	f80v	G808-P0271	f80v.6	6	3	B	B	2	2	EXACT	-0.392270429487	23	-0.090727323472	2	-0.0710404556886	72	0	0	-0.131661906202	97	-0.133246856497	97	-0.0842908533095	68	0.154208301419	4	-0.341247126868	6	0	0	-0.554038208648	-0.554038208648	-0.567288606269	-0.895285335516	-0.554038208648
M04_DY_TO_L:G808-E1132	M04_DY_TO_L	CORE13	DY	L	G808-E1132	pch	eol	1	f82v	f82v	G808-P0287	f82v.11	11	1	B	B	2	3	EXACT	-0.425701760132	18	0.10057720563	4	-0.0730118360229	72	-0.0223867173585	2	-0.114099936488	94	-0.113206106439	96	-0.0758591685753	68	-0.0246148712899	4	-0.0226207168612	6	-0.0261010278961	2	-0.398136390525	-0.420523107884	-0.400983723077	-0.420757107386	-0.424237418421
M04_DY_TO_L:G808-E1150	M04_DY_TO_L	CORE13	DY	L	G808-E1150	pch	eol	1	f82v	f82v	G808-P0291	f82v.38	38	1	B	B	2	1	EXACT	-0.192906954783	28	0	0	-0.0821173819248	72	0.196514745085	1	-0.0998595137915	100	-0.0982230644962	101	-0.0783426530026	68	-0.14629546226	4	-0.065421990863	6	0.196847394371	1	-0.275024336708	-0.0785095916223	-0.271249607785	-0.340446327571	-0.0781769423362
M04_DY_TO_L:G808-E1468	M04_DY_TO_L	CORE13	DY	L	G808-E1468	pch	ol	0	f99r	f99r	G808-P0365	f99r.41	41	4	P	A	1	3	EXACT	0.0409684034801	20	0.291820605376	1	0.0955844782195	72	0	0	0.102882602505	93	0.101539218091	93	0.0913422261699	68	0.167695602424	4	0.154874909251	6	0	0	0.428373487076	0.428373487076	0.424131235026	0.583248396327	0.428373487076
M04_DY_TO_L:G808-E1506	M04_DY_TO_L	CORE13	DY	L	G808-E1506	qok	eol	1	f100v	f100v	G808-P0373	f100v.15	15	9	P	A	1	3	EXACT	0.104140454489	25	-0.070480655724	3	0.0525813904414	72	0	0	0.0816439011729	100	0.0794082403227	100	0.0601645742562	68	-0.0763505673861	4	-0.274999543285	6	0.386820444818	1	0.0862411892065	0.0862411892065	0.0938243730213	-0.188758354078	0.473061634024
M04_DY_TO_L:G808-E1508	M04_DY_TO_L	CORE13	DY	L	G808-E1508	qok	eol	1	f100v	f100v	G808-P0373	f100v.17	17	3	P	A	1	2	EXACT	0.104140454489	25	0	0	0.0774067685061	72	0	0	0.104138008253	97	0.101902347403	97	0.0775019744	68	0.075770435335	4	-0.250932027217	6	0	0	0.181547222995	0.181547222995	0.181642428889	-0.0693848042218	0.181547222995
M04_DY_TO_L:G808-E1511	M04_DY_TO_L	CORE13	DY	L	G808-E1511	qok	eol	1	f100v	f100v	G808-P0373	f100v.18	18	10	P	A	1	3	EXACT	0.104140454489	25	-0.125515731579	2	0.066377743853	72	0	0	0.0918940797855	99	0.0896584189352	99	0.0764410976682	68	-0.104717103979	4	0.173911500464	6	-0.0525187663265	1	0.045002466763	0.045002466763	0.0550658205781	0.218913967227	-0.00751629956346
M04_DY_TO_L:G808-E1518	M04_DY_TO_L	CORE13	DY	L	G808-E1518	qok	ol	0	f102r1	f102r	G808-P0374	f102r1.5	5	9	P	A	1	2	EXACT	0.177062281878	4	-0.0177297623775	1	0.0931088005829	72	0	0	0.137014581997	77	0.134884656465	77	0.104252851065	68	-0.096356902148	4	-0.0881236628462	6	0.222201524949	1	0.252441320083	0.252441320083	0.263585370565	0.164317657237	0.474642845032
M04_DY_TO_L:G808-E1521	M04_DY_TO_L	CORE13	DY	L	G808-E1521	qok	eol	1	f102r1	f102r	G808-P0375	f102r1.9	9	3	P	A	1	2	EXACT	0.149163074426	8	0	0	0.0608946248531	72	0	0	0.10604638304	80	0.103916457507	80	0.0595680065805	68	0.0834302909505	4	0.10705460101	6	0.0323042826331	1	0.210057699279	0.210057699279	0.208731081007	0.31711230029	0.242361981912
M04_DY_TO_L:G808-E1531	M04_DY_TO_L	CORE13	DY	L	G808-E1531	qok	eol	1	f102v1	f102v	G808-P0377	f102v1.9	9	3	P	A	1	3	EXACT	0.0773162355911	24	0.153488501356	2	0.0798128525854	72	0	0	0.101344211442	98	0.0990137940563	98	0.0729589995409	68	0.196307205868	4	0.0273890353419	6	0	0	0.310617589533	0.310617589533	0.303763736488	0.338006624875	0.310617589533
M04_DY_TO_L:G808-E1548	M04_DY_TO_L	CORE13	DY	L	G808-E1548	qok	eol	1	f102v2	f102v	G808-P0380	f102v2.35	35	9	P	A	1	3	EXACT	0.024930256714	42	0	0	0.0770279959722	72	0	0	0.0661946147443	114	0.0638641973584	114	0.0892230369543	68	-0.130308849198	4	-0.374605754025	6	-0.131534826246	2	0.101958252686	0.101958252686	0.114153293668	-0.272647501338	-0.0295765735598
M04_DY_TO_L:G808-E1556	M04_DY_TO_L	CORE13	DY	L	G808-E1556	qok	eol	1	f103r	f103r	G808-P0383	f103r.11	11	10	S	B	3	3	EXACT	-0.151618753714	22	-0.161057235128	4	-0.0153396691526	72	0.0120747930586	1	-0.028539535169	98	-0.0300670084525	99	-0.00434554675088	68	-0.20225690522	4	0.112450573189	6	-0.00623525208462	1	-0.328015657995	-0.315940864936	-0.317021535593	-0.215565084806	-0.334250910079
M04_DY_TO_L:G808-E1557	M04_DY_TO_L	CORE13	DY	L	G808-E1557	qok	eol	1	f103r	f103r	G808-P0383	f103r.12	12	5	S	B	3	3	EXACT	-0.151618753714	22	0.301891758763	2	0.00585828788658	72	-0.0209372632954	1	-0.000723832315725	96	-0.00286063563357	97	0.0127759511382	68	-0.111759142631	4	0.0512280956661	6	-0.0184204302227	1	0.156131292935	0.135194029639	0.163048956186	0.207359388601	0.137710862712
M04_DY_TO_L:G808-E1562	M04_DY_TO_L	CORE13	DY	L	G808-E1562	qok	eol	1	f103r	f103r	G808-P0386	f103r.18	18	2	S	B	3	3	EXACT	-0.33064386552	10	-0.161609561218	1	0.028970288809	72	-0.0185335030167	1	0.0188075832081	83	0.0165058858722	84	0.0242132406848	68	0.109822951682	4	0.217038438854	6	-0.0393577806886	2	-0.463283137929	-0.481816640945	-0.468040186053	-0.246244699074	-0.502640918617
M04_DY_TO_L:G808-E1622	M04_DY_TO_L	CORE13	DY	L	G808-E1622	qok	ol	0	f104r	f104r	G808-P0413	f104r.9	9	3	S	B	3	2	EXACT	-0.0982993182845	31	0	0	0.0340146160617	72	0	0	0.00863808671483	103	0.00630631062746	103	0.0306326458394	68	0.0914911434375	4	0.0459809474705	6	-0.0530645502395	1	-0.0642847022229	-0.0642847022229	-0.0676666724452	-0.0183037547524	-0.117349252462
M04_DY_TO_L:G808-E1646	M04_DY_TO_L	CORE13	DY	L	G808-E1646	qok	eol	1	f104v	f104v	G808-P0428	f104v.13	13	4	S	B	3	3	EXACT	-0.184618556996	11	0.0512237457063	1	0.0559570363204	72	0.294746225745	1	0.0569031909704	84	0.0579251085304	85	0.0490359864707	68	0.173597012542	4	-0.189729780618	6	0.297551172178	1	-0.0774377749691	0.217308450776	-0.0843588248187	-0.267167555587	0.220113397209
M04_DY_TO_L:G808-E1652	M04_DY_TO_L	CORE13	DY	L	G808-E1652	qok	ol	0	f104v	f104v	G808-P0430	f104v.20	20	8	S	B	3	3	EXACT	0.0115493552482	10	0.100734166562	4	-0.000539585196287	72	-0.137470979985	1	0.0387122493915	86	0.0348997872519	87	0.00279620257996	68	-0.057265848615	4	0.297791477963	6	-0.134666033552	1	0.111743936614	-0.0257270433711	0.11507972439	0.409535414577	-0.0229220969379
M04_DY_TO_L:G808-E1711	M04_DY_TO_L	CORE13	DY	L	G808-E1711	qok	eol	1	f106r	f106r	G808-P0459	f106r.6	6	10	S	B	3	3	EXACT	-0.191113117411	13	0.151026819472	3	0.0102785953207	72	-0.0401257591746	1	0.0165813781435	88	0.0141520889614	89	0.017057997353	68	-0.104989340646	4	0.205537694209	6	-0.0382240068016	1	-0.029807702619	-0.0699334617936	-0.0230283005867	0.17572999159	-0.0680317094206
M04_DY_TO_L:G808-E1749	M04_DY_TO_L	CORE13	DY	L	G808-E1749	qok	ol	0	f106v	f106v	G808-P0480	f106v.24	24	4	S	B	3	3	EXACT	-0.115612853706	16	0.0159715458747	1	0.00401760730117	72	0	0	0.0102806535909	89	0.0083087493912	89	-0.00559194736935	68	0.167362188381	4	0.0904996125802	6	0	0	-0.0956237005299	-0.0956237005299	-0.1052332552	-0.00512408794975	-0.0956237005299
M04_DY_TO_L:G808-E1771	M04_DY_TO_L	CORE13	DY	L	G808-E1771	qok	eol	1	f107r	f107r	G808-P0493	f107r.21	21	7	S	B	3	3	EXACT	0.0952183563415	9	0.149501130824	3	0.0182784736496	72	0	0	0.0661401315859	84	0.0639714682975	84	0.0228222677529	68	-0.0589836836618	4	-0.0401161882296	6	0	0	0.262997960816	0.262997960816	0.267541754919	0.222881772586	0.262997960816
M04_DY_TO_L:G808-E1787	M04_DY_TO_L	CORE13	DY	L	G808-E1787	qok	ol	0	f107v	f107v	G808-P0504	f107v.8	8	4	S	B	3	2	EXACT	0.0172801581445	5	0	0	0.0360429487805	72	0	0	0.0749480144853	77	0.0728591732434	77	0.0280895713888	68	0.171231857169	4	-0.310906338507	6	-0.192164797584	1	0.053323106925	0.053323106925	0.0453697295333	-0.257583231582	-0.138841690659
M04_DY_TO_L:G808-E1803	M04_DY_TO_L	CORE13	DY	L	G808-E1803	qok	ol	0	f107v	f107v	G808-P0507	f107v.21	21	6	S	B	3	3	EXACT	-0.0663792217929	8	0.170344074424	4	-0.00586968656241	71	0	0	0.0323950127363	83	0.0303061714943	83	0.00032766030156	67	-0.109687248759	4	-0.356217866104	6	0	0	0.0980951660683	0.0980951660683	0.104292512932	-0.258122700036	0.0980951660683
M04_DY_TO_L:G808-E1819	M04_DY_TO_L	CORE13	DY	L	G808-E1819	qok	ol	0	f107v	f107v	G808-P0513	f107v.37	37	7	S	B	3	3	EXACT	-0.00481050441291	12	0	0	0.00723318203098	72	0	0	0.0374744904351	84	0.0353856491931	84	0.010847540967	68	-0.0542294271518	4	-0.0522621033808	6	-0.0118169369818	1	0.00242267761807	0.00242267761807	0.00603703655406	-0.0498394257627	-0.00939425936373
M04_DY_TO_L:G808-E1820	M04_DY_TO_L	CORE13	DY	L	G808-E1820	qok	ol	0	f107v	f107v	G808-P0513	f107v.38	38	6	S	B	3	3	EXACT	-0.00481050441291	12	-0.00606704554773	1	-0.0286032983871	72	-0.144980913729	2	0.00685974516006	85	0.0021607609765	87	-0.0200792619372	68	-0.173530425307	4	0.295260417354	6	-0.143118320271	2	-0.0394808483478	-0.184461762077	-0.0309568118978	0.255779569006	-0.182599168618
M04_DY_TO_L:G808-E0110	M04_DY_TO_L	CORE13	DY	L	G808-E0110	qok	ol	0	f10v	f10v	G808-P0037	f10v.6	6	6	H	A	1	3	EXACT	0.0689198272619	10	0	0	0.0742349896162	72	0	0	0.107348525529	82	0.105137056191	82	0.0837354304953	68	-0.0872903383033	4	0.0847737826538	6	0.025434005216	2	0.143154816878	0.143154816878	0.152655257757	0.227928599532	0.168588822094
M04_DY_TO_L:G808-E0111	M04_DY_TO_L	CORE13	DY	L	G808-E0111	qok	ol	0	f10v	f10v	G808-P0037	f10v.7	7	1	H	A	1	2	EXACT	0.0689198272619	10	0.203337276223	3	0.0786909747477	72	0	0	0.115250166539	85	0.1130386972	85	0.0799660059189	68	0.0569976118638	4	-0.0920156360726	6	-0.258536940105	1	0.350948078233	0.350948078233	0.352223109404	0.25893244216	0.0924111381273
M04_DY_TO_L:G808-E2057	M04_DY_TO_L	CORE13	DY	L	G808-E2057	qok	eol	1	f113r	f113r	G808-P0591	f113r.48	48	7	S	B	3	3	EXACT	-0.0286059817453	39	-0.100523527057	1	-0.00344910470829	72	0	0	-0.0030463586098	112	-0.00504401474532	112	0.00738634513319	68	-0.187669767862	4	0.157984348711	6	0	0	-0.13257861351	-0.13257861351	-0.121743163669	0.0254057352012	-0.13257861351
M04_DY_TO_L:G808-E2126	M04_DY_TO_L	CORE13	DY	L	G808-E2126	qok	ol	0	f114v	f114v	G808-P0624	f114v.15	15	6	S	B	3	3	EXACT	0.0323295212329	18	-0.0737917886252	2	-0.0165110753652	72	0	0	0.0183433541868	92	0.0158025129626	92	-0.0110093529141	68	-0.110060615633	4	0.0600046098918	6	0	0	-0.0579733427575	-0.0579733427575	-0.0524716203064	0.00203126713432	-0.0579733427575
M04_DY_TO_L:G808-E2129	M04_DY_TO_L	CORE13	DY	L	G808-E2129	qok	ol	0	f114v	f114v	G808-P0626	f114v.20	20	3	S	B	3	3	EXACT	0.49554762204	4	-0.200873360279	2	0.0106855468143	72	0.16519024701	1	0.0719286133537	78	0.071158587245	79	0.000537884911893	68	0.183175540557	4	0.0875082720123	6	0.201703323653	1	0.305359808576	0.470550055585	0.295212146673	0.392868080588	0.507063132228
M04_DY_TO_L:G808-E2150	M04_DY_TO_L	CORE13	DY	L	G808-E2150	qok	eol	1	f115r	f115r	G808-P0638	f115r.24	24	2	S	B	@	3	EXACT	0.0423980503916	22	0.113769512891	6	0.0296023978089	70	0.438999164727	2	0.0598272580191	98	0.0659967470849	100	0.0256776180974	66	0.0943606719438	4	-0.0460172288844	6	0.440895931869	2	0.185769961091	0.624769125818	0.18184518138	0.139752732207	0.62666589296
M04_DY_TO_L:G808-E2159	M04_DY_TO_L	CORE13	DY	L	G808-E2159	qok	ol	0	f115r	f115r	G808-P0644	f115r.42	42	4	S	B	@	3	EXACT	-0.0728316653961	18	0.0475115701473	2	-0.00211649331084	70	0	0	0.0105715214248	90	0.00833149670443	90	-0.0123094308557	66	0.166066385075	4	0.157170942584	6	0	0	-0.0274365885597	-0.0274365885597	-0.0376295261045	0.129734354024	-0.0274365885597
M04_DY_TO_L:G808-E0126	M04_DY_TO_L	CORE13	DY	L	G808-E0126	qok	ol	0	f13v	f13v	G808-P0043	f13v.2	2	2	H	A	1	2	EXACT	-0.0701674383181	12	0	0	0.0917155083567	72	0	0	0.100192842958	84	0.0979813736187	84	0.0908563194172	68	0.106303887353	4	-0.0768263866133	6	0	0	0.0215480700386	0.0215480700386	0.0206888810991	-0.0552783165748	0.0215480700386
M04_DY_TO_L:G808-E0146	M04_DY_TO_L	CORE13	DY	L	G808-E0146	qok	ol	0	f16r	f16r	G808-P0052	f16r.11	11	2	H	A	1	2	EXACT	-0.00937881530556	12	0	0	0.0843813372511	72	0	0	0.102590499583	84	0.100379030244	84	0.0830907264819	68	0.106303887353	4	0.0864739149768	6	0	0	0.0750025219456	0.0750025219456	0.0737119111763	0.161476436922	0.0750025219456
M04_DY_TO_L:G808-E0155	M04_DY_TO_L	CORE13	DY	L	G808-E0155	qok	ol	0	f17r	f17r	G808-P0056	f17r.4	4	3	H	A	1	3	EXACT	0.68913530752	7	0	0	0.0957715751091	72	0	0	0.18555211749	79	0.183340648151	79	0.0909139908725	68	0.178332674157	4	-0.134707566104	6	0	0	0.784906882629	0.784906882629	0.780049298392	0.650199316525	0.784906882629
M04_DY_TO_L:G808-E0214	M04_DY_TO_L	CORE13	DY	L	G808-E0214	qok	eol	1	f21r	f21r	G808-P0071	f21r.6	6	8	H	A	1	3	EXACT	0.0611865542833	8	0.320541069042	2	0.0324577498267	72	0	0	0.077947062191	82	0.0757355928521	82	0.037635707736	68	-0.0555853676068	4	-0.574623520464	6	0.0693321851681	1	0.414185373152	0.414185373152	0.419363331062	-0.160438147312	0.483517558321
M04_DY_TO_L:G808-E0225	M04_DY_TO_L	CORE13	DY	L	G808-E0225	qok	ol	0	f22r	f22r	G808-P0074	f22r.3	3	1	H	A	1	3	EXACT	-0.0880723504996	12	0.296302867953	2	0.120400875326	72	0	0	0.126757987087	86	0.124546517748	86	0.12412943006	68	0.0569976118638	4	-0.00575288544971	6	0	0	0.328631392779	0.328631392779	0.332359947514	0.32287850733	0.328631392779
M04_DY_TO_L:G808-E0230	M04_DY_TO_L	CORE13	DY	L	G808-E0230	qok	ol	0	f22r	f22r	G808-P0077	f22r.10	10	7	H	A	1	3	EXACT	0.146238759882	14	-0.181319794377	1	0.0654277452762	72	-0.0311597747506	2	0.105042405786	87	0.100668955603	89	0.0791700825422	68	-0.168209821221	4	-0.0785265189363	6	-0.0475297697186	2	0.0303467107815	-0.000813063969155	0.0440890480475	-0.0481798081548	-0.0171830589371
M04_DY_TO_L:G808-E0233	M04_DY_TO_L	CORE13	DY	L	G808-E0233	qok	ol	0	f22v	f22v	G808-P0079	f22v.8	8	3	H	A	1	2	EXACT	0.382581565866	17	0	0	0.0859532230117	72	-0.163777551876	2	0.169244774028	89	0.160593122427	91	0.0877094146462	68	0.0560801322505	4	0.293215855742	6	-0.161634996364	2	0.468534788878	0.304757237002	0.470290980512	0.761750644619	0.306899792514
M04_DY_TO_L:G808-E0245	M04_DY_TO_L	CORE13	DY	L	G808-E0245	qok	ol	0	f23v	f23v	G808-P0084	f23v.7	7	5	H	A	1	3	EXACT	-0.0375747213053	26	-0.127416424304	1	0.067936802185	71	-0.275554437042	1	0.0566535755985	98	0.0514904498993	99	0.0785458482245	67	-0.109776284466	4	-0.0441733728663	6	-0.27341188153	1	-0.0970543434247	-0.372608780467	-0.0864452973852	-0.141227716291	-0.370466224954
M04_DY_TO_L:G808-E0252	M04_DY_TO_L	CORE13	DY	L	G808-E0252	qok	eol	1	f24r	f24r	G808-P0085	f24r.8	8	6	H	A	1	2	EXACT	0.0273455532525	46	-0.0182022143758	1	0.0339528422693	71	0.226835012599	1	0.0368266156749	118	0.0365479398645	119	0.0542746809334	67	-0.306449520844	4	0.217625089938	6	0.472099378215	1	0.043096181146	0.269931193745	0.0634180198102	0.260721271084	0.515195559361
M04_DY_TO_L:G808-E0292	M04_DY_TO_L	CORE13	DY	L	G808-E0292	qok	ol	0	f28r	f28r	G808-P0095	f28r.6	6	6	H	A	1	3	EXACT	0.149081613133	24	0	0	0.0874660055881	72	-0.113520825705	1	0.123412312219	96	0.119170542829	97	0.0977447415243	68	-0.0872903383033	4	0.0847737826538	6	0.0317225734478	1	0.236547618721	0.123026793016	0.246826354657	0.321321401374	0.268270192168
M04_DY_TO_L:G808-E0016	M04_DY_TO_L	CORE13	DY	L	G808-E0016	qok	ol	0	f3r	f3r	G808-P0005	f3r.5	5	1	H	A	1	2	EXACT	0.27662291827	13	0	0	0.0891159930638	72	0.259032814422	1	0.146843559837	85	0.146439557236	86	0.0890704901724	68	0.0898735959917	4	0.165023389826	6	0.385710815752	1	0.365738911334	0.624771725756	0.365693408442	0.530762301159	0.751449727086
M04_DY_TO_L:G808-E0396	M04_DY_TO_L	CORE13	DY	L	G808-E0396	qok	ol	0	f40r	f40r	G808-P0141	f40r.4	4	5	H	B	2	3	EXACT	-0.0173359226293	32	-0.0804335734423	3	-0.0438104680831	72	0.099253833978	1	-0.0221745270435	107	-0.0228909646346	108	-0.0399485324777	68	-0.109481244481	4	0.206558340589	6	0.0298304286584	2	-0.141579964155	-0.0423261301767	-0.137718028549	0.0649783764344	-0.111749535496
M04_DY_TO_L:G808-E0399	M04_DY_TO_L	CORE13	DY	L	G808-E0399	qok	ol	0	f40v	f40v	G808-P0143	f40v.7	7	2	H	B	2	2	EXACT	-0.0481571722709	20	0.228487094999	1	-0.0184812342027	72	0.261251638696	1	0.001756017717	93	0.00276204179604	94	-0.0189875088767	68	-0.0098924166929	4	0.0752431003552	6	0.387900900212	1	0.161848688526	0.423100327221	0.161342413852	0.237091788881	0.549749588738
M04_DY_TO_L:G808-E0400	M04_DY_TO_L	CORE13	DY	L	G808-E0400	qok	ol	0	f40v	f40v	G808-P0143	f40v.11	11	2	H	B	2	2	EXACT	-0.0481571722709	20	0	0	-0.0253476123953	72	0	0	-0.00630757254489	92	-0.00847994543396	92	-0.0262577916688	68	-0.0098924166929	4	-0.111434727782	6	0	0	-0.0735047846662	-0.0735047846662	-0.0744149639397	-0.184939512448	-0.0735047846662
M04_DY_TO_L:G808-E0443	M04_DY_TO_L	CORE13	DY	L	G808-E0443	qok	ol	0	f43r	f43r	G808-P0155	f43r.12	12	3	H	B	2	3	EXACT	-0.222158586156	14	0.122203652796	4	-0.0451921775822	72	0	0	-0.0361556747462	90	-0.0383517276976	90	-0.0584597778257	68	0.1803373855	4	-0.547033775408	6	0	0	-0.145147110942	-0.145147110942	-0.158414711185	-0.692180886349	-0.145147110942
M04_DY_TO_L:G808-E0474	M04_DY_TO_L	CORE13	DY	L	G808-E0474	qok	ol	0	f45r	f45r	G808-P0165	f45r.2	2	4	H	A	1	3	EXACT	-0.0702896591859	16	0.274757168989	2	0.0754860144763	72	-0.0459105012453	1	0.0814324329521	90	0.0782610855778	91	0.0697992645782	68	0.172142929769	4	-0.169060712174	6	-0.122938677965	2	0.279953524279	0.234043023034	0.274266774381	0.110892812105	0.157014846314
M04_DY_TO_L:G808-E0483	M04_DY_TO_L	CORE13	DY	L	G808-E0483	qok	ol	0	f46r	f46r	G808-P0170	f46r.3	3	8	H	B	2	3	EXACT	-0.102529722533	21	0.218655346808	4	-0.0506308573694	70	0.0608724289068	1	-0.0278115154309	95	-0.0287110924359	96	-0.0502329404179	66	-0.0572016473119	4	0.212422695604	6	0.180924137317	2	0.0654947669057	0.126367195812	0.0658926838572	0.277917462509	0.246418904223
M04_DY_TO_L:G808-E0526	M04_DY_TO_L	CORE13	DY	L	G808-E0526	qok	eol	1	f48r	f48r	G808-P0180	f48r.7	7	2	H	B	5	3	EXACT	0.0233405722971	32	-0.18824038069	2	-0.00465868268389	72	0	0	0.0149855028869	106	0.0127241975232	106	-0.0109522053702	68	0.102314446379	4	0.0991897187089	6	0	0	-0.169558491077	-0.169558491077	-0.175852013763	-0.0703687723683	-0.169558491077
M04_DY_TO_L:G808-E0551	M04_DY_TO_L	CORE13	DY	L	G808-E0551	qok	eol	1	f49v	f49v	G808-P0186	f49v.26	26	1	H	A	1	2	EXACT	0.0382139835847	24	0.596545990961	1	0.101541106304	72	0	0	0.111522263311	97	0.109310793972	97	0.104160262861	68	0.0569976118638	4	-0.206504042493	6	0	0	0.73630108085	0.73630108085	0.738920237407	0.529797038357	0.73630108085
M04_DY_TO_L:G808-E0564	M04_DY_TO_L	CORE13	DY	L	G808-E0564	qok	ol	0	f50v	f50v	G808-P0190	f50v.1	1	7	H	B	2	3	EXACT	-0.159896003132	37	0	0	-0.0375380277216	72	0	0	-0.0678607867579	109	-0.0700699079559	109	-0.029835401331	68	-0.168500532592	4	-0.160332677122	6	0	0	-0.197434030853	-0.197434030853	-0.189731404463	-0.357766707976	-0.197434030853
M04_DY_TO_L:G808-E0573	M04_DY_TO_L	CORE13	DY	L	G808-E0573	qok	eol	1	f51r	f51r	G808-P0191	f51r.10	10	4	H	A	1	2	EXACT	0.16572233069	28	0	0	0.0812134113136	72	-0.0344414043368	1	0.122761346007	100	0.119261018282	101	0.081495122903	68	0.0764066458653	4	0.0634643101529	6	-0.0308767188486	1	0.246935742004	0.212494337667	0.247217453593	0.310400052157	0.216059023155
M04_DY_TO_L:G808-E0575	M04_DY_TO_L	CORE13	DY	L	G808-E0575	qok	ol	0	f51r	f51r	G808-P0191	f51r.11	11	3	H	A	1	2	EXACT	0.16572233069	28	0	0	0.0664349328461	72	0	0	0.112120841511	100	0.109751913357	100	0.0705547322188	68	-0.00361932491991	4	0.00607486438382	6	0	0	0.232157263536	0.232157263536	0.236277062909	0.23823212792	0.232157263536
M04_DY_TO_L:G808-E0578	M04_DY_TO_L	CORE13	DY	L	G808-E0578	qok	ol	0	f51r	f51r	G808-P0191	f51r.15	15	1	H	A	1	2	EXACT	0.16572233069	28	-0.0167473548441	2	0.0906054630869	72	0	0	0.127117318569	102	0.124748390415	102	0.0951795149845	68	0.0128289123985	4	0.129458005348	6	0	0	0.239580438933	0.239580438933	0.244154490831	0.369038444281	0.239580438933
M04_DY_TO_L:G808-E0579	M04_DY_TO_L	CORE13	DY	L	G808-E0579	qok	ol	0	f51v	f51v	G808-P0192	f51v.2	2	3	H	A	1	3	EXACT	0.186942822053	34	-0.0743181733477	1	0.0728615449681	72	0	0	0.121580280004	107	0.11930370072	107	0.0724381157013	68	0.0800420095294	4	0.304484623693	6	0	0	0.185486193673	0.185486193673	0.185062764406	0.489970817367	0.185486193673
M04_DY_TO_L:G808-E0581	M04_DY_TO_L	CORE13	DY	L	G808-E0581	qok	ol	0	f51v	f51v	G808-P0192	f51v.5	5	3	H	A	1	3	EXACT	0.186942822053	34	0.503365190241	2	0.0759071502321	72	0	0	0.132691070202	108	0.130414490917	108	0.0710697367761	68	0.158125346009	4	0.236419576355	6	0	0	0.766215162526	0.766215162526	0.76137774907	1.00263473888	0.766215162526
M04_DY_TO_L:G808-E0608	M04_DY_TO_L	CORE13	DY	L	G808-E0608	qok	ol	0	f53v	f53v	G808-P0197	f53v.4	4	1	H	A	1	2	EXACT	0.237576200477	27	-0.0410650250329	1	0.0838113269538	72	0	0	0.142371061503	100	0.140154718733	100	0.0848544480752	68	0.0660605227955	4	0.0669265614105	6	0	0	0.280322502398	0.280322502398	0.281365623519	0.347249063809	0.280322502398
M04_DY_TO_L:G808-E0651	M04_DY_TO_L	CORE13	DY	L	G808-E0651	qok	eol	1	f58v	f58v	G808-P0210	f58v.3	3	4	S	A	3	3	EXACT	0.0298294986268	80	-0.0804570671569	1	0.012618023774	71	0	0	0.0117602622752	152	0.00933955907075	152	0.00188631237593	67	0.192363486857	4	0.242669330048	6	0	0	-0.0380095447561	-0.0380095447561	-0.0487412561541	0.204659785292	-0.0380095447561
M04_DY_TO_L:G808-E0656	M04_DY_TO_L	CORE13	DY	L	G808-E0656	qok	eol	1	f58v	f58v	G808-P0211	f58v.25	25	4	S	A	3	3	EXACT	-0.0294418010347	29	0.00664922208823	1	0.0332630375301	71	0.277576669916	1	0.0326768555914	101	0.0330850103809	102	0.0237638642667	67	0.192363486857	4	0.17682453909	6	0.279632861701	1	0.0104704585837	0.2880471285	0.000971285320285	0.187294997674	0.290103320285
M04_DY_TO_L:G808-E0684	M04_DY_TO_L	CORE13	DY	L	G808-E0684	qok	ol	0	f66r	f66r	G808-P0218	f66r.80	80	8	T	B	5	3	EXACT	-0.0746972890692	44	-0.0421745152177	2	-0.0169375625536	71	0	0	-0.0320169649191	117	-0.0342686675875	117	-0.0127704632862	67	-0.0867534146873	4	-0.0439919821247	6	0	0	-0.133809366841	-0.133809366841	-0.129642267573	-0.177801348965	-0.133809366841
M04_DY_TO_L:G808-E0691	M04_DY_TO_L	CORE13	DY	L	G808-E0691	qok	ol	0	f66v	f66v	G808-P0220	f66v.8	8	4	H	B	5	2	EXACT	0.448734499798	7	0	0	0.022985162332	72	0	0	0.0968122406011	79	0.0946969058337	79	0.0137237344199	68	0.180411713746	4	0.0575677909918	6	0	0	0.47171966213	0.47171966213	0.462458234218	0.529287453122	0.47171966213
M04_DY_TO_L:G808-E0734	M04_DY_TO_L	CORE13	DY	L	G808-E0734	qok	ol	0	f75v	f75v	G808-P0229	f75v.59	59	2	B	B	2	1	EXACT	-0.162826258653	4	0	0	-0.0637319384006	71	-0.421013598213	1	-0.0304604784528	75	-0.0371611510071	76	-0.0728781241139	67	0.0894549546453	4	0.0833132987377	6	-0.419009718948	1	-0.226558197053	-0.647571795266	-0.235704382767	-0.143244898316	-0.645567916001
M04_DY_TO_L:G808-E0791	M04_DY_TO_L	CORE13	DY	L	G808-E0791	qok	ol	0	f76v	f76v	G808-P0236	f76v.12	12	9	B	B	2	3	EXACT	-0.405075565516	15	0.129394964836	2	-0.0888506237297	72	0	0	-0.108590636653	89	-0.110727306691	89	-0.0885288041719	68	-0.0943407544705	4	-0.0936981324378	6	0	0	-0.36453122441	-0.36453122441	-0.364209404852	-0.458229356847	-0.36453122441
M04_DY_TO_L:G808-E0808	M04_DY_TO_L	CORE13	DY	L	G808-E0808	qok	ol	0	f76v	f76v	G808-P0237	f76v.23	23	4	B	B	2	2	EXACT	-0.357437705076	18	0	0	-0.0803875459904	72	0.105926723465	1	-0.109914875096	90	-0.109246136287	91	-0.0956819859079	68	0.179598734347	4	-0.27089571731	6	0.0350208359293	1	-0.437825251066	-0.331898527601	-0.453119690984	-0.708720968376	-0.402804415137
M04_DY_TO_L:G808-E0828	M04_DY_TO_L	CORE13	DY	L	G808-E0828	qok	ol	0	f77r	f77r	G808-P0241	f77r.9	9	3	B	B	2	2	EXACT	-0.266939688218	50	0	0	-0.0787990027736	72	-0.195510514644	1	-0.151947235909	122	-0.154104200192	123	-0.093864837155	68	0.177301595844	4	-0.131616458419	6	-0.110296033561	2	-0.345738690992	-0.541249205636	-0.360804525373	-0.47735514941	-0.456034724553
M04_DY_TO_L:G808-E0830	M04_DY_TO_L	CORE13	DY	L	G808-E0830	qok	ol	0	f77r	f77r	G808-P0241	f77r.10	10	6	B	B	2	3	EXACT	-0.266939688218	50	-0.0654314588886	2	-0.112299567414	72	-0.100914314956	2	-0.169717006847	124	-0.170132447269	126	-0.115303309212	68	-0.0612545427025	4	-0.0480105159079	6	-0.114396270512	2	-0.444670714521	-0.545585029477	-0.447674456319	-0.492681230429	-0.559066985033
M04_DY_TO_L:G808-E0854	M04_DY_TO_L	CORE13	DY	L	G808-E0854	qok	ol	0	f77r	f77r	G808-P0242	f77r.36	36	7	B	B	2	2	EXACT	-0.36275748964	42	0	0	-0.0918057881415	72	-0.393879850715	1	-0.183568297859	114	-0.187178319561	115	-0.0913012361894	68	-0.100401757193	4	0.0451648436711	6	-0.392040059253	1	-0.454563277781	-0.848443128496	-0.454058725829	-0.40939843411	-0.846603337034
M04_DY_TO_L:G808-E0908	M04_DY_TO_L	CORE13	DY	L	G808-E0908	qok	ol	0	f78r	f78r	G808-P0247	f78r.12	12	3	B	B	2	2	EXACT	-0.261308229437	45	-0.0893583616165	1	-0.0922079728669	72	0	0	-0.150805877399	118	-0.152652003305	118	-0.101968909174	68	0.0737092674289	4	-0.164478539377	6	0	0	-0.442874563921	-0.442874563921	-0.452635500227	-0.607353103297	-0.442874563921
M04_DY_TO_L:G808-E0915	M04_DY_TO_L	CORE13	DY	L	G808-E0915	qok	ol	0	f78r	f78r	G808-P0247	f78r.16	16	1	B	B	2	2	EXACT	-0.261308229437	45	-0.0873640604181	1	-0.073633270263	72	0	0	-0.139455259698	118	-0.141301385605	118	-0.0823741956466	68	0.0749437843392	4	0.172324715942	6	0	0	-0.422305560118	-0.422305560118	-0.431046485502	-0.249980844176	-0.422305560118
M04_DY_TO_L:G808-E0964	M04_DY_TO_L	CORE13	DY	L	G808-E0964	qok	ol	0	f79r	f79r	G808-P0252	f79r.8	8	1	B	B	2	3	EXACT	-0.198691915439	27	0.0568499543961	2	-0.0946146460242	72	-0.14264321027	1	-0.100886066737	101	-0.10296841725	102	-0.103664833214	68	0.0592189203551	4	0.249977213475	6	0.263835050423	1	-0.236456607067	-0.379099817337	-0.245506794257	0.0135206064082	0.0273784433561
M04_DY_TO_L:G808-E0985	M04_DY_TO_L	CORE13	DY	L	G808-E0985	qok	ol	0	f79r	f79r	G808-P0258	f79r.39	39	2	B	B	2	2	EXACT	-0.259877678077	22	-0.0685953065911	1	-0.0859135861596	72	0	0	-0.103462446097	95	-0.105503991624	95	-0.0983912984269	68	0.126187906529	4	0.116270524852	6	0	0	-0.414386570828	-0.414386570828	-0.426864283095	-0.298116045976	-0.414386570828
M04_DY_TO_L:G808-E0997	M04_DY_TO_L	CORE13	DY	L	G808-E0997	qok	ol	0	f79v	f79v	G808-P0262	f79v.23	23	6	B	B	2	3	EXACT	-0.265522086821	18	0.107810004354	1	-0.0945095937195	72	0	0	-0.10038145153	91	-0.102569270414	91	-0.0949760448562	68	-0.0865980206099	4	0.197398905186	6	-0.162491441091	2	-0.252221676187	-0.252221676187	-0.252688127324	-0.054822771001	-0.414713117278
M04_DY_TO_L:G808-E1036	M04_DY_TO_L	CORE13	DY	L	G808-E1036	qok	ol	0	f80v	f80v	G808-P0272	f80v.7	7	3	B	B	2	2	EXACT	-0.418320598664	27	0	0	-0.0830513286058	72	0	0	-0.156093864715	99	-0.158361999992	99	-0.0929901189985	68	0.0858899553374	4	0.0762975592828	6	0	0	-0.501371927269	-0.501371927269	-0.511310717662	-0.425074367987	-0.501371927269
M04_DY_TO_L:G808-E1040	M04_DY_TO_L	CORE13	DY	L	G808-E1040	qok	ol	0	f80v	f80v	G808-P0272	f80v.12	12	6	B	B	2	2	EXACT	-0.418320598664	27	-0.0638122295794	2	-0.0988619952199	72	0	0	-0.16510485939	101	-0.167372994667	101	-0.0946597581059	68	-0.170318178891	4	-0.387176768215	6	-0.219844532183	1	-0.580994823463	-0.580994823463	-0.576792586349	-0.968171591677	-0.800839355646
M04_DY_TO_L:G808-E1060	M04_DY_TO_L	CORE13	DY	L	G808-E1060	qok	ol	0	f80v	f80v	G808-P0278	f80v.42	42	7	B	B	2	3	EXACT	-0.240984685849	29	-0.027793762793	5	-0.0782681617069	72	0	0	-0.103296387891	106	-0.105564523168	106	-0.079534956339	68	-0.0567508056956	4	-0.215102725354	6	-0.0699948556696	1	-0.347046610349	-0.347046610349	-0.348313404981	-0.562149335703	-0.417041466018
M04_DY_TO_L:G808-E1061	M04_DY_TO_L	CORE13	DY	L	G808-E1061	qok	ol	0	f81r	f81r	G808-P0279	f81r.2	2	4	B	B	2	2	EXACT	-0.325894536804	38	0	0	-0.0789087644758	72	-0.0412112792281	1	-0.15362963658	110	-0.154469981239	111	-0.0934236760812	68	0.167826442634	4	-0.126735930448	6	-0.037896173016	1	-0.404803301279	-0.446014580507	-0.419318212885	-0.531539231728	-0.442699474295
M04_DY_TO_L:G808-E1102	M04_DY_TO_L	CORE13	DY	L	G808-E1102	qok	eol	1	f82r	f82r	G808-P0283	f82r.1	1	2	B	B	2	3	EXACT	-0.366715842853	32	0.189983388598	3	-0.0787312458133	72	-0.2769743345	1	-0.142754822144	107	-0.145846800569	108	-0.0896390521918	68	0.106683437611	4	0.332950135214	6	-0.275171938405	1	-0.255463700069	-0.532438034568	-0.266371506447	0.0774864351458	-0.530635638474
M04_DY_TO_L:G808-E1142	M04_DY_TO_L	CORE13	DY	L	G808-E1142	qok	ol	0	f82v	f82v	G808-P0288	f82v.19	19	1	B	B	2	3	EXACT	-0.274238821277	17	-0.0402320557953	4	-0.0775353200262	72	0	0	-0.0849488062474	93	-0.0872123009431	93	-0.0850215572682	68	0.0497133970307	4	-0.239856454512	6	0	0	-0.392006197098	-0.392006197098	-0.39949243434	-0.631862651611	-0.392006197098
M04_DY_TO_L:G808-E1146	M04_DY_TO_L	CORE13	DY	L	G808-E1146	qok	ol	0	f82v	f82v	G808-P0289	f82v.26	26	3	B	B	2	2	EXACT	-0.297053359985	31	-0.182587950448	2	-0.0891613172857	72	-0.0150597190463	3	-0.136733936363	105	-0.134476120508	108	-0.104581275669	68	0.172960659177	4	-0.19150803133	6	-0.0136445904624	3	-0.56880262772	-0.583862346766	-0.584222586103	-0.76031065905	-0.582447218182
M04_DY_TO_L:G808-E1190	M04_DY_TO_L	CORE13	DY	L	G808-E1190	qok	ol	0	f83r	f83r	G808-P0296	f83r.37	37	4	B	B	2	1	EXACT	-0.19053083899	38	-0.206451707575	1	-0.0675318574934	72	0	0	-0.100053381359	111	-0.102262129274	111	-0.0877578318083	68	0.276290226048	4	-0.390933945587	6	0	0	-0.464514404058	-0.464514404058	-0.484740378373	-0.855448349645	-0.464514404058
M04_DY_TO_L:G808-E1284	M04_DY_TO_L	CORE13	DY	L	G808-E1284	qok	ol	0	f86v6	f86v	G808-P0326	f86v6.2	2	11	T	B	2	3	EXACT	-0.115570742119	53	-0.202996863594	1	-0.0702656180808	72	0	0	-0.08890398039	126	-0.0916226101666	126	-0.0645671869228	68	-0.167166949795	4	-0.335870103382	6	0	0	-0.388833223794	-0.388833223794	-0.383134792636	-0.724703327176	-0.388833223794
M04_DY_TO_L:G808-E1290	M04_DY_TO_L	CORE13	DY	L	G808-E1290	qok	ol	0	f86v6	f86v	G808-P0326	f86v6.9	9	5	T	B	2	3	EXACT	-0.115570742119	53	0.187595814682	2	-0.0510825498874	72	0.114903351707	3	-0.072503028898	127	-0.0697462675448	130	-0.047634703815	68	-0.109723935148	4	0.0500711982606	6	0.0869001811007	3	0.0209425226748	0.135845874382	0.0243903687473	0.0710137209354	0.107842703776
M04_DY_TO_L:G808-E1311	M04_DY_TO_L	CORE13	DY	L	G808-E1311	qok	ol	0	f86v6	f86v	G808-P0329	f86v6.40	40	7	T	B	2	3	EXACT	-0.060135254225	77	-0.105862355158	3	-0.0839246973655	72	-0.157973777297	1	-0.0839644705079	152	-0.0868409351763	153	-0.0858730660278	68	-0.0508304321349	4	-0.206608240457	6	-0.159700770642	1	-0.249922306749	-0.407896084045	-0.251870675411	-0.456530547205	-0.40962307739
M04_DY_TO_L:G808-E1331	M04_DY_TO_L	CORE13	DY	L	G808-E1331	qok	eol	1	f88r	f88r	G808-P0334	f88r.10	10	1	P	A	1	2	EXACT	-0.0204033462074	12	0.390092599736	1	0.0834340921821	72	0	0	0.103937983133	85	0.10171562413	85	0.0849519453796	68	0.0576129193948	4	-0.117842845928	6	0	0	0.453123345711	0.453123345711	0.454641198908	0.335280499782	0.453123345711
M04_DY_TO_L:G808-E1339	M04_DY_TO_L	CORE13	DY	L	G808-E1339	qok	eol	1	f88r	f88r	G808-P0335	f88r.21	21	4	P	A	1	2	EXACT	0.0802184258769	14	0	0	0.0948241479261	72	0.126503365159	2	0.122056122861	86	0.120847119312	88	0.0902101924023	68	0.173243723402	4	0.0566672911862	6	0.12381307867	2	0.175042573803	0.301545938962	0.170428618279	0.231709864989	0.298855652473
M04_DY_TO_L:G808-E1360	M04_DY_TO_L	CORE13	DY	L	G808-E1360	qok	eol	1	f89r1	f89r	G808-P0340	f89r1.8	8	1	P	A	1	2	EXACT	0.0593846344714	16	0.287630850461	2	0.0918886092082	72	0.121773400249	1	0.116919511444	90	0.11519720595	91	0.0935212108839	68	0.0641154893873	4	-0.134155565853	6	0.124722256621	1	0.43890409414	0.560677494389	0.440536695816	0.304748528288	0.563626350761
M04_DY_TO_L:G808-E1369	M04_DY_TO_L	CORE13	DY	L	G808-E1369	qok	ol	0	f89v1	f89v	G808-P0343	f89v1.6	6	3	P	A	1	3	EXACT	0.147774627215	23	0.483336780314	1	0.0965969246826	72	0.261154209285	1	0.134300839465	96	0.133791809336	97	0.0917553259571	68	0.178886434587	4	-0.0757543482125	6	0.263286352646	1	0.727708332212	0.988862541496	0.722866733486	0.651953983999	0.990994684858
M04_DY_TO_L:G808-E1373	M04_DY_TO_L	CORE13	DY	L	G808-E1373	qok	ol	0	f89v1	f89v	G808-P0343	f89v1.10	10	5	P	A	1	3	EXACT	0.147774627215	23	0	0	0.093028548866	72	0	0	0.127698950593	95	0.125466120214	95	0.104951835668	68	-0.109684995195	4	0.115282709225	6	-0.273586335493	1	0.240803176081	0.240803176081	0.252726462883	0.356085885306	-0.0327831594122
M04_DY_TO_L:G808-E1383	M04_DY_TO_L	CORE13	DY	L	G808-E1383	qok	eol	1	f90r1	f90r	G808-P0345	f90r1.1	1	2	H	A	1	2	EXACT	0.194927107661	22	0	0	0.0778196273997	71	0	0	0.127452465749	93	0.12524099641	93	0.0828422320667	67	-0.00632056626116	4	0.0546605011212	6	0	0	0.272746735061	0.272746735061	0.277769339728	0.327407236182	0.272746735061
M04_DY_TO_L:G808-E1387	M04_DY_TO_L	CORE13	DY	L	G808-E1387	qok	ol	0	f90r1	f90r	G808-P0345	f90r1.7	7	6	H	A	1	3	EXACT	0.194927107661	22	-0.295237426812	1	0.0716655972481	71	-0.0396014412566	1	0.118530352998	94	0.115075328277	95	0.0792619792997	67	-0.0555853676068	4	0.0692516917204	6	-0.0374588857444	1	-0.0286447219022	-0.0682461631588	-0.0210483398506	0.0406069698182	-0.0661036076466
M04_DY_TO_L:G808-E1391	M04_DY_TO_L	CORE13	DY	L	G808-E1391	qok	ol	0	f93r	f93r	G808-P0346	f93r.5	5	5	H	A	1	2	EXACT	0.169534772721	48	-0.0524357486101	1	0.0597623703009	72	0	0	0.107569430345	121	0.105357961006	121	0.068411480632	68	-0.0872903383033	4	-0.0441733728663	6	0	0	0.176861394412	0.176861394412	0.185510504743	0.132688021546	0.176861394412
M04_DY_TO_L:G808-E1431	M04_DY_TO_L	CORE13	DY	L	G808-E1431	qok	ol	0	f95r2	f95r	G808-P0354	f95r2.3	3	4	H	B	3	3	EXACT	-0.11422491628	15	-0.0756527507745	2	-0.0097937290322	72	0.126465655581	2	-0.000452778361703	89	0.0010023437778	91	-0.0204817432672	68	0.171882520757	4	0.292578510626	6	0.123825023236	2	-0.199671396086	-0.073205740505	-0.210359410321	0.0929071145396	-0.0758463728504
M04_DY_TO_L:G808-E1444	M04_DY_TO_L	CORE13	DY	L	G808-E1444	qok	eol	1	f96r	f96r	G808-P0361	f96r.5	5	6	H	A	1	2	EXACT	0.266563375903	29	0.25032300734	1	0.0798327994861	72	0.100259847108	1	0.15134525007	102	0.149026097527	103	0.0846067742101	68	-0.00134260379588	4	-0.156052801211	6	0.090924514775	1	0.59671918273	0.696979029837	0.601493157454	0.440666381519	0.687643697505
M04_DY_TO_L:G808-E1463	M04_DY_TO_L	CORE13	DY	L	G808-E1463	qok	ol	0	f99r	f99r	G808-P0364	f99r.30	30	3	P	A	1	2	EXACT	0.0805560819746	8	-0.0724519712314	1	0.0889406356244	72	0	0	0.12087376037	81	0.118836717274	81	0.0840763377645	68	0.171616315907	4	-0.42045340431	6	0	0	0.0970447463676	0.0970447463676	0.0921804485078	-0.323408657942	0.0970447463676
M04_DY_TO_L:G808-E1473	M04_DY_TO_L	CORE13	DY	L	G808-E1473	qok	eol	1	f99v	f99v	G808-P0367	f99v.11	11	4	P	A	1	3	EXACT	-0.105323324813	9	-0.0759944397429	1	0.0787309997364	72	0	0	0.0913539228301	82	0.0891424534912	82	0.0732351313242	68	0.172142929769	4	0.139223119421	6	0	0	-0.10258676482	-0.10258676482	-0.108082633232	0.0366363546016	-0.10258676482
M04_DY_TO_L:G808-E1474	M04_DY_TO_L	CORE13	DY	L	G808-E1474	qok	eol	1	f99v	f99v	G808-P0367	f99v.12	12	2	P	A	1	3	EXACT	-0.105323324813	9	-0.0284923865658	2	0.0818764475372	72	0	0	0.0934632652422	83	0.0912517959033	83	0.0804384903142	68	0.106303887353	4	-0.0435009938651	6	0	0	-0.0519392638417	-0.0519392638417	-0.0533772210647	-0.0954402577068	-0.0519392638417
M04_DY_TO_L:G808-E1480	M04_DY_TO_L	CORE13	DY	L	G808-E1480	qok	ol	0	f99v	f99v	G808-P0368	f99v.23	23	4	P	A	1	2	EXACT	0.0436223719144	8	-0.0221513836144	1	0.129809647015	72	0	0	0.155262978788	81	0.153051509449	81	0.127318404914	68	0.172142929769	4	-0.157321974841	6	0	0	0.151280635315	0.151280635315	0.148789393214	-0.0060413395253	0.151280635315
M04_DY_TO_L:G808-E1486	M04_DY_TO_L	CORE13	DY	L	G808-E1486	qok	ol	0	f99v	f99v	G808-P0369	f99v.34	34	6	P	A	1	3	EXACT	0.0302334597762	13	-0.0383149426139	4	0.09080725676	72	0	0	0.106286447731	89	0.104074978392	89	0.102605239598	68	-0.109776284466	4	0.208597780128	6	0	0	0.0827257739223	0.0827257739223	0.0945237567607	0.29132355405	0.0827257739223
M04_DY_TO_L:G808-E1488	M04_DY_TO_L	CORE13	DY	L	G808-E1488	qok	ol	0	f99v	f99v	G808-P0370	f99v.37	37	3	P	A	1	2	EXACT	0.0735516289338	9	0	0	0.104339383009	72	0.511292132951	1	0.135799343906	81	0.138654787031	82	0.111937083051	68	-0.0248393506674	4	-0.23376276162	6	0.45487733797	1	0.177891011943	0.689183144894	0.185488711984	-0.0558717496773	0.632768349913
M04_DY_TO_L:G808-E1489	M04_DY_TO_L	CORE13	DY	L	G808-E1489	qok	eol	1	f99v	f99v	G808-P0370	f99v.38	38	3	P	A	1	2	EXACT	0.0735516289338	9	0	0	0.099053947946	72	0	0	0.131101179406	81	0.128889710067	81	0.0997157721827	68	0.0877851029469	4	-0.249438945017	6	-0.013538160262	1	0.17260557688	0.17260557688	0.173267401117	-0.0768333681371	0.159067416618
M04_DY_TO_L:G808-E1492	M04_DY_TO_L	CORE13	DY	L	G808-E1492	qok	ol	0	f99v	f99v	G808-P0370	f99v.41	41	4	P	A	1	2	EXACT	0.0735516289338	9	0	0	0.110360683713	72	0	0	0.141151611199	81	0.13894014186	81	0.105402682231	68	0.194628875932	4	0.133307001797	6	0	0	0.183912312647	0.183912312647	0.178954311165	0.317219314444	0.183912312647
M04_DY_TO_L:G808-E1513	M04_DY_TO_L	CORE13	DY	L	G808-E1513	qot	eol	1	f102r1	f102r	G808-P0374	f102r1.3	3	3	P	A	1	2	EXACT	-0.105110249287	7	0	0	0.128481963335	72	0	0	0.142013596774	79	0.14015772908	79	0.133738181703	68	0.0391148921419	4	0.243966316208	6	0	0	0.0233717140481	0.0233717140481	0.0286279324156	0.267338030256	0.0233717140481
M04_DY_TO_L:G808-E1520	M04_DY_TO_L	CORE13	DY	L	G808-E1520	qot	eol	1	f102r1	f102r	G808-P0375	f102r1.8	8	7	P	A	1	2	EXACT	0.0685801991695	11	0	0	0.0810142215414	72	-0.156154612651	1	0.10932563696	83	0.104680089995	84	0.0897244189595	68	-0.0670704935126	4	0.000326370524246	6	-0.0121120880874	1	0.149594420711	-0.00656019194003	0.158304618129	0.149920791235	0.137482332624
M04_DY_TO_L:G808-E1525	M04_DY_TO_L	CORE13	DY	L	G808-E1525	qot	eol	1	f102r1	f102r	G808-P0376	f102r1.14	14	6	P	A	1	3	EXACT	0.202479778847	16	-0.00388707810601	1	0.0897437531624	72	-0.226411538663	1	0.134123382847	89	0.128607651479	90	0.101298388299	68	-0.106696403105	4	-0.0280484928652	6	-0.22546985774	1	0.288336453904	0.061924915241	0.29989108904	0.260287961038	0.0628665961639
M04_DY_TO_L:G808-E1535	M04_DY_TO_L	CORE13	DY	L	G808-E1535	qot	eol	1	f102v1	f102v	G808-P0378	f102v1.19	19	6	P	A	1	2	EXACT	0.104265650877	20	-0.207761293961	1	0.0791741655931	72	0	0	0.102845064905	93	0.100841031822	93	0.0872338640345	68	-0.0578555810063	4	0.00654280702852	6	0	0	-0.0243214774908	-0.0243214774908	-0.0162617790494	-0.0177786704623	-0.0243214774908
M04_DY_TO_L:G808-E1637	M04_DY_TO_L	CORE13	DY	L	G808-E1637	qot	ol	0	f104v	f104v	G808-P0425	f104v.4	4	4	S	B	3	3	EXACT	0.148126405452	20	0.0952612979024	3	0.0033347835719	72	0	0	0.0582262670544	95	0.0562414471213	95	-0.00497738312273	68	0.144629228242	4	-0.0776060970372	6	-0.0522166139124	1	0.246722486926	0.246722486926	0.238410320231	0.169116389889	0.194505873013
M04_DY_TO_L:G808-E1642	M04_DY_TO_L	CORE13	DY	L	G808-E1642	qot	ol	0	f104v	f104v	G808-P0427	f104v.11	11	6	S	B	3	2	EXACT	-0.229356306411	24	-0.152485583947	1	-0.00593800614289	72	0	0	-0.0444414774309	97	-0.046426297364	97	0.00109580797177	68	-0.12552523523	4	-0.178571874746	6	0	0	-0.387779896501	-0.387779896501	-0.380746082386	-0.566351771247	-0.387779896501
M04_DY_TO_L:G808-E1648	M04_DY_TO_L	CORE13	DY	L	G808-E1648	qot	ol	0	f104v	f104v	G808-P0429	f104v.17	17	8	S	B	3	3	EXACT	-0.13537422692	16	-0.051732735781	2	-0.00530051462998	72	0	0	-0.00463303312366	90	-0.00661785305673	90	-0.00428584239826	68	-0.0225623317075	4	0.0254585334185	6	0.39517902784	1	-0.192407477331	-0.192407477331	-0.191392805099	-0.166948943912	0.202771550509
M04_DY_TO_L:G808-E1651	M04_DY_TO_L	CORE13	DY	L	G808-E1651	qot	ol	0	f104v	f104v	G808-P0430	f104v.19	19	5	S	B	3	3	EXACT	0.0355296889964	10	-0.15330799461	1	0.0116742766524	72	-0.0195041672908	1	0.0430874670844	83	0.0407559555733	84	0.018474905364	68	-0.103948800582	4	0.157566689622	6	-0.0168397376677	1	-0.106104028961	-0.125608196252	-0.0993034002497	0.0514626606608	-0.122943766629
M04_DY_TO_L:G808-E1784	M04_DY_TO_L	CORE13	DY	L	G808-E1784	qot	ol	0	f107v	f107v	G808-P0503	f107v.5	5	3	S	B	3	3	EXACT	-0.0985062938004	13	0	0	0.0134315102352	72	0	0	0.0237131191787	85	0.0218754450661	85	0.00664005983554	68	0.128873943972	4	-0.123538473253	6	0	0	-0.0850747835651	-0.0850747835651	-0.0918662339648	-0.208613256818	-0.0850747835651
M04_DY_TO_L:G808-E1888	M04_DY_TO_L	CORE13	DY	L	G808-E1888	qot	eol	1	f108v	f108v	G808-P0533	f108v.7	7	7	S	B	3	3	EXACT	-0.269099835563	27	-0.133693765065	1	-0.00929360119572	72	-0.0472812763963	1	-0.0650261174605	100	-0.0663445749067	101	-0.00863442961846	68	-0.0205144814389	4	-0.0464593022998	6	-0.0450645372834	1	-0.412087201823	-0.459368478219	-0.411428030246	-0.458546504123	-0.457151739106
M04_DY_TO_L:G808-E1956	M04_DY_TO_L	CORE13	DY	L	G808-E1956	qot	eol	1	f111v	f111v	G808-P0544	f111v.10	10	11	S	B	3	3	EXACT	-0.183763116135	107	0.0216398765045	3	-0.0319232303848	72	-0.14520903171	1	-0.134279884603	182	-0.13589711916	183	-0.0238867946387	68	-0.168555328474	4	0.150070484353	6	-0.143043697242	1	-0.194046470015	-0.339255501725	-0.186010034269	-0.0439759856622	-0.337090167257
M04_DY_TO_L:G808-E2078	M04_DY_TO_L	CORE13	DY	L	G808-E2078	qot	ol	0	f113v	f113v	G808-P0600	f113v.28	28	11	S	B	3	3	EXACT	0.059743633379	30	-0.0358827077136	2	-0.0346710215826	71	0	0	0.00613042598572	103	0.00433048006634	103	-0.0328618901618	67	-0.0649815021625	4	-0.0686352639993	6	0	0	-0.0108100959172	-0.0108100959172	-0.00900096449637	-0.0794453599165	-0.0108100959172
M04_DY_TO_L:G808-E2111	M04_DY_TO_L	CORE13	DY	L	G808-E2111	qot	ol	0	f114r	f114r	G808-P0619	f114r.42	42	2	S	B	3	3	EXACT	-0.122243182596	22	0.0312219202589	2	0.0237996357615	72	0.0752856371046	2	0.0106911602785	96	0.0107382242989	98	0.021050054173	68	0.0705287889525	4	0.187465070539	6	0.0775455792639	2	-0.0672216265755	0.0080640105291	-0.069971208164	0.120243443963	0.0103239526884
M04_DY_TO_L:G808-E2169	M04_DY_TO_L	CORE13	DY	L	G808-E2169	qot	ol	0	f115v	f115v	G808-P0647	f115v.8	8	6	S	B	3	3	EXACT	-0.0705329530771	13	0	0	0.0221711716038	72	0	0	0.0347348684535	85	0.0329844702594	85	0.0252474495156	68	-0.0301393660307	4	0.0427658219836	6	0	0	-0.0483617814733	-0.0483617814733	-0.0452855035615	-0.00559595948969	-0.0483617814733
M04_DY_TO_L:G808-E0193	M04_DY_TO_L	CORE13	DY	L	G808-E0193	qot	ol	0	f19v	f19v	G808-P0063	f19v.3	3	4	H	A	1	2	EXACT	0.141998724749	13	0	0	0.0915255309069	72	0	0	0.126961896905	85	0.125021690656	85	0.0856272318459	68	0.191784262686	4	-0.224623604615	6	0.462791427565	1	0.233524255656	0.233524255656	0.227625956595	0.00890065104051	0.69631568322
M04_DY_TO_L:G808-E0195	M04_DY_TO_L	CORE13	DY	L	G808-E0195	qot	ol	0	f19v	f19v	G808-P0063	f19v.4	4	3	H	A	1	2	EXACT	0.141998724749	13	0	0	0.0777762419498	72	0	0	0.115315440376	85	0.113375234128	85	0.0818378812787	68	0.00871602109944	4	0.0813201221648	6	0.027166687732	2	0.219774966698	0.219774966698	0.223836606027	0.301095088863	0.24694165443
M04_DY_TO_L:G808-E0198	M04_DY_TO_L	CORE13	DY	L	G808-E0198	qot	ol	0	f19v	f19v	G808-P0064	f19v.11	11	1	H	A	1	2	EXACT	0.20860434282	13	-0.0290019279469	2	0.0828338127971	72	0	0	0.126711968993	87	0.124771762744	87	0.085616347431	68	0.0355183717641	4	0.176000727466	6	-0.0277839202711	1	0.262436227671	0.262436227671	0.265218762305	0.438436955137	0.2346523074
M04_DY_TO_L:G808-E0200	M04_DY_TO_L	CORE13	DY	L	G808-E0200	qot	ol	0	f20r	f20r	G808-P0066	f20r.6	6	3	H	A	1	3	EXACT	-0.0171309529423	6	0.2261769579	2	0.0958307558856	72	0.395254697042	1	0.125469390191	80	0.127242159353	81	0.0988658201829	68	0.0442226486558	4	0.259919592609	6	0.337816503981	1	0.304876760843	0.700131457885	0.307911825141	0.564796353452	0.642693264824
M04_DY_TO_L:G808-E0298	M04_DY_TO_L	CORE13	DY	L	G808-E0298	qot	ol	0	f28v	f28v	G808-P0097	f28v.4	4	6	H	A	1	3	EXACT	0.224179636037	4	-0.151038143848	1	0.112725370718	72	0	0	0.152334741825	77	0.150394535576	77	0.120588672191	68	-0.0209631065836	4	0.100612495581	6	-0.0870047223122	1	0.185866862907	0.185866862907	0.19373016438	0.286479358488	0.0988621405947
M04_DY_TO_L:G808-E0327	M04_DY_TO_L	CORE13	DY	L	G808-E0327	qot	ol	0	f32r	f32r	G808-P0111	f32r.15	15	2	H	A	1	2	EXACT	0.0566525189079	17	0	0	0.0770524229333	72	0.0804712722276	1	0.0971957268271	89	0.0954312518384	90	0.0837238103443	68	-0.036373515311	4	0.258128124353	6	0.0729671805506	1	0.133704941841	0.214176214069	0.140376329252	0.391833066195	0.206672122392
M04_DY_TO_L:G808-E0365	M04_DY_TO_L	CORE13	DY	L	G808-E0365	qot	ol	0	f36r	f36r	G808-P0125	f36r.7	7	1	H	A	1	2	EXACT	-0.154839387695	13	-0.18778557715	1	0.0427546020726	72	0	0	0.0378910536871	86	0.0359508474384	86	0.0431795360756	68	0.0355183717641	4	-0.208375052792	6	0	0	-0.299870362772	-0.299870362772	-0.299445428769	-0.508245415564	-0.299870362772
M04_DY_TO_L:G808-E0378	M04_DY_TO_L	CORE13	DY	L	G808-E0378	qot	ol	0	f37v	f37v	G808-P0131	f37v.5	5	2	H	A	1	2	EXACT	-0.0920537601994	9	0	0	0.0755968545799	72	0	0	0.0887261290459	81	0.0867859227972	81	0.082182620323	68	-0.036373515311	4	0.258128124353	6	-0.113636838881	1	-0.0164569056195	-0.0164569056195	-0.00987113987638	0.241671218734	-0.1300937445
M04_DY_TO_L:G808-E0381	M04_DY_TO_L	CORE13	DY	L	G808-E0381	qot	ol	0	f37v	f37v	G808-P0133	f37v.22	22	1	H	A	1	1	EXACT	0.230389893869	8	0	0	0.110926315081	72	0	0	0.155702967441	80	0.153762761192	80	0.117385709168	68	0.0011042633485	4	0.158129478836	6	0	0	0.34131620895	0.34131620895	0.347775603036	0.499445687786	0.34131620895
M04_DY_TO_L:G808-E0024	M04_DY_TO_L	CORE13	DY	L	G808-E0024	qot	eol	1	f3r	f3r	G808-P0008	f3r.19	19	6	H	A	1	3	EXACT	0.127917895472	8	-0.0787112028133	1	0.0741918353662	72	-0.0432652397352	1	0.108537006991	81	0.105193151041	82	0.0852540159172	68	-0.113877420901	4	0.251498694152	6	-0.04128215397	1	0.123398528024	0.0801332882893	0.134460708575	0.374897222177	0.0821163740544
M04_DY_TO_L:G808-E0415	M04_DY_TO_L	CORE13	DY	L	G808-E0415	qot	eol	1	f41v	f41v	G808-P0147	f41v.5	5	7	H	B	5	3	EXACT	-0.0472003200464	24	-0.200598186618	2	-0.0072025787473	72	-0.0522323543499	2	-0.00177101444451	98	-0.00415449884451	100	-0.00573456080983	68	-0.0321702426307	4	0.127040225553	6	-0.0553728951252	2	-0.255001085411	-0.307233439761	-0.253533067474	-0.127960859858	-0.310373980536
M04_DY_TO_L:G808-E0480	M04_DY_TO_L	CORE13	DY	L	G808-E0480	qot	ol	0	f45v	f45v	G808-P0169	f45v.5	5	1	H	A	1	3	EXACT	0.0677436486797	17	-0.0573441533425	1	0.12045061007	72	0	0	0.132570572327	90	0.130630366078	90	0.125445897484	68	0.0355183717641	4	0.149051992438	6	0	0	0.130850105407	0.130850105407	0.135845392822	0.279902097845	0.130850105407
M04_DY_TO_L:G808-E0514	M04_DY_TO_L	CORE13	DY	L	G808-E0514	qot	ol	0	f47v	f47v	G808-P0178	f47v.4	4	1	H	A	1	2	EXACT	0.13057071419	15	0.382361316618	1	0.078526825116	72	-0.0617923463796	1	0.116677917448	88	0.113098048325	89	0.0810560075333	68	0.0355183717641	4	0.0380546487406	6	-0.0597322454512	1	0.591458855924	0.529666509544	0.593988038341	0.629513504664	0.531726610473
M04_DY_TO_L:G808-E0525	M04_DY_TO_L	CORE13	DY	L	G808-E0525	qot	ol	0	f48r	f48r	G808-P0180	f48r.6	6	6	H	B	5	3	EXACT	0.0742139095712	31	0	0	-0.0303882359428	72	0	0	0.0144725061664	103	0.0124942661802	103	-0.0270035525681	68	-0.0879391589533	4	-0.194692651121	6	0	0	0.0438256736283	0.0438256736283	0.047210357003	-0.150866977492	0.0438256736283
M04_DY_TO_L:G808-E0584	M04_DY_TO_L	CORE13	DY	L	G808-E0584	qot	ol	0	f51v	f51v	G808-P0192	f51v.7	7	1	H	A	1	3	EXACT	0.132007568164	36	-0.0810582689471	1	0.0791423460768	72	0	0	0.105962241495	109	0.103960405003	109	0.0829110304016	68	0.0150623602981	4	0.210084982457	6	0	0	0.130091645294	0.130091645294	0.133860329619	0.340176627751	0.130091645294
M04_DY_TO_L:G808-E0675	M04_DY_TO_L	CORE13	DY	L	G808-E0675	qot	ol	0	f66r	f66r	G808-P0218	f66r.73	73	3	T	B	5	3	EXACT	-0.0726310630993	49	0.103574098317	3	0.0155398087701	71	-0.143063453262	1	-0.0140476010922	123	-0.0168319111847	124	0.00903848384263	67	0.12441835756	4	0.0383222609856	6	-0.140150273557	1	0.0464828439874	-0.0965806092751	0.03998151906	0.084805104973	-0.0936674295697
M04_DY_TO_L:G808-E0834	M04_DY_TO_L	CORE13	DY	L	G808-E0834	qot	ol	0	f77r	f77r	G808-P0241	f77r.15	15	3	B	B	2	2	EXACT	-0.271515606145	46	0.072680524663	2	-0.0979058496633	72	0.0562433263263	2	-0.156532203096	120	-0.154394491524	122	-0.111377213852	68	0.131094325248	4	-0.359190266641	6	0.0183385386406	2	-0.296740931145	-0.240497604819	-0.310212295334	-0.655931197786	-0.278402392505
M04_DY_TO_L:G808-E1009	M04_DY_TO_L	CORE13	DY	L	G808-E1009	qot	ol	0	f80r	f80r	G808-P0266	f80r.18	18	8	B	B	2	3	EXACT	-0.327147857184	82	-0.30330387651	2	-0.114662394712	72	-0.180868324799	1	-0.237166935976	156	-0.238404084831	157	-0.114550159241	68	-0.116583319098	4	0.0622411184682	6	-0.163531870784	2	-0.745114128406	-0.925982453206	-0.745001892936	-0.682873009938	-0.90864599919
M04_DY_TO_L:G808-E1049	M04_DY_TO_L	CORE13	DY	L	G808-E1049	qot	ol	0	f80v	f80v	G808-P0275	f80v.23	23	6	B	B	2	3	EXACT	-0.242481855667	10	-0.0669641209638	2	-0.0985132332477	72	-0.249914199171	1	-0.0840048358666	84	-0.0875723785364	85	-0.0973014642346	68	-0.119125990541	4	0.253121593945	6	-0.247430930264	1	-0.407959209879	-0.65787340905	-0.406747440866	-0.154837615934	-0.655390140143
M04_DY_TO_L:G808-E1050	M04_DY_TO_L	CORE13	DY	L	G808-E1050	qot	ol	0	f80v	f80v	G808-P0275	f80v.24	24	5	B	B	2	3	EXACT	-0.242481855667	10	0.16658400331	3	-0.110807033454	72	0.00208200819127	3	-0.0856715387327	85	-0.0835241882177	88	-0.111175344886	68	-0.104558423177	4	0.0484622263153	6	0.00126289249297	3	-0.186704885811	-0.18462287762	-0.187073197243	-0.138242659496	-0.185441993318
M04_DY_TO_L:G808-E1127	M04_DY_TO_L	CORE13	DY	L	G808-E1127	qot	ol	0	f82v	f82v	G808-P0286	f82v.6	6	3	B	B	2	2	EXACT	-0.442398870521	15	0.182001789829	1	-0.0957879623232	72	0	0	-0.125299919323	88	-0.127299871451	88	-0.108743574386	68	0.124444806419	4	-0.519742328477	6	0	0	-0.356185043015	-0.356185043015	-0.369140655078	-0.875927371492	-0.356185043015
M04_DY_TO_L:G808-E1239	M04_DY_TO_L	CORE13	DY	L	G808-E1239	qot	ol	0	f85r1	f85r	G808-P0309	f85r1.29	29	9	T	B	2	3	EXACT	-0.10431932355	8	0.0368499126956	3	-0.0191068564242	72	-0.0268359590202	2	0.00779271791002	83	0.00588972826909	85	-0.0195923517817	68	-0.0108491642973	4	0.175195310223	6	-0.0302411049997	2	-0.0865762672784	-0.113412226299	-0.087061762636	0.0886190429442	-0.116817372278
M04_DY_TO_L:G808-E1304	M04_DY_TO_L	CORE13	DY	L	G808-E1304	qot	ol	0	f86v6	f86v	G808-P0328	f86v6.28	28	12	T	B	2	3	EXACT	-0.110436721089	42	-0.0815337484382	7	-0.0611931071237	72	0	0	-0.0704903440222	121	-0.0727875519974	121	-0.0528833552777	68	-0.202468401696	4	0.1557526588	6	-0.0905705918541	2	-0.253163576651	-0.253163576651	-0.244853824805	-0.0974109178503	-0.343734168505
M04_DY_TO_L:G808-E1312	M04_DY_TO_L	CORE13	DY	L	G808-E1312	qot	ol	0	f86v6	f86v	G808-P0329	f86v6.42	42	9	T	B	2	3	EXACT	-0.0429517472779	72	-0.0906350932361	3	-0.0915441369839	72	0.244963868083	1	-0.0754375757047	147	-0.0753086335211	148	-0.0884962864045	68	-0.143367110025	4	0.0403336542318	6	0.244640874142	1	-0.225130977498	0.0198328905853	-0.222083126919	-0.184797323266	0.0195098966437
M04_DY_TO_L:G808-E1367	M04_DY_TO_L	CORE13	DY	L	G808-E1367	qot	ol	0	f89r1	f89r	G808-P0342	f89r1.22	22	7	P	A	1	3	EXACT	0.247674442224	19	-0.0761772900853	2	0.0793313126486	72	-0.152670200536	1	0.131527416252	93	0.126957576393	94	0.091926320542	68	-0.134795615505	4	-0.196988283406	6	-0.14997155233	1	0.250828464787	0.0981582642507	0.26342347268	0.0538401813809	0.100856912457
M04_DY_TO_L:G808-E0096	M04_DY_TO_L	CORE13	DY	L	G808-E0096	qot	ol	0	f9r	f9r	G808-P0031	f9r.7	7	7	H	A	1	3	EXACT	0.129071364198	16	0.631114773631	2	0.0681286704418	72	0	0	0.116404438281	90	0.114464232032	90	0.0790640902902	68	-0.117785819239	4	-0.117551038739	6	0	0	0.828314808271	0.828314808271	0.83925022812	0.710763769532	0.828314808271
M04_DY_TO_L:G808-E1497	M04_DY_TO_L	CORE13	DY	L	G808-E1497	sh	ol	0	f100r	f100r	G808-P0371	f100r.15	15	2	P	A	1	2	EXACT	0.284023647075	14	0	0	0.113346961544	71	-0.0459883237822	1	0.165766466936	85	0.162114200589	86	0.115181690739	67	0.0826077162604	4	0.196317185738	6	-0.0454223463535	1	0.397370608618	0.351382284836	0.399205337813	0.593687794356	0.351948262265
M04_DY_TO_L:G808-E1516	M04_DY_TO_L	CORE13	DY	L	G808-E1516	sh	eol	1	f102r1	f102r	G808-P0374	f102r1.5	5	2	P	A	1	2	EXACT	0.135753901395	4	-0.0532741896673	1	0.101034355644	72	0	0	0.13478292189	77	0.133309124907	77	0.102335082443	68	0.0789113903421	4	-0.158651520987	6	0	0	0.183514067371	0.183514067371	0.18481479417	0.0248625463841	0.183514067371
M04_DY_TO_L:G808-E1534	M04_DY_TO_L	CORE13	DY	L	G808-E1534	sh	eol	1	f102v1	f102v	G808-P0378	f102v1.19	19	4	P	A	1	2	EXACT	0.248536123602	11	0	0	0.0905893775444	72	0	0	0.138614872324	83	0.136934488038	83	0.0859669281216	68	0.169156713463	4	-0.0625178626134	6	-0.0222854057613	1	0.339125501147	0.339125501147	0.334503051724	0.276607638533	0.316840095385
M04_DY_TO_L:G808-E1547	M04_DY_TO_L	CORE13	DY	L	G808-E1547	sh	eol	1	f102v2	f102v	G808-P0380	f102v2.35	35	2	P	A	1	3	EXACT	0.0300991587574	42	0.220997652662	3	0.1012359163	72	0	0	0.0857550635927	117	0.0840746793063	117	0.101321220342	68	0.099771443333	4	-0.0580919204715	6	0	0	0.35233272772	0.35233272772	0.352418031761	0.294240807248	0.35233272772
M04_DY_TO_L:G808-E1567	M04_DY_TO_L	CORE13	DY	L	G808-E1567	sh	ol	0	f103r	f103r	G808-P0387	f103r.23	23	5	S	B	3	2	EXACT	-0.316292518488	6	-0.173227654589	1	-0.00761566288481	72	0	0	5.41433204511e-05	79	-0.00165264232516	79	0.00994045848193	68	-0.306080357329	4	0.0456982683591	6	0	0	-0.497135835963	-0.497135835963	-0.479579714596	-0.451437567604	-0.497135835963
M04_DY_TO_L:G808-E1578	M04_DY_TO_L	CORE13	DY	L	G808-E1578	sh	eol	1	f103r	f103r	G808-P0394	f103r.40	40	4	S	B	3	3	EXACT	-0.272775538804	8	0.126190224768	3	0.00776193736198	72	0.00506332477739	2	0.0157896305851	83	0.0146737238688	85	-0.000943009964039	68	0.155735410694	4	0.0274101609539	6	0.0713505794641	2	-0.138823376674	-0.133760051897	-0.147528324	-0.11141321572	-0.0674727972098
M04_DY_TO_L:G808-E1580	M04_DY_TO_L	CORE13	DY	L	G808-E1580	sh	ol	0	f103r	f103r	G808-P0396	f103r.45	45	3	S	B	3	3	EXACT	-0.267498141756	5	-0.0332290833844	3	0.00408959619618	72	0.109054091382	1	0.0195420408507	80	0.019382794845	81	-0.00426066867092	68	0.146033467727	4	-0.137696883855	6	-0.218356090414	2	-0.296637628945	-0.187583537562	-0.304987893812	-0.4343345128	-0.514993719359
M04_DY_TO_L:G808-E1611	M04_DY_TO_L	CORE13	DY	L	G808-E1611	sh	ol	0	f103v	f103v	G808-P0410	f103v.39	39	5	S	B	3	3	EXACT	-0.231033096192	13	0.662160477017	1	0.00594624869123	72	0	0	0.00504841044451	86	0.00322571209498	86	0.0116830486809	68	-0.0915916991948	4	0.128373369906	6	0	0	0.437073629516	0.437073629516	0.442810429506	0.565446999423	0.437073629516
M04_DY_TO_L:G808-E1615	M04_DY_TO_L	CORE13	DY	L	G808-E1615	sh	ol	0	f103v	f103v	G808-P0411	f103v.46	46	2	S	B	3	3	EXACT	-0.425695681959	17	-0.0309057396344	1	0.00216080940497	72	0.165320986884	2	-0.0552767927412	90	-0.0514644887454	92	-0.00196545918865	68	0.0722950274356	4	0.295059260635	6	0.168098502698	2	-0.454440612189	-0.289119625305	-0.458566880782	-0.159381351554	-0.286342109491
M04_DY_TO_L:G808-E1641	M04_DY_TO_L	CORE13	DY	L	G808-E1641	sh	ol	0	f104v	f104v	G808-P0427	f104v.10	10	1	S	B	3	3	EXACT	-0.18217709659	21	0.0785961348559	3	0.0179916065793	72	0.124512694448	1	-0.00491890263116	96	-0.00485788144267	97	0.0172593359686	68	0.0304284802297	4	0.240185296296	6	0.125838643211	1	-0.0855893551545	0.0389233392932	-0.0863216257653	0.154595941142	0.0402492880566
M04_DY_TO_L:G808-E1673	M04_DY_TO_L	CORE13	DY	L	G808-E1673	sh	ol	0	f105r	f105r	G808-P0442	f105r.17	17	5	S	B	3	3	EXACT	0.0670089007858	32	-0.113380746088	1	-0.0220991592513	70	0	0	0.017006980769	103	0.0154177896705	103	-0.0191202107527	66	-0.0712579586682	4	-0.45214689137	6	0	0	-0.0684710045538	-0.0684710045538	-0.0654920560553	-0.520617895924	-0.0684710045538
M04_DY_TO_L:G808-E1713	M04_DY_TO_L	CORE13	DY	L	G808-E1713	sh	eol	1	f106r	f106r	G808-P0459	f106r.7	7	5	S	B	3	2	EXACT	-0.0697650969776	19	0	0	0.0255448292445	72	0	0	0.0270370243576	91	0.0254149950539	91	0.0293114364746	68	-0.0384994156006	4	0.090949201757	6	0.403400751625	1	-0.0442202677331	-0.0442202677331	-0.040453660503	0.0467289340239	0.359180483892
M04_DY_TO_L:G808-E1722	M04_DY_TO_L	CORE13	DY	L	G808-E1722	sh	ol	0	f106r	f106r	G808-P0463	f106r.15	15	4	S	B	3	3	EXACT	-0.154984354499	12	-0.024424806688	1	0.0453201490461	72	0	0	0.0434202868435	85	0.0417982575398	85	0.038222034905	68	0.165976167513	4	-0.138808498905	6	0	0	-0.134089012141	-0.134089012141	-0.141187126282	-0.272897511046	-0.134089012141
M04_DY_TO_L:G808-E1746	M04_DY_TO_L	CORE13	DY	L	G808-E1746	sh	ol	0	f106v	f106v	G808-P0474	f106v.7	7	5	S	B	3	3	EXACT	0.109184414807	10	0.506193669686	3	0.00704171153388	72	0	0	0.0643532334637	85	0.0630162122048	85	0.0129353905115	68	-0.0931624883048	4	0.110338775416	6	-0.117201841947	1	0.622419796027	0.622419796027	0.628313475005	0.732758571443	0.50521795408
M04_DY_TO_L:G808-E1750	M04_DY_TO_L	CORE13	DY	L	G808-E1750	sh	eol	1	f106v	f106v	G808-P0480	f106v.25	25	2	S	B	3	2	EXACT	-0.118537024591	16	0	0	0.016625005694	72	0	0	0.0150418915223	88	0.0137048702635	88	0.0119986168181	68	0.0952619593661	4	-0.0658859048864	6	0	0	-0.101912018897	-0.101912018897	-0.106538407773	-0.167797923783	-0.101912018897
M04_DY_TO_L:G808-E1773	M04_DY_TO_L	CORE13	DY	L	G808-E1773	sh	ol	0	f107r	f107r	G808-P0495	f107r.29	29	3	S	B	3	1	EXACT	-0.0991518431062	11	0	0	-0.000518296923985	72	-0.0362407461372	1	0.0140275190341	83	0.0122839420678	84	0.00252019132876	68	-0.0521841109383	4	0.197909089029	6	-0.0355952362925	1	-0.0996701400302	-0.135910886167	-0.0966316517774	0.0982389489992	-0.135265376323
M04_DY_TO_L:G808-E1774	M04_DY_TO_L	CORE13	DY	L	G808-E1774	sh	eol	1	f107r	f107r	G808-P0496	f107r.31	31	2	S	B	3	3	EXACT	-0.201814241302	16	-0.0584417225786	4	-0.000428960003777	72	0.268110519747	2	-0.0150013965251	92	-0.0098230176407	94	-0.00571416824123	68	0.0894080663154	4	0.129481962047	6	0.260174373106	3	-0.260684923884	0.00742559586311	-0.265970132122	-0.131202961837	-0.000510550778137
M04_DY_TO_L:G808-E1783	M04_DY_TO_L	CORE13	DY	L	G808-E1783	sh	ol	0	f107v	f107v	G808-P0502	f107v.3	3	5	S	B	3	3	EXACT	-0.0919242428468	17	-0.150650117577	2	-0.0101386055015	72	0.0576693408281	1	-0.00677743628775	91	-0.00723471732209	92	-0.00580983695692	68	-0.0837391255147	4	0.235861072929	6	0.058192408535	1	-0.252712965926	-0.195043625098	-0.248384197381	-0.0168518929969	-0.194520557391
M04_DY_TO_L:G808-E1817	M04_DY_TO_L	CORE13	DY	L	G808-E1817	sh	eol	1	f107v	f107v	G808-P0512	f107v.36	36	4	S	B	3	3	EXACT	0	0	-0.0740524287481	1	0.02885798489	72	0.237645003158	1	0.0653358785806	73	0.0665899285185	74	0.0208243618238	68	0.16541812226	4	0.0252432522748	6	0.0578236954268	2	-0.0451944438581	0.1924505593	-0.0532280669243	-0.0199511915833	0.0126292515687
M04_DY_TO_L:G808-E1857	M04_DY_TO_L	CORE13	DY	L	G808-E1857	sh	ol	0	f108r	f108r	G808-P0525	f108r.32	32	9	S	B	3	2	EXACT	-0.557838961179	4	-0.0435936210345	1	-0.00042805177911	72	0	0	0.00922034040363	77	0.00749658946879	77	0.00511327487055	68	-0.0946400750201	4	-0.380471069574	6	0.401206858151	1	-0.601860633993	-0.601860633993	-0.596319307343	-0.982331703567	-0.200653775841
M04_DY_TO_L:G808-E1875	M04_DY_TO_L	CORE13	DY	L	G808-E1875	sh	eol	1	f108r	f108r	G808-P0529	f108r.47	47	4	S	B	3	3	EXACT	-0.15029746285	13	0.126158980741	2	0.0119705565163	72	0	0	0.0194159390241	87	0.0176921880893	87	0.00484627818359	68	0.133073817975	4	-0.0529682862326	6	0	0	-0.0121679255924	-0.0121679255924	-0.0192922039251	-0.065136211825	-0.0121679255924
M04_DY_TO_L:G808-E1899	M04_DY_TO_L	CORE13	DY	L	G808-E1899	sh	ol	0	f108v	f108v	G808-P0536	f108v.21	21	2	S	B	3	3	EXACT	-0.138524024305	41	-0.0656065436151	1	-0.0227499545623	72	0.0613681843936	1	-0.0579455429882	114	-0.0579898514342	115	-0.0291307631395	68	0.085712049924	4	-0.0640748559105	6	0.342255901005	1	-0.226880522483	-0.165512338089	-0.23326133106	-0.290955378393	0.115375378522
M04_DY_TO_L:G808-E2032	M04_DY_TO_L	CORE13	DY	L	G808-E2032	sh	ol	0	f113r	f113r	G808-P0579	f113r.12	12	5	S	B	3	3	EXACT	0.409756193195	6	0.137841000178	2	0.0195435187655	72	0	0	0.0804881685802	80	0.0792199351851	80	0.0285120736346	68	-0.132933021643	4	0.162114349986	6	0	0	0.567140712138	0.567140712138	0.576109267007	0.729255062124	0.567140712138
M04_DY_TO_L:G808-E2038	M04_DY_TO_L	CORE13	DY	L	G808-E2038	sh	ol	0	f113r	f113r	G808-P0581	f113r.17	17	3	S	B	3	3	EXACT	-0.189288267009	16	0.0753827587288	3	0.0224007224054	72	-0.422156691445	1	0.00763187511635	91	0.00198451966325	92	0.0160758165871	68	0.129913013684	4	0.0162380557281	6	-0.42191298067	1	-0.0915047858743	-0.513661477319	-0.0978296916926	-0.0752667301462	-0.513417766544
M04_DY_TO_L:G808-E2040	M04_DY_TO_L	CORE13	DY	L	G808-E2040	sh	ol	0	f113r	f113r	G808-P0582	f113r.21	21	2	S	B	3	3	EXACT	0.396380010581	4	-0.186476201439	1	0.00721371359828	72	0	0	0.0557520885847	77	0.0544838551896	77	0.00405544281038	68	0.0608932093603	4	0.0790791986543	6	0	0	0.217117522741	0.217117522741	0.213959251953	0.296196721395	0.217117522741
M04_DY_TO_L:G808-E2045	M04_DY_TO_L	CORE13	DY	L	G808-E2045	sh	eol	1	f113r	f113r	G808-P0585	f113r.27	27	8	S	B	3	3	EXACT	-0.125451893845	12	0	0	-0.014599034327	72	0	0	-0.00626556114906	84	-0.00753379454418	84	-0.0124129298196	68	-0.0517739185853	4	-0.152540352886	6	-0.0598587592035	2	-0.140050928172	-0.140050928172	-0.137864823664	-0.292591281058	-0.199909687375
M04_DY_TO_L:G808-E2056	M04_DY_TO_L	CORE13	DY	L	G808-E2056	sh	eol	1	f113r	f113r	G808-P0591	f113r.47	47	2	S	B	3	3	EXACT	-0.0411875428315	31	-0.21699838973	5	0.00236713681757	72	0	0	-0.00855490684711	108	-0.00982314024223	108	-0.00107622672213	68	0.0608932093603	4	0.108219080212	6	0	0	-0.255818795744	-0.255818795744	-0.259262159284	-0.147599715532	-0.255818795744
M04_DY_TO_L:G808-E2104	M04_DY_TO_L	CORE13	DY	L	G808-E2104	sh	ol	0	f114r	f114r	G808-P0615	f114r.29	29	11	S	B	3	3	EXACT	-0.122478098685	19	-0.191578993583	3	-0.0241568004693	72	-0.0399379750192	1	-0.0286676402536	94	-0.0300405456677	95	-0.0201337623274	68	-0.0925614712895	4	-0.297395234421	6	-0.0396662392472	1	-0.338213892738	-0.378151867757	-0.334190854596	-0.635609127158	-0.377880131985
M04_DY_TO_L:G808-E2151	M04_DY_TO_L	CORE13	DY	L	G808-E2151	sh	eol	1	f115r	f115r	G808-P0639	f115r.26	26	9	S	B	@	3	EXACT	-0.107341824935	10	0.124324490563	1	0.00300955490294	70	0.0840984102693	1	0.019383852792	81	0.0189220680203	82	0.00887703407129	66	-0.0938023780828	4	-0.0435147205315	6	0.0844736848016	1	0.0199922205309	0.1040906308	0.0258596996993	-0.0235225000006	0.104465905332
M04_DY_TO_L:G808-E2160	M04_DY_TO_L	CORE13	DY	L	G808-E2160	sh	eol	1	f115r	f115r	G808-P0644	f115r.43	43	3	S	B	@	3	EXACT	-0.0563231489852	15	0	0	0.00671289559409	70	-0.288927181445	1	0.0196375833728	85	0.0147784919946	86	-0.000550489865926	66	0.126560228977	4	0.3082635255	6	-0.0124471849604	2	-0.0496102533911	-0.338537434836	-0.0568736388511	0.258653272109	-0.0620574383515
M04_DY_TO_L:G808-E2168	M04_DY_TO_L	CORE13	DY	L	G808-E2168	sh	eol	1	f115v	f115v	G808-P0647	f115v.8	8	2	S	B	3	3	EXACT	-0.139169306506	8	-0.176477484732	1	0.0217501041748	71	0	0	0.0304702035245	80	0.0291954170581	80	0.0150144578762	67	0.134566768406	4	0.15226117612	6	0	0	-0.293896687064	-0.293896687064	-0.300632333363	-0.141635510943	-0.293896687064
M04_DY_TO_L:G808-E0118	M04_DY_TO_L	CORE13	DY	L	G808-E0118	sh	ol	0	f11v	f11v	G808-P0040	f11v.1	1	5	H	A	1	3	EXACT	0.22159501355	16	-0.245540780409	1	0.0740634253788	72	0	0	0.119733755699	89	0.118165500886	89	0.0851160064443	68	-0.113842054601	4	0.29003337608	6	0	0	0.0501176585203	0.0501176585203	0.0611702395858	0.3401510346	0.0501176585203
M04_DY_TO_L:G808-E0119	M04_DY_TO_L	CORE13	DY	L	G808-E0119	sh	ol	0	f11v	f11v	G808-P0040	f11v.2	2	1	H	A	1	3	EXACT	0.22159501355	16	-0.0992327399273	3	0.0809868546721	72	-0.105244652997	2	0.12231372751	91	0.116551309649	93	0.0840766024129	68	0.028449541211	4	0.24707997592	6	-0.130104171946	2	0.203349128295	0.0981044752979	0.206438876036	0.450429104215	0.0732449563494
M04_DY_TO_L:G808-E0129	M04_DY_TO_L	CORE13	DY	L	G808-E0129	sh	ol	0	f13v	f13v	G808-P0044	f13v.6	6	3	H	A	1	3	EXACT	0.034016178739	18	0	0	0.0738560184706	72	-0.102235464011	2	0.0871654441859	90	0.0821869478643	92	0.0745769256683	68	0.0615889942422	4	0.29976528543	6	-0.127094982959	2	0.10787219721	0.0056367331986	0.108593104407	0.407637482639	-0.0192227857499
M04_DY_TO_L:G808-E0140	M04_DY_TO_L	CORE13	DY	L	G808-E0140	sh	ol	0	f15v	f15v	G808-P0049	f15v.4	4	3	H	A	1	2	EXACT	0.0900234786743	27	0	0	0.0532693699035	72	-0.133195232757	1	0.0783256199048	99	0.0749674545532	100	0.0541710780285	68	0.0379287299119	4	0.29003337608	6	-0.132629255328	1	0.143292848578	0.0100976158211	0.144194556703	0.433326224657	0.0106635932497
M04_DY_TO_L:G808-E0141	M04_DY_TO_L	CORE13	DY	L	G808-E0141	sh	ol	0	f15v	f15v	G808-P0049	f15v.8	8	6	H	A	1	2	EXACT	0.0900234786743	27	0.0777481888554	1	0.064524815517	72	0	0	0.0865633438179	100	0.0849950890049	100	0.0667325874852	68	0.0269810901907	4	0.24486583837	6	-0.287320383741	1	0.232296483047	0.232296483047	0.234504255015	0.477162321417	-0.0550239006942
M04_DY_TO_L:G808-E0154	M04_DY_TO_L	CORE13	DY	L	G808-E0154	sh	ol	0	f17r	f17r	G808-P0056	f17r.4	4	2	H	A	1	3	EXACT	0.701662483995	7	0	0	0.0884514227239	72	0	0	0.173629087287	79	0.172060832474	79	0.0887944877001	68	0.0826077162604	4	0.000442686246	6	0	0	0.790113906719	0.790113906719	0.790456971695	0.790556592965	0.790113906719
M04_DY_TO_L:G808-E0165	M04_DY_TO_L	CORE13	DY	L	G808-E0165	sh	ol	0	f17v	f17v	G808-P0058	f17v.9	9	2	H	A	1	1	EXACT	0.156259967381	56	-0.192739784292	1	0.0643491079145	72	0	0	0.103240401828	129	0.101672147015	129	0.0686700027306	68	-0.00911770582673	4	-0.284189621054	6	0	0	0.0278692910027	0.0278692910027	0.0321901858188	-0.256320330051	0.0278692910027
M04_DY_TO_L:G808-E0171	M04_DY_TO_L	CORE13	DY	L	G808-E0171	sh	eol	1	f17v	f17v	G808-P0058	f17v.13	13	6	H	A	1	1	EXACT	0.156259967381	56	0	0	0.0667654257777	72	0	0	0.106802881001	128	0.105234626188	128	0.0883171416666	68	-0.299625346201	4	-0.0835508613506	6	0	0	0.223025393158	0.223025393158	0.244577109047	0.139474531808	0.223025393158
M04_DY_TO_L:G808-E0202	M04_DY_TO_L	CORE13	DY	L	G808-E0202	sh	ol	0	f20r	f20r	G808-P0066	f20r.7	7	7	H	A	1	2	EXACT	-0.0997987783366	8	-0.169963903091	1	0.0810071639785	72	0.042691670028	1	0.0897636829779	81	0.0880088208447	82	0.0916170757719	68	-0.0993726006921	4	-0.336397273378	6	0.0442348678001	1	-0.188755517449	-0.146063847421	-0.178145605656	-0.525152790827	-0.144520649649
M04_DY_TO_L:G808-E0206	M04_DY_TO_L	CORE13	DY	L	G808-E0206	sh	ol	0	f20v	f20v	G808-P0068	f20v.4	4	4	H	A	1	2	EXACT	0.0601277268415	8	0	0	0.113263269943	72	0.0247844701986	2	0.137740645113	80	0.134190624002	82	0.103661491382	68	0.276481903607	4	0.291316373593	6	0.0478143773273	3	0.173390996785	0.198175466983	0.163789218224	0.464707370378	0.221205374112
M04_DY_TO_L:G808-E0207	M04_DY_TO_L	CORE13	DY	L	G808-E0207	sh	ol	0	f20v	f20v	G808-P0069	f20v.5	5	4	H	A	1	3	EXACT	0.221580420864	23	0.162357122199	1	0.0808119798333	72	0	0	0.132885950878	96	0.131272037438	96	0.0760030742681	68	0.162551772574	4	0.253796606338	6	-0.0227571959373	1	0.464749522897	0.464749522897	0.459940617332	0.718546129235	0.44199232696
M04_DY_TO_L:G808-E0223	M04_DY_TO_L	CORE13	DY	L	G808-E0223	sh	ol	0	f22r	f22r	G808-P0074	f22r.1	1	4	H	A	1	3	EXACT	0.123533520314	5	-0.112172343934	2	0.108205862798	72	-0.080556724017	1	0.135993083658	79	0.132124578734	80	0.105092602497	68	0.161119686045	4	0.182524952084	6	-0.0799907465884	1	0.119567039178	0.039010315161	0.116453778877	0.302091991262	0.0395762925896
M04_DY_TO_L:G808-E0224	M04_DY_TO_L	CORE13	DY	L	G808-E0224	sh	ol	0	f22r	f22r	G808-P0074	f22r.2	2	3	H	A	1	3	EXACT	0.123533520314	5	-0.114813177713	3	0.12282482875	72	-0.0507589377015	1	0.14612352563	80	0.142526225576	81	0.12221740653	68	0.133139404615	4	0.179957197861	6	-0.0501929602729	1	0.13154517135	0.0807862336489	0.130937749131	0.311502369212	0.0813522110776
M04_DY_TO_L:G808-E0228	M04_DY_TO_L	CORE13	DY	L	G808-E0228	sh	ol	0	f22r	f22r	G808-P0076	f22r.7	7	2	H	A	1	2	EXACT	0.151382756285	8	-0.181108815338	1	0.0881667479237	72	0	0	0.120753794844	81	0.119185540031	81	0.0884930673235	68	0.0826077162604	4	-0.0654346089615	6	0	0	0.0584406888706	0.0584406888706	0.0587670082703	-0.00699392009087	0.0584406888706
M04_DY_TO_L:G808-E0235	M04_DY_TO_L	CORE13	DY	L	G808-E0235	sh	ol	0	f22v	f22v	G808-P0079	f22v.14	14	3	H	A	1	2	EXACT	0.36601510683	18	0	0	0.0905451852376	72	-0.287886361169	1	0.166916563218	90	0.160707944387	91	0.0855747482206	68	0.175031012659	4	0.290115007958	6	-0.287320383741	1	0.456560292068	0.168673930899	0.451589855051	0.746675300026	0.169239908327
M04_DY_TO_L:G808-E0244	M04_DY_TO_L	CORE13	DY	L	G808-E0244	sh	ol	0	f23v	f23v	G808-P0084	f23v.7	7	4	H	A	1	3	EXACT	-0.0251159255219	26	-0.115272986351	1	0.0897096264386	71	0.505100997777	1	0.0725737588912	98	0.0757030499134	99	0.0854458896703	67	0.161119686045	4	0.0735899254557	6	0.447444152186	1	-0.050679285434	0.454421712343	-0.0549430222023	0.0229106400218	0.396764866753
M04_DY_TO_L:G808-E0258	M04_DY_TO_L	CORE13	DY	L	G808-E0258	sh	ol	0	f24v	f24v	G808-P0087	f24v.8	8	3	H	A	1	2	EXACT	0.105233325246	14	0	0	0.0794224922607	72	0	0	0.108096761365	86	0.106528506552	86	0.0737977791862	68	0.175031012659	4	0.284675562079	6	0	0	0.184655817507	0.184655817507	0.179031104432	0.469331379586	0.184655817507
M04_DY_TO_L:G808-E0264	M04_DY_TO_L	CORE13	DY	L	G808-E0264	sh	ol	0	f25v	f25v	G808-P0089	f25v.4	4	3	H	A	1	2	EXACT	0.179202020415	19	-0.115272986351	1	0.0892774351188	72	-0.287886361169	1	0.126076591141	92	0.120406904569	93	0.0909054844723	68	0.0615889942422	4	0.196082525295	6	-0.291124858852	2	0.153206469184	-0.134679891986	0.154834518537	0.349288994478	-0.137918389668
M04_DY_TO_L:G808-E0282	M04_DY_TO_L	CORE13	DY	L	G808-E0282	sh	ol	0	f27r	f27r	G808-P0093	f27r.2	2	3	H	A	1	3	EXACT	0.132353223264	19	-0.320907003534	1	0.0840715068819	72	0.194011276826	2	0.110091939009	92	0.1110013254	94	0.0811844774936	68	0.133139404615	4	0.238793976581	6	0.0540080115004	3	-0.104482273388	0.0895290034379	-0.107369302776	0.134311703193	-0.0504742618874
M04_DY_TO_L:G808-E0285	M04_DY_TO_L	CORE13	DY	L	G808-E0285	sh	ol	0	f27r	f27r	G808-P0093	f27r.3	3	6	H	A	1	2	EXACT	0.132353223264	19	-0.0781084418022	1	0.0713478638393	72	0.505100997777	1	0.102773420125	92	0.10588105108	93	0.0768450929267	68	-0.0221166325142	4	-0.053146562957	6	0.447444152186	1	0.125592645301	0.630693643078	0.131089874389	0.0724460823445	0.573036797488
M04_DY_TO_L:G808-E0294	M04_DY_TO_L	CORE13	DY	L	G808-E0294	sh	ol	0	f28r	f28r	G808-P0095	f28r.8	8	6	H	A	1	2	EXACT	0.171302406936	25	-0.172583337261	1	0.0902772115188	72	0.061678495047	1	0.124560577988	98	0.122685734446	99	0.0982797119009	68	-0.0457768968445	4	0.128174742593	6	0.343137268495	1	0.0889962811938	0.150674776241	0.0969987815759	0.217171023787	0.432133549689
M04_DY_TO_L:G808-E0299	M04_DY_TO_L	CORE13	DY	L	G808-E0299	sh	eol	1	f28v	f28v	G808-P0097	f28v.4	4	7	H	A	1	3	EXACT	0.185317438894	4	-0.238136081637	1	0.0935845470776	72	0.505100997777	1	0.127714148209	77	0.131401235042	78	0.105785429419	68	-0.113842054601	4	-0.0215670822238	6	0.447444152186	1	0.0407659043348	0.545866902111	0.0529667866766	0.019198822111	0.488210056521
M04_DY_TO_L:G808-E0004	M04_DY_TO_L	CORE13	DY	L	G808-E0004	sh	ol	0	f2r	f2r	G808-P0002	f2r.8	8	5	H	A	1	3	EXACT	-0.001107004274	17	0	0	0.0720770100513	72	0	0	0.0801472875674	89	0.0785790327544	89	0.0814020886637	68	-0.0864609282265	4	0.29003337608	6	0	0	0.0709700057773	0.0709700057773	0.0802950843897	0.361003381857	0.0709700057773
M04_DY_TO_L:G808-E0006	M04_DY_TO_L	CORE13	DY	L	G808-E0006	sh	ol	0	f2r	f2r	G808-P0002	f2r.10	10	3	H	A	1	3	EXACT	-0.001107004274	17	-0.0337216515163	1	0.0742725450067	72	0.505100997777	1	0.0807935910774	90	0.0842455253358	91	0.0708091060963	68	0.133139404615	4	0.200374988766	6	0.447444152186	1	0.0394438892163	0.544544886993	0.035980450306	0.239818877983	0.486888041403
M04_DY_TO_L:G808-E0009	M04_DY_TO_L	CORE13	DY	L	G808-E0009	sh	ol	0	f2v	f2v	G808-P0003	f2v.2	2	4	H	A	1	3	EXACT	0.266397330753	15	0.216071205749	2	0.119897384024	72	0	0	0.17017806143	89	0.168609806617	89	0.117471860266	68	0.161119686045	4	0.29976528543	6	0	0	0.602365920526	0.602365920526	0.599940396768	0.902131205956	0.602365920526
M04_DY_TO_L:G808-E0315	M04_DY_TO_L	CORE13	DY	L	G808-E0315	sh	eol	1	f31r	f31r	G808-P0108	f31r.7	7	4	H	B	2	2	EXACT	0.00174312986471	6	0	0	-0.0269459080515	72	0	0	0.00801782380319	78	0.00641259612694	78	-0.0379639869536	68	0.160349514746	4	-0.183310811931	6	-0.120164079049	1	-0.0252027781867	-0.0252027781867	-0.0362208570889	-0.208513590117	-0.145366857236
M04_DY_TO_L:G808-E0340	M04_DY_TO_L	CORE13	DY	L	G808-E0340	sh	ol	0	f33v	f33v	G808-P0116	f33v.9	9	7	H	B	2	3	EXACT	-0.0796488180372	26	0.141955299489	8	-0.00838715445565	72	-0.115473404622	2	0.00104278062138	106	-0.00207375393026	108	-0.00391603475076	68	-0.0844079339976	4	0.250910231898	6	-0.0207085091495	3	0.0539193269961	-0.061554077626	0.058390446701	0.304829558895	0.0332108178466
M04_DY_TO_L:G808-E0356	M04_DY_TO_L	CORE13	DY	L	G808-E0356	sh	ol	0	f35r	f35r	G808-P0122	f35r.14	14	7	H	A	1	2	EXACT	-0.0183501299981	21	0.0734260387906	1	0.0698722797455	72	0.182249530082	2	0.0692079582926	94	0.0706724403669	96	0.0798630118657	68	-0.0999817681641	4	0.0437736835752	6	0.323261905521	2	0.124948188538	0.30719771862	0.134938920658	0.168721872113	0.448210094059
M04_DY_TO_L:G808-E0357	M04_DY_TO_L	CORE13	DY	L	G808-E0357	sh	ol	0	f35v	f35v	G808-P0123	f35v.6	6	1	H	A	1	2	EXACT	0.144605177954	35	0	0	0.0694223632351	71	0	0	0.104345147243	106	0.10277689243	106	0.077344196838	67	-0.0632758808762	4	0.190233679015	6	0	0	0.214027541189	0.214027541189	0.221949374792	0.404261220204	0.214027541189
M04_DY_TO_L:G808-E0358	M04_DY_TO_L	CORE13	DY	L	G808-E0358	sh	ol	0	f35v	f35v	G808-P0123	f35v.7	7	3	H	A	1	2	EXACT	0.144605177954	35	-0.133661922728	1	0.0685483278541	72	0	0	0.10172059592	108	0.100152341107	108	0.0743526310207	68	-0.0301364278449	4	0.0020395004495	6	0	0	0.0794915830799	0.0794915830799	0.0852958862465	0.0815310835294	0.0794915830799
M04_DY_TO_L:G808-E0374	M04_DY_TO_L	CORE13	DY	L	G808-E0374	sh	ol	0	f37r	f37r	G808-P0129	f37r.6	6	2	H	A	1	2	EXACT	0.0645167095013	7	-0.115272986351	1	0.0691453960849	72	0	0	0.097066603851	80	0.095498349038	80	0.0683528124353	68	0.0826077162604	4	0.186585276387	6	0	0	0.0183891192356	0.0183891192356	0.017596535586	0.204974395623	0.0183891192356
M04_DY_TO_L:G808-E0389	M04_DY_TO_L	CORE13	DY	L	G808-E0389	sh	ol	0	f39r	f39r	G808-P0137	f39r.9	9	2	H	B	2	2	EXACT	-0.146208796784	9	0	0	-0.0215050472803	72	0.12327999675	1	-0.00630552364564	81	-0.00592587144062	82	-0.022222035641	68	-0.00932820775377	4	-0.0133267273176	6	0.124084533508	1	-0.167713844065	-0.0444338473151	-0.168430832425	-0.181040571382	-0.043629310557
M04_DY_TO_L:G808-E0027	M04_DY_TO_L	CORE13	DY	L	G808-E0027	sh	ol	0	f3v	f3v	G808-P0009	f3v.3	3	3	H	A	1	2	EXACT	0.0391620666675	15	0	0	0.087023378652	72	0	0	0.102417611853	87	0.10084935704	87	0.0885188364486	68	0.0615889942422	4	-0.0215670822238	6	0	0	0.126185445319	0.126185445319	0.127680903116	0.104618363096	0.126185445319
M04_DY_TO_L:G808-E0404	M04_DY_TO_L	CORE13	DY	L	G808-E0404	sh	ol	0	f40v	f40v	G808-P0144	f40v.16	16	1	H	B	2	3	EXACT	-0.115216947796	33	-0.022720378711	4	-0.0285197205404	72	0	0	-0.0429424880985	109	-0.0444742547079	109	-0.0319102176947	68	0.0291070752378	4	-0.288852650964	6	0	0	-0.166457047048	-0.166457047048	-0.169847544202	-0.455309698011	-0.166457047048
M04_DY_TO_L:G808-E0418	M04_DY_TO_L	CORE13	DY	L	G808-E0418	sh	ol	0	f42r	f42r	G808-P0149	f42r.8	8	5	H	A	1	2	EXACT	0.130207447132	9	-0.245540780409	1	0.0807334535029	72	0	0	0.110912386341	82	0.109344131528	82	0.0921783891639	68	-0.113842054601	4	-0.177691560149	6	0	0	-0.0345998797735	-0.0345998797735	-0.0231549441125	-0.212291439922	-0.0345998797735
M04_DY_TO_L:G808-E0424	M04_DY_TO_L	CORE13	DY	L	G808-E0424	sh	ol	0	f42r	f42r	G808-P0149	f42r.12	12	3	H	A	1	2	EXACT	0.130207447132	9	0.297300457663	1	0.0737202657559	72	0	0	0.111374480491	82	0.109806225678	82	0.0744331874997	68	0.0615889942422	4	-0.0118351728734	6	0	0	0.501228170552	0.501228170552	0.501941092295	0.489392997678	0.501228170552
M04_DY_TO_L:G808-E0425	M04_DY_TO_L	CORE13	DY	L	G808-E0425	sh	ol	0	f42r	f42r	G808-P0150	f42r.17	17	2	H	A	1	2	EXACT	0.206215165153	13	0	0	0.0738937100454	72	0.505100997777	1	0.119449379581	85	0.122743699384	86	0.0733804389817	68	0.0826077162604	4	0.295707482401	6	0.447444152186	1	0.280108875199	0.785209872975	0.279595604135	0.5758163576	0.727553027385
M04_DY_TO_L:G808-E0428	M04_DY_TO_L	CORE13	DY	L	G808-E0428	sh	ol	0	f42r	f42r	G808-P0150	f42r.23	23	2	H	A	1	1	EXACT	0.206215165153	13	0	0	0.0760880674421	72	0	0	0.121308129376	85	0.119739874563	85	0.0770246225587	68	0.0601550285925	4	-0.0309826992526	6	0	0	0.282303232595	0.282303232595	0.283239787712	0.251320533343	0.282303232595
M04_DY_TO_L:G808-E0432	M04_DY_TO_L	CORE13	DY	L	G808-E0432	sh	ol	0	f42v	f42v	G808-P0152	f42v.10	10	4	H	A	1	3	EXACT	0.0967639627296	25	-0.076046960444	1	0.0695985212904	71	0	0	0.0911659440871	97	0.0895976892741	97	0.0641341215282	67	0.161119686045	4	0.182524952084	6	0	0	0.090315523576	0.090315523576	0.0848511238137	0.27284047566	0.090315523576
M04_DY_TO_L:G808-E0436	M04_DY_TO_L	CORE13	DY	L	G808-E0436	sh	ol	0	f43r	f43r	G808-P0153	f43r.1	1	7	H	B	2	3	EXACT	0.151073047284	29	0.138161683742	1	-0.00308656818282	72	0.0591696696524	1	0.056007265853	102	0.0547852041723	103	-0.00161573058879	68	-0.0281042522006	4	-0.0677124039818	6	0.189163235559	1	0.286148162843	0.345317832496	0.287619000437	0.218435758862	0.475311398403
M04_DY_TO_L:G808-E0441	M04_DY_TO_L	CORE13	DY	L	G808-E0441	sh	ol	0	f43r	f43r	G808-P0155	f43r.11	11	3	H	B	2	3	EXACT	-0.202567186976	11	0.104873740927	3	-0.0621074178509	72	0	0	-0.0475172880649	86	-0.0490897279389	86	-0.073676087511	68	0.134546521451	4	0.192303924572	6	0	0	-0.159800863901	-0.159800863901	-0.171369533561	0.0325030606716	-0.159800863901
M04_DY_TO_L:G808-E0454	M04_DY_TO_L	CORE13	DY	L	G808-E0454	sh	ol	0	f44r	f44r	G808-P0160	f44r.7	7	3	H	A	1	2	EXACT	-0.0869988214963	13	0	0	0.0911472859035	72	0	0	0.0892196811732	85	0.0876514263602	85	0.0982809395435	68	-0.0301364278449	4	0.107695792239	6	0	0	0.00414846440714	0.00414846440714	0.0112821180472	0.111844256647	0.00414846440714
M04_DY_TO_L:G808-E0459	M04_DY_TO_L	CORE13	DY	L	G808-E0459	sh	ol	0	f44v	f44v	G808-P0162	f44v.1	1	7	H	A	1	2	EXACT	0.276684403696	4	0	0	0.0589844717719	72	0	0	0.104374081483	76	0.10280582667	76	0.0691500555664	68	-0.113842054601	4	-0.391932705492	6	0	0	0.335668875468	0.335668875468	0.345834459262	-0.0562638300247	0.335668875468
M04_DY_TO_L:G808-E0463	M04_DY_TO_L	CORE13	DY	L	G808-E0463	sh	ol	0	f44v	f44v	G808-P0162	f44v.2	2	7	H	A	1	2	EXACT	0.276684403696	4	0	0	0.0631113004357	72	0.382384180448	2	0.108283708638	76	0.114577768456	78	0.0695158060482	68	-0.0457768968445	4	-0.013336839248	6	0.523396555887	2	0.339795704131	0.72217988458	0.346200209744	0.326458864883	0.863192260018
M04_DY_TO_L:G808-E0466	M04_DY_TO_L	CORE13	DY	L	G808-E0466	sh	ol	0	f44v	f44v	G808-P0163	f44v.5	5	2	H	A	1	3	EXACT	0.234171152612	11	0.335925195754	1	0.0857800667656	72	0	0	0.135104981426	84	0.133536726613	84	0.085965993156	68	0.0826077162604	4	0.178467149055	6	0	0	0.655876415132	0.655876415132	0.656062341522	0.834343564187	0.655876415132
M04_DY_TO_L:G808-E0471	M04_DY_TO_L	CORE13	DY	L	G808-E0471	sh	ol	0	f44v	f44v	G808-P0164	f44v.8	8	4	H	A	1	3	EXACT	0.0176303889644	13	-0.181108815338	1	0.0958590772111	72	0	0	0.105999424799	86	0.104431169986	86	0.0920195354052	68	0.161119686045	4	0.123110900956	6	0	0	-0.0676193491627	-0.0676193491627	-0.0714588909687	0.0554915517933	-0.0676193491627
M04_DY_TO_L:G808-E0487	M04_DY_TO_L	CORE13	DY	L	G808-E0487	sh	ol	0	f46r	f46r	G808-P0171	f46r.7	7	2	H	B	2	3	EXACT	-0.148300025989	16	-0.215910493558	3	-0.0440655550789	72	0	0	-0.0450051801166	91	-0.046590165193	91	-0.0515061309755	68	0.0824125871329	4	-0.121134656263	6	-0.121570873662	1	-0.408276074625	-0.408276074625	-0.415716650522	-0.529410730888	-0.529846948287
M04_DY_TO_L:G808-E0491	M04_DY_TO_L	CORE13	DY	L	G808-E0491	sh	ol	0	f46r	f46r	G808-P0172	f46r.9	9	5	H	B	2	3	EXACT	0	0	0.149503815538	1	-0.0382815082025	72	0	0	0.003250988062	73	0.00166600298558	73	-0.0352534214782	68	-0.0897706305474	4	-0.0252377291689	6	0	0	0.111222307336	0.111222307336	0.11425039406	0.0859845781666	0.111222307336
M04_DY_TO_L:G808-E0492	M04_DY_TO_L	CORE13	DY	L	G808-E0492	sh	eol	1	f46r	f46r	G808-P0172	f46r.10	10	9	H	B	2	3	EXACT	0	0	0	0	-0.0542891720944	72	0	0	-0.0149932044259	72	-0.0165781895023	72	-0.0397068555144	68	-0.302200201985	4	0.0941272589961	6	0	0	-0.0542891720944	-0.0542891720944	-0.0397068555144	0.0398380869017	-0.0542891720944
M04_DY_TO_L:G808-E0493	M04_DY_TO_L	CORE13	DY	L	G808-E0493	sh	ol	0	f46r	f46r	G808-P0173	f46r.13	13	3	H	B	2	3	EXACT	-0.0532107043772	16	0.152471497031	2	0.00610392906255	72	-0.174961196636	1	0.0219561984073	90	0.0185681505757	91	-0.0014433361383	68	0.134395789446	4	-0.000471978610816	6	0.243673311963	2	0.105364721716	-0.0695964749202	0.097817456515	0.104892743105	0.349038033679
M04_DY_TO_L:G808-E0503	M04_DY_TO_L	CORE13	DY	L	G808-E0503	sh	eol	1	f46v	f46v	G808-P0175	f46v.10	10	1	H	B	2	2	EXACT	-0.174134315234	28	-0.0387057914639	2	-0.0377735830772	72	-0.146572274375	1	-0.0606049295065	102	-0.0627739559308	103	-0.0415250698165	68	0.0259899802908	4	0.074666059771	6	-0.15721269639	2	-0.250613689775	-0.397185964151	-0.254365176515	-0.175947630004	-0.407826386166
M04_DY_TO_L:G808-E0505	M04_DY_TO_L	CORE13	DY	L	G808-E0505	sh	ol	0	f47r	f47r	G808-P0176	f47r.1	1	4	H	A	1	2	EXACT	0.00874152737772	12	0	0	0.0903323195416	72	-0.332748468753	2	0.104860664792	84	0.0938719603342	86	0.0837744960267	68	0.201803717427	4	0.29976528543	6	-0.332182491324	2	0.0990738469193	-0.233674621833	0.0925160234044	0.398839132349	-0.233108644405
M04_DY_TO_L:G808-E0511	M04_DY_TO_L	CORE13	DY	L	G808-E0511	sh	ol	0	f47v	f47v	G808-P0178	f47v.3	3	1	H	A	1	2	EXACT	0.22746091624	16	0.670278493135	1	0.0845240816557	72	0	0	0.139540957593	89	0.13797270278	89	0.087821901572	68	0.028449541211	4	-0.118775491248	6	0	0	0.982263491031	0.982263491031	0.985561310948	0.863487999784	0.982263491031
M04_DY_TO_L:G808-E0527	M04_DY_TO_L	CORE13	DY	L	G808-E0527	sh	ol	0	f48r	f48r	G808-P0180	f48r.8	8	2	H	B	5	2	EXACT	-0.0027839096572	32	0	0	-0.011376417186	72	0	0	0.00307173852702	104	0.00148927273603	104	-0.0166134308752	68	0.0776421708044	4	-0.034362123219	6	0	0	-0.0141603268432	-0.0141603268432	-0.0193973405324	-0.0485224500622	-0.0141603268432
M04_DY_TO_L:G808-E0540	M04_DY_TO_L	CORE13	DY	L	G808-E0540	sh	ol	0	f49r	f49r	G808-P0183	f49r.1	1	4	H	A	1	3	EXACT	-0.0651772213505	5	0	0	0.0854740548098	72	0	0	0.108566739441	77	0.106998484629	77	0.0810236293331	68	0.161119686045	4	0.179957197861	6	-0.120112564813	1	0.0202968334593	0.0202968334593	0.0158464079826	0.20025403132	-0.0998157313537
M04_DY_TO_L:G808-E0546	M04_DY_TO_L	CORE13	DY	L	G808-E0546	sh	ol	0	f49r	f49r	G808-P0185	f49r.21	21	4	H	A	1	2	EXACT	-0.00658058776044	22	0	0	0.0893009514836	72	0	0	0.0852147973828	94	0.0836465425698	94	0.0976147209863	68	-0.0520447319289	4	0.219819353977	6	0	0	0.0827203637232	0.0827203637232	0.0910341332258	0.3025397177	0.0827203637232
M04_DY_TO_L:G808-E0547	M04_DY_TO_L	CORE13	DY	L	G808-E0547	sh	ol	0	f49v	f49v	G808-P0186	f49v.2	2	2	H	A	1	2	EXACT	0.0394675750007	22	0	0	0.0824775869614	72	0	0	0.090765620097	94	0.0891973652841	94	0.0880698777576	68	-0.0126029584427	4	0.238861185496	6	0.0554931486621	1	0.121945161962	0.121945161962	0.127537452758	0.360806347458	0.177438310624
M04_DY_TO_L:G808-E0548	M04_DY_TO_L	CORE13	DY	L	G808-E0548	sh	ol	0	f49v	f49v	G808-P0186	f49v.10	10	1	H	A	1	1	EXACT	0.0394675750007	22	0	0	0.072232484627	72	0	0	0.0829183076708	94	0.0813500528578	94	0.0761990496787	68	0.00478927688071	4	0.23734806657	6	0	0	0.111700059628	0.111700059628	0.115666624679	0.349048126198	0.111700059628
M04_DY_TO_L:G808-E0554	M04_DY_TO_L	CORE13	DY	L	G808-E0554	sh	ol	0	f49v	f49v	G808-P0187	f49v.28	28	2	H	A	1	2	EXACT	0.204291439433	7	0	0	0.0826313929645	72	0	0	0.124253904318	79	0.122685649505	79	0.082632103249	68	0.0826077162604	4	0.0695321224271	6	0	0	0.286922832398	0.286922832398	0.286923542682	0.356454954825	0.286922832398
M04_DY_TO_L:G808-E0574	M04_DY_TO_L	CORE13	DY	L	G808-E0574	sh	ol	0	f51r	f51r	G808-P0191	f51r.10	10	6	H	A	1	2	EXACT	0.135192277937	32	-0.023093237065	2	0.0829128605034	72	0	0	0.109277407536	106	0.107513091291	106	0.0859735786885	68	0.0308692146526	4	0.133786318308	6	0	0	0.195011901375	0.195011901375	0.19807261956	0.328798219683	0.195011901375
M04_DY_TO_L:G808-E0594	M04_DY_TO_L	CORE13	DY	L	G808-E0594	sh	eol	1	f52v	f52v	G808-P0194	f52v.3	3	7	H	A	1	2	EXACT	0.167399021695	14	0	0	0.0558808855056	72	0	0	0.0985075062947	86	0.0969392514817	86	0.0650485944352	68	-0.0999817681641	4	-0.0269248962239	6	0	0	0.223279907201	0.223279907201	0.23244761613	0.196355010977	0.223279907201
M04_DY_TO_L:G808-E0605	M04_DY_TO_L	CORE13	DY	L	G808-E0605	sh	ol	0	f53v	f53v	G808-P0197	f53v.2	2	5	H	A	1	3	EXACT	0.18681251942	28	-0.0459993932957	2	0.0655861736422	72	0	0	0.110996840411	102	0.109514368237	102	0.0771609307494	68	-0.131196299047	4	0.245685252316	6	0	0	0.206399299767	0.206399299767	0.217974056874	0.452084552083	0.206399299767
M04_DY_TO_L:G808-E0627	M04_DY_TO_L	CORE13	DY	L	G808-E0627	sh	ol	0	f56r	f56r	G808-P0204	f56r.9	9	3	H	A	1	1	EXACT	0.231907742295	24	0	0	0.0745116616741	72	0	0	0.13084464383	96	0.129276389017	96	0.0766629163738	68	0.0379287299119	4	-0.435350400433	6	0	0	0.306419403969	0.306419403969	0.308570658668	-0.128930996464	0.306419403969
M04_DY_TO_L:G808-E0631	M04_DY_TO_L	CORE13	DY	L	G808-E0631	sh	ol	0	f56v	f56v	G808-P0205	f56v.1	1	2	H	A	1	2	EXACT	0.112431647668	14	0	0	0.087730437971	72	-0.170695267581	1	0.116224070726	86	0.111731798218	87	0.0880310920794	68	0.0826077162604	4	0.334126470216	6	-0.170129290152	1	0.200162085639	0.0294668180585	0.200462739748	0.534288555855	0.0300327954871
M04_DY_TO_L:G808-E0632	M04_DY_TO_L	CORE13	DY	L	G808-E0632	sh	ol	0	f56v	f56v	G808-P0206	f56v.7	7	3	H	A	1	1	EXACT	0.101852419713	20	0	0	0.0782736070952	72	0	0	0.103183462052	92	0.101615207239	92	0.080646152702	68	0.0379287299119	4	-0.444486538926	6	0	0	0.180126026808	0.180126026808	0.182498572415	-0.264360512118	0.180126026808
M04_DY_TO_L:G808-E0636	M04_DY_TO_L	CORE13	DY	L	G808-E0636	sh	ol	0	f56v	f56v	G808-P0206	f56v.13	13	5	H	A	1	2	EXACT	0.101852419713	20	-0.0692175549704	1	0.0869331364902	72	-0.287886361169	1	0.108183922672	93	0.10274821589	94	0.0904590449862	68	0.0269810901907	4	0.284675562079	6	-0.287320383741	1	0.119568001232	-0.168318359937	0.123093909728	0.404243563312	-0.167752382508
M04_DY_TO_L:G808-E0642	M04_DY_TO_L	CORE13	DY	L	G808-E0642	sh	ol	0	f58r	f58r	G808-P0208	f58r.18	18	2	S	A	3	3	EXACT	-0.0451414010241	30	-0.116524274431	2	0.033634377612	71	0	0	0.020879521277	103	0.0192399265691	103	0.030704015386	67	0.0827207727042	4	0.19546998114	6	0	0	-0.128031297843	-0.128031297843	-0.130961660069	0.0674386832968	-0.128031297843
M04_DY_TO_L:G808-E0647	M04_DY_TO_L	CORE13	DY	L	G808-E0647	sh	eol	1	f58r	f58r	G808-P0209	f58r.39	39	5	S	A	3	3	EXACT	0.0103910801655	53	0	0	0.0138814612866	71	0.0296782809914	1	0.0139463355631	124	0.0127038342977	125	0.019905370316	67	-0.0870161871513	4	0.18319958841	6	-0.101007818113	1	0.0242725414521	0.0539508224435	0.0302964504815	0.207472129862	-0.0767352766612
M04_DY_TO_L:G808-E0657	M04_DY_TO_L	CORE13	DY	L	G808-E0657	sh	ol	0	f58v	f58v	G808-P0212	f58v.31	31	7	S	A	3	3	EXACT	-0.157550497488	21	0.0599654329121	1	0.0111941569104	71	0.428165205589	3	-0.00575710506462	93	0.00717044294168	96	0.0185776632471	67	-0.112485972928	4	0.332637658048	6	0.318853129675	4	-0.086390907665	0.341774297924	-0.0790074013283	0.246246750383	0.232462222009
M04_DY_TO_L:G808-E0670	M04_DY_TO_L	CORE13	DY	L	G808-E0670	sh	eol	1	f66r	f66r	G808-P0216	f66r.64	64	2	T	B	5	3	EXACT	-0.158678428542	3	-0.15974186582	2	-0.0124416838215	71	0	0	0.0133066720795	76	0.0116140920103	76	-0.0182381807377	67	0.0846327443348	4	0.177457196884	6	0	0	-0.330861978183	-0.330861978183	-0.336658475099	-0.1534047813	-0.330861978183
M04_DY_TO_L:G808-E0679	M04_DY_TO_L	CORE13	DY	L	G808-E0679	sh	eol	1	f66r	f66r	G808-P0218	f66r.76	76	2	T	B	5	2	EXACT	-0.186419940668	33	0	0	0.00697311028503	71	0.0572582893438	1	-0.0431060668814	104	-0.0435087717662	105	0.00233570555429	67	0.0846327443348	4	-0.290078014532	6	0.339504777409	1	-0.179446830383	-0.122188541039	-0.184084235114	-0.469524844915	0.160057947026
M04_DY_TO_L:G808-E0682	M04_DY_TO_L	CORE13	DY	L	G808-E0682	sh	eol	1	f66r	f66r	G808-P0218	f66r.79	79	1	T	B	5	2	EXACT	-0.186419940668	33	-0.142205991756	1	-0.0125559294404	71	0	0	-0.0571070726169	105	-0.0587996526862	105	-0.0151472367837	67	0.0308315733688	4	-0.115481496783	6	0	0	-0.341181861864	-0.341181861864	-0.343773169207	-0.456663358647	-0.341181861864
M04_DY_TO_L:G808-E0048	M04_DY_TO_L	CORE13	DY	L	G808-E0048	sh	ol	0	f6r	f6r	G808-P0018	f6r.1	1	3	H	A	1	3	EXACT	0.280655343337	33	0.237756275445	1	0.073138574633	71	0	0	0.151156483412	105	0.149588228599	105	0.069555985902	67	0.133139404615	4	0.0851533094527	6	0	0	0.591550193415	0.591550193415	0.587967604684	0.676703502868	0.591550193415
M04_DY_TO_L:G808-E0052	M04_DY_TO_L	CORE13	DY	L	G808-E0052	sh	ol	0	f6r	f6r	G808-P0018	f6r.12	12	2	H	A	1	2	EXACT	0.280655343337	33	0	0	0.0644177620693	71	-0.0459883237822	1	0.144235952428	104	0.14116584545	105	0.0688074896295	67	-0.00911770582673	4	0.285975573051	6	-0.0454223463535	1	0.345073105406	0.299084781624	0.349462832966	0.631048678457	0.299650759053
M04_DY_TO_L:G808-E0706	M04_DY_TO_L	CORE13	DY	L	G808-E0706	sh	eol	1	f75r	f75r	G808-P0222	f75r.26	26	3	B	B	2	3	EXACT	-0.339420881295	74	0.133036595415	1	-0.063452014293	72	0.0910161098724	4	-0.205520484057	147	-0.198247873415	151	-0.0704627666246	68	0.0557176773736	4	0.294243970636	6	0.0764069542688	4	-0.269836300173	-0.178820190301	-0.276847052505	0.0244076704634	-0.193429345904
M04_DY_TO_L:G808-E0743	M04_DY_TO_L	CORE13	DY	L	G808-E0743	sh	ol	0	f76r	f76r	G808-P0231	f76r.3	3	9	T	B	2	3	EXACT	-0.282872567502	86	-0.034224234554	3	-0.0345090681775	69	0.221960016193	2	-0.176742521791	158	-0.172569319224	160	-0.0352921500666	65	-0.0217839475456	4	-0.211580653368	6	0.220737978383	2	-0.351605870233	-0.12964585404	-0.352388952122	-0.563186523601	-0.13086789185
M04_DY_TO_L:G808-E0776	M04_DY_TO_L	CORE13	DY	L	G808-E0776	sh	ol	0	f76r	f76r	G808-P0233	f76r.49	49	4	T	B	2	3	EXACT	-0.0512481072208	13	0.0497546047147	3	0.00836138358514	72	0	0	0.0201343233738	88	0.0190224434356	88	-0.00115611037124	68	0.170157226377	4	0.0781445004259	6	0	0	0.00686788107905	0.00686788107905	-0.00264961287734	0.085012381505	0.00686788107905
M04_DY_TO_L:G808-E0832	M04_DY_TO_L	CORE13	DY	L	G808-E0832	sh	ol	0	f77r	f77r	G808-P0241	f77r.13	13	4	B	B	2	2	EXACT	-0.265974098973	49	-0.192239223252	1	-0.0796236962003	72	0	0	-0.151760713023	122	-0.153276863639	122	-0.0941975040193	68	0.168118741763	4	-0.252269619522	6	0.0591015583517	2	-0.537837018426	-0.537837018426	-0.552410826245	-0.790106637947	-0.478735460074
M04_DY_TO_L:G808-E0872	M04_DY_TO_L	CORE13	DY	L	G808-E0872	sh	eol	1	f77v	f77v	G808-P0245	f77v.18	18	2	B	B	2	2	EXACT	-0.400030376668	23	0.225288978772	2	-0.0848536050407	72	-0.053947157661	1	-0.135625462859	97	-0.136026410538	98	-0.0944199304233	68	0.0777616690232	4	0.29416985199	6	-0.060730761467	1	-0.259595002937	-0.313542160598	-0.26916132832	0.0345748490526	-0.320325764404
M04_DY_TO_L:G808-E0885	M04_DY_TO_L	CORE13	DY	L	G808-E0885	sh	eol	1	f77v	f77v	G808-P0246	f77v.35	35	5	B	B	2	3	EXACT	-0.146813020125	31	0	0	-0.0948545742038	72	-0.160540746019	2	-0.0978659057115	103	-0.100005748478	105	-0.0940113354779	68	-0.109201889985	4	0.247898294829	6	-0.156782678923	4	-0.241667594329	-0.402208340347	-0.240824355603	0.0062307005003	-0.398450273251
M04_DY_TO_L:G808-E0960	M04_DY_TO_L	CORE13	DY	L	G808-E0960	sh	ol	0	f78v	f78v	G808-P0250	f78v.30	30	2	B	B	2	3	EXACT	-0.217660301667	25	-0.170832262878	4	-0.0767133851066	72	0	0	-0.101480230116	101	-0.102723501144	101	-0.0856241173088	68	0.0747562181233	4	0.173589955024	6	0	0	-0.465205949652	-0.465205949652	-0.474116681854	-0.291615994628	-0.465205949652
M04_DY_TO_L:G808-E0961	M04_DY_TO_L	CORE13	DY	L	G808-E0961	sh	eol	1	f78v	f78v	G808-P0250	f78v.32	32	3	B	B	2	2	EXACT	-0.217660301667	25	0	0	-0.0692449023997	72	-0.0336106509062	2	-0.0933861772219	97	-0.0928969341142	99	-0.0707427029341	68	-0.0437951375217	4	0.273493782499	6	-0.0575498690309	2	-0.286905204067	-0.320515854973	-0.288403004601	-0.0134114215673	-0.344455073097
M04_DY_TO_L:G808-E0963	M04_DY_TO_L	CORE13	DY	L	G808-E0963	sh	ol	0	f79r	f79r	G808-P0251	f79r.6	6	1	B	B	2	3	EXACT	-0.2699271531	23	-0.262782040988	2	-0.0930454962539	72	0.0402376689618	2	-0.120673663161	97	-0.11823154471	99	-0.100280193387	68	0.0299310545876	4	0.246887491368	6	0.0354670343108	2	-0.625754690342	-0.58551702138	-0.632989387475	-0.378867198974	-0.590287656031
M04_DY_TO_L:G808-E0969	M04_DY_TO_L	CORE13	DY	L	G808-E0969	sh	eol	1	f79r	f79r	G808-P0253	f79r.15	15	10	B	B	2	3	EXACT	-0.2579739479	39	-0.142980573043	3	-0.103629022026	72	0.0232593470114	2	-0.148953007757	114	-0.146879173061	116	-0.103562564306	68	-0.104772103679	4	-0.0737648980191	6	0.0527759093027	3	-0.504583542969	-0.481324195958	-0.50451708525	-0.578348440989	-0.451807633667
M04_DY_TO_L:G808-E0975	M04_DY_TO_L	CORE13	DY	L	G808-E0975	sh	ol	0	f79r	f79r	G808-P0255	f79r.26	26	7	B	B	2	2	EXACT	-0.217670106582	23	0	0	-0.0858342737826	72	0	0	-0.0998574550968	95	-0.101257863755	95	-0.0847210661662	68	-0.104772103679	4	-0.0210699615369	6	0	0	-0.303504380364	-0.303504380364	-0.302391172748	-0.324574341901	-0.303504380364
M04_DY_TO_L:G808-E0977	M04_DY_TO_L	CORE13	DY	L	G808-E0977	sh	eol	1	f79r	f79r	G808-P0256	f79r.31	31	3	B	B	2	3	EXACT	-0.203300694969	11	-0.148576127276	1	-0.106112505201	72	-0.0796418708726	1	-0.0920560096491	84	-0.0929657371481	85	-0.11608649017	68	0.0634319388506	4	0.171566666299	6	0.325796176755	1	-0.457989327445	-0.537631198318	-0.467963312414	-0.286422661146	-0.132193150691
M04_DY_TO_L:G808-E0984	M04_DY_TO_L	CORE13	DY	L	G808-E0984	sh	eol	1	f79r	f79r	G808-P0257	f79r.38	38	3	B	B	2	2	EXACT	-0.337767614556	5	0	0	-0.066003971154	72	-0.421575390653	1	-0.0503060229206	77	-0.0560907342452	78	-0.0799723680008	68	0.171445474824	4	0.282790362323	6	-0.421602451134	1	-0.40377158571	-0.825346976363	-0.417739982556	-0.120981223387	-0.825374036844
M04_DY_TO_L:G808-E0064	M04_DY_TO_L	CORE13	DY	L	G808-E0064	sh	ol	0	f7r	f7r	G808-P0022	f7r.7	7	7	H	A	1	2	EXACT	-0.0238617852949	11	0	0	0.0630892702969	72	0.0137414074646	1	0.0785578808458	83	0.0766032627074	84	0.0728041947783	68	-0.102075882591	4	0.043122905221	6	-0.0379139453458	1	0.0392274850019	0.0529688924665	0.0489424094833	0.0823503902229	0.00131353965615
M04_DY_TO_L:G808-E0065	M04_DY_TO_L	CORE13	DY	L	G808-E0065	sh	ol	0	f7r	f7r	G808-P0022	f7r.8	8	5	H	A	1	3	EXACT	-0.0238617852949	11	-0.0421226039026	1	0.0514162380949	72	0	0	0.0672816263495	84	0.0657057685617	84	0.0610722306754	68	-0.112747072478	4	0.29003020507	6	0	0	-0.0145681511027	-0.0145681511027	-0.00491215852221	0.275462053967	-0.0145681511027
M04_DY_TO_L:G808-E0068	M04_DY_TO_L	CORE13	DY	L	G808-E0068	sh	ol	0	f7v	f7v	G808-P0023	f7v.4	4	7	H	A	1	3	EXACT	-0.0584116609173	17	-0.0373073330473	1	0.081250744112	71	0	0	0.0750155822884	89	0.0734473274754	89	0.088834034243	67	-0.0457768968445	4	0.0851533094527	6	0	0	-0.0144682498525	-0.0144682498525	-0.00688495972153	0.0706850596002	-0.0144682498525
M04_DY_TO_L:G808-E1008	M04_DY_TO_L	CORE13	DY	L	G808-E1008	sh	eol	1	f80r	f80r	G808-P0266	f80r.18	18	2	B	B	2	3	EXACT	-0.331050705385	72	-0.0987673111257	4	-0.0931135961678	72	0.448969253421	1	-0.212985982513	148	-0.209790994695	149	-0.103458960503	68	0.0827455222188	4	0.0565356439076	6	0.449940054818	1	-0.522931612679	-0.0739623592575	-0.533276977014	-0.466395968771	-0.0729915578601
M04_DY_TO_L:G808-E1125	M04_DY_TO_L	CORE13	DY	L	G808-E1125	sh	ol	0	f82v	f82v	G808-P0286	f82v.5	5	5	B	B	2	3	EXACT	-0.3613930679	11	0.0293584444055	1	-0.0858606416408	72	0.158407055981	1	-0.0927633624315	84	-0.0910231010749	85	-0.0856568856258	68	-0.0893366229954	4	0.0688976335588	6	0.0779853628469	1	-0.417895265135	-0.259488209154	-0.417691509121	-0.348997631577	-0.339909902289
M04_DY_TO_L:G808-E1130	M04_DY_TO_L	CORE13	DY	L	G808-E1130	sh	eol	1	f82v	f82v	G808-P0286	f82v.8	8	2	B	B	2	2	EXACT	-0.3613930679	11	0	0	-0.0936003391219	72	-0.0733899225342	2	-0.101151333705	83	-0.101318096679	85	-0.10358546745	68	0.076134713349	4	-0.0553866300755	6	-0.0772503208598	2	-0.454993407022	-0.528383329556	-0.46497853535	-0.510380037098	-0.532243727882
M04_DY_TO_L:G808-E1135	M04_DY_TO_L	CORE13	DY	L	G808-E1135	sh	ol	0	f82v	f82v	G808-P0287	f82v.12	12	2	B	B	2	3	EXACT	-0.339052902355	12	-0.108326468001	3	-0.0803822409624	72	0.00428846543485	2	-0.0903643358009	87	-0.0890927589474	89	-0.0895898341042	68	0.076134713349	4	0.227957409983	6	-0.0788962671901	3	-0.527761611318	-0.523473145883	-0.53696920446	-0.299804201335	-0.606657878508
M04_DY_TO_L:G808-E1145	M04_DY_TO_L	CORE13	DY	L	G808-E1145	sh	eol	1	f82v	f82v	G808-P0289	f82v.25	25	2	B	B	2	3	EXACT	-0.312749985691	18	0.0169265616419	1	-0.102249220092	72	-0.0775053585109	1	-0.120756099568	91	-0.121530700001	92	-0.112743106123	68	0.076134713349	4	0.27943234451	6	-0.0766246563971	1	-0.39807264414	-0.475578002651	-0.408566530172	-0.11864029963	-0.474697300538
M04_DY_TO_L:G808-E1154	M04_DY_TO_L	CORE13	DY	L	G808-E1154	sh	ol	0	f83r	f83r	G808-P0292	f83r.2	2	4	B	B	2	3	EXACT	-0.45202140343	15	-0.201682010193	3	-0.0710936516063	72	0	0	-0.115306121258	90	-0.116884721424	90	-0.084358059852	68	0.154387960229	4	0.0192804782506	6	-0.0467643633259	1	-0.724797065229	-0.724797065229	-0.738061473474	-0.705516586978	-0.771561428554
M04_DY_TO_L:G808-E1193	M04_DY_TO_L	CORE13	DY	L	G808-E1193	sh	eol	1	f83r	f83r	G808-P0296	f83r.43	43	2	B	B	2	1	EXACT	-0.163247564346	35	0	0	-0.077230014921	72	0.0568052325098	1	-0.0948974325787	107	-0.094760000952	108	-0.0814110876642	68	-0.00616510662792	4	-0.290627876899	6	0.339164598411	1	-0.240477579267	-0.183672346757	-0.24465865201	-0.531105456166	0.0986870191446
M04_DY_TO_L:G808-E1208	M04_DY_TO_L	CORE13	DY	L	G808-E1208	sh	eol	1	f83v	f83v	G808-P0300	f83v.17	17	4	B	B	2	3	EXACT	-0.325868511361	36	-0.046968679326	2	-0.0609480648721	72	0	0	-0.137480335216	110	-0.139059765755	110	-0.0741380762114	68	0.163270402092	4	0.118668707705	6	0	0	-0.433785255559	-0.433785255559	-0.446975266898	-0.315116547854	-0.433785255559
M04_DY_TO_L:G808-E1211	M04_DY_TO_L	CORE13	DY	L	G808-E1211	sh	eol	1	f83v	f83v	G808-P0301	f83v.23	23	4	B	B	2	2	EXACT	-0.440542873649	18	-0.294102063746	1	-0.0735328788223	72	0	0	-0.12724773788	91	-0.12882716842	91	-0.0820180782879	68	0.07070378629	4	0.290848156439	6	-0.122111872674	1	-0.808177816218	-0.808177816218	-0.816663015684	-0.517329659779	-0.930289688892
M04_DY_TO_L:G808-E1216	M04_DY_TO_L	CORE13	DY	L	G808-E1216	sh	ol	0	f83v	f83v	G808-P0301	f83v.28	28	2	B	B	2	2	EXACT	-0.440542873649	18	-0.0602840137089	1	-0.0556504774497	72	-0.117306184854	1	-0.110529595585	91	-0.111827055384	92	-0.0638039546878	68	0.0829469097957	4	0.296590059776	6	-0.11678224993	1	-0.556477364808	-0.673783549662	-0.564630842046	-0.259887305031	-0.673259614738
M04_DY_TO_L:G808-E1271	M04_DY_TO_L	CORE13	DY	L	G808-E1271	sh	eol	1	f86v5	f86v	G808-P0324	f86v5.23	23	6	T	B	2	3	EXACT	-0.0769639428168	36	-0.0027092539197	5	-0.0311378789019	72	-0.0775468312443	2	-0.0312377576889	113	-0.0333299140107	115	-0.0278786489688	68	-0.0865535924102	4	0.0150044462346	6	-0.0965686854619	2	-0.110811075638	-0.188357906883	-0.107551845705	-0.0958066294039	-0.2073797611
M04_DY_TO_L:G808-E1287	M04_DY_TO_L	CORE13	DY	L	G808-E1287	sh	eol	1	f86v6	f86v	G808-P0326	f86v6.6	6	2	T	B	2	3	EXACT	-0.0686282237272	51	0.0376208629558	4	-0.027283219778	71	0.114935064023	2	-0.0396537076949	126	-0.0385994614495	128	-0.0334007207544	67	0.0751790726696	4	0.0611074970608	6	0.251838440743	2	-0.0582905805494	0.0566444834737	-0.0644080815258	0.00281691651143	0.193547860193
M04_DY_TO_L:G808-E1292	M04_DY_TO_L	CORE13	DY	L	G808-E1292	sh	eol	1	f86v6	f86v	G808-P0326	f86v6.10	10	4	T	B	2	3	EXACT	-0.0686282237272	51	-0.0573806623483	1	-0.020139346511	72	0	0	-0.0382677622905	124	-0.0402873156848	124	-0.0311571824038	68	0.16715505902	4	0.21791903495	6	0	0	-0.146148232587	-0.146148232587	-0.157166068479	0.0717708023637	-0.146148232587
M04_DY_TO_L:G808-E1294	M04_DY_TO_L	CORE13	DY	L	G808-E1294	sh	ol	0	f86v6	f86v	G808-P0327	f86v6.15	15	1	T	B	2	3	EXACT	-0.0780659129591	33	-0.154213728303	5	-0.0365030466876	72	0	0	-0.0386801285135	110	-0.0406996819078	110	-0.0412727883404	68	0.044573756764	4	0.141961194614	6	0	0	-0.268782687949	-0.268782687949	-0.273552429602	-0.126821493336	-0.268782687949
M04_DY_TO_L:G808-E1306	M04_DY_TO_L	CORE13	DY	L	G808-E1306	sh	ol	0	f86v6	f86v	G808-P0328	f86v6.29	29	3	T	B	2	3	EXACT	-0.159558812029	46	0.201934884978	2	-0.03201611534	72	0.14620597758	1	-0.0714729645519	120	-0.0713453001995	121	-0.041144512289	68	0.123157828149	4	0.0298620028821	6	0.142795093628	1	0.0103599576085	0.156565935189	0.00123156065936	0.0402219604906	0.153155051236
M04_DY_TO_L:G808-E1317	M04_DY_TO_L	CORE13	DY	L	G808-E1317	sh	ol	0	f87r	f87r	G808-P0331	f87r.11	11	5	H	A	1	2	EXACT	0.447585728217	10	0.0765285581143	1	0.0941914144893	72	0	0	0.16472034305	83	0.163153766993	83	0.0984844429269	68	0.0211986153174	4	0.249769399019	6	0	0	0.618305700821	0.618305700821	0.622598729258	0.86807509984	0.618305700821
M04_DY_TO_L:G808-E1319	M04_DY_TO_L	CORE13	DY	L	G808-E1319	sh	ol	0	f87r	f87r	G808-P0331	f87r.14	14	2	H	A	1	2	EXACT	0.447585728217	10	0	0	0.110931596358	72	0.167785039211	1	0.180288600456	82	0.178961861559	83	0.11142140643	68	0.102593509389	4	0.0597500342079	6	0.495864254402	1	0.558517324575	0.726302363786	0.559007134647	0.618267358783	1.05438157898
M04_DY_TO_L:G808-E1324	M04_DY_TO_L	CORE13	DY	L	G808-E1324	sh	eol	1	f87v	f87v	G808-P0332	f87v.8	8	6	H	A	1	2	EXACT	0.214603275632	16	0	0	0.0410480545859	72	0	0	0.09544219086	88	0.093873936047	88	0.0610869839341	68	-0.299625346201	4	0.258238341792	6	0	0	0.255651330218	0.255651330218	0.275690259566	0.513889672009	0.255651330218
M04_DY_TO_L:G808-E1357	M04_DY_TO_L	CORE13	DY	L	G808-E1357	sh	eol	1	f88v	f88v	G808-P0339	f88v.23	23	4	P	A	1	3	EXACT	0.0399984486233	16	0.66443395198	1	0.112557869852	72	-0.267473779768	1	0.126315748893	89	0.120736148989	90	0.109673597781	68	0.161581037055	4	0.118039858854	6	-0.266737986819	1	0.816990270456	0.549516490688	0.814105998384	0.935030129309	0.550252283636
M04_DY_TO_L:G808-E1364	M04_DY_TO_L	CORE13	DY	L	G808-E1364	sh	eol	1	f89r1	f89r	G808-P0341	f89r1.15	15	3	P	A	1	2	EXACT	-0.103494507537	15	0.0246753840262	1	0.0892390424136	72	-0.0840172965529	1	0.0778422030457	88	0.0748771354355	89	0.0907894115396	68	0.0628722959938	4	0.140854186454	6	-0.0829332906745	1	0.0104199189025	-0.0735973776504	0.0119702880285	0.151274105356	-0.072513371772
M04_DY_TO_L:G808-E1379	M04_DY_TO_L	CORE13	DY	L	G808-E1379	sh	ol	0	f89v1	f89v	G808-P0344	f89v1.17	17	2	P	A	1	2	EXACT	0.0327285458525	29	0	0	0.111693843464	72	0	0	0.102814376203	101	0.101192488835	101	0.113111259847	68	0.0875871400475	4	-0.258038218745	6	0	0	0.144422389317	0.144422389317	0.1458398057	-0.113615829428	0.144422389317
M04_DY_TO_L:G808-E0070	M04_DY_TO_L	CORE13	DY	L	G808-E0070	sh	ol	0	f8r	f8r	G808-P0026	f8r.11	11	1	H	A	1	3	EXACT	0.0225408878467	9	-0.0165312676197	2	0.0408503565702	72	0.505100997777	1	0.0660321644652	83	0.0700781790821	84	0.0415791338344	68	0.028449541211	4	0.129839642574	6	0.447444152186	1	0.0468599767972	0.551960974574	0.0475887540615	0.176699619372	0.494304128984
M04_DY_TO_L:G808-E0071	M04_DY_TO_L	CORE13	DY	L	G808-E0071	sh	ol	0	f8r	f8r	G808-P0027	f8r.14	14	3	H	A	1	3	EXACT	0.094949296042	24	-0.0781084418022	1	0.0694965610276	71	0	0	0.091051015272	96	0.089482760459	96	0.0656965386485	67	0.133139404615	4	0.216651476427	6	-0.0814669494525	1	0.0863374152673	0.0863374152673	0.0825373928882	0.302988891694	0.00487046581479
M04_DY_TO_L:G808-E0076	M04_DY_TO_L	CORE13	DY	L	G808-E0076	sh	ol	0	f8v	f8v	G808-P0028	f8v.1	1	4	H	A	1	2	EXACT	0.156749246758	16	-0.0337216515163	1	0.0914692615753	72	0	0	0.124537205883	89	0.12296895107	89	0.0873714953201	68	0.161119686045	4	-0.294944223166	6	0	0	0.214496856817	0.214496856817	0.210399090562	-0.0804473663492	0.214496856817
M04_DY_TO_L:G808-E0079	M04_DY_TO_L	CORE13	DY	L	G808-E0079	sh	ol	0	f8v	f8v	G808-P0028	f8v.3	3	6	H	A	1	3	EXACT	0.156749246758	16	0	0	0.0571103478266	72	0	0	0.0980651528071	88	0.0964968979941	88	0.0671656890361	68	-0.113842054601	4	0.29976528543	6	0	0	0.213859594585	0.213859594585	0.223914935794	0.513624880015	0.213859594585
M04_DY_TO_L:G808-E0081	M04_DY_TO_L	CORE13	DY	L	G808-E0081	sh	ol	0	f8v	f8v	G808-P0028	f8v.4	4	2	H	A	1	2	EXACT	0.156749246758	16	0.670278493135	1	0.0851898319936	72	0	0	0.127367331892	89	0.125799077079	89	0.0853410386915	68	0.0826077162604	4	-0.274457711703	6	0	0	0.912217571887	0.912217571887	0.912368778585	0.637759860184	0.912217571887
M04_DY_TO_L:G808-E0084	M04_DY_TO_L	CORE13	DY	L	G808-E0084	sh	ol	0	f8v	f8v	G808-P0028	f8v.9	9	1	H	A	1	2	EXACT	0.156749246758	16	0	0	0.0785445478898	72	0	0	0.115602225586	88	0.114033970773	88	0.0814906305258	68	0.028449541211	4	0.147689679257	6	0	0	0.235293794648	0.235293794648	0.238239877284	0.382983473905	0.235293794648
M04_DY_TO_L:G808-E0087	M04_DY_TO_L	CORE13	DY	L	G808-E0087	sh	ol	0	f8v	f8v	G808-P0029	f8v.14	14	4	H	A	1	2	EXACT	-0.042590457797	19	0	0	0.0887975493869	72	0	0	0.0818873931247	91	0.0803191383117	91	0.0845426235912	68	0.161119686045	4	-0.130389993208	6	0	0	0.0462070915899	0.0462070915899	0.0419521657943	-0.0841829016185	0.0462070915899
M04_DY_TO_L:G808-E1388	M04_DY_TO_L	CORE13	DY	L	G808-E1388	sh	eol	1	f90r1	f90r	G808-P0345	f90r1.8	8	2	H	A	1	3	EXACT	0.269412594478	21	-0.109071701517	1	0.0900929066447	71	0	0	0.147240953366	93	0.145672698553	93	0.090539334055	67	0.0826077162604	4	0.285975573051	6	0	0	0.250433799607	0.250433799607	0.250880227017	0.536409372658	0.250433799607
M04_DY_TO_L:G808-E1393	M04_DY_TO_L	CORE13	DY	L	G808-E1393	sh	ol	0	f93r	f93r	G808-P0346	f93r.7	7	2	H	A	1	2	EXACT	0.169553169898	42	0	0	0.0658513961737	72	0	0	0.110872620876	114	0.109304366063	114	0.0702606608874	68	-0.00911770582673	4	0.238861185496	6	0	0	0.235404566072	0.235404566072	0.239813830786	0.474265751568	0.235404566072
M04_DY_TO_L:G808-E1400	M04_DY_TO_L	CORE13	DY	L	G808-E1400	sh	ol	0	f93r	f93r	G808-P0346	f93r.19	19	2	H	A	1	2	EXACT	0.169553169898	42	0	0	0.0727976979784	72	0	0	0.115259758858	114	0.113691504045	114	0.0778205835404	68	-0.0126029584427	4	0.246165849342	6	0	0	0.242350867877	0.242350867877	0.247373753439	0.488516717218	0.242350867877
M04_DY_TO_L:G808-E1402	M04_DY_TO_L	CORE13	DY	L	G808-E1402	sh	ol	0	f93r	f93r	G808-P0346	f93r.21	21	2	H	A	1	1	EXACT	0.169553169898	42	0	0	0.0701566388868	72	-0.287886361169	1	0.113591721537	114	0.108815220777	115	0.0750241680317	68	-0.0126029584427	4	-0.0256248852524	6	-0.287320383741	1	0.239709808785	-0.0481765523844	0.24457733793	0.214084923533	-0.0476105749558
M04_DY_TO_L:G808-E1408	M04_DY_TO_L	CORE13	DY	L	G808-E1408	sh	ol	0	f93v	f93v	G808-P0347	f93v.4	4	2	H	A	1	2	EXACT	0.270949192968	28	0.627003252489	1	0.082443964648	71	0	0	0.154833990639	100	0.153265735826	100	0.0824337388048	67	0.0826077162604	4	0.00526397083769	6	0	0	0.980396410104	0.980396410104	0.980386184261	0.985660380942	0.980396410104
M04_DY_TO_L:G808-E1413	M04_DY_TO_L	CORE13	DY	L	G808-E1413	sh	eol	1	f93v	f93v	G808-P0347	f93v.8	8	4	H	A	1	3	EXACT	0.270949192968	28	0	0	0.0736329987272	71	0	0	0.143604641342	99	0.142036386529	99	0.0684094632895	67	0.161119686045	4	-0.0118351728734	6	0	0	0.344582191695	0.344582191695	0.339358656257	0.332747018822	0.344582191695
M04_DY_TO_L:G808-E1433	M04_DY_TO_L	CORE13	DY	L	G808-E1433	sh	ol	0	f95r2	f95r	G808-P0355	f95r2.6	6	4	H	B	3	3	EXACT	-0.22618665782	16	-0.0922337315588	5	-0.00814202191324	71	-0.161692243985	2	-0.0284045707145	92	-0.0321177643397	94	-0.0182321579399	67	0.160858817166	4	0.180325686081	6	-0.164932107468	2	-0.326562411292	-0.488254655277	-0.336652547318	-0.146236725211	-0.491494518759
M04_DY_TO_L:G808-E1441	M04_DY_TO_L	CORE13	DY	L	G808-E1441	sh	eol	1	f96r	f96r	G808-P0361	f96r.2	2	3	H	A	1	2	EXACT	0.275763428416	30	0	0	0.0746294479095	72	0	0	0.146982140946	102	0.145413886133	102	0.0753958509565	68	0.0615889942422	4	-0.236066942557	6	0	0	0.350392876325	0.350392876325	0.351159279372	0.114325933768	0.350392876325
M04_DY_TO_L:G808-E1446	M04_DY_TO_L	CORE13	DY	L	G808-E1446	sh	eol	1	f96r	f96r	G808-P0361	f96r.8	8	3	H	A	1	2	EXACT	0.275763428416	30	-0.133661922728	1	0.0730867901718	72	0	0	0.14331459063	103	0.141746335817	103	0.07915806171	68	-0.0301364278449	4	0.0851533094527	6	0	0	0.21518829586	0.21518829586	0.221259567398	0.300341605312	0.21518829586
M04_DY_TO_L:G808-E1458	M04_DY_TO_L	CORE13	DY	L	G808-E1458	sh	eol	1	f99r	f99r	G808-P0364	f99r.28	28	8	P	A	1	3	EXACT	0.0748787015729	4	-0.0409653331698	1	0.102560885315	72	0	0	0.131875277495	77	0.130467454886	77	0.113421002458	68	-0.0820722566535	4	-0.0384493202256	6	0	0	0.136474253719	0.136474253719	0.147334370861	0.098024933493	0.136474253719
M04_DY_TO_L:G808-E1465	M04_DY_TO_L	CORE13	DY	L	G808-E1465	sh	eol	1	f99r	f99r	G808-P0364	f99r.31	31	4	P	A	1	2	EXACT	0.0748787015729	4	0	0	0.108578809457	72	0	0	0.139706836505	76	0.138299013896	76	0.10948641742	68	0.0931383235585	4	-0.317197396655	6	-0.429313463496	1	0.18345751103	0.18345751103	0.184365118992	-0.133739885625	-0.245855952466
M04_DY_TO_L:G808-E1469	M04_DY_TO_L	CORE13	DY	L	G808-E1469	sh	eol	1	f99r	f99r	G808-P0365	f99r.42	42	2	P	A	1	3	EXACT	0.111218626279	19	0.3050423952	2	0.0838360464036	72	0	0	0.113996899941	93	0.112589077332	93	0.0848674179985	68	0.0662915787489	4	0.178044659514	6	0	0	0.500097067883	0.500097067883	0.501128439478	0.678141727397	0.500097067883
M04_DY_TO_L:G808-E1490	M04_DY_TO_L	CORE13	DY	L	G808-E1490	sh	ol	0	f99v	f99v	G808-P0370	f99v.39	39	2	P	A	1	2	EXACT	0.0742013840517	10	0	0	0.0963548637194	72	0	0	0.121632555624	82	0.120064300811	82	0.0971628369894	68	0.0826077162604	4	0.0653864529243	6	0	0	0.170556247771	0.170556247771	0.171364221041	0.235942700695	0.170556247771
M04_DY_TO_L:G808-E0092	M04_DY_TO_L	CORE13	DY	L	G808-E0092	sh	ol	0	f9r	f9r	G808-P0030	f9r.5	5	6	H	A	1	3	EXACT	0.195402955829	18	0.206472003596	2	0.082943046974	72	0	0	0.128749755437	92	0.127181500624	92	0.0891223456576	68	-0.0221166325142	4	0.0754214001024	6	0	0	0.484818006399	0.484818006399	0.490997305083	0.560239406502	0.484818006399
M04_DY_TO_L:G808-E0097	M04_DY_TO_L	CORE13	DY	L	G808-E0097	sh	ol	0	f9v	f9v	G808-P0032	f9v.1	1	8	H	A	1	3	EXACT	0.253039025079	15	-0.0377477536154	1	0.0780414918627	72	0.505100997777	1	0.130090917536	88	0.133101762488	89	0.0853242440297	68	-0.0457768968445	4	0.182524952084	6	0.447444152186	1	0.293332763326	0.798433761103	0.300615515493	0.47585771541	0.740776915513
M04_DY_TO_L:G808-E1623	M04_DY_TO_L	CORE13	DY	L	G808-E1623	t	ol	0	f104r	f104r	G808-P0414	f104r.10	10	1	S	B	3	3	EXACT	-0.097445865789	4	-0.11096016596	2	0.0203363609904	72	0	0	0.0441570536797	78	0.0423217587057	78	0.0207343203604	68	0.0135584454635	4	0.0676419845568	6	0	0	-0.188069670759	-0.188069670759	-0.187671711389	-0.120427686202	-0.188069670759
M04_DY_TO_L:G808-E1679	M04_DY_TO_L	CORE13	DY	L	G808-E1679	t	eol	1	f105r	f105r	G808-P0442	f105r.20	20	4	S	B	3	3	EXACT	-0.0158463479337	27	-0.111634343051	2	-0.00489367084309	71	0	0	0.0068403899346	100	0.00511356592911	100	-0.0185321539727	67	0.223535310998	4	0.172153255068	6	0.184293182108	1	-0.132374361828	-0.132374361828	-0.146012844958	0.0397788932399	0.0519188202796
M04_DY_TO_L:G808-E2022	M04_DY_TO_L	CORE13	DY	L	G808-E2022	t	eol	1	f112v	f112v	G808-P0574	f112v.44	44	5	S	B	3	3	EXACT	-0.161294690717	10	-0.0371261278189	1	-0.0050010221285	72	-0.0188148709917	1	0.00591975149269	83	0.00420979209641	84	0.000541936553519	68	-0.0992445787935	4	-0.157008988818	6	-0.0172831130673	1	-0.203421840664	-0.222236711656	-0.197878881982	-0.360430829483	-0.220704953732
M04_DY_TO_L:G808-E2043	M04_DY_TO_L	CORE13	DY	L	G808-E2043	t	ol	0	f113r	f113r	G808-P0584	f113r.26	26	1	S	B	3	3	EXACT	0.23946784774	2	0.0925609162681	2	-0.0165670041432	72	0	0	0.0265527053269	76	0.0251169442643	76	-0.0199266433023	68	0.0405339428085	4	0.148776591521	6	0	0	0.315461759865	0.315461759865	0.312102120706	0.464238351386	0.315461759865
M04_DY_TO_L:G808-E2173	M04_DY_TO_L	CORE13	DY	L	G808-E2173	t	ol	0	f115v	f115v	G808-P0649	f115v.13	13	7	S	B	3	3	EXACT	-0.0510846089982	29	0	0	0.0166431997297	72	0	0	0.010544183493	101	0.00922005872764	101	0.0191714460405	68	-0.0263519567714	4	0.00934310773385	6	0	0	-0.0344414092685	-0.0344414092685	-0.0319131629577	-0.0250983015346	-0.0344414092685
M04_DY_TO_L:G808-E0253	M04_DY_TO_L	CORE13	DY	L	G808-E0253	t	ol	0	f24r	f24r	G808-P0085	f24r.12	12	3	H	A	1	2	EXACT	0.01774577704	45	0	0	0.0482257191432	71	0	0	0.0426319725374	116	0.040906189126	116	0.0475591556263	67	0.0593819013292	4	0.234547795809	6	0	0	0.0659714961832	0.0659714961832	0.0653049326663	0.300519291993	0.0659714961832
M04_DY_TO_L:G808-E0319	M04_DY_TO_L	CORE13	DY	L	G808-E0319	t	ol	0	f31r	f31r	G808-P0109	f31r.10	10	1	H	B	2	2	EXACT	0.0272202901073	17	0.435565508315	2	0.0025458779868	72	0	0	0.0401890408712	91	0.0384148897253	91	0.00282364595	68	-0.00218997286892	4	-0.259831965299	6	0	0	0.46533167641	0.46533167641	0.465609444373	0.205499711111	0.46533167641
M04_DY_TO_L:G808-E0347	M04_DY_TO_L	CORE13	DY	L	G808-E0347	t	ol	0	f34r	f34r	G808-P0118	f34r.12	12	5	H	B	2	3	EXACT	0.0144780122385	32	-0.0402212839207	5	-0.0499465850131	72	0.00937556489164	3	-0.0174638466649	109	-0.0177277483068	112	-0.0472328297205	68	-0.0960936144179	4	0.183826820278	6	-0.00675821626025	3	-0.0756898566953	-0.0663142918037	-0.0729761014026	0.108136963583	-0.0824480729556
M04_DY_TO_L:G808-E0350	M04_DY_TO_L	CORE13	DY	L	G808-E0350	t	ol	0	f34v	f34v	G808-P0119	f34v.2	2	1	H	B	2	3	EXACT	-0.0658424589469	25	0.131759396401	1	-0.0067908142607	72	0	0	-0.00308619764261	98	-0.00480932282955	98	-0.0071781449195	68	-0.000219694456442	4	0.076830566811	6	0	0	0.059126123193	0.059126123193	0.0587387925342	0.135956690004	0.059126123193
M04_DY_TO_L:G808-E0460	M04_DY_TO_L	CORE13	DY	L	G808-E0460	t	ol	0	f44v	f44v	G808-P0162	f44v.1	1	8	H	A	1	2	EXACT	0.0635273243911	4	0	0	0.0651670032172	72	0	0	0.100149694523	76	0.0984239111118	76	0.0696268555926	68	-0.0106639652537	4	-0.316910834002	6	0	0	0.128694327608	0.128694327608	0.133154179984	-0.188216506394	0.128694327608
M04_DY_TO_L:G808-E0464	M04_DY_TO_L	CORE13	DY	L	G808-E0464	t	ol	0	f44v	f44v	G808-P0162	f44v.3	3	1	H	A	1	2	EXACT	0.0635273243911	4	-0.122014434312	1	0.0801075342148	72	0	0	0.111381743942	77	0.10965596053	77	0.0848299307948	68	-0.00018668573343	4	0.07911979677	6	0	0	0.0216204242937	0.0216204242937	0.0263428208737	0.100740221064	0.0216204242937
M04_DY_TO_L:G808-E0467	M04_DY_TO_L	CORE13	DY	L	G808-E0467	t	ol	0	f44v	f44v	G808-P0163	f44v.6	6	1	H	A	1	3	EXACT	0.192842628545	10	0.0446322907209	3	0.0793443488883	72	0	0	0.119950868847	85	0.118225085436	85	0.0840218522137	68	-0.00018668573343	4	-0.113215101887	6	0	0	0.316819268154	0.316819268154	0.321496771479	0.203604166267	0.316819268154
M04_DY_TO_L:G808-E0472	M04_DY_TO_L	CORE13	DY	L	G808-E0472	t	eol	1	f44v	f44v	G808-P0164	f44v.12	12	2	H	A	1	2	EXACT	-0.061822730224	15	0	0	0.117923865698	72	0	0	0.111699768455	87	0.109973985043	87	0.120438486277	68	0.0751618377641	4	0.180277451999	6	-0.00858397103756	1	0.0561011354735	0.0561011354735	0.0586157560527	0.236378587473	0.047517164436
M04_DY_TO_L:G808-E0522	M04_DY_TO_L	CORE13	DY	L	G808-E0522	t	eol	1	f48r	f48r	G808-P0180	f48r.5	5	2	H	B	5	3	EXACT	0.0498862226064	30	-0.00460827883169	1	-0.0169988837082	72	0	0	0.0168311671279	103	0.0150646878772	103	-0.0221561827333	68	0.0706627682234	4	-0.0131333431397	6	0	0	0.0282790600666	0.0282790600666	0.0231217610415	0.0151457169268	0.0282790600666
M04_DY_TO_L:G808-E0536	M04_DY_TO_L	CORE13	DY	L	G808-E0536	t	ol	0	f48v	f48v	G808-P0182	f48v.10	10	1	H	B	5	3	EXACT	-0.10519677808	21	-0.147984073198	5	0.015854380016	72	0	0	0.00152842701606	98	-0.000249699581316	98	0.0165440999391	68	0.00411557445558	4	-0.346250621341	6	0	0	-0.237326471262	-0.237326471262	-0.236636751339	-0.583577092604	-0.237326471262
M04_DY_TO_L:G808-E0572	M04_DY_TO_L	CORE13	DY	L	G808-E0572	t	ol	0	f51r	f51r	G808-P0191	f51r.9	9	1	H	A	1	2	EXACT	0.081260279114	34	0.133184858382	1	0.0826982742961	72	-0.284176668711	1	0.094989147664	107	0.089844206824	108	0.0902816320853	68	-0.0462321208518	4	0.194678670376	6	-0.280802743459	1	0.297143411792	0.0129667430812	0.304726769581	0.491822082168	0.0163406683328
M04_DY_TO_L:G808-E0590	M04_DY_TO_L	CORE13	DY	L	G808-E0590	t	ol	0	f52r	f52r	G808-P0193	f52r.5	5	6	H	A	1	3	EXACT	0.0257872537767	30	0	0	0.0805501163458	72	0	0	0.0787425147239	102	0.0770167313125	102	0.0859148577288	68	-0.0106639652537	4	0.293993837379	6	0	0	0.106337370123	0.106337370123	0.111702111506	0.400331207502	0.106337370123
M04_DY_TO_L:G808-E0613	M04_DY_TO_L	CORE13	DY	L	G808-E0613	t	ol	0	f54v	f54v	G808-P0198	f54v.6	6	1	H	A	1	2	EXACT	0.113954914664	45	0	0	0.0731773411913	72	0	0	0.0953822364378	117	0.0936336631306	117	0.0775592959662	68	-0.00132927975804	4	0.015378427696	6	0	0	0.187132255855	0.187132255855	0.19151421063	0.202510683551	0.187132255855
M04_DY_TO_L:G808-E0617	M04_DY_TO_L	CORE13	DY	L	G808-E0617	t	ol	0	f54v	f54v	G808-P0198	f54v.12	12	1	H	A	1	1	EXACT	0.113954914664	45	-0.0324057448851	1	0.0649296803816	72	0	0	0.089369326671	118	0.0876207533639	118	0.0726555528412	68	-0.0664235412064	4	-0.245955694751	6	0	0	0.14647885016	0.14647885016	0.15420472262	-0.0994768445908	0.14647885016
M04_DY_TO_L:G808-E0649	M04_DY_TO_L	CORE13	DY	L	G808-E0649	t	ol	0	f58v	f58v	G808-P0210	f58v.1	1	1	S	A	3	3	EXACT	0.00294266633254	82	0	0	0.0246761797687	71	0	0	0.00535400655135	153	0.00336015863923	153	0.0289605847088	67	-0.0470954305891	4	0.0864753111155	6	0	0	0.0276188461012	0.0276188461012	0.0319032510413	0.114094157217	0.0276188461012
M04_DY_TO_L:G808-E0729	M04_DY_TO_L	CORE13	DY	L	G808-E0729	t	ol	0	f75v	f75v	G808-P0228	f75v.46	46	9	B	B	2	3	EXACT	-0.384791443564	36	-0.0828226676648	2	-0.102432310102	72	-0.0729066998935	2	-0.184367751253	110	-0.183380499233	112	-0.102684343902	68	-0.0981615925282	4	-0.0699505636468	6	-0.135321689425	3	-0.570046421331	-0.642953121224	-0.57029845513	-0.639996984978	-0.705368110756
M04_DY_TO_L:G808-E0912	M04_DY_TO_L	CORE13	DY	L	G808-E0912	t	ol	0	f78r	f78r	G808-P0247	f78r.13	13	7	B	B	2	2	EXACT	-0.235909410521	63	-0.146347147747	3	-0.0877608967441	72	-0.156215789183	1	-0.156595760879	138	-0.157804432404	139	-0.0886103472205	68	-0.0733347835196	4	-0.357199461522	6	-0.206397787011	2	-0.470017455012	-0.626233244195	-0.470866905488	-0.827216916534	-0.676415242022
M04_DY_TO_L:G808-E0981	M04_DY_TO_L	CORE13	DY	L	G808-E0981	t	eol	1	f79r	f79r	G808-P0256	f79r.34	34	5	B	B	2	2	EXACT	-0.188556621617	17	0	0	-0.070318839533	72	0	0	-0.0692804788611	89	-0.0708584842761	89	-0.0758054543713	68	0.0229383126373	4	-0.100494119512	6	0.114634430882	2	-0.25887546115	-0.25887546115	-0.264362075988	-0.359369580662	-0.144241030268
M04_DY_TO_L:G808-E1013	M04_DY_TO_L	CORE13	DY	L	G808-E1013	t	eol	1	f80r	f80r	G808-P0266	f80r.21	21	7	B	B	2	2	EXACT	-0.326873981749	78	-0.0865497667522	2	-0.0985255389083	72	-0.011000061767	1	-0.220373104913	152	-0.22043032307	153	-0.103526394063	68	-0.013525048877	4	-0.38775077025	6	-0.00867487021335	1	-0.511949287409	-0.522949349176	-0.516950142564	-0.899700057659	-0.520624157623
M04_DY_TO_L:G808-E1014	M04_DY_TO_L	CORE13	DY	L	G808-E1014	t	eol	1	f80r	f80r	G808-P0266	f80r.25	25	12	B	B	2	3	EXACT	-0.326873981749	78	-0.110368759878	5	-0.114028198302	72	0	0	-0.225547129141	155	-0.227147082909	155	-0.112796483563	68	-0.134981396477	4	-0.0730886186638	6	0	0	-0.551270939929	-0.551270939929	-0.550039225189	-0.624359558593	-0.551270939929
M04_DY_TO_L:G808-E1038	M04_DY_TO_L	CORE13	DY	L	G808-E1038	t	ol	0	f80v	f80v	G808-P0272	f80v.9	9	3	B	B	2	3	EXACT	-0.35303215149	22	-0.0709077291595	3	-0.0942947969348	72	-0.11182350424	1	-0.132675555076	97	-0.133961531654	98	-0.107216470959	68	0.125359792071	4	0.0322608626289	6	-0.109519228763	1	-0.518234677584	-0.630058181824	-0.531156351608	-0.485973814955	-0.627753906347
M04_DY_TO_L:G808-E1044	M04_DY_TO_L	CORE13	DY	L	G808-E1044	t	ol	0	f80v	f80v	G808-P0273	f80v.15	15	6	B	B	2	3	EXACT	-0.383087344741	16	0.0815693885377	2	-0.0893900124633	72	-0.217232109864	2	-0.113639155981	90	-0.117045118915	92	-0.0888228833215	68	-0.0990450772842	4	-0.0451077442051	6	-0.0865852141875	3	-0.390907968667	-0.608140078531	-0.390340839525	-0.436015712872	-0.477493182854
M04_DY_TO_L:G808-E1053	M04_DY_TO_L	CORE13	DY	L	G808-E1053	t	ol	0	f80v	f80v	G808-P0277	f80v.35	35	1	B	B	2	3	EXACT	-0.293650475338	31	-0.121318244166	6	-0.0838149023524	72	0	0	-0.131760638543	109	-0.133564415743	109	-0.0888670626243	68	0.00205795286241	4	0.232096585932	6	0	0	-0.498783621856	-0.498783621856	-0.503835782128	-0.266687035924	-0.498783621856
M04_DY_TO_L:G808-E1098	M04_DY_TO_L	CORE13	DY	L	G808-E1098	t	eol	1	f81v	f81v	G808-P0282	f81v.24	24	8	B	B	2	3	EXACT	-0.271629361342	56	-0.159019715141	3	-0.108844033054	72	0	0	-0.177516047704	131	-0.179148066154	131	-0.114644910203	68	-0.0102432185308	4	0.0449965068478	6	0	0	-0.539493109538	-0.539493109538	-0.545293986686	-0.49449660269	-0.539493109538
M04_DY_TO_L:G808-E1185	M04_DY_TO_L	CORE13	DY	L	G808-E1185	t	ol	0	f83r	f83r	G808-P0295	f83r.26	26	4	B	B	2	2	EXACT	-0.318987989942	14	0	0	-0.0505528582971	72	0.0636675830372	2	-0.0680605808919	86	-0.0661443291697	88	-0.068157094355	68	0.248703725432	4	0.0828972487373	6	0.065996761158	2	-0.369540848239	-0.305873265202	-0.387145084297	-0.286643599502	-0.303544087081
M04_DY_TO_L:G808-E1275	M04_DY_TO_L	CORE13	DY	L	G808-E1275	t	ol	0	f86v5	f86v	G808-P0325	f86v5.31	31	1	T	B	2	3	EXACT	0.0233441943546	59	-0.514029915448	1	-0.0506746416223	72	0	0	-0.0218543230226	132	-0.0240232896386	132	-0.0522153302436	68	-0.0244877663505	4	-0.00208345552784	6	0	0	-0.541360362716	-0.541360362716	-0.542901051337	-0.543443818244	-0.541360362716
M04_DY_TO_L:G808-E1338	M04_DY_TO_L	CORE13	DY	L	G808-E1338	t	eol	1	f88r	f88r	G808-P0335	f88r.21	21	1	P	A	1	2	EXACT	0.0703026426882	13	-0.16460238513	1	0.0944902000115	72	-0.130252192009	1	0.113661930304	86	0.109533667389	87	0.0998737456263	68	0.00295742457569	4	-0.0263988849995	6	-0.128279959758	1	0.000190457569237	-0.130061734439	0.00557400318401	-0.0262084274302	-0.128089502188
M04_DY_TO_L:G808-E1384	M04_DY_TO_L	CORE13	DY	L	G808-E1384	t	ol	0	f90r1	f90r	G808-P0345	f90r1.6	6	1	H	A	1	2	EXACT	0.202906173981	26	0	0	0.104550872265	71	0	0	0.14745606599	97	0.145730282578	97	0.110803338013	67	-0.00018668573343	4	-0.25956442905	6	0	0	0.307457046246	0.307457046246	0.313709511994	0.0478926171958	0.307457046246
M04_DY_TO_L:G808-E1412	M04_DY_TO_L	CORE13	DY	L	G808-E1412	t	eol	1	f93v	f93v	G808-P0347	f93v.8	8	3	H	A	1	3	EXACT	0.218885879614	33	0	0	0.0791015789245	71	0.0752363715346	1	0.135760793201	104	0.133728054141	105	0.0762946141495	67	0.126109482184	4	0.0837451373289	6	0.209584365287	1	0.297987458539	0.373223830074	0.295180493764	0.381732595868	0.507571823826
M04_DY_TO_L:G808-E1443	M04_DY_TO_L	CORE13	DY	L	G808-E1443	t	ol	0	f96r	f96r	G808-P0361	f96r.5	5	4	H	A	1	2	EXACT	0.264938968692	31	0.0104234029295	1	0.0881129937728	72	0	0	0.153760369232	104	0.15203458582	104	0.0878127590935	68	0.0932035052327	4	-0.0888459000177	6	0	0	0.363475365394	0.363475365394	0.363175130715	0.274629465377	0.363475365394
M04_DY_TO_L:G808-E1448	M04_DY_TO_L	CORE13	DY	L	G808-E1448	t	eol	1	f96r	f96r	G808-P0361	f96r.11	11	1	H	A	1	2	EXACT	0.264938968692	31	0.131834124684	1	0.0688690572753	72	0	0	0.14160505475	104	0.139879271339	104	0.0729303669765	68	-0.00018668573343	4	0.0224255631182	6	0	0	0.465642150651	0.465642150651	0.469703460352	0.488067713769	0.465642150651
M04_DY_TO_L:G808-E1461	M04_DY_TO_L	CORE13	DY	L	G808-E1461	t	ol	0	f99r	f99r	G808-P0364	f99r.30	30	1	P	A	1	2	EXACT	0.114315083072	8	0.0575376157416	1	0.0777658509426	72	0	0	0.110985796636	81	0.109424502279	81	0.0857235453399	68	-0.0575279800423	4	-0.379041675035	6	0	0	0.249618549757	0.249618549757	0.257576244154	-0.129423125278	0.249618549757
M04_DY_TO_L:G808-E1764	M04_DY_TO_L	CORE13	DY	L	G808-E1764	tch	eol	1	f107r	f107r	G808-P0490	f107r.9	9	3	S	B	3	3	EXACT	-0.00930412997313	25	-0.154369038819	1	-0.0108724628067	72	0.162129387968	2	0.00772526602374	98	0.0094459746276	100	-0.0198995885262	68	0.142577711149	4	0.0636772791708	6	0.0814677831191	3	-0.174545631599	-0.0124162436309	-0.183572757318	-0.110868352428	-0.0930778484798
M04_DY_TO_L:G808-E1770	M04_DY_TO_L	CORE13	DY	L	G808-E1770	tch	eol	1	f107r	f107r	G808-P0492	f107r.20	20	1	S	B	3	1	EXACT	-0.0533712347266	13	0	0	0.00720284427253	72	0	0	0.0286746780729	85	0.0266247563951	85	-0.00565394051172	68	0.225757222328	4	0.24796955623	6	0	0	-0.0461683904541	-0.0461683904541	-0.0590251752383	0.201801165775	-0.0461683904541
M04_DY_TO_L:G808-E0115	M04_DY_TO_L	CORE13	DY	L	G808-E0115	tch	ol	0	f11r	f11r	G808-P0039	f11r.5	5	1	H	A	1	3	EXACT	0.245142297806	10	0.16735429922	3	0.0871309397327	70	0	0	0.141948622469	83	0.139864164284	83	0.0837196634966	66	0.143413468024	4	0.169743894017	6	0	0	0.499627536759	0.499627536759	0.496216260523	0.669371430775	0.499627536759
M04_DY_TO_L:G808-E0163	M04_DY_TO_L	CORE13	DY	L	G808-E0163	tch	ol	0	f17v	f17v	G808-P0058	f17v.5	5	4	H	A	1	2	EXACT	0.161821361491	57	0	0	0.079440097912	72	-0.078154144632	1	0.116004697519	129	0.112692699713	130	0.0732450442977	68	0.184744847731	4	-0.019302587532	6	-0.0809571202667	1	0.241261459403	0.163107314771	0.235066405789	0.221958871871	0.160304339137
M04_DY_TO_L:G808-E0216	M04_DY_TO_L	CORE13	DY	L	G808-E0216	tch	ol	0	f21r	f21r	G808-P0072	f21r.11	11	4	H	A	1	2	EXACT	0.182074693299	20	-0.0891538059688	1	0.0659428370156	72	0	0	0.112809479839	93	0.110725021653	93	0.0634173105354	68	0.108865625556	4	-0.215893872115	6	0	0	0.158863724345	0.158863724345	0.156338197865	-0.0570301477694	0.158863724345
M04_DY_TO_L:G808-E0219	M04_DY_TO_L	CORE13	DY	L	G808-E0219	tch	ol	0	f21v	f21v	G808-P0073	f21v.2	2	7	H	A	1	3	EXACT	0.319280094653	18	0	0	0.0510682232126	72	-0.282190352582	1	0.130061645343	90	0.123826931043	91	0.0616517691086	68	-0.128863218644	4	0.267473312616	6	-0.27754568843	1	0.370348317865	0.0881579652828	0.380931863761	0.637821630481	0.0928026294354
M04_DY_TO_L:G808-E0476	M04_DY_TO_L	CORE13	DY	L	G808-E0476	tch	ol	0	f45r	f45r	G808-P0167	f45r.8	8	1	H	A	1	3	EXACT	-0.0169677848766	15	0.645945922624	1	0.0639979569219	72	0	0	0.0850016606832	88	0.0829172024976	88	0.0593257997027	68	0.143413468024	4	0.169743894017	6	0	0	0.692976094669	0.692976094669	0.68830393745	0.862719988686	0.692976094669
M04_DY_TO_L:G808-E0510	M04_DY_TO_L	CORE13	DY	L	G808-E0510	tch	ol	0	f47r	f47r	G808-P0177	f47r.10	10	7	H	A	1	3	EXACT	0.0963046725709	15	-0.0010040760313	1	0.0748002435263	72	0.0796364994376	4	0.105795995894	88	0.104077589669	92	0.0818626771913	68	-0.0452722904026	4	0.280205022361	6	0.0842811635902	4	0.170100840066	0.249737339503	0.177163273731	0.450305862427	0.254382003656
M04_DY_TO_L:G808-E0542	M04_DY_TO_L	CORE13	DY	L	G808-E0542	tch	eol	1	f49r	f49r	G808-P0185	f49r.13	13	4	H	A	1	2	EXACT	0.0856231880411	22	0	0	0.0910779867512	72	-0.282190352582	1	0.111607170796	94	0.105741461749	95	0.0855675148334	68	0.184744847731	4	0.0185862672375	6	-0.27754568843	1	0.176701174792	-0.10548917779	0.171190702874	0.19528744203	-0.100844513637
M04_DY_TO_L:G808-E0555	M04_DY_TO_L	CORE13	DY	L	G808-E0555	tch	ol	0	f49v	f49v	G808-P0187	f49v.28	28	3	H	A	1	2	EXACT	0.238169993993	5	0	0	0.0816537476809	72	0	0	0.131233919077	77	0.129149460892	77	0.0902072391948	68	-0.0637667696795	4	-0.0079266579514	6	0	0	0.319823741674	0.319823741674	0.328377233188	0.311897083723	0.319823741674
M04_DY_TO_L:G808-E0557	M04_DY_TO_L	CORE13	DY	L	G808-E0557	tch	ol	0	f49v	f49v	G808-P0187	f49v.30	30	6	H	A	1	2	EXACT	0.238169993993	5	0	0	0.0838814350924	72	0	0	0.133316951462	77	0.131232493276	77	0.0883563650034	68	0.0077964649818	4	0.175932916887	6	0	0	0.322051429086	0.322051429086	0.326526358997	0.497984345972	0.322051429086
M04_DY_TO_L:G808-E1031	M04_DY_TO_L	CORE13	DY	L	G808-E1031	tch	eol	1	f80v	f80v	G808-P0271	f80v.6	6	1	B	B	2	2	EXACT	-0.452843756135	24	-0.041192464935	2	-0.06352342944	72	0	0	-0.137872438212	98	-0.140046516439	98	-0.0758781203272	68	0.146494745904	4	-0.172033539541	6	0	0	-0.55755965051	-0.55755965051	-0.569914341397	-0.729593190051	-0.55755965051
M04_DY_TO_L:G808-E1109	M04_DY_TO_L	CORE13	DY	L	G808-E1109	tch	eol	1	f82r	f82r	G808-P0284	f82r.13	13	1	B	B	2	2	EXACT	-0.205881917942	36	0.0106554357833	2	-0.0779747447205	72	-0.0394037633211	1	-0.106638906611	110	-0.107804734809	111	-0.0909612639571	68	0.142784611001	4	0.187220516227	6	-0.0298011625291	2	-0.273201226879	-0.3126049902	-0.286187746116	-0.0859807106524	-0.303002389408
M04_DY_TO_L:G808-E1253	M04_DY_TO_L	CORE13	DY	L	G808-E1253	tch	ol	0	f86v3	f86v	G808-P0316	f86v3.9	9	1	C	B	2	3	EXACT	-0.0364105515998	26	0.549517662683	3	-0.0227469839027	70	0	0	0.0151338050594	99	0.0122933698627	99	-0.0312700688742	66	0.117884537372	4	-0.134408881187	6	0	0	0.490360127181	0.490360127181	0.481837042209	0.355951245994	0.490360127181
M04_DY_TO_L:G808-E1363	M04_DY_TO_L	CORE13	DY	L	G808-E1363	tch	eol	1	f89r1	f89r	G808-P0341	f89r1.15	15	1	P	A	1	2	EXACT	-0.11270121569	15	0.324689798118	1	0.0896321321756	72	0	0	0.084541599606	88	0.0825185889248	88	0.0856571968179	68	0.157196077205	4	0.0721531423431	6	0	0	0.301620714603	0.301620714603	0.297645779246	0.373773856946	0.301620714603
M04_DY_TO_L:G808-E0095	M04_DY_TO_L	CORE13	DY	L	G808-E0095	tch	ol	0	f9r	f9r	G808-P0031	f9r.7	7	5	H	A	1	3	EXACT	0.119025162803	16	0.111817813504	2	0.0656809939997	72	0	0	0.103392869385	90	0.1013084112	90	0.0766704848793	68	-0.121151512577	4	-0.155145863694	6	0	0	0.296523970306	0.296523970306	0.307513461186	0.141378106612	0.296523970306
M04_DY_TO_L:G808-E1515	M04_DY_TO_L	CORE13	DY	L	G808-E1515	yt	ol	0	f102r1	f102r	G808-P0374	f102r1.5	5	1	P	A	1	2	EXACT	0.168286027532	4	-0.0820783045839	1	0.0901689441043	72	0	0	0.126248347381	77	0.12444576986	77	0.0977165540449	68	-0.0381529096625	4	-0.167778339014	6	0	0	0.176376667052	0.176376667052	0.183924276993	0.00859832803787	0.176376667052
M04_DY_TO_L:G808-E0139	M04_DY_TO_L	CORE13	DY	L	G808-E0139	yt	ol	0	f15r	f15r	G808-P0048	f15r.14	14	6	H	A	1	2	EXACT	0.0784533559995	40	0	0	0.0947033948371	72	-0.159930569148	1	0.0966758446319	112	0.0927958530567	113	0.104548575233	68	-0.0726781499769	4	0.211239233297	6	-0.0313106741858	3	0.173156750837	0.013226181689	0.183001931232	0.384395984133	0.141846076651
M04_DY_TO_L:G808-E0182	M04_DY_TO_L	CORE13	DY	L	G808-E0182	yt	ol	0	f18r	f18r	G808-P0060	f18r.6	6	4	H	A	1	3	EXACT	0.244128748549	18	-0.0234681590199	2	0.0830086737173	72	0.159023141471	1	0.133583225628	92	0.132306107302	93	0.0803444094268	68	0.128287688567	4	0.290412447537	6	0.0576099560465	1	0.303669263246	0.462692404718	0.301004998956	0.594081710783	0.361279219293
M04_DY_TO_L:G808-E0187	M04_DY_TO_L	CORE13	DY	L	G808-E0187	yt	ol	0	f18v	f18v	G808-P0061	f18v.9	9	4	H	A	1	2	EXACT	0.136525117856	32	0	0	0.0572537233247	72	0	0	0.0937019304512	104	0.0918208947482	104	0.0522763660431	68	0.141855319022	4	0.290412447537	6	-0.0801576918264	1	0.19377884118	0.19377884118	0.188801483899	0.484191288717	0.113621149354
M04_DY_TO_L:G808-E0194	M04_DY_TO_L	CORE13	DY	L	G808-E0194	yt	ol	0	f19v	f19v	G808-P0063	f19v.3	3	5	H	A	1	2	EXACT	0.0998468993741	14	0	0	0.0890694820182	72	0	0	0.115425202679	86	0.113544166976	86	0.0916089116418	68	0.045885700329	4	-0.323554579697	6	-0.0124183966619	1	0.188916381392	0.188916381392	0.191455811016	-0.134638198305	0.17649798473
M04_DY_TO_L:G808-E0217	M04_DY_TO_L	CORE13	DY	L	G808-E0217	yt	eol	1	f21r	f21r	G808-P0072	f21r.11	11	8	H	A	1	2	EXACT	0.175039207273	20	0	0	0.0599201509092	72	-0.0457030169948	1	0.104820471799	92	0.101651273854	93	0.0669018864853	68	-0.0587828319733	4	0.0704298401555	6	-0.0412916881498	1	0.234959358182	0.189256341187	0.241941093758	0.305389198337	0.193667670032
M04_DY_TO_L:G808-E0295	M04_DY_TO_L	CORE13	DY	L	G808-E0295	yt	eol	1	f28r	f28r	G808-P0095	f28r.9	9	3	H	A	1	2	EXACT	0.166178268537	27	0	0	0.10649778314	72	0	0	0.137858239078	99	0.135977203375	99	0.101375162754	68	0.193568851615	4	0.290017775852	6	0	0	0.272676051677	0.272676051677	0.267553431291	0.562693827529	0.272676051677
M04_DY_TO_L:G808-E0371	M04_DY_TO_L	CORE13	DY	L	G808-E0371	yt	ol	0	f36v	f36v	G808-P0127	f36v.12	12	1	H	A	1	2	EXACT	0.0116061435053	18	0	0	0.0597406573168	72	-0.0896092574148	1	0.0714937727883	90	0.0681800048876	91	0.069682882404	68	-0.109290647255	4	0.201583072832	6	-0.0851979285697	1	0.0713468008221	-0.0182624565927	0.0812890259093	0.272929873654	-0.0138511277477
M04_DY_TO_L:G808-E0442	M04_DY_TO_L	CORE13	DY	L	G808-E0442	yt	ol	0	f43r	f43r	G808-P0155	f43r.11	11	11	H	B	2	3	EXACT	-0.217200166588	19	-0.0485792460507	2	-0.0599724361526	72	0	0	-0.0711924183157	93	-0.0730762246632	93	-0.0574463449942	68	-0.102931311186	4	0.19574818546	6	0	0	-0.325751848791	-0.325751848791	-0.323225757633	-0.130003663331	-0.325751848791
M04_DY_TO_L:G808-E0593	M04_DY_TO_L	CORE13	DY	L	G808-E0593	yt	ol	0	f52v	f52v	G808-P0194	f52v.3	3	6	H	A	1	2	EXACT	0.189666705114	14	0	0	0.0642292664658	72	0	0	0.109250571988	86	0.107369536285	86	0.0722818510749	68	-0.0726781499769	4	0.106050787437	6	0	0	0.25389597158	0.25389597158	0.261948556189	0.359946759017	0.25389597158
M04_DY_TO_L:G808-E0634	M04_DY_TO_L	CORE13	DY	L	G808-E0634	yt	ol	0	f56v	f56v	G808-P0206	f56v.10	10	5	H	A	1	3	EXACT	0.145047659181	17	-0.132018214037	2	0.0739325309463	72	0	0	0.104818062897	91	0.102937027194	91	0.0835305659973	68	-0.0892475430088	4	0.115995483493	6	-0.0334770765032	1	0.0869619760907	0.0869619760907	0.0965600111416	0.202957459584	0.0534848995875
M04_DY_TO_L:G808-E1237	M04_DY_TO_L	CORE13	DY	L	G808-E1237	yt	eol	1	f85r1	f85r	G808-P0309	f85r1.28	28	2	T	B	2	3	EXACT	-0.0958820038804	15	0.0745499987841	3	-0.00930843701062	72	0	0	0.00387078405962	90	0.00194990815886	90	-0.0146336128048	68	0.0812226609955	4	-0.0394961438021	6	0	0	-0.030640442107	-0.030640442107	-0.0359656179011	-0.070136585909	-0.030640442107
M04_DY_TO_L:G808-E1440	M04_DY_TO_L	CORE13	DY	L	G808-E1440	yt	ol	0	f96r	f96r	G808-P0361	f96r.2	2	1	H	A	1	2	EXACT	0.299235887925	32	-0.0842740885201	2	0.07187776562	72	0	0	0.149788469157	106	0.147907433454	106	0.0776973533406	68	-0.0270687037184	4	-0.231989384767	6	0	0	0.286839565025	0.286839565025	0.292659152746	0.0548501802583	0.286839565025
M04_DY_TO_L:G808-E0091	M04_DY_TO_L	CORE13	DY	L	G808-E0091	yt	ol	0	f9r	f9r	G808-P0030	f9r.4	4	8	H	A	1	3	EXACT	0.245381724211	21	0	0	0.10937566323	72	-0.163768375626	1	0.159232642284	93	0.154242280861	94	0.119266546589	68	-0.0587828319733	4	0.290017775852	6	-0.159357046781	1	0.354757387441	0.190989011815	0.3646482708	0.644775163292	0.19540034066
M05_L_TO_L_ALL28:G808-E1498	M05_L_TO_L_ALL28	ALL28	L	L	G808-E1498	ch	ol	0	f100r	f100r	G808-P0371	f100r.15	15	5	P	A	1	2	EXACT	0.0126887834398	15	0	0	-0.00152696169969	72	-0.312350794835	1	-0.0105352119271	87	-0.0125532841543	88	-0.00507412492348	68	0.0587743918585	4	0.025717262534	6	-0.337365102808	1	0.0111618217401	-0.301188973095	0.00761465851632	0.0368790842741	-0.326203281068
M05_L_TO_L_ALL28:G808-E1501	M05_L_TO_L_ALL28	ALL28	L	L	G808-E1501	ch	eol	1	f100r	f100r	G808-P0372	f100r.24	24	9	P	A	1	3	EXACT	0.0500042680481	2	-0.00460858976115	1	-0.0376455494558	72	0	0	-0.0540687431662	75	-0.0520119270815	75	-0.0327751942614	68	-0.120442009006	4	0.108455107175	6	0	0	0.00775012883116	0.00775012883116	0.0126204840255	0.116205236006	0.00775012883116
M05_L_TO_L_ALL28:G808-E1504	M05_L_TO_L_ALL28	ALL28	L	L	G808-E1504	ch	ol	0	f100r	f100r	G808-P0372	f100r.26	26	3	P	A	1	3	EXACT	0.0500042680481	2	0.382416803377	1	-0.0240581571443	72	0	0	-0.035864507972	75	-0.0338076918873	75	-0.0226958079547	68	-0.0472185146133	4	0.0195863530665	6	0	0	0.408362914281	0.408362914281	0.40972526347	0.427949267347	0.408362914281
M05_L_TO_L_ALL28:G808-E1507	M05_L_TO_L_ALL28	ALL28	L	L	G808-E1507	ch	ol	0	f100v	f100v	G808-P0373	f100v.16	16	2	P	A	1	3	EXACT	-0.0592276976189	25	-0.271425640329	2	-0.0345530117928	72	0	0	-0.0538906400162	99	-0.051757841696	99	-0.0356666901724	68	-0.0156205309825	4	0.0518850015799	6	-0.151266640732	1	-0.365206349741	-0.365206349741	-0.366320028121	-0.313321348161	-0.516472990473
M05_L_TO_L_ALL28:G808-E1510	M05_L_TO_L_ALL28	ALL28	L	L	G808-E1510	ch	ol	0	f100v	f100v	G808-P0373	f100v.17	17	5	P	A	1	2	EXACT	-0.0592276976189	25	0	0	-0.0359304709125	72	0	0	-0.0499497468645	97	-0.0478169485442	97	-0.0439438280036	68	0.100296547992	4	-0.0817472218403	6	0	0	-0.0951581685315	-0.0951581685315	-0.103171525623	-0.176905390372	-0.0951581685315
M05_L_TO_L_ALL28:G808-E1517	M05_L_TO_L_ALL28	ALL28	L	L	G808-E1517	ch	ol	0	f102r1	f102r	G808-P0374	f102r1.5	5	7	P	A	1	2	EXACT	0.14539070279	5	-0.219108068443	1	-0.00834483402601	72	0	0	-0.0216935764189	78	-0.0196338543417	78	-0.0155424081698	68	0.114013812076	4	0.0344178634649	6	0	0	-0.0820621996792	-0.0820621996792	-0.089259773823	-0.0476443362143	-0.0820621996792
M05_L_TO_L_ALL28:G808-E1527	M05_L_TO_L_ALL28	ALL28	L	L	G808-E1527	ch	ol	0	f102r1	f102r	G808-P0376	f102r1.15	15	2	P	A	1	3	EXACT	-0.101396208743	18	0.305579726229	2	-0.00322279373746	72	0.0171038134737	1	-0.0278387467723	92	-0.0259077859895	93	-0.00238457803557	68	-0.0174725750129	4	0.0541611967771	6	-0.399737142649	2	0.200960723748	0.218064537222	0.20179893945	0.255121920525	-0.1987764189
M05_L_TO_L_ALL28:G808-E1532	M05_L_TO_L_ALL28	ALL28	L	L	G808-E1532	ch	eol	1	f102v1	f102v	G808-P0377	f102v1.13	13	5	P	A	1	3	EXACT	0.0416765372735	24	-0.00901670625905	2	-0.0111777745325	72	-0.293874438772	1	-0.00618331123378	98	-0.00774165576643	99	-0.00575787220205	68	-0.103316138532	4	0.102088119737	6	-0.769143600405	2	0.021482056482	-0.27239238229	0.0269019588124	0.123570176219	-0.747661543923
M05_L_TO_L_ALL28:G808-E1539	M05_L_TO_L_ALL28	ALL28	L	L	G808-E1539	ch	eol	1	f102v1	f102v	G808-P0378	f102v1.22	22	4	P	A	1	2	EXACT	-0.123599577295	14	0	0	-0.00780697053149	72	0	0	-0.0394048625384	86	-0.0375328572334	86	-0.00329660255947	68	-0.0844832504386	4	-0.00219583034185	6	0	0	-0.131406547827	-0.131406547827	-0.126896179855	-0.133602378168	-0.131406547827
M05_L_TO_L_ALL28:G808-E1543	M05_L_TO_L_ALL28	ALL28	L	L	G808-E1543	ch	eol	1	f102v1	f102v	G808-P0378	f102v1.24	24	4	P	A	1	2	EXACT	-0.123599577295	14	0	0	-0.0289609917364	72	0	0	-0.0571152058727	86	-0.0552432005677	86	-0.0223932340711	68	-0.14061289643	4	-0.0722036829768	6	0	0	-0.152560569032	-0.152560569032	-0.145992811366	-0.224764252008	-0.152560569032
M05_L_TO_L_ALL28:G808-E1544	M05_L_TO_L_ALL28	ALL28	L	L	G808-E1544	ch	eol	1	f102v2	f102v	G808-P0379	f102v2.21	21	6	P	A	1	3	EXACT	0.0336181973261	23	0.141626949946	5	-0.035897579043	71	0	0	-0.0196155245639	99	-0.0177435192589	99	-0.0318725908208	67	-0.103316138532	4	0.11642310288	6	0	0	0.139347568229	0.139347568229	0.143372556451	0.255770671108	0.139347568229
M05_L_TO_L_ALL28:G808-E1579	M05_L_TO_L_ALL28	ALL28	L	L	G808-E1579	ch	eol	1	f103r	f103r	G808-P0394	f103r.41	41	1	S	B	3	3	EXACT	0.11114025527	6	-0.135765086114	6	0.0443644817741	72	0	0	0.0205771894936	84	0.0224629131433	84	0.041556519683	68	0.092099809171	4	0.0342880350636	6	0	0	0.0197396509294	0.0197396509294	0.0169316888383	0.054027685993	0.0197396509294
M05_L_TO_L_ALL28:G808-E1587	M05_L_TO_L_ALL28	ALL28	L	L	G808-E1587	ch	ol	0	f103v	f103v	G808-P0400	f103v.7	7	3	S	B	3	3	EXACT	0.337470302243	11	0.192590722707	2	0.0542382809368	72	0.117429290607	3	0.0800062750659	85	0.081399499422	88	0.061060621211	68	-0.0617416770917	4	0.00730986580863	6	-0.0148111626961	3	0.584299305886	0.701728596493	0.59112164616	0.591609171695	0.56948814319
M05_L_TO_L_ALL28:G808-E1629	M05_L_TO_L_ALL28	ALL28	L	L	G808-E1629	ch	eol	1	f104r	f104r	G808-P0420	f104r.32	32	5	S	B	3	3	EXACT	0.325108991778	17	-0.103369579205	1	0.0479868033575	72	0	0	0.0880902467237	90	0.0901121558194	90	0.0577437572244	68	-0.117881610074	4	0.0656796710865	6	0.23569859439	1	0.26972621593	0.26972621593	0.279483169797	0.335405887017	0.505424810321
M05_L_TO_L_ALL28:G808-E1632	M05_L_TO_L_ALL28	ALL28	L	L	G808-E1632	ch	ol	0	f104r	f104r	G808-P0423	f104r.39	39	6	S	B	3	3	EXACT	0.175470663495	16	0.0716792753702	2	0.0563483069217	72	0.0751628687869	1	0.0667439381306	90	0.0682481852003	91	0.0665971139393	68	-0.117881610074	4	-0.0267840978494	6	0.212709703045	1	0.303498245787	0.378661114574	0.313747052805	0.276714147938	0.516207948832
M05_L_TO_L_ALL28:G808-E1634	M05_L_TO_L_ALL28	ALL28	L	L	G808-E1634	ch	eol	1	f104r	f104r	G808-P0424	f104r.44	44	6	S	B	3	3	EXACT	0.266532221433	9	0.119580724731	2	0.0517784001657	72	-0.141934164085	2	0.061887549514	83	0.057807155348	85	0.0495660878392	68	0.089387512021	4	0.0725557388048	6	-0.0794331655574	3	0.43789134633	0.295957182245	0.435679034003	0.510447085134	0.358458180772
M05_L_TO_L_ALL28:G808-E1643	M05_L_TO_L_ALL28	ALL28	L	L	G808-E1643	ch	eol	1	f104v	f104v	G808-P0428	f104v.12	12	10	S	B	3	3	EXACT	0.309454255319	4	0	0	0.0793673069477	72	0	0	0.0712915860767	76	0.0733169498394	76	0.0772012238796	68	0.116191198947	4	0.0166550881593	6	0.0609958018534	1	0.388821562267	0.388821562267	0.386655479199	0.405476650427	0.449817364121
M05_L_TO_L_ALL28:G808-E1649	M05_L_TO_L_ALL28	ALL28	L	L	G808-E1649	ch	eol	1	f104v	f104v	G808-P0429	f104v.17	17	12	S	B	3	3	EXACT	-0.0272037586854	10	-0.0866028886696	2	0.0241978855791	72	0	0	-0.000679665353775	84	0.00134569840896	84	0.0351885004058	68	-0.162642086634	4	-0.0200246365252	6	0.36144722015	1	-0.0896087617759	-0.0896087617759	-0.0786181469492	-0.109633398301	0.271838458374
M05_L_TO_L_ALL28:G808-E1650	M05_L_TO_L_ALL28	ALL28	L	L	G808-E1650	ch	ol	0	f104v	f104v	G808-P0430	f104v.19	19	2	S	B	3	3	EXACT	0.0994198889059	12	0.0564908330382	3	0.0139412775975	72	0	0	0.0122426380096	87	0.0142680017723	87	0.0159120659263	68	-0.0195616441503	4	0.0201619546929	6	0	0	0.169851999542	0.169851999542	0.17182278787	0.190013954235	0.169851999542
M05_L_TO_L_ALL28:G808-E1657	M05_L_TO_L_ALL28	ALL28	L	L	G808-E1657	ch	ol	0	f104v	f104v	G808-P0433	f104v.31	31	4	S	B	3	3	EXACT	0	0	-0.103837539756	2	0.0664667964135	72	0	0	0.0385544989613	74	0.0405798627241	74	0.0752435105458	68	-0.0827368639943	4	-0.00632738840951	6	0.194587048916	1	-0.0373707433423	-0.0373707433423	-0.02859402921	-0.0436981317518	0.157216305574
M05_L_TO_L_ALL28:G808-E1658	M05_L_TO_L_ALL28	ALL28	L	L	G808-E1658	ch	eol	1	f104v	f104v	G808-P0434	f104v.34	34	7	S	B	3	3	EXACT	0.128226596781	15	0	0	0.0411705943566	72	0	0	0.0432352266988	87	0.0452605904616	87	0.0500030439849	68	-0.108980569482	4	-0.0598219425535	6	0	0	0.169397191138	0.169397191138	0.178229640766	0.109575248584	0.169397191138
M05_L_TO_L_ALL28:G808-E1685	M05_L_TO_L_ALL28	ALL28	L	L	G808-E1685	ch	ol	0	f105r	f105r	G808-P0445	f105r.29	29	6	S	B	3	3	EXACT	0.131539812694	6	0	0	0.0488964676649	72	0	0	0.0376136283336	78	0.0396857083726	78	0.0579823078676	68	-0.105562380909	4	-0.0161200558907	6	0.188641236815	1	0.180436280359	0.180436280359	0.189522120562	0.164316224468	0.369077517174
M05_L_TO_L_ALL28:G808-E1715	M05_L_TO_L_ALL28	ALL28	L	L	G808-E1715	ch	ol	0	f106r	f106r	G808-P0460	f106r.9	9	2	S	B	3	2	EXACT	0.22426469176	7	-0.094763865797	1	0.0525099151149	72	0.515166217504	1	0.0484511081524	80	0.0555733540078	81	0.0570326476316	68	-0.0243764981239	4	-0.107756495095	6	0.516123922324	1	0.182010741078	0.697176958582	0.186533473595	0.0742542459831	0.698134663402
M05_L_TO_L_ALL28:G808-E1718	M05_L_TO_L_ALL28	ALL28	L	L	G808-E1718	ch	eol	1	f106r	f106r	G808-P0461	f106r.11	11	3	S	B	3	3	EXACT	0.580482757487	5	0.249553103709	3	0.0454955929029	72	0.0385244704335	1	0.0678029331642	80	0.0688018015865	81	0.0516031230031	68	-0.0583323792553	4	-0.0760076612985	6	0.18079570832	1	0.875531454098	0.914055924532	0.881638984198	0.7995237928	1.05632716242
M05_L_TO_L_ALL28:G808-E1735	M05_L_TO_L_ALL28	ALL28	L	L	G808-E1735	ch	eol	1	f106r	f106r	G808-P0467	f106r.31	31	5	S	B	3	2	EXACT	0.0305045228428	26	0	0	0.0460578583709	72	0	0	0.0351060599652	98	0.0371767900688	98	0.043931907355	68	0.0821990651868	4	-0.0772739858007	6	0	0	0.0765623812138	0.0765623812138	0.0744364301978	-0.00071160458693	0.0765623812138
M05_L_TO_L_ALL28:G808-E1747	M05_L_TO_L_ALL28	ALL28	L	L	G808-E1747	ch	eol	1	f106v	f106v	G808-P0475	f106v.10	10	2	S	B	3	2	EXACT	-0.00622972334976	5	0	0	0.0374066868079	72	0	0	0.0163467306153	77	0.0183930782232	77	0.0405562455082	68	-0.0161359649752	4	0.0135754979684	6	0.511448941887	2	0.0311769634581	0.0311769634581	0.0343265221584	0.0447524614266	0.542625905345
M05_L_TO_L_ALL28:G808-E1779	M05_L_TO_L_ALL28	ALL28	L	L	G808-E1779	ch	ol	0	f107r	f107r	G808-P0501	f107r.50	50	4	S	B	3	3	EXACT	0.15089221059	14	-0.288839599422	1	0.0382673690732	72	0.0651541368517	1	0.0397279311353	87	0.0414795022639	88	0.0378102555088	68	0.0460381988988	4	0.0158012265979	6	-0.257846252132	1	-0.0996800197586	-0.0345258829069	-0.100137133323	-0.0838787931606	-0.357526271891
M05_L_TO_L_ALL28:G808-E1780	M05_L_TO_L_ALL28	ALL28	L	L	G808-E1780	ch	ol	0	f107r	f107r	G808-P0501	f107r.51	51	3	S	B	3	3	EXACT	0.15089221059	14	0.432352689016	2	0.0040666249113	72	-0.265834803828	1	0.0241531467232	88	0.0223650411246	89	0.00896365422587	68	-0.0791829742066	4	0.00533795363458	6	-0.323557175784	1	0.587311524517	0.321476720689	0.592208553832	0.592649478152	0.263754348733
M05_L_TO_L_ALL28:G808-E1794	M05_L_TO_L_ALL28	ALL28	L	L	G808-E1794	ch	ol	0	f107v	f107v	G808-P0505	f107v.12	12	3	S	B	3	3	EXACT	0.268102981232	20	-0.127700008793	3	0.0640092140337	72	0.0681870876721	2	0.0911142055807	95	0.0914297661465	97	0.070581133758	68	-0.0477134934779	4	-0.0465043759763	6	0.071904916409	2	0.204412186473	0.272599274145	0.210984106197	0.157907810496	0.276317102882
M05_L_TO_L_ALL28:G808-E1799	M05_L_TO_L_ALL28	ALL28	L	L	G808-E1799	ch	eol	1	f107v	f107v	G808-P0506	f107v.17	17	8	S	B	3	3	EXACT	-0.146254143344	7	-0.0980746850216	2	0.0705793928178	72	-0.0525914438804	2	0.0308644744647	81	0.0294578991789	83	0.0690642272794	68	0.0963371347728	4	-0.0706579868767	6	-0.0488736151435	2	-0.173749435548	-0.226340879428	-0.175264601086	-0.244407422424	-0.222623050691
M05_L_TO_L_ALL28:G808-E1800	M05_L_TO_L_ALL28	ALL28	L	L	G808-E1800	ch	ol	0	f107v	f107v	G808-P0506	f107v.18	18	6	S	B	3	3	EXACT	-0.146254143344	7	-0.354921766053	1	0.0366027170922	72	-0.173887379861	1	-0.00100990775917	80	-0.00191852314359	81	0.0333059450857	68	0.092647769005	4	0.0571544154895	6	0.0606041596153	2	-0.464573192305	-0.638460572166	-0.467869964311	-0.407418776815	-0.40396903269
M05_L_TO_L_ALL28:G808-E1802	M05_L_TO_L_ALL28	ALL28	L	L	G808-E1802	ch	ol	0	f107v	f107v	G808-P0507	f107v.21	21	4	S	B	3	3	EXACT	0	0	0.0708992267286	4	0.0268366916018	71	0.0603886215657	1	0.0074094661278	75	0.009289292562	76	0.0330726715271	67	-0.0776159921763	4	0.010070510182	6	0.175007146336	1	0.0977359183304	0.158124539896	0.103971898256	0.107806428512	0.272743064666
M05_L_TO_L_ALL28:G808-E1804	M05_L_TO_L_ALL28	ALL28	L	L	G808-E1804	ch	ol	0	f107v	f107v	G808-P0507	f107v.22	22	5	S	B	3	2	EXACT	0	0	0	0	0.0370413989458	71	-0.0170310802017	1	0.0154050599666	71	0.0160986424037	72	0.0342251467474	67	0.08421360324	4	0.101545449562	6	0.244329045525	2	0.0370413989458	0.0200103187441	0.0342251467474	0.138586848508	0.281370444471
M05_L_TO_L_ALL28:G808-E1805	M05_L_TO_L_ALL28	ALL28	L	L	G808-E1805	ch	ol	0	f107v	f107v	G808-P0508	f107v.24	24	3	S	B	3	2	EXACT	0.140811019406	3	0	0	0.0379560882633	71	0	0	0.022783335064	74	0.0246617295445	74	0.051726636014	67	-0.192700606589	4	-0.0706579868767	6	0	0	0.178767107669	0.178767107669	0.19253765542	0.108109120792	0.178767107669
M05_L_TO_L_ALL28:G808-E1808	M05_L_TO_L_ALL28	ALL28	L	L	G808-E1808	ch	eol	1	f107v	f107v	G808-P0509	f107v.28	28	3	S	B	3	2	EXACT	-0.0168382890499	15	0	0	0.0346761342666	72	0	0	0.0139132024331	87	0.0157915969135	87	0.048051232423	68	-0.192700606589	4	0.0568658520219	6	-0.18777012655	2	0.0178378452167	0.0178378452167	0.031212943373	0.0747036972386	-0.169932281334
M05_L_TO_L_ALL28:G808-E1812	M05_L_TO_L_ALL28	ALL28	L	L	G808-E1812	ch	ol	0	f107v	f107v	G808-P0510	f107v.30	30	6	S	B	3	3	EXACT	0	0	0.221819302596	3	0.065026504018	72	0.502835423283	1	0.0495562107058	75	0.056703143155	76	0.0750192029062	68	-0.104849449278	4	-0.0169114160903	6	0.50655325202	1	0.286845806614	0.789681229897	0.296838505502	0.269934390523	0.793399058634
M05_L_TO_L_ALL28:G808-E1813	M05_L_TO_L_ALL28	ALL28	L	L	G808-E1813	ch	ol	0	f107v	f107v	G808-P0511	f107v.33	33	2	S	B	3	3	EXACT	0.104579526422	10	-0.230332700801	4	0.049189771086	72	-0.106659646285	1	0.0274492796162	86	0.0271784872823	87	0.0533813756227	68	-0.0220675782353	4	0.0231706713584	6	-0.102941817548	1	-0.0765634032927	-0.183223049578	-0.072371798756	-0.0533927319343	-0.179505220841
M05_L_TO_L_ALL28:G808-E1829	M05_L_TO_L_ALL28	ALL28	L	L	G808-E1829	ch	eol	1	f108r	f108r	G808-P0518	f108r.6	6	2	S	B	3	3	EXACT	0.272812204672	5	0.0367008752094	3	0.0264983114522	72	0.325922313454	2	0.0190998858774	80	0.0273083973789	82	0.0286502422625	68	-0.0100830817072	4	-0.1059114151	6	0.314289564846	2	0.336011391333	0.661933704788	0.338163322144	0.230099976233	0.650300956179
M05_L_TO_L_ALL28:G808-E1867	M05_L_TO_L_ALL28	ALL28	L	L	G808-E1867	ch	ol	0	f108r	f108r	G808-P0528	f108r.40	40	7	S	B	3	3	EXACT	0.158297846622	13	-0.0973551475746	3	0.0649570720775	72	0	0	0.0561277477582	88	0.0583666911928	88	0.0628056686963	68	0.101532360174	4	0.0582684323043	6	-0.109340718329	1	0.125899771125	0.125899771125	0.123748367743	0.184168203429	0.0165590527951
M05_L_TO_L_ALL28:G808-E1893	M05_L_TO_L_ALL28	ALL28	L	L	G808-E1893	ch	eol	1	f108v	f108v	G808-P0534	f108v.13	13	2	S	B	3	3	EXACT	0.295806206848	6	-0.014197208472	2	0.0367935280103	72	0.280210999085	2	0.0464892329099	80	0.0527437260795	82	0.0399374556892	68	-0.0166532708167	4	0.0313297380213	6	0.38148342891	2	0.318402526387	0.598613525471	0.321546454066	0.349732264408	0.699885955297
M05_L_TO_L_ALL28:G808-E1901	M05_L_TO_L_ALL28	ALL28	L	L	G808-E1901	ch	eol	1	f108v	f108v	G808-P0536	f108v.26	26	3	S	B	3	3	EXACT	0.0854099640114	38	0.11880175779	5	0.0525738896109	72	0	0	0.0650362466934	115	0.0667291179365	115	0.0593259340153	68	-0.0622108935496	4	-0.0456056915578	6	0	0	0.256785611413	0.256785611413	0.263537655817	0.211179919855	0.256785611413
M05_L_TO_L_ALL28:G808-E1903	M05_L_TO_L_ALL28	ALL28	L	L	G808-E1903	ch	ol	0	f108v	f108v	G808-P0536	f108v.28	28	12	S	B	3	3	EXACT	0.0854099640114	38	-0.0658477093159	2	0.0420589535816	72	0.123141761389	2	0.0541544722421	112	0.0562384315898	114	0.0523134708484	68	-0.132267868242	4	0.0258771248771	6	0.186639111052	2	0.0616212082771	0.184762969666	0.0718757255439	0.0874983331541	0.248260319329
M05_L_TO_L_ALL28:G808-E1904	M05_L_TO_L_ALL28	ALL28	L	L	G808-E1904	ch	eol	1	f108v	f108v	G808-P0536	f108v.29	29	4	S	B	3	2	EXACT	0.0854099640114	38	-0.0930318774617	1	0.0436639737255	72	-0.138882436875	1	0.0562387080211	111	0.0557725041564	112	0.0511593060686	68	-0.0837567043937	4	0.0568212129545	6	-0.0488147442918	1	0.0360420602752	-0.1028403766	0.0435373926183	0.0928632732296	-0.0127726840167
M05_L_TO_L_ALL28:G808-E1907	M05_L_TO_L_ALL28	ALL28	L	L	G808-E1907	ch	eol	1	f108v	f108v	G808-P0537	f108v.31	31	2	S	B	3	3	EXACT	0.220482303786	63	0.215857359896	2	0.043586372025	72	0.266200361234	1	0.130306116314	137	0.132645356961	138	0.0471298787635	68	-0.0166532708167	4	-0.00198032953095	6	0.240794564614	1	0.479926035707	0.746126396941	0.483469542445	0.477945706176	0.72072060032
M05_L_TO_L_ALL28:G808-E1920	M05_L_TO_L_ALL28	ALL28	L	L	G808-E1920	ch	eol	1	f108v	f108v	G808-P0537	f108v.43	43	7	S	B	3	3	EXACT	0.220482303786	63	0	0	0.0541727182448	72	-0.19381345811	1	0.135025048581	135	0.133956642075	136	0.0538089927914	68	0.0603560226655	4	-0.105656405438	6	-0.191367456847	1	0.274655022031	0.080841563921	0.274291296577	0.168998616593	0.0832875651838
M05_L_TO_L_ALL28:G808-E1923	M05_L_TO_L_ALL28	ALL28	L	L	G808-E1923	ch	eol	1	f108v	f108v	G808-P0537	f108v.49	49	6	S	B	3	3	EXACT	0.220482303786	63	-0.544825278049	1	0.0551837241648	72	0	0	0.130392485287	136	0.13208535653	136	0.0656256202452	68	-0.12232853749	4	0.0499542918724	6	0	0	-0.269159250099	-0.269159250099	-0.258717354018	-0.219204958226	-0.269159250099
M05_L_TO_L_ALL28:G808-E1924	M05_L_TO_L_ALL28	ALL28	L	L	G808-E1924	ch	eol	1	f108v	f108v	G808-P0537	f108v.50	50	3	S	B	3	3	EXACT	0.220482303786	63	0.302169947567	5	0.0498759217523	72	0	0	0.137964345789	140	0.139657217032	140	0.0564692621649	68	-0.0622108935496	4	-0.0581831612193	6	0	0	0.572528173105	0.572528173105	0.579121513518	0.514345011886	0.572528173105
M05_L_TO_L_ALL28:G808-E0104	M05_L_TO_L_ALL28	ALL28	L	L	G808-E0104	ch	ol	0	f10r	f10r	G808-P0034	f10r.3	3	7	H	A	1	3	EXACT	-0.327244264055	17	-0.286615371945	4	-0.0350946594544	72	-0.104869003464	2	-0.110700635381	93	-0.109728134306	95	-0.0425613366349	68	0.0918386887428	4	0.0212580094046	6	-0.120596239408	2	-0.648954295454	-0.753823298918	-0.656420972634	-0.627696286049	-0.769550534862
M05_L_TO_L_ALL28:G808-E0105	M05_L_TO_L_ALL28	ALL28	L	L	G808-E0105	ch	ol	0	f10r	f10r	G808-P0034	f10r.5	5	3	H	A	1	2	EXACT	-0.327244264055	17	0	0	-0.0216522128197	72	-0.301467488843	3	-0.0909322179389	89	-0.0975886016114	92	-0.0237358691644	68	0.0137697811678	4	-0.067004125092	6	-0.298799993328	3	-0.348896476874	-0.650363965718	-0.350980133219	-0.415900601966	-0.647696470203
M05_L_TO_L_ALL28:G808-E0108	M05_L_TO_L_ALL28	ALL28	L	L	G808-E0108	ch	ol	0	f10v	f10v	G808-P0036	f10v.3	3	6	H	A	1	2	EXACT	-0.123568652185	12	0	0	-0.0333879537972	72	-0.354863319825	1	-0.0596062823752	84	-0.0617075823643	85	-0.0403957176987	68	0.0857438315357	4	0.00122061703412	6	-0.0932903585708	2	-0.156956605982	-0.511819925808	-0.163964369884	-0.155735988948	-0.250246964553
M05_L_TO_L_ALL28:G808-E0109	M05_L_TO_L_ALL28	ALL28	L	L	G808-E0109	ch	ol	0	f10v	f10v	G808-P0037	f10v.5	5	6	H	A	1	3	EXACT	-0.242739083568	10	-0.192592789006	3	-0.0400236915501	72	-0.627479651339	2	-0.0840187218165	85	-0.0957652107324	87	-0.0484197754276	68	0.102709533376	4	0.0442110883159	6	-0.351008901891	3	-0.475355564124	-1.10283521546	-0.483751648001	-0.431144475808	-0.826364466014
M05_L_TO_L_ALL28:G808-E1932	M05_L_TO_L_ALL28	ALL28	L	L	G808-E1932	ch	ol	0	f111r	f111r	G808-P0539	f111r.7	7	6	S	B	3	3	EXACT	0.173770575349	95	0.23886785337	5	0.0470735840864	69	0	0	0.134295153114	169	0.13631532518	169	0.0567407976433	65	-0.110018444861	4	-0.142905163417	6	0	0	0.459712012805	0.459712012805	0.469379226362	0.316806849387	0.459712012805
M05_L_TO_L_ALL28:G808-E1939	M05_L_TO_L_ALL28	ALL28	L	L	G808-E1939	ch	eol	1	f111r	f111r	G808-P0539	f111r.20	20	6	S	B	3	3	EXACT	0.173770575349	95	0.117298078219	5	0.0332700710515	69	0	0	0.125062660362	169	0.127082832428	169	0.0420878376523	65	-0.110018444861	4	-0.032755736004	6	0	0	0.324338724619	0.324338724619	0.33315649122	0.291582988615	0.324338724619
M05_L_TO_L_ALL28:G808-E1942	M05_L_TO_L_ALL28	ALL28	L	L	G808-E1942	ch	ol	0	f111r	f111r	G808-P0540	f111r.37	37	2	S	B	3	3	EXACT	0.309718425009	14	0.26095845843	2	0.040398889376	72	-0.0578870396425	1	0.0751838888449	88	0.0750849079304	89	0.0434507589186	68	-0.0114830567192	4	0.0557921523113	6	-0.19569882429	1	0.611075772815	0.553188733172	0.614127642357	0.666867925126	0.415376948525
M05_L_TO_L_ALL28:G808-E1947	M05_L_TO_L_ALL28	ALL28	L	L	G808-E1947	ch	eol	1	f111v	f111v	G808-P0544	f111v.2	2	2	S	B	3	3	EXACT	0.179006789802	70	-0.362845855507	1	0.051163470337	72	0	0	0.115173218078	143	0.117068549768	143	0.0549263855482	68	-0.0128062521243	4	-0.0370233065962	6	0	0	-0.132675595368	-0.132675595368	-0.128912680157	-0.169698901964	-0.132675595368
M05_L_TO_L_ALL28:G808-E1954	M05_L_TO_L_ALL28	ALL28	L	L	G808-E1954	ch	ol	0	f111v	f111v	G808-P0544	f111v.6	6	7	S	B	3	3	EXACT	0.179006789802	70	0	0	0.0731118932594	72	-0.128195788665	1	0.129782397192	142	0.12950811367	143	0.0720804606436	68	0.0906460838558	4	0.0852788393553	6	-0.126409076142	1	0.252118683061	0.123922894396	0.251087250445	0.337397522416	0.125709606919
M05_L_TO_L_ALL28:G808-E1955	M05_L_TO_L_ALL28	ALL28	L	L	G808-E1955	ch	eol	1	f111v	f111v	G808-P0544	f111v.8	8	3	S	B	3	3	EXACT	0.179006789802	70	0.119077554519	5	0.0559750665965	72	-0.0914760964901	2	0.120473789819	147	0.118822454719	149	0.0625307768807	68	-0.0554721721054	4	0.00298168647539	6	-0.0896893839669	2	0.354059410917	0.262583314427	0.360615121201	0.357041097393	0.26437002695
M05_L_TO_L_ALL28:G808-E1958	M05_L_TO_L_ALL28	ALL28	L	L	G808-E1958	ch	eol	1	f111v	f111v	G808-P0544	f111v.13	13	4	S	B	3	3	EXACT	0.179006789802	70	-0.0670448154121	1	0.0296829575247	72	0	0	0.106426393726	143	0.108321725416	143	0.0362674926343	68	-0.0822543032104	4	-0.0441347876373	6	-0.158711100776	2	0.141644931914	0.141644931914	0.148229467024	0.097510144277	-0.0170661688614
M05_L_TO_L_ALL28:G808-E1963	M05_L_TO_L_ALL28	ALL28	L	L	G808-E1963	ch	eol	1	f111v	f111v	G808-P0544	f111v.23	23	9	S	B	3	3	EXACT	0.179006789802	70	-0.19625758277	2	0.0746957903219	72	-1.09103821605	1	0.125821041694	144	0.118963710989	145	0.0758628521134	68	0.0548555759956	4	0.0162496923911	6	-0.258175368548	2	0.0574449973539	-1.03359321869	0.0586120591453	0.073694689745	-0.200730371195
M05_L_TO_L_ALL28:G808-E1973	M05_L_TO_L_ALL28	ALL28	L	L	G808-E1973	ch	ol	0	f112r	f112r	G808-P0552	f112r.2	2	7	S	B	3	3	EXACT	0.186463824224	27	0.0301603368383	1	0.0341149924214	72	0.00822501805838	2	0.0687696232432	100	0.0685109009251	102	0.04296132091	68	-0.116272755756	4	-0.0670864532527	6	0.0635464012628	2	0.250739153484	0.258964171543	0.259585481973	0.183652700231	0.314285554747
M05_L_TO_L_ALL28:G808-E1974	M05_L_TO_L_ALL28	ALL28	L	L	G808-E1974	ch	ol	0	f112r	f112r	G808-P0552	f112r.8	8	4	S	B	3	2	EXACT	0.186463824224	27	0	0	0.0227012415742	72	0	0	0.0610803684266	99	0.0630948479777	99	0.0287579382247	68	-0.0802627653548	4	-0.0541444198458	6	0	0	0.209165065799	0.209165065799	0.215221762449	0.155020645953	0.209165065799
M05_L_TO_L_ALL28:G808-E1980	M05_L_TO_L_ALL28	ALL28	L	L	G808-E1980	ch	eol	1	f112r	f112r	G808-P0555	f112r.20	20	4	S	B	3	3	EXACT	0.220869915974	16	0.495702472638	3	0.0540956470976	72	0.111891244599	3	0.0862307041677	91	0.0872964129834	94	0.0619990734847	68	-0.0802627653548	4	-0.103672266777	6	0.150390128914	4	0.770668035709	0.882559280308	0.778571462096	0.666995768932	0.921058164623
M05_L_TO_L_ALL28:G808-E2012	M05_L_TO_L_ALL28	ALL28	L	L	G808-E2012	ch	ol	0	f112v	f112v	G808-P0571	f112v.33	33	10	S	B	3	3	EXACT	0.33351896454	13	-0.145633968975	2	0.0621982958264	72	0	0	0.07971461418	87	0.0812147820212	87	0.0751966206529	68	-0.158758651378	4	0.0335523357502	6	0	0	0.25008329139	0.25008329139	0.263081616217	0.283635627141	0.25008329139
M05_L_TO_L_ALL28:G808-E2015	M05_L_TO_L_ALL28	ALL28	L	L	G808-E2015	ch	ol	0	f112v	f112v	G808-P0572	f112v.37	37	9	S	B	3	3	EXACT	0.484133979645	5	-0.11757396232	1	0.0842912007431	72	0.487683655776	1	0.0826187687529	78	0.0887177345588	79	0.0878766509685	68	0.0233531217564	4	-0.0768518532312	6	-0.0854209725891	2	0.450851218068	0.938534873844	0.454436668293	0.373999364837	0.365430245479
M05_L_TO_L_ALL28:G808-E2018	M05_L_TO_L_ALL28	ALL28	L	L	G808-E2018	ch	ol	0	f112v	f112v	G808-P0573	f112v.41	41	4	S	B	3	2	EXACT	-0.00306097225424	6	0	0	0.0570031032903	72	0.0969501832354	1	0.0281900266911	78	0.0300319705922	79	0.0660133120522	68	-0.0961558708173	4	0.0612659547736	6	0.103349753978	1	0.053942131036	0.150892314271	0.062952339798	0.11520808581	0.157291885014
M05_L_TO_L_ALL28:G808-E2020	M05_L_TO_L_ALL28	ALL28	L	L	G808-E2020	ch	ol	0	f112v	f112v	G808-P0574	f112v.43	43	5	S	B	3	3	EXACT	0.109626940462	7	0	0	0.0262902809236	72	0	0	0.0103238487474	79	0.0118240165886	79	0.036052926444	68	-0.139660118078	4	-0.0990884151897	6	0	0	0.135917221386	0.135917221386	0.145679866906	0.0368288061962	0.135917221386
M05_L_TO_L_ALL28:G808-E2036	M05_L_TO_L_ALL28	ALL28	L	L	G808-E2036	ch	ol	0	f113r	f113r	G808-P0580	f113r.15	15	1	S	B	3	2	EXACT	0	0	-0.0830447090943	1	0.0445970283563	72	-0.0460323803723	1	0.0216266586003	73	0.0220139518762	74	0.0418069480295	68	0.0920283022882	4	0.139651681979	6	0.0307093358811	1	-0.038447680738	-0.0844800611102	-0.0412377610647	0.101204001241	-0.00773834485685
M05_L_TO_L_ALL28:G808-E2039	M05_L_TO_L_ALL28	ALL28	L	L	G808-E2039	ch	eol	1	f113r	f113r	G808-P0581	f113r.19	19	5	S	B	3	2	EXACT	0.0868176297054	7	0	0	0.01217161061	72	0	0	0.0024136616728	79	0.00449606283492	79	0.0225397488431	68	-0.164086830977	4	0.0747108607033	6	0	0	0.0989892403154	0.0989892403154	0.109357378549	0.173700101019	0.0989892403154
M05_L_TO_L_ALL28:G808-E2044	M05_L_TO_L_ALL28	ALL28	L	L	G808-E2044	ch	ol	0	f113r	f113r	G808-P0585	f113r.27	27	2	S	B	3	3	EXACT	-0.164355725118	6	-0.0992646698981	3	0.0430116195808	72	0	0	0.00527492554566	81	0.00735732670778	81	0.0467037499513	68	-0.01975468834	4	-0.054489392417	6	-0.779564202205	1	-0.220608775436	-0.220608775436	-0.216916645065	-0.275098167853	-1.00017297764
M05_L_TO_L_ALL28:G808-E2046	M05_L_TO_L_ALL28	ALL28	L	L	G808-E2046	ch	ol	0	f113r	f113r	G808-P0585	f113r.28	28	10	S	B	3	3	EXACT	-0.164355725118	6	0.0627501844175	1	0.0436279735248	72	0	0	0.0110275766852	79	0.0131099778473	79	0.0401938518383	68	0.102007950571	4	0.0438262343526	6	0	0	-0.0579775671761	-0.0579775671761	-0.0614116888625	-0.0141513328235	-0.0579775671761
M05_L_TO_L_ALL28:G808-E2054	M05_L_TO_L_ALL28	ALL28	L	L	G808-E2054	ch	eol	1	f113r	f113r	G808-P0590	f113r.42	42	6	S	B	3	3	EXACT	0	0	0	0	0.074096311806	72	0	0	0.0528504604268	72	0.0549328615889	72	0.0729674635361	68	0.0932866407725	4	-0.061682152651	6	-0.0882678705366	1	0.074096311806	0.074096311806	0.0729674635361	0.012414159155	-0.0141715587306
M05_L_TO_L_ALL28:G808-E2070	M05_L_TO_L_ALL28	ALL28	L	L	G808-E2070	ch	eol	1	f113v	f113v	G808-P0598	f113v.21	21	6	S	B	3	3	EXACT	0.653379025181	3	-0.752694391984	1	0.0282535546141	72	0.236392159106	1	0.0221253496555	76	0.0262301949694	77	0.037217914786	68	-0.124140426755	4	0.0110703879216	6	0.241342214231	1	-0.0710618121894	0.165330346917	-0.0620974520175	-0.0599914242678	0.170280402042
M05_L_TO_L_ALL28:G808-E2080	M05_L_TO_L_ALL28	ALL28	L	L	G808-E2080	ch	eol	1	f113v	f113v	G808-P0600	f113v.31	31	2	S	B	3	3	EXACT	0.140490862214	23	0.422290875468	1	0.046064049419	72	0	0	0.0640008258495	96	0.066079555708	96	0.0500105633788	68	-0.021026546343	4	0.0197831856226	6	0	0	0.608845787101	0.608845787101	0.612792301061	0.628628972724	0.608845787101
M05_L_TO_L_ALL28:G808-E2083	M05_L_TO_L_ALL28	ALL28	L	L	G808-E2083	ch	eol	1	f113v	f113v	G808-P0603	f113v.39	39	2	S	B	3	3	EXACT	0.280954958902	14	0.233651528681	2	0.0605743621279	72	0	0	0.0861551193968	88	0.0882338492553	88	0.0653744238941	68	-0.021026546343	4	0.0241272488936	6	-0.0205158492635	1	0.575180849711	0.575180849711	0.579980911478	0.599308098605	0.554665000448
M05_L_TO_L_ALL28:G808-E2092	M05_L_TO_L_ALL28	ALL28	L	L	G808-E2092	ch	eol	1	f114r	f114r	G808-P0608	f114r.7	7	1	S	B	3	2	EXACT	0	0	-0.0863877290882	1	0.0478725547501	72	0	0	0.0243459402897	73	0.0263046482123	73	0.0453013056929	68	0.0915835997753	4	0.0482743025266	6	0	0	-0.0385151743381	-0.0385151743381	-0.0410864233953	0.0097591281885	-0.0385151743381
M05_L_TO_L_ALL28:G808-E2108	M05_L_TO_L_ALL28	ALL28	L	L	G808-E2108	ch	ol	0	f114r	f114r	G808-P0617	f114r.38	38	9	S	B	3	3	EXACT	0.0581070673925	23	-0.0406495906117	2	0.0343363086039	72	-0.0496316315139	1	0.0301374160768	97	0.0307298918143	98	0.0464620498972	68	-0.171801482329	4	-0.010367572124	6	0.099835340299	1	0.0517937853847	0.00216215387081	0.0639195266779	0.0414262132607	0.151629125684
M05_L_TO_L_ALL28:G808-E2128	M05_L_TO_L_ALL28	ALL28	L	L	G808-E2128	ch	ol	0	f114v	f114v	G808-P0624	f114v.16	16	11	S	B	3	3	EXACT	0.178172283379	8	-0.0213994897194	3	0.0480458485327	72	-0.0927412661624	1	0.0416916900933	83	0.0414766169226	84	0.0575959591204	68	-0.114307244186	4	-0.0624253180129	6	-0.10504140423	1	0.204818642193	0.11207737603	0.21436875278	0.14239332418	0.0997772379622
M05_L_TO_L_ALL28:G808-E2140	M05_L_TO_L_ALL28	ALL28	L	L	G808-E2140	ch	eol	1	f115r	f115r	G808-P0634	f115r.8	8	2	S	B	@	3	EXACT	0	0	0.428269061164	5	0.0123994576614	70	0	0	0.0188791287483	75	0.0209583224423	75	0.0136335433127	66	-0.00796344225235	4	-0.00837991082068	6	0	0	0.440668518826	0.440668518826	0.441902604477	0.432288608005	0.440668518826
M05_L_TO_L_ALL28:G808-E2145	M05_L_TO_L_ALL28	ALL28	L	L	G808-E2145	ch	ol	0	f115r	f115r	G808-P0636	f115r.17	17	9	S	B	@	3	EXACT	0.185399751353	21	-0.0850570002531	3	0.0252936971132	70	-0.0424257089042	1	0.0486744816456	94	0.049192064525	95	0.0232807165455	66	0.0585073898119	4	-0.0706972373257	6	-0.0389719121419	1	0.125636448213	0.0832107393084	0.123623467645	0.0549392108869	0.0866645360707
M05_L_TO_L_ALL28:G808-E2146	M05_L_TO_L_ALL28	ALL28	L	L	G808-E2146	ch	ol	0	f115r	f115r	G808-P0637	f115r.19	19	6	S	B	@	3	EXACT	0	0	0	0	0.0403405318161	70	0	0	0.0192082281565	70	0.0212874218505	70	0.0373199402967	66	0.0901798052185	4	-0.0706972373257	6	0	0	0.0403405318161	0.0403405318161	0.0373199402967	-0.0303567055095	0.0403405318161
M05_L_TO_L_ALL28:G808-E2156	M05_L_TO_L_ALL28	ALL28	L	L	G808-E2156	ch	eol	1	f115r	f115r	G808-P0642	f115r.38	38	2	S	B	@	3	EXACT	-0.0682086966263	6	-0.443482517712	3	-0.0134347853663	70	-0.262809785506	1	-0.0509337181408	79	-0.0522186357494	80	-0.0137664114137	66	-0.00796344225235	4	0.0165209117439	6	-0.259355988743	1	-0.525125999705	-0.78793578521	-0.525457625752	-0.508605087961	-0.784481988448
M05_L_TO_L_ALL28:G808-E2174	M05_L_TO_L_ALL28	ALL28	L	L	G808-E2174	ch	ol	0	f115v	f115v	G808-P0649	f115v.15	15	2	S	B	3	3	EXACT	0.315474005708	23	0.501661510757	2	0.0472298074316	72	0.0926733621677	1	0.111794129816	97	0.113047361908	98	0.051018516897	68	-0.0171769990342	4	0.0396881084178	6	0.0951814019998	1	0.864365323896	0.957038686064	0.868154033361	0.904053432314	0.959546725896
M05_L_TO_L_ALL28:G808-E2203	M05_L_TO_L_ALL28	ALL28	L	L	G808-E2203	ch	ol	0	f116r	f116r	G808-P0663	f116r.25	25	1	S	B	3	3	EXACT	0.225646684156	60	0.242069533259	4	0.0313077588795	72	0	0	0.126403726442	136	0.128439897105	136	0.027920625242	68	0.0888887545687	4	0.0957085439336	6	0.0828617497508	1	0.499023976295	0.499023976295	0.495636842657	0.594732520228	0.581885726045
M05_L_TO_L_ALL28:G808-E0113	M05_L_TO_L_ALL28	ALL28	L	L	G808-E0113	ch	ol	0	f11r	f11r	G808-P0038	f11r.3	3	2	H	A	1	3	EXACT	-0.401925251639	12	-0.316311735065	2	-0.0481299737918	72	-0.27689104854	2	-0.116620248092	86	-0.119625860062	88	-0.0503689703505	68	-0.0100695504265	4	0.0684688215588	6	-0.272480290325	2	-0.766366960495	-1.04325800904	-0.768605957054	-0.697898138937	-1.03884725082
M05_L_TO_L_ALL28:G808-E0121	M05_L_TO_L_ALL28	ALL28	L	L	G808-E0121	ch	ol	0	f13r	f13r	G808-P0041	f13r.2	2	2	H	A	1	3	EXACT	-0.550329668237	16	-0.5707249945	4	-0.0376409691818	72	0	0	-0.161674976736	92	-0.159647174934	92	-0.0388243736682	68	-0.0175233548638	4	-0.0568605933124	6	0	0	-1.15869563192	-1.15869563192	-1.15987903641	-1.21555622523	-1.15869563192
M05_L_TO_L_ALL28:G808-E0124	M05_L_TO_L_ALL28	ALL28	L	L	G808-E0124	ch	ol	0	f13r	f13r	G808-P0042	f13r.7	7	3	H	A	1	3	EXACT	-0.402983961392	17	0	0	-0.0337593449634	72	-0.14796607738	2	-0.115022570746	89	-0.114947287926	91	-0.0323050398112	68	-0.058482794502	4	0.0662157215645	6	-0.127995440532	2	-0.436743306355	-0.584709383735	-0.435289001203	-0.370527584791	-0.564738746887
M05_L_TO_L_ALL28:G808-E0136	M05_L_TO_L_ALL28	ALL28	L	L	G808-E0136	ch	ol	0	f14v	f14v	G808-P0047	f14v.2	2	9	H	A	1	3	EXACT	-0.318207356554	33	-0.259647006569	1	-0.0730253137493	72	-1.09681490294	1	-0.155268722039	106	-0.162558677032	107	-0.0708404403391	68	-0.110168355136	4	0.0138322120707	6	-0.818504218253	1	-0.650879676872	-1.74769457982	-0.648694803462	-0.637047464801	-1.46938389512
M05_L_TO_L_ALL28:G808-E0137	M05_L_TO_L_ALL28	ALL28	L	L	G808-E0137	ch	ol	0	f15r	f15r	G808-P0048	f15r.3	3	5	H	A	1	2	EXACT	-0.24662320934	46	-0.182547397579	2	-0.0362694714099	72	-0.0695505996284	2	-0.119396641896	120	-0.117468297448	122	-0.043641004027	68	0.0890464192096	4	0.0592020737364	6	0.0319224224144	2	-0.465440078329	-0.534990677957	-0.472811610946	-0.406238004592	-0.433517655914
M05_L_TO_L_ALL28:G808-E0138	M05_L_TO_L_ALL28	ALL28	L	L	G808-E0138	ch	ol	0	f15r	f15r	G808-P0048	f15r.14	14	3	H	A	1	2	EXACT	-0.24662320934	46	0	0	-0.0763560220021	72	-1.09512942271	1	-0.142408811337	118	-0.14885985322	119	-0.0699688332042	68	-0.184938395438	4	0.0262343890232	6	-0.382998165954	2	-0.322979231342	-1.41810865405	-0.316592042544	-0.296744842319	-0.705977397296
M05_L_TO_L_ALL28:G808-E0142	M05_L_TO_L_ALL28	ALL28	L	L	G808-E0142	ch	ol	0	f15v	f15v	G808-P0049	f15v.11	11	4	H	A	1	2	EXACT	-0.282574980298	34	0.01829293596	1	-0.0447316115503	72	-0.400925933049	3	-0.123497130282	107	-0.130565258805	110	-0.0528291805718	68	0.0929268884492	4	0.0595852396054	6	-0.235480718358	4	-0.309013655889	-0.709939588937	-0.31711122491	-0.249428416283	-0.544494374246
M05_L_TO_L_ALL28:G808-E0143	M05_L_TO_L_ALL28	ALL28	L	L	G808-E0143	ch	ol	0	f15v	f15v	G808-P0049	f15v.12	12	3	H	A	1	2	EXACT	-0.282574980298	34	0	0	-0.0411732292084	72	-0.137384442613	3	-0.122207681374	106	-0.122141144039	109	-0.044430478513	68	0.0141998356028	4	-0.0663785081548	6	-0.277156546457	3	-0.323748209507	-0.46113265212	-0.327005458811	-0.390126717661	-0.600904755964
M05_L_TO_L_ALL28:G808-E0148	M05_L_TO_L_ALL28	ALL28	L	L	G808-E0148	ch	ol	0	f16v	f16v	G808-P0053	f16v.5	5	4	H	A	1	2	EXACT	-0.344471719186	15	0	0	-0.0623310978093	72	-0.27847983527	1	-0.122856109336	87	-0.123233375493	88	-0.0713004395376	68	0.0901474679301	4	-0.0684099732528	6	-0.304159350904	1	-0.406802816995	-0.685282652265	-0.415772158723	-0.475212790248	-0.710962167899
M05_L_TO_L_ALL28:G808-E0149	M05_L_TO_L_ALL28	ALL28	L	L	G808-E0149	ch	ol	0	f16v	f16v	G808-P0053	f16v.6	6	6	H	A	1	2	EXACT	-0.344471719186	15	-0.107738944978	1	-0.0534441777282	72	0	0	-0.115663917422	88	-0.113640751876	88	-0.0615533949023	68	0.0844122705878	4	-0.00733132076354	6	0	0	-0.505654841892	-0.505654841892	-0.513764059066	-0.512986162655	-0.505654841892
M05_L_TO_L_ALL28:G808-E0150	M05_L_TO_L_ALL28	ALL28	L	L	G808-E0150	ch	ol	0	f16v	f16v	G808-P0054	f16v.8	8	2	H	A	1	3	EXACT	-0.341191197657	16	0.790095943441	1	-0.0596091848422	72	-0.214102361735	2	-0.112156110599	89	-0.113595813517	91	-0.0621674297928	68	-0.0161192643253	4	0.0365604199544	6	-0.162705961957	2	0.389295560942	0.175193199207	0.386737315992	0.425855980897	0.226589598985
M05_L_TO_L_ALL28:G808-E0151	M05_L_TO_L_ALL28	ALL28	L	L	G808-E0151	ch	ol	0	f16v	f16v	G808-P0054	f16v.9	9	4	H	A	1	3	EXACT	-0.341191197657	16	0	0	-0.0291010803545	72	0.226273353036	2	-0.097197087976	88	-0.0892215629393	90	-0.0260708327537	68	-0.0806155332104	4	-0.0684099732528	6	0.243758403075	3	-0.370292278011	-0.144018924976	-0.367262030411	-0.438702251264	-0.126533874936
M05_L_TO_L_ALL28:G808-E0153	M05_L_TO_L_ALL28	ALL28	L	L	G808-E0153	ch	ol	0	f17r	f17r	G808-P0055	f17r.3	3	1	H	A	1	2	EXACT	-0.433668592706	9	0.791433337894	1	-0.0349117640575	72	0.0555502293024	2	-0.0838229365589	82	-0.0797423076005	84	-0.0423987320802	68	0.0923664671989	4	0.082318974223	6	0.0410533295952	2	0.322852981131	0.378403210433	0.315366013108	0.405171955354	0.363906310726
M05_L_TO_L_ALL28:G808-E0157	M05_L_TO_L_ALL28	ALL28	L	L	G808-E0157	ch	ol	0	f17r	f17r	G808-P0057	f17r.11	11	4	H	A	1	2	EXACT	-0.289893623819	10	0	0	-0.00442330987533	72	0.474016382207	1	-0.0537568348819	82	-0.0458939496124	83	-0.0114968445861	68	0.115826555076	4	-0.109710125203	6	0.162767747551	2	-0.294316933694	0.179699448512	-0.301390468405	-0.404027058898	-0.131549186143
M05_L_TO_L_ALL28:G808-E0162	M05_L_TO_L_ALL28	ALL28	L	L	G808-E0162	ch	ol	0	f17v	f17v	G808-P0058	f17v.5	5	2	H	A	1	2	EXACT	-0.0703013739506	56	0.368637412853	1	-0.0345918044206	72	0	0	-0.0435807619986	129	-0.0418395306985	129	-0.0388054877364	68	0.037040545749	4	-0.151424459568	6	0	0	0.263744234482	0.263744234482	0.259530551166	0.112319774914	0.263744234482
M05_L_TO_L_ALL28:G808-E0169	M05_L_TO_L_ALL28	ALL28	L	L	G808-E0169	ch	ol	0	f17v	f17v	G808-P0058	f17v.11	11	4	H	A	1	1	EXACT	-0.0703013739506	56	0	0	-0.0413386857344	72	0	0	-0.0504230440416	128	-0.0486818127416	128	-0.0335621222617	68	-0.173540530969	4	-0.16281260629	6	0	0	-0.111640059685	-0.111640059685	-0.103863496212	-0.274452665975	-0.111640059685
M05_L_TO_L_ALL28:G808-E0175	M05_L_TO_L_ALL28	ALL28	L	L	G808-E0175	ch	ol	0	f17v	f17v	G808-P0058	f17v.16	16	2	H	A	1	1	EXACT	-0.0703013739506	56	0	0	-0.0277724582195	72	0	0	-0.0427920410645	128	-0.0410508097644	128	-0.0370231443714	68	0.129488940165	4	-0.0751260110091	6	0	0	-0.0980738321701	-0.0980738321701	-0.107324518322	-0.173199843179	-0.0980738321701
M05_L_TO_L_ALL28:G808-E0178	M05_L_TO_L_ALL28	ALL28	L	L	G808-E0178	ch	ol	0	f17v	f17v	G808-P0058	f17v.18	18	4	H	A	1	3	EXACT	-0.0703013739506	56	-0.0288686334847	1	-0.0371647063399	72	0.00901904450815	2	-0.0480982424987	129	-0.0462013248978	131	-0.0356227912332	68	-0.0633775293519	4	0.0428654528282	6	-0.0215532668762	2	-0.136334713775	-0.127315669267	-0.134792798668	-0.093469260947	-0.157887980651
M05_L_TO_L_ALL28:G808-E0179	M05_L_TO_L_ALL28	ALL28	L	L	G808-E0179	ch	ol	0	f17v	f17v	G808-P0058	f17v.20	20	4	H	A	1	2	EXACT	-0.0703013739506	56	0	0	-0.0402472246383	72	0.0891139501229	3	-0.0498090971751	128	-0.0459609220659	131	-0.0506516926171	68	0.136628464802	4	0.0505627063036	6	0.0269397781927	3	-0.110548598589	-0.021434648466	-0.120953066568	-0.0599858922852	-0.0836088203962
M05_L_TO_L_ALL28:G808-E0180	M05_L_TO_L_ALL28	ALL28	L	L	G808-E0180	ch	ol	0	f18r	f18r	G808-P0059	f18r.2	2	7	H	A	1	3	EXACT	-0.223570717326	15	0	0	-0.00934839624223	72	-0.330880863246	1	-0.0582057712303	87	-0.0599904002124	88	-0.00273305109726	68	-0.121809553891	4	0.110064918759	6	-0.392349522902	3	-0.232919113568	-0.563799976814	-0.226303768423	-0.122854194809	-0.62526863647
M05_L_TO_L_ALL28:G808-E0184	M05_L_TO_L_ALL28	ALL28	L	L	G808-E0184	ch	ol	0	f18r	f18r	G808-P0060	f18r.9	9	1	H	A	1	2	EXACT	-0.306657516898	30	0	0	-0.0195250140801	72	0	0	-0.109066828885	102	-0.107149131003	102	-0.0265529011856	68	0.0999487765283	4	-0.033164756916	6	0	0	-0.326182530978	-0.326182530978	-0.333210418083	-0.359347287894	-0.326182530978
M05_L_TO_L_ALL28:G808-E0189	M05_L_TO_L_ALL28	ALL28	L	L	G808-E0189	ch	ol	0	f19r	f19r	G808-P0062	f19r.2	2	5	H	A	1	3	EXACT	-0.309814141401	28	-0.142469733157	2	-0.0446865700641	72	0	0	-0.125573281959	102	-0.123558802408	102	-0.040794512315	68	-0.11085171567	4	0.0213336796589	6	-0.363537232449	1	-0.496970444622	-0.496970444622	-0.493078386873	-0.475636764963	-0.860507677071
M05_L_TO_L_ALL28:G808-E0190	M05_L_TO_L_ALL28	ALL28	L	L	G808-E0190	ch	ol	0	f19r	f19r	G808-P0062	f19r.3	3	4	H	A	1	2	EXACT	-0.309814141401	28	0	0	-0.0232962007463	72	-0.214630788709	1	-0.109395396072	100	-0.108971253974	101	-0.0301031459959	68	0.0924217046257	4	-0.0691902967794	6	-0.255541740734	1	-0.333110342148	-0.547741130857	-0.339917287397	-0.402300638927	-0.588652082881
M05_L_TO_L_ALL28:G808-E0191	M05_L_TO_L_ALL28	ALL28	L	L	G808-E0191	ch	ol	0	f19r	f19r	G808-P0062	f19r.10	10	3	H	A	1	2	EXACT	-0.309814141401	28	0	0	-0.0406657025808	72	-0.198677875121	2	-0.121901437392	100	-0.122478430937	102	-0.0304126924967	68	-0.214967037882	4	-0.0691902967794	6	-0.398943589213	2	-0.350479843982	-0.549157719103	-0.340226833898	-0.419670140761	-0.749423433195
M05_L_TO_L_ALL28:G808-E0197	M05_L_TO_L_ALL28	ALL28	L	L	G808-E0197	ch	ol	0	f19v	f19v	G808-P0064	f19v.9	9	5	H	A	1	2	EXACT	-0.309460885355	20	0	0	-0.0652784090619	72	0.351351013597	1	-0.127275948709	92	-0.120887172747	93	-0.0729184912835	68	0.0646027595041	4	-0.00605988226948	6	0.143074083234	2	-0.374739294417	-0.02338828082	-0.382379376639	-0.380799176687	-0.231665211183
M05_L_TO_L_ALL28:G808-E0201	M05_L_TO_L_ALL28	ALL28	L	L	G808-E0201	ch	ol	0	f20r	f20r	G808-P0066	f20r.7	7	5	H	A	1	2	EXACT	-0.26159568756	8	-0.121756978024	1	-0.0388872914486	72	-0.315445879601	1	-0.077865044961	81	-0.0794328442335	82	-0.0472335311708	68	0.102998594881	4	0.0143368725252	6	-0.718891753389	1	-0.422239957032	-0.737685836633	-0.430586196754	-0.407903084507	-1.14113171042
M05_L_TO_L_ALL28:G808-E0209	M05_L_TO_L_ALL28	ALL28	L	L	G808-E0209	ch	ol	0	f20v	f20v	G808-P0069	f20v.9	9	5	H	A	1	2	EXACT	-0.165349050536	27	0	0	-0.0608646190925	72	0.110056211322	2	-0.095652281753	99	-0.0906703784383	101	-0.0706624847774	68	0.105698924182	4	-0.112470273375	6	0.112310792093	2	-0.226213669629	-0.116157458306	-0.236011535313	-0.338683943004	-0.113902877535
M05_L_TO_L_ALL28:G808-E0210	M05_L_TO_L_ALL28	ALL28	L	L	G808-E0210	ch	ol	0	f20v	f20v	G808-P0069	f20v.10	10	3	H	A	1	2	EXACT	-0.165349050536	27	-0.34539827342	1	-0.0726429799708	72	-0.564709918029	2	-0.106838665828	100	-0.114897192968	102	-0.0660259413909	68	-0.185132809197	4	-0.0690996869528	6	-0.432064743159	2	-0.583390303927	-1.14810022196	-0.576773265347	-0.652489990879	-1.01545504709
M05_L_TO_L_ALL28:G808-E0213	M05_L_TO_L_ALL28	ALL28	L	L	G808-E0213	ch	ol	0	f21r	f21r	G808-P0071	f21r.5	5	6	H	A	1	2	EXACT	-0.452541642243	6	0.0657606531645	1	-0.0238366286982	72	0	0	-0.0727980912718	79	-0.0706053172214	79	-0.0284059213818	68	0.0538412178772	4	-0.173219612984	6	0	0	-0.410617617776	-0.410617617776	-0.41518691046	-0.58383723076	-0.410617617776
M05_L_TO_L_ALL28:G808-E0215	M05_L_TO_L_ALL28	ALL28	L	L	G808-E0215	ch	ol	0	f21r	f21r	G808-P0072	f21r.11	11	2	H	A	1	2	EXACT	-0.11976660032	19	-0.101497816941	1	-0.0503492856889	72	0	0	-0.0753728179006	92	-0.0731800438502	92	-0.0532271594689	68	-0.00142556047474	4	-0.12346738596	6	0	0	-0.271613702949	-0.271613702949	-0.274491576729	-0.39508108891	-0.271613702949
M05_L_TO_L_ALL28:G808-E0218	M05_L_TO_L_ALL28	ALL28	L	L	G808-E0218	ch	ol	0	f21r	f21r	G808-P0072	f21r.12	12	6	H	A	1	2	EXACT	-0.11976660032	19	-0.15906179834	2	-0.0324311480296	72	-0.683965427123	2	-0.0632457567564	93	-0.0753961513422	95	-0.0375060006738	68	0.0538412178772	4	-0.0288647093368	6	-0.558370690739	2	-0.311259546689	-0.995224973813	-0.316334399334	-0.340124256026	-0.869630237428
M05_L_TO_L_ALL28:G808-E0220	M05_L_TO_L_ALL28	ALL28	L	L	G808-E0220	ch	ol	0	f21v	f21v	G808-P0073	f21v.4	4	4	H	A	1	3	EXACT	-0.335475318765	23	-0.349414974011	1	-0.0430871084965	72	-0.876451010991	2	-0.123603487929	96	-0.138114233541	98	-0.0409852440081	68	-0.0788189686714	4	-0.0670575114883	6	-0.560161005984	3	-0.727977401272	-1.60442841226	-0.725875536784	-0.795034912761	-1.28813840726
M05_L_TO_L_ALL28:G808-E0221	M05_L_TO_L_ALL28	ALL28	L	L	G808-E0221	ch	ol	0	f21v	f21v	G808-P0073	f21v.6	6	4	H	A	1	2	EXACT	-0.335475318765	23	-0.349414974011	1	-0.0303154016951	72	-0.700830967106	1	-0.114024707828	96	-0.118680543627	97	-0.0370245861117	68	0.0837405695153	4	-0.0670575114883	6	-0.80107980366	1	-0.715205694471	-1.41603666158	-0.721914878888	-0.782263205959	-1.51628549813
M05_L_TO_L_ALL28:G808-E0234	M05_L_TO_L_ALL28	ALL28	L	L	G808-E0234	ch	ol	0	f22v	f22v	G808-P0079	f22v.9	9	3	H	A	1	2	EXACT	-0.378516878866	19	-0.113045442787	1	-0.0345328890674	72	-0.124466265068	2	-0.116421651324	92	-0.115792119738	94	-0.0264709630921	68	-0.171585817504	4	0.012075737201	6	-0.121062398645	2	-0.52609521072	-0.650561475788	-0.518033284745	-0.51401947352	-0.647157609366
M05_L_TO_L_ALL28:G808-E0247	M05_L_TO_L_ALL28	ALL28	L	L	G808-E0247	ch	ol	0	f23v	f23v	G808-P0084	f23v.10	10	4	H	A	1	2	EXACT	-0.184536021531	26	0	0	-0.0562466020989	71	0	0	-0.0976406343043	97	-0.0956091813689	97	-0.0571674672773	67	-0.0408227015778	4	0.0461068583318	6	-0.155916504476	1	-0.24078262363	-0.24078262363	-0.241703488808	-0.194675765298	-0.396699128106
M05_L_TO_L_ALL28:G808-E0249	M05_L_TO_L_ALL28	ALL28	L	L	G808-E0249	ch	eol	1	f24r	f24r	G808-P0085	f24r.1	1	7	H	A	1	3	EXACT	-0.124264197559	46	-0.156359483841	3	-0.049032416041	71	-1.09544866692	1	-0.080576180669	120	-0.0874143900771	121	-0.0558619818546	67	0.0653618697427	4	0.0310470945665	6	-0.486957326317	2	-0.329656097441	-1.42510476436	-0.336485663254	-0.298609002874	-0.816613423758
M05_L_TO_L_ALL28:G808-E0254	M05_L_TO_L_ALL28	ALL28	L	L	G808-E0254	ch	ol	0	f24r	f24r	G808-P0085	f24r.19	19	3	H	A	1	2	EXACT	-0.124264197559	46	0	0	-0.034554941782	71	0	0	-0.0692612700852	117	-0.0672550985947	117	-0.024348483896	67	-0.205514052967	4	-0.060169656858	6	0	0	-0.158819139341	-0.158819139341	-0.148612681455	-0.218988796199	-0.158819139341
M05_L_TO_L_ALL28:G808-E0260	M05_L_TO_L_ALL28	ALL28	L	L	G808-E0260	ch	ol	0	f24v	f24v	G808-P0087	f24v.9	9	2	H	A	1	2	EXACT	-0.224035444198	17	0	0	-0.0258177870393	72	0.140350583742	1	-0.0745807837375	89	-0.0707741454887	90	-0.0267856450162	68	-0.00936490277066	4	-0.0422031108145	6	0.160649515569	2	-0.249853231238	-0.109502647495	-0.250821089215	-0.292056342052	-0.089203715669
M05_L_TO_L_ALL28:G808-E0263	M05_L_TO_L_ALL28	ALL28	L	L	G808-E0263	ch	ol	0	f25v	f25v	G808-P0089	f25v.3	3	3	H	A	1	3	EXACT	-0.189533910443	25	-0.534742010258	1	-0.0459712079232	72	-1.07322334853	2	-0.0948168754153	98	-0.113493485309	100	-0.0452395118207	68	-0.0584103365571	4	0.0647383496925	6	-0.933324138378	2	-0.770247128623	-1.84347047715	-0.769515432521	-0.705508778931	-1.703571267
M05_L_TO_L_ALL28:G808-E0287	M05_L_TO_L_ALL28	ALL28	L	L	G808-E0287	ch	ol	0	f27r	f27r	G808-P0094	f27r.9	9	4	H	A	1	2	EXACT	-0.191287376957	14	0	0	-0.0831235163825	72	-0.115541427372	1	-0.11352758694	86	-0.112185466125	87	-0.0840588873339	68	-0.0672216208506	4	0.0162859122401	6	-0.112387084069	2	-0.274410893339	-0.389952320711	-0.275346264291	-0.258124981099	-0.386797977408
M05_L_TO_L_ALL28:G808-E0288	M05_L_TO_L_ALL28	ALL28	L	L	G808-E0288	ch	ol	0	f27r	f27r	G808-P0094	f27r.11	11	1	H	A	1	2	EXACT	-0.191287376957	14	0	0	-0.0640477851316	72	0	0	-0.0975572072878	86	-0.095558266473	86	-0.0733040518721	68	0.0933093388154	4	0.0828770526761	6	-0.156295427855	1	-0.255335162088	-0.255335162088	-0.264591428829	-0.172458109412	-0.411630589943
M05_L_TO_L_ALL28:G808-E0297	M05_L_TO_L_ALL28	ALL28	L	L	G808-E0297	ch	ol	0	f28v	f28v	G808-P0096	f28v.3	3	2	H	A	1	2	EXACT	-0.439981092071	10	0	0	-0.0439616418638	72	-0.0350069765824	2	-0.105345726272	82	-0.102958578962	84	-0.0346109037143	68	-0.202927042802	4	-0.0348972229412	6	-0.0988109374593	2	-0.483942733935	-0.518949710518	-0.474591995786	-0.518839956876	-0.582753671395
M05_L_TO_L_ALL28:G808-E0301	M05_L_TO_L_ALL28	ALL28	L	L	G808-E0301	ch	ol	0	f28v	f28v	G808-P0097	f28v.5	5	2	H	A	1	2	EXACT	-0.47460120836	8	0	0	-0.0142814084824	72	-1.09150603278	1	-0.0744537350385	80	-0.0856443590273	81	-0.0145344925679	68	-0.00998183142557	4	-0.141163054994	6	-0.811596268478	1	-0.488882616842	-1.58038864962	-0.489135700928	-0.630045671836	-1.30047888532
M05_L_TO_L_ALL28:G808-E0303	M05_L_TO_L_ALL28	ALL28	L	L	G808-E0303	ch	ol	0	f28v	f28v	G808-P0098	f28v.7	7	3	H	A	1	3	EXACT	-0.119354504931	13	0.303731884769	2	-0.0589305672785	71	-0.719140924568	1	-0.0711485394167	86	-0.0771826398251	87	-0.0575035305119	67	-0.0828342563941	4	-0.0629051079772	6	-0.818194863102	1	0.125446812559	-0.593694112009	0.126873849326	0.0625417045822	-0.692748050543
M05_L_TO_L_ALL28:G808-E0306	M05_L_TO_L_ALL28	ALL28	L	L	G808-E0306	ch	ol	0	f29r	f29r	G808-P0100	f29r.7	7	2	H	A	1	2	EXACT	-0.155030841942	19	-0.227511112562	1	-0.00870704133113	72	-0.0515723109181	2	-0.0513201404389	92	-0.0504955477534	94	-0.00806372241614	68	-0.0196427842581	4	0.0880537971517	6	-0.0488024505144	2	-0.391248995836	-0.442821306754	-0.390605676921	-0.303195198684	-0.44005144635
M05_L_TO_L_ALL28:G808-E0307	M05_L_TO_L_ALL28	ALL28	L	L	G808-E0307	ch	ol	0	f29v	f29v	G808-P0102	f29v.6	6	2	H	A	1	3	EXACT	-0.217750327011	22	0.265393906203	1	-0.0919597433451	72	0.105556053847	1	-0.125992988536	95	-0.122136343373	96	-0.0964064772973	68	-0.0163654300285	4	-0.054719436543	6	0.0235753668971	2	-0.0443161641529	0.0612398896939	-0.0487628981051	-0.0990356006959	-0.0207407972558
M05_L_TO_L_ALL28:G808-E0001	M05_L_TO_L_ALL28	ALL28	L	L	G808-E0001	ch	ol	0	f2r	f2r	G808-P0001	f2r.5	5	4	H	A	1	2	EXACT	-0.329203634584	22	0	0	-0.0430055852774	72	0.060641206836	1	-0.118368684321	94	-0.115069132666	95	-0.0414667174537	68	-0.0691666209705	4	-0.0696557834041	6	-0.262876474998	1	-0.372209219861	-0.311568013025	-0.370670352038	-0.441865003265	-0.63508569486
M05_L_TO_L_ALL28:G808-E0003	M05_L_TO_L_ALL28	ALL28	L	L	G808-E0003	ch	ol	0	f2r	f2r	G808-P0001	f2r.7	7	4	H	A	1	2	EXACT	-0.329203634584	22	-0.0455676474551	1	-0.0261213921656	72	0	0	-0.105043281961	95	-0.103037713208	95	-0.0343474618865	68	0.1137215104	4	-0.0698462847575	6	0	0	-0.400892674205	-0.400892674205	-0.409118743926	-0.470738958962	-0.400892674205
M05_L_TO_L_ALL28:G808-E0010	M05_L_TO_L_ALL28	ALL28	L	L	G808-E0010	ch	ol	0	f2v	f2v	G808-P0003	f2v.3	3	4	H	A	1	3	EXACT	-0.236818358672	15	-0.53882510676	1	-0.0505295481576	72	0.275387547244	1	-0.100131862026	88	-0.0944981674694	89	-0.0486921161766	68	-0.0817659710123	4	-0.0694106895792	6	0.263506296558	1	-0.826173013589	-0.550785466346	-0.824335581608	-0.895583703169	-0.562666717032
M05_L_TO_L_ALL28:G808-E0011	M05_L_TO_L_ALL28	ALL28	L	L	G808-E0011	ch	ol	0	f2v	f2v	G808-P0004	f2v.5	5	8	H	A	1	3	EXACT	-0.320358419993	5	0.0188495996839	2	-0.0148201120262	72	-0.676584568202	2	-0.0517532219277	79	-0.0665236650768	81	-0.00881899567215	68	-0.116839169222	4	0.0520545929899	6	-0.338980656154	3	-0.316328932336	-0.992913500537	-0.310327815982	-0.264274339346	-0.65530958849
M05_L_TO_L_ALL28:G808-E0311	M05_L_TO_L_ALL28	ALL28	L	L	G808-E0311	ch	ol	0	f30r	f30r	G808-P0105	f30r.9	9	3	H	A	1	2	EXACT	-0.127700128659	21	-0.086534387456	2	-0.0669947633686	72	0	0	-0.0899907190612	95	-0.0879789279444	95	-0.0596188914947	68	-0.192384749096	4	-0.0685421399566	6	0	0	-0.281229279484	-0.281229279484	-0.27385340761	-0.349771419441	-0.281229279484
M05_L_TO_L_ALL28:G808-E0325	M05_L_TO_L_ALL28	ALL28	L	L	G808-E0325	ch	ol	0	f32r	f32r	G808-P0110	f32r.3	3	4	H	A	1	2	EXACT	-0.333480046143	15	-0.119997131725	1	-0.0238134228785	72	0.347226115596	1	-0.0917801607405	88	-0.0854250428964	89	-0.023606387906	68	-0.0273332997374	4	-0.143103725266	6	0.336522160959	1	-0.477290600746	-0.13006448515	-0.477083565774	-0.620394326012	-0.140768439787
M05_L_TO_L_ALL28:G808-E0334	M05_L_TO_L_ALL28	ALL28	L	L	G808-E0334	ch	ol	0	f32v	f32v	G808-P0113	f32v.10	10	4	H	A	1	3	EXACT	-0.281638395954	20	0.250650483694	4	-0.0309340289775	72	-0.678258963094	2	-0.0814283002359	96	-0.092719974084	98	-0.0280088412642	68	-0.0806624820531	4	-0.0225478778967	6	-0.554198762398	2	-0.0619219412371	-0.740180904331	-0.0589967535238	-0.0844698191338	-0.616120703635
M05_L_TO_L_ALL28:G808-E0338	M05_L_TO_L_ALL28	ALL28	L	L	G808-E0338	ch	eol	1	f33v	f33v	G808-P0116	f33v.7	7	7	H	B	2	3	EXACT	-0.0347493643808	26	0	0	0.0113497250136	72	-0.315274208585	1	-0.00756223081743	98	-0.00921879275333	99	0.0058993866171	68	0.104005309176	4	0.0996672725104	6	-0.71846687895	1	-0.0233996393672	-0.338673847952	-0.0288499777637	0.0762676331432	-0.741866518317
M05_L_TO_L_ALL28:G808-E0353	M05_L_TO_L_ALL28	ALL28	L	L	G808-E0353	ch	ol	0	f35r	f35r	G808-P0122	f35r.11	11	2	H	A	1	3	EXACT	-0.108185185298	20	0.119305830759	3	-0.0247135254734	72	0	0	-0.0475229200307	95	-0.0454902626791	95	-0.0250490235587	68	-0.0190103529161	4	0.0286885517701	6	-0.535989884206	1	-0.0135928800121	-0.0135928800121	-0.0139283780973	0.0150956717579	-0.549582764218
M05_L_TO_L_ALL28:G808-E0355	M05_L_TO_L_ALL28	ALL28	L	L	G808-E0355	ch	ol	0	f35r	f35r	G808-P0122	f35r.14	14	2	H	A	1	2	EXACT	-0.108185185298	20	-0.356338287113	2	-0.0363426598292	72	0	0	-0.0680970252209	94	-0.0660643678692	94	-0.0373622246412	68	-0.0190103529161	4	-0.156161008344	6	0	0	-0.50086613224	-0.50086613224	-0.501885697052	-0.657027140585	-0.50086613224
M05_L_TO_L_ALL28:G808-E0361	M05_L_TO_L_ALL28	ALL28	L	L	G808-E0361	ch	eol	1	f35v	f35v	G808-P0123	f35v.15	15	2	H	A	1	1	EXACT	-0.282510649658	44	0	0	-0.0642734606454	72	0	0	-0.147241142483	116	-0.14520113614	116	-0.057551950567	68	-0.178539475252	4	-0.153359645267	6	0	0	-0.346784110303	-0.346784110303	-0.340062600225	-0.500143755571	-0.346784110303
M05_L_TO_L_ALL28:G808-E0362	M05_L_TO_L_ALL28	ALL28	L	L	G808-E0362	ch	ol	0	f35v	f35v	G808-P0123	f35v.19	19	4	H	A	1	2	EXACT	-0.282510649658	44	0	0	-0.0433881891192	72	-1.08036282336	1	-0.134277870501	116	-0.140806176898	117	-0.0527234672819	68	0.115311196372	4	-0.0411804509663	6	-0.60025030001	2	-0.325898838777	-1.40626166213	-0.33523411694	-0.367079289743	-0.926149138787
M05_L_TO_L_ALL28:G808-E0363	M05_L_TO_L_ALL28	ALL28	L	L	G808-E0363	ch	ol	0	f36r	f36r	G808-P0124	f36r.2	2	7	H	A	1	3	EXACT	-0.260247916481	11	-0.0788927560847	1	-0.00621632434439	72	0	0	-0.0544913659223	84	-0.0525111284268	84	-0.0100697655894	68	0.0592919925785	4	0.104106472668	6	-0.323975482971	1	-0.34535699691	-0.34535699691	-0.349210438155	-0.241250524242	-0.669332479881
M05_L_TO_L_ALL28:G808-E0364	M05_L_TO_L_ALL28	ALL28	L	L	G808-E0364	ch	ol	0	f36r	f36r	G808-P0125	f36r.5	5	3	H	A	1	3	EXACT	-0.386569829331	18	-0.183985522878	3	-0.0527359381106	72	-0.187468518957	2	-0.132242857748	93	-0.132575667286	95	-0.05249545449	68	-0.0568243439013	4	0.0454296573455	6	-0.348786430784	2	-0.62329129032	-0.810759809277	-0.623050806699	-0.577861632974	-0.972077721103
M05_L_TO_L_ALL28:G808-E0369	M05_L_TO_L_ALL28	ALL28	L	L	G808-E0369	ch	ol	0	f36v	f36v	G808-P0126	f36v.2	2	2	H	A	1	3	EXACT	-0.187717783776	14	0	0	-0.0316757421094	72	-0.629253579374	2	-0.0695300386906	86	-0.0815047302878	88	-0.0323163628414	68	-0.0207853535372	4	0.0369129029577	6	-0.488661820104	2	-0.219393525885	-0.848647105259	-0.220034146617	-0.182480622927	-0.70805534599
M05_L_TO_L_ALL28:G808-E0373	M05_L_TO_L_ALL28	ALL28	L	L	G808-E0373	ch	ol	0	f37r	f37r	G808-P0129	f37r.4	4	4	H	A	1	2	EXACT	-0.427501645325	9	0	0	-0.0356242268892	72	-0.670445511814	2	-0.0941796430904	81	-0.107408370136	83	-0.0431135240501	68	0.0916935469474	4	0.0280678271605	6	-0.74445303486	2	-0.463125872215	-1.13357138403	-0.470615169376	-0.435058045054	-1.20757890708
M05_L_TO_L_ALL28:G808-E0377	M05_L_TO_L_ALL28	ALL28	L	L	G808-E0377	ch	ol	0	f37v	f37v	G808-P0131	f37v.2	2	2	H	A	1	2	EXACT	-0.249784721387	12	-0.116559785509	1	-0.0310301906786	72	-0.265223438039	1	-0.0760309139589	85	-0.0768890644687	86	-0.0324786900672	68	-0.00640604740906	4	0.0833681422494	6	-0.262927686691	1	-0.397374697575	-0.662598135614	-0.398823196964	-0.314006555326	-0.660302384266
M05_L_TO_L_ALL28:G808-E0382	M05_L_TO_L_ALL28	ALL28	L	L	G808-E0382	ch	ol	0	f37v	f37v	G808-P0133	f37v.23	23	2	H	A	1	1	EXACT	-0.334562814003	10	0	0	-0.0610081508282	72	-1.03922435276	1	-0.108499597526	82	-0.118394301183	83	-0.0560982832644	68	-0.144476245749	4	-0.051395000772	6	-0.765269465289	1	-0.395570964831	-1.43479531759	-0.390661097267	-0.446965965603	-1.16084043012
M05_L_TO_L_ALL28:G808-E0383	M05_L_TO_L_ALL28	ALL28	L	L	G808-E0383	ch	ol	0	f38v	f38v	G808-P0135	f38v.1	1	2	H	A	1	3	EXACT	-0.0152813832603	25	0.325913376884	4	-0.0352659151707	72	0	0	-0.0236830939372	101	-0.0216595511648	101	-0.0364010775124	68	-0.0159683192347	4	0.00772210540266	6	0	0	0.275366078453	0.275366078453	0.274230916112	0.283088183856	0.275366078453
M05_L_TO_L_ALL28:G808-E0385	M05_L_TO_L_ALL28	ALL28	L	L	G808-E0385	ch	ol	0	f38v	f38v	G808-P0135	f38v.5	5	3	H	A	1	2	EXACT	-0.0152813832603	25	0	0	-0.0681187067357	72	0.277546807935	1	-0.0615861925491	97	-0.0566714366249	98	-0.0611883103565	68	-0.185935609055	4	0.0477753387715	6	0.477657664427	1	-0.083400089996	0.194146717939	-0.0764696936167	-0.0356247512245	0.394257574431
M05_L_TO_L_ALL28:G808-E0390	M05_L_TO_L_ALL28	ALL28	L	L	G808-E0390	ch	eol	1	f39r	f39r	G808-P0138	f39r.11	11	10	H	B	2	3	EXACT	-0.0950277959607	20	-0.151435953269	3	-0.00145091712451	72	-0.254128077773	2	-0.0356801267359	95	-0.0393097267877	97	0.00668309918376	68	-0.139729362943	4	-0.00938037854621	6	-0.202622240332	2	-0.247914666354	-0.502042744128	-0.239780650046	-0.2572950449	-0.450536906686
M05_L_TO_L_ALL28:G808-E0392	M05_L_TO_L_ALL28	ALL28	L	L	G808-E0392	ch	ol	0	f39v	f39v	G808-P0139	f39v.2	2	4	H	B	2	3	EXACT	-0.0370181857602	34	-0.0926993810355	5	-0.00591352512231	72	0	0	-0.023811553587	111	-0.0218382744838	111	-0.00896034899109	68	0.0458821904628	4	0.0102683066236	6	0	0	-0.135631091918	-0.135631091918	-0.138677915787	-0.125362785294	-0.135631091918
M05_L_TO_L_ALL28:G808-E0013	M05_L_TO_L_ALL28	ALL28	L	L	G808-E0013	ch	ol	0	f3r	f3r	G808-P0005	f3r.1	1	3	H	A	1	2	EXACT	-0.188009960539	15	0	0	-0.0292383956453	72	0	0	-0.0692216477628	87	-0.0671669799861	87	-0.0187252279361	68	-0.207962447157	4	0.0304607575773	6	0	0	-0.217248356184	-0.217248356184	-0.206735188475	-0.186787598607	-0.217248356184
M05_L_TO_L_ALL28:G808-E0015	M05_L_TO_L_ALL28	ALL28	L	L	G808-E0015	ch	ol	0	f3r	f3r	G808-P0005	f3r.3	3	3	H	A	1	2	EXACT	-0.188009960539	15	0	0	-0.0605810453887	72	-0.597430215382	2	-0.095160392378	87	-0.10566796156	89	-0.0519115629585	68	-0.207962447157	4	-0.0709364518888	6	-0.46500822801	2	-0.248591005927	-0.84602122131	-0.239921523497	-0.319527457816	-0.713599233937
M05_L_TO_L_ALL28:G808-E0019	M05_L_TO_L_ALL28	ALL28	L	L	G808-E0019	ch	ol	0	f3r	f3r	G808-P0005	f3r.8	8	3	H	A	1	2	EXACT	-0.188009960539	15	0	0	-0.0592918588829	72	-0.162926428084	2	-0.0940934794077	87	-0.09486089411	89	-0.0505465419523	68	-0.207962447157	4	0.0663671008005	6	-0.174575460335	2	-0.247301819422	-0.410228247506	-0.238556502491	-0.180934718621	-0.421877279757
M05_L_TO_L_ALL28:G808-E0026	M05_L_TO_L_ALL28	ALL28	L	L	G808-E0026	ch	ol	0	f3v	f3v	G808-P0009	f3v.3	3	2	H	A	1	2	EXACT	-0.162791837317	22	0	0	-0.0354235588105	69	0	0	-0.0741392694652	91	-0.0721352206318	91	-0.0362653004041	65	-0.0217418078445	4	-0.0860170755724	6	0	0	-0.198215396127	-0.198215396127	-0.199057137721	-0.2842324717	-0.198215396127
M05_L_TO_L_ALL28:G808-E0030	M05_L_TO_L_ALL28	ALL28	L	L	G808-E0030	ch	ol	0	f3v	f3v	G808-P0010	f3v.10	10	5	H	A	1	2	EXACT	-0.418584416115	20	-0.417358673724	1	-0.026725235616	72	0	0	-0.124629517711	93	-0.122625468878	93	-0.0337852621808	68	0.0932922079697	4	0.0566226152726	6	0	0	-0.862668325456	-0.862668325456	-0.869728352021	-0.806045710183	-0.862668325456
M05_L_TO_L_ALL28:G808-E0422	M05_L_TO_L_ALL28	ALL28	L	L	G808-E0422	ch	ol	0	f42r	f42r	G808-P0149	f42r.10	10	7	H	A	1	2	EXACT	-0.299794406557	27	0	0	-0.0601889059767	72	0	0	-0.131817214387	99	-0.129683898539	99	-0.0673284241385	68	0.0611827012611	4	-0.0655725752059	6	0.0434390824838	1	-0.359983312534	-0.359983312534	-0.367122830696	-0.42555588774	-0.31654423005
M05_L_TO_L_ALL28:G808-E0423	M05_L_TO_L_ALL28	ALL28	L	L	G808-E0423	ch	ol	0	f42r	f42r	G808-P0149	f42r.12	12	2	H	A	1	2	EXACT	-0.299794406557	27	0.228518975104	3	-0.0370851716414	72	0	0	-0.105592738093	102	-0.103459422244	102	-0.0384078227303	68	-0.0146003046432	4	0.0343965713148	6	0	0	-0.108360603095	-0.108360603095	-0.109683254184	-0.0739640317802	-0.108360603095
M05_L_TO_L_ALL28:G808-E0429	M05_L_TO_L_ALL28	ALL28	L	L	G808-E0429	ch	ol	0	f42v	f42v	G808-P0151	f42v.1	1	6	H	A	1	3	EXACT	-0.243006345596	25	0	0	-0.032447198977	72	0.0100533416529	2	-0.0938150581124	97	-0.0908231922807	99	-0.0379040959164	68	0.0603198804152	4	0.00427955161936	6	0.00174307561644	2	-0.275453544573	-0.26540020292	-0.280910441512	-0.271173992954	-0.273710468957
M05_L_TO_L_ALL28:G808-E0434	M05_L_TO_L_ALL28	ALL28	L	L	G808-E0434	ch	ol	0	f42v	f42v	G808-P0152	f42v.12	12	2	H	A	1	3	EXACT	-0.113794481767	26	-0.575823112509	2	-0.0420932552083	72	-0.269342220473	1	-0.0783766992275	100	-0.0787964869008	101	-0.0435141584457	68	-0.0179380687501	4	-0.0545746340896	6	-0.330538570445	1	-0.731710849484	-1.00105306996	-0.733131752722	-0.786285483574	-1.06224941993
M05_L_TO_L_ALL28:G808-E0435	M05_L_TO_L_ALL28	ALL28	L	L	G808-E0435	ch	ol	0	f42v	f42v	G808-P0152	f42v.15	15	2	H	A	1	1	EXACT	-0.113794481767	26	0	0	-0.057567603568	72	0	0	-0.0791598138756	98	-0.0771338331506	98	-0.0523223230313	68	-0.14673754127	4	-0.0509957562098	6	0	0	-0.171362085335	-0.171362085335	-0.166116804798	-0.222357841545	-0.171362085335
M05_L_TO_L_ALL28:G808-E0461	M05_L_TO_L_ALL28	ALL28	L	L	G808-E0461	ch	eol	1	f44v	f44v	G808-P0162	f44v.2	2	2	H	A	1	2	EXACT	-0.312833291455	8	0.190844865892	2	-0.0388620040019	72	0	0	-0.0752493544986	82	-0.0732619524335	82	-0.0397385660663	68	-0.0239607210856	4	-0.101039553481	6	0	0	-0.160850429565	-0.160850429565	-0.16172699163	-0.261889983046	-0.160850429565
M05_L_TO_L_ALL28:G808-E0470	M05_L_TO_L_ALL28	ALL28	L	L	G808-E0470	ch	eol	1	f44v	f44v	G808-P0163	f44v.7	7	5	H	A	1	2	EXACT	-0.372258607406	18	0	0	-0.0438634542635	72	0	0	-0.119438289356	90	-0.11745088729	90	-0.0516989322627	68	0.0893393995446	4	-0.012818875538	6	-0.485191875419	1	-0.41612206167	-0.41612206167	-0.423957539669	-0.428940937208	-0.901313937089
M05_L_TO_L_ALL28:G808-E0478	M05_L_TO_L_ALL28	ALL28	L	L	G808-E0478	ch	eol	1	f45r	f45r	G808-P0167	f45r.10	10	8	H	A	1	3	EXACT	-0.315026564876	14	0	0	-0.0274483650504	72	0	0	-0.0864061155461	86	-0.0844690074281	86	-0.0222501844965	68	-0.115817646162	4	-0.0658105672763	6	0	0	-0.342474929927	-0.342474929927	-0.337276749373	-0.408285497203	-0.342474929927
M05_L_TO_L_ALL28:G808-E0481	M05_L_TO_L_ALL28	ALL28	L	L	G808-E0481	ch	ol	0	f45v	f45v	G808-P0169	f45v.9	9	3	H	A	1	2	EXACT	-0.258358849785	21	0	0	-0.021203169786	72	0	0	-0.0837515418088	93	-0.0817475316115	93	-0.0115168900999	68	-0.185870108692	4	0.0464296345502	6	0	0	-0.279562019571	-0.279562019571	-0.269875739885	-0.233132385021	-0.279562019571
M05_L_TO_L_ALL28:G808-E0484	M05_L_TO_L_ALL28	ALL28	L	L	G808-E0484	ch	ol	0	f46r	f46r	G808-P0170	f46r.4	4	2	H	B	2	3	EXACT	-0.0227900719844	24	0	0	-0.00601595400238	71	-0.0863954869297	1	-0.0179282329013	95	-0.0171698024002	96	-0.00550347548322	67	-0.0145998907578	4	0.0653978172062	6	-0.086932590064	1	-0.0288060259868	-0.115201512916	-0.0282935474676	0.0365917912194	-0.115738616051
M05_L_TO_L_ALL28:G808-E0494	M05_L_TO_L_ALL28	ALL28	L	L	G808-E0494	ch	ol	0	f46r	f46r	G808-P0173	f46r.13	13	5	H	B	2	3	EXACT	-0.0119036382753	16	-0.124801491502	2	-0.0564287611798	72	-0.586093456686	1	-0.0620101300098	90	-0.066330245849	91	-0.0532735870898	68	-0.110066437884	4	-0.0411577557917	6	-0.62327810335	1	-0.193133890957	-0.779227347642	-0.189978716867	-0.234291646748	-0.816411994307
M05_L_TO_L_ALL28:G808-E0495	M05_L_TO_L_ALL28	ALL28	L	L	G808-E0495	ch	eol	1	f46r	f46r	G808-P0174	f46r.14	14	4	H	B	2	3	EXACT	0.302906271951	2	0	0	0.0118360845897	70	0.431476884618	1	-0.000722853281995	72	0.00648244609648	73	0.0173736132107	66	-0.0795332636014	4	0.0287120630965	6	0.116758778013	2	0.314742356541	0.746219241159	0.320279885162	0.343454419637	0.431501134554
M05_L_TO_L_ALL28:G808-E0506	M05_L_TO_L_ALL28	ALL28	L	L	G808-E0506	ch	ol	0	f47r	f47r	G808-P0176	f47r.2	2	2	H	A	1	2	EXACT	-0.1843206095	6	0.350688736967	1	-0.0455924054359	72	0	0	-0.068555135052	79	-0.0665929552022	79	-0.0472149841975	68	-0.0180087350662	4	-0.0517997485386	6	0	0	0.120775722032	0.120775722032	0.11915314327	0.0689759734932	0.120775722032
M05_L_TO_L_ALL28:G808-E0507	M05_L_TO_L_ALL28	ALL28	L	L	G808-E0507	ch	ol	0	f47r	f47r	G808-P0176	f47r.4	4	4	H	A	1	2	EXACT	-0.1843206095	6	0	0	-0.0307141356631	72	-1.09713325673	1	-0.059917856403	78	-0.071769894032	79	-0.0385113286825	68	0.101837977089	4	-0.0647714808901	6	-0.818649994753	1	-0.215034745163	-1.31216800189	-0.222831938182	-0.279806226053	-1.03368473992
M05_L_TO_L_ALL28:G808-E0508	M05_L_TO_L_ALL28	ALL28	L	L	G808-E0508	ch	ol	0	f47r	f47r	G808-P0177	f47r.6	6	4	H	A	1	2	EXACT	-0.222174232761	15	0.0559165037378	1	-0.0498136063716	72	0.0530197197829	2	-0.0900847567548	88	-0.0861448725484	90	-0.0478628533867	68	-0.0829765756941	4	-0.101321022698	6	0.167400315373	2	-0.216071335395	-0.163051615612	-0.21412058241	-0.317392358092	-0.0486710200215
M05_L_TO_L_ALL28:G808-E0509	M05_L_TO_L_ALL28	ALL28	L	L	G808-E0509	ch	ol	0	f47r	f47r	G808-P0177	f47r.9	9	5	H	A	1	3	EXACT	-0.222174232761	15	0	0	-0.0419780502289	72	-1.09713325673	1	-0.0850287226768	87	-0.095182591856	88	-0.0508464158358	68	0.108783996511	4	0.0303443126049	6	-0.818649994753	1	-0.26415228299	-1.36128553972	-0.273020648597	-0.233807970385	-1.08280227774
M05_L_TO_L_ALL28:G808-E0516	M05_L_TO_L_ALL28	ALL28	L	L	G808-E0516	ch	ol	0	f47v	f47v	G808-P0178	f47v.6	6	5	H	A	1	2	EXACT	-0.186085256808	21	0	0	-0.0723007112581	72	0	0	-0.106839793263	93	-0.104880610007	93	-0.0664636127449	68	-0.171531622781	4	-0.0798615399158	6	0.0455394222534	1	-0.258385968066	-0.258385968066	-0.252548869553	-0.338247507982	-0.212846545813
M05_L_TO_L_ALL28:G808-E0517	M05_L_TO_L_ALL28	ALL28	L	L	G808-E0517	ch	ol	0	f47v	f47v	G808-P0179	f47v.10	10	7	H	A	1	3	EXACT	-0.141002873712	16	0	0	-0.0474946490023	71	-0.125463806408	1	-0.0758814661021	87	-0.0751022576622	88	-0.0540867937705	67	0.0629237101525	4	0.05901258771	6	-0.305005869154	2	-0.188497522714	-0.313961329123	-0.195089667483	-0.129484935004	-0.493503391869
M05_L_TO_L_ALL28:G808-E0518	M05_L_TO_L_ALL28	ALL28	L	L	G808-E0518	ch	ol	0	f47v	f47v	G808-P0179	f47v.14	14	1	H	A	1	1	EXACT	-0.141002873712	16	0	0	-0.0339335878634	72	0	0	-0.0647075553132	88	-0.0627483720565	88	-0.0409938900296	68	0.0860913121618	4	0.13995285858	6	-0.156068439912	1	-0.174936461576	-0.174936461576	-0.181996763742	-0.0349836029956	-0.331004901487
M05_L_TO_L_ALL28:G808-E0544	M05_L_TO_L_ALL28	ALL28	L	L	G808-E0544	ch	ol	0	f49r	f49r	G808-P0185	f49r.15	15	2	H	A	1	2	EXACT	-0.148718870423	24	-0.113230667086	1	-0.0469715056925	72	0	0	-0.0803308857697	97	-0.0783338370449	97	-0.0495688860102	68	-0.00281629343255	4	-0.0527350526183	6	0	0	-0.308921043201	-0.308921043201	-0.311518423519	-0.361656095819	-0.308921043201
M05_L_TO_L_ALL28:G808-E0545	M05_L_TO_L_ALL28	ALL28	L	L	G808-E0545	ch	eol	1	f49r	f49r	G808-P0185	f49r.18	18	2	H	A	1	2	EXACT	-0.148718870423	24	0	0	-0.0866211676453	72	0	0	-0.109501593161	96	-0.107504544436	96	-0.0909700223715	68	-0.0126908904413	4	0.0367719581546	6	0	0	-0.235340038068	-0.235340038068	-0.239688892794	-0.198568079913	-0.235340038068
M05_L_TO_L_ALL28:G808-E0553	M05_L_TO_L_ALL28	ALL28	L	L	G808-E0553	ch	ol	0	f49v	f49v	G808-P0186	f49v.26	26	6	H	A	1	2	EXACT	-0.227290908807	29	0	0	-0.0549756971745	72	-1.09442230638	1	-0.109617404817	101	-0.117724401773	102	-0.061964699705	68	0.0638386888735	4	-0.00663165356179	6	-0.417029694565	2	-0.282266605982	-1.37668891236	-0.289255608512	-0.288898259544	-0.699296300547
M05_L_TO_L_ALL28:G808-E0556	M05_L_TO_L_ALL28	ALL28	L	L	G808-E0556	ch	ol	0	f49v	f49v	G808-P0187	f49v.30	30	3	H	A	1	2	EXACT	-0.349942214159	7	0	0	-0.0535703500191	72	0	0	-0.0955238194105	79	-0.0934027608264	79	-0.0473751142176	68	-0.158888015613	4	-0.111208173784	6	0	0	-0.403512564178	-0.403512564178	-0.397317328377	-0.514720737962	-0.403512564178
M05_L_TO_L_ALL28:G808-E0559	M05_L_TO_L_ALL28	ALL28	L	L	G808-E0559	ch	ol	0	f49v	f49v	G808-P0188	f49v.40	40	4	H	A	1	2	EXACT	-0.224562200072	25	0	0	-0.0610927239943	72	0.192024367531	2	-0.109948009841	97	-0.102907443906	99	-0.0610254519945	68	-0.0622350049618	4	0.0547763344608	6	0.133826547714	3	-0.285654924066	-0.0936305565352	-0.285587652067	-0.230878589606	-0.151828376353
M05_L_TO_L_ALL28:G808-E0561	M05_L_TO_L_ALL28	ALL28	L	L	G808-E0561	ch	ol	0	f49v	f49v	G808-P0188	f49v.50	50	1	H	A	1	2	EXACT	-0.224562200072	25	0	0	-0.0364689658715	72	-0.00968180551262	1	-0.0916705811309	97	-0.0893093999744	98	-0.0447567216819	68	0.104424225936	4	0.0789899979738	6	-0.029345811626	1	-0.261031165944	-0.270712971456	-0.269318921754	-0.18204116797	-0.29037697757
M05_L_TO_L_ALL28:G808-E0033	M05_L_TO_L_ALL28	ALL28	L	L	G808-E0033	ch	ol	0	f4r	f4r	G808-P0011	f4r.3	3	2	H	A	1	2	EXACT	-0.335671975017	15	-0.176089602369	2	-0.037920575625	72	0.202935581628	1	-0.103345497446	89	-0.0985597274178	90	-0.0392466100756	68	-0.0153781721396	4	-0.154534173815	6	0.0947138503894	1	-0.549682153011	-0.346746571383	-0.551008187462	-0.704216326826	-0.454968302622
M05_L_TO_L_ALL28:G808-E0036	M05_L_TO_L_ALL28	ALL28	L	L	G808-E0036	ch	ol	0	f4v	f4v	G808-P0014	f4v.10	10	4	H	A	1	1	EXACT	-0.075777545035	19	0	0	-0.0488533551828	72	0	0	-0.0643723751036	91	-0.0623570724962	91	-0.0586194902752	68	0.117170800463	4	-0.0427335633449	6	0	0	-0.124630900218	-0.124630900218	-0.13439703531	-0.167364463563	-0.124630900218
M05_L_TO_L_ALL28:G808-E0587	M05_L_TO_L_ALL28	ALL28	L	L	G808-E0587	ch	eol	1	f51v	f51v	G808-P0192	f51v.13	13	2	H	A	1	1	EXACT	-0.0597050932759	39	0	0	-0.0322227938128	72	0.34114715573	1	-0.0438506146473	111	-0.0388881876731	112	-0.0255800688814	68	-0.145149685596	4	-0.0596543182694	6	0.538115400536	1	-0.0919278870887	0.249219268641	-0.0852851621573	-0.151582205358	0.446187513448
M05_L_TO_L_ALL28:G808-E0592	M05_L_TO_L_ALL28	ALL28	L	L	G808-E0592	ch	ol	0	f52v	f52v	G808-P0194	f52v.2	2	2	H	A	1	3	EXACT	-0.246764916334	11	0.220523942937	3	-0.032219575639	72	0	0	-0.0647345915365	86	-0.0627336297841	86	-0.0318690611282	68	-0.0381785795283	4	0.100039261033	6	0	0	-0.058460549036	-0.058460549036	-0.0581100345252	0.0415787119968	-0.058460549036
M05_L_TO_L_ALL28:G808-E0596	M05_L_TO_L_ALL28	ALL28	L	L	G808-E0596	ch	eol	1	f52v	f52v	G808-P0194	f52v.4	4	5	H	A	1	2	EXACT	-0.246764916334	11	-0.00250071471224	1	-0.0164680732341	72	0	0	-0.0601615721166	84	-0.0581606103642	84	-0.0237391019551	68	0.107139157816	4	-0.128421894983	6	0	0	-0.26573370428	-0.26573370428	-0.273004733001	-0.394155599264	-0.26573370428
M05_L_TO_L_ALL28:G808-E0599	M05_L_TO_L_ALL28	ALL28	L	L	G808-E0599	ch	ol	0	f52v	f52v	G808-P0195	f52v.9	9	3	H	A	1	2	EXACT	-0.180140301053	17	0	0	-0.0508298052179	72	-0.516144609777	2	-0.0859623730748	89	-0.0946236022245	91	-0.041696034144	68	-0.206104170679	4	0.0020498457447	6	-0.76942402943	2	-0.230970106271	-0.747114716048	-0.221836335197	-0.228920260526	-1.0003941357
M05_L_TO_L_ALL28:G808-E0600	M05_L_TO_L_ALL28	ALL28	L	L	G808-E0600	ch	ol	0	f52v	f52v	G808-P0195	f52v.10	10	3	H	A	1	2	EXACT	-0.180140301053	17	-0.24545143488	1	-0.0459335539244	72	0	0	-0.0840595126418	90	-0.0820585508894	90	-0.0369522752456	68	-0.19861554867	4	0.0969832225301	6	0.0135082581876	1	-0.471525289858	-0.471525289858	-0.462544011179	-0.374542067327	-0.45801703167
M05_L_TO_L_ALL28:G808-E0604	M05_L_TO_L_ALL28	ALL28	L	L	G808-E0604	ch	ol	0	f53r	f53r	G808-P0196	f53r.9	9	2	H	A	1	2	EXACT	-0.214567609379	31	-0.597360529531	1	-0.0418555174701	72	0	0	-0.103560222888	104	-0.101531767657	104	-0.0434426796213	68	-0.0148739247716	4	-0.155811802272	6	0	0	-0.85378365638	-0.85378365638	-0.855370818531	-1.00959545865	-0.85378365638
M05_L_TO_L_ALL28:G808-E0606	M05_L_TO_L_ALL28	ALL28	L	L	G808-E0606	ch	ol	0	f53v	f53v	G808-P0197	f53v.3	3	3	H	A	1	2	EXACT	-0.169430457461	30	0.00432777412391	2	-0.0333357538585	72	0	0	-0.0773231299034	104	-0.0753063513676	104	-0.0243454035101	68	-0.186172022959	4	0.0341394819549	6	0	0	-0.198438437195	-0.198438437195	-0.189448086847	-0.16429895524	-0.198438437195
M05_L_TO_L_ALL28:G808-E0611	M05_L_TO_L_ALL28	ALL28	L	L	G808-E0611	ch	ol	0	f53v	f53v	G808-P0197	f53v.6	6	3	H	A	1	2	EXACT	-0.169430457461	30	0	0	-0.0186510221752	72	0	0	-0.0681126485602	102	-0.0660958700243	102	-0.00697889599836	68	-0.217077480357	4	0.0186618914232	6	0	0	-0.188081479636	-0.188081479636	-0.176409353459	-0.169419588213	-0.188081479636
M05_L_TO_L_ALL28:G808-E0614	M05_L_TO_L_ALL28	ALL28	L	L	G808-E0614	ch	eol	1	f54v	f54v	G808-P0198	f54v.6	6	2	H	A	1	2	EXACT	-0.113777533686	39	0	0	-0.016970284332	72	-0.0832797955955	1	-0.0528521181462	111	-0.0515656366342	112	-0.0177876429216	68	-0.00307541410928	4	-0.0380303010182	6	-0.0805819646586	1	-0.130747818018	-0.214027613614	-0.131565176608	-0.168778119036	-0.211329782677
M05_L_TO_L_ALL28:G808-E0618	M05_L_TO_L_ALL28	ALL28	L	L	G808-E0618	ch	ol	0	f54v	f54v	G808-P0198	f54v.12	12	2	H	A	1	1	EXACT	-0.113777533686	39	0	0	-0.00880731534756	72	-0.0556184628484	1	-0.0475572193455	111	-0.0460710375304	112	0.00113100090238	68	-0.177758917398	4	-0.144526173772	6	0.0234953947163	1	-0.122584849034	-0.178203311882	-0.112646532784	-0.267111022805	-0.0990894543173
M05_L_TO_L_ALL28:G808-E0620	M05_L_TO_L_ALL28	ALL28	L	L	G808-E0620	ch	ol	0	f54v	f54v	G808-P0198	f54v.16	16	2	H	A	1	1	EXACT	-0.113777533686	39	0	0	-0.0170643003375	72	0	0	-0.0529131015012	111	-0.0508463977839	111	-0.00916199833175	68	-0.151403660237	4	0.0461485675606	6	0.470222791877	1	-0.130841834024	-0.130841834024	-0.122939532018	-0.084693266463	0.339380957853
M05_L_TO_L_ALL28:G808-E0621	M05_L_TO_L_ALL28	ALL28	L	L	G808-E0621	ch	ol	0	f55r	f55r	G808-P0199	f55r.3	3	2	H	B	2	3	EXACT	-0.121744971089	25	0.0250899192689	4	0.037021117895	72	0	0	-0.0105268505143	101	-0.00851173494741	101	0.0402041524297	68	-0.0170906330664	4	0.0239900387014	6	-0.0522388708671	1	-0.0596339339248	-0.0596339339248	-0.0564508993901	-0.0356438952234	-0.111872804792
M05_L_TO_L_ALL28:G808-E0622	M05_L_TO_L_ALL28	ALL28	L	L	G808-E0622	ch	ol	0	f55r	f55r	G808-P0199	f55r.5	5	5	H	B	2	3	EXACT	-0.121744971089	25	0.0464960888413	3	0.026281180335	72	-0.0483073303894	1	-0.0177523756104	100	-0.0165900225277	101	0.0343538886602	68	-0.110955025064	4	0.0281639019698	6	0.100782328534	1	-0.0489677019125	-0.0972750323019	-0.0408949935873	-0.0208037999427	0.0518146266217
M05_L_TO_L_ALL28:G808-E0629	M05_L_TO_L_ALL28	ALL28	L	L	G808-E0629	ch	ol	0	f56r	f56r	G808-P0204	f56r.15	15	3	H	A	1	1	EXACT	-0.232278626004	28	0	0	-0.0503636140503	72	-0.414365879017	1	-0.107165264312	100	-0.108758930454	101	-0.053709820801	68	0.00652173213449	4	-0.0406100235322	6	-0.211060796647	2	-0.282642240054	-0.697008119071	-0.285988446805	-0.323252263587	-0.493703036702
M05_L_TO_L_ALL28:G808-E0643	M05_L_TO_L_ALL28	ALL28	L	L	G808-E0643	ch	ol	0	f58r	f58r	G808-P0208	f58r.22	22	3	S	A	3	3	EXACT	0.00824163502939	38	0	0	0.0429575609923	71	0	0	0.0290672097471	109	0.0310921580489	109	0.0486696676473	67	-0.0527205147411	4	-0.075563097752	6	0	0	0.0511991960217	0.0511991960217	0.0569113026767	-0.0243639017303	0.0511991960217
M05_L_TO_L_ALL28:G808-E0644	M05_L_TO_L_ALL28	ALL28	L	L	G808-E0644	ch	eol	1	f58r	f58r	G808-P0209	f58r.30	30	8	S	A	3	3	EXACT	-0.00617490869502	48	-0.119974274339	1	0.0514962702712	71	0	0	0.0281022673896	120	0.0301272156915	120	0.051034563591	67	0.059229567903	4	0.0230244889734	6	0.058610000781	2	-0.0746529127628	-0.0746529127628	-0.075114619443	-0.0516284237894	-0.0160429119818
M05_L_TO_L_ALL28:G808-E0653	M05_L_TO_L_ALL28	ALL28	L	L	G808-E0653	ch	eol	1	f58v	f58v	G808-P0210	f58v.17	17	8	S	A	3	3	EXACT	-0.00644452258806	85	-0.219121913157	1	0.0475588382469	71	0	0	0.0256495820612	157	0.0276360786736	157	0.0466630877023	67	0.0625626139981	4	-0.0348365635094	6	-0.0474071536417	1	-0.178007597499	-0.178007597499	-0.178903348043	-0.212844161008	-0.22541475114
M05_L_TO_L_ALL28:G808-E0654	M05_L_TO_L_ALL28	ALL28	L	L	G808-E0654	ch	eol	1	f58v	f58v	G808-P0210	f58v.19	19	6	S	A	3	3	EXACT	-0.00644452258806	85	0.142426876735	1	0.0328159044282	71	-0.354512447923	2	0.0212852539642	157	0.0178534028011	159	0.0284006138232	67	0.106771976192	4	0.0196694269019	6	-0.370098239591	2	0.168798258576	-0.185714189348	0.164382967971	0.188467685477	-0.201299981015
M05_L_TO_L_ALL28:G808-E0655	M05_L_TO_L_ALL28	ALL28	L	L	G808-E0655	ch	ol	0	f58v	f58v	G808-P0210	f58v.20	20	6	S	A	3	3	EXACT	-0.00644452258806	85	0.00991555147389	1	0.0440029317296	71	0.174540600831	3	0.0255003343027	157	0.02925081817	160	0.0410877524519	67	0.0928321387619	4	-0.0783374979453	6	0.1278609213	3	0.0474739606155	0.222014561447	0.0445587813377	-0.0308635373298	0.175334881916
M05_L_TO_L_ALL28:G808-E0042	M05_L_TO_L_ALL28	ALL28	L	L	G808-E0042	ch	ol	0	f5v	f5v	G808-P0017	f5v.2	2	2	H	A	1	2	EXACT	-0.374914399996	18	0	0	-0.0506442705631	72	-0.230748665046	1	-0.125773721864	90	-0.125536375007	91	-0.052700533668	68	-0.0156880597298	4	-0.0197872977405	6	-0.0938864623817	2	-0.425558670559	-0.656307335605	-0.427614933664	-0.4453459683	-0.519445132941
M05_L_TO_L_ALL28:G808-E0045	M05_L_TO_L_ALL28	ALL28	L	L	G808-E0045	ch	ol	0	f5v	f5v	G808-P0017	f5v.5	5	7	H	A	1	2	EXACT	-0.374914399996	18	-0.582351563037	1	-0.0633529134382	72	-0.316424370368	1	-0.141086446311	91	-0.141594829551	92	-0.05998811229	68	-0.120554794908	4	-0.109518390207	6	-0.387122818159	2	-1.02061887647	-1.33704324684	-1.01725407532	-1.13013726668	-1.40774169463
M05_L_TO_L_ALL28:G808-E0047	M05_L_TO_L_ALL28	ALL28	L	L	G808-E0047	ch	ol	0	f5v	f5v	G808-P0017	f5v.6	6	2	H	A	1	1	EXACT	-0.374914399996	18	0	0	-0.0398591011486	72	0	0	-0.117145586333	90	-0.115152427519	90	-0.0333549277706	68	-0.150430310524	4	-0.154172093589	6	0	0	-0.414773501145	-0.414773501145	-0.408269327767	-0.568945594734	-0.414773501145
M05_L_TO_L_ALL28:G808-E0673	M05_L_TO_L_ALL28	ALL28	L	L	G808-E0673	ch	eol	1	f66r	f66r	G808-P0218	f66r.71	71	2	T	B	5	2	EXACT	0.115841590731	46	-0.361940762931	1	0.00568190934473	71	0	0	0.0456201390436	118	0.047752417105	118	0.00597606917436	67	0.000753867575126	4	0.0001281970136	6	0	0	-0.240417262855	-0.240417262855	-0.240123103025	-0.240289065841	-0.240417262855
M05_L_TO_L_ALL28:G808-E0050	M05_L_TO_L_ALL28	ALL28	L	L	G808-E0050	ch	ol	0	f6r	f6r	G808-P0018	f6r.7	7	5	H	A	1	2	EXACT	-0.29654280055	42	0.0663151255958	1	-0.0251192140045	71	0.16646329464	3	-0.125197410487	114	-0.117116874698	117	-0.030234443043	67	0.0605606458894	4	-0.0678561113292	6	0.0909673234201	4	-0.255346888958	-0.0888835943182	-0.260462117997	-0.323203000288	-0.164379565538
M05_L_TO_L_ALL28:G808-E0053	M05_L_TO_L_ALL28	ALL28	L	L	G808-E0053	ch	ol	0	f6v	f6v	G808-P0019	f6v.3	3	3	H	A	1	2	EXACT	-0.243720989747	21	0	0	-0.0426157337856	72	0	0	-0.0970283177757	93	-0.0950389851537	93	-0.0342647026221	68	-0.184583427438	4	0.0360759847015	6	0	0	-0.286336723532	-0.286336723532	-0.277985692369	-0.250260738831	-0.286336723532
M05_L_TO_L_ALL28:G808-E0057	M05_L_TO_L_ALL28	ALL28	L	L	G808-E0057	ch	ol	0	f6v	f6v	G808-P0020	f6v.14	14	2	H	A	1	1	EXACT	-0.137505272978	35	0	0	-0.0347005975579	72	0	0	-0.0715230564844	107	-0.0695337238624	107	-0.0267818588488	68	-0.169319319483	4	-0.089099288089	6	0	0	-0.172205870536	-0.172205870536	-0.164287131827	-0.261305158625	-0.172205870536
M05_L_TO_L_ALL28:G808-E0771	M05_L_TO_L_ALL28	ALL28	L	L	G808-E0771	ch	ol	0	f76r	f76r	G808-P0232	f76r.43	43	6	T	B	2	3	EXACT	0.110948590008	16	0.0402599378218	2	0.0171500745589	72	-0.333953050288	1	0.0225600270493	90	0.0200508248571	91	0.0127090866101	68	0.0926468767011	4	0.00260256261849	6	-0.373635888859	1	0.168358602388	-0.1655944479	0.16391761444	0.170961165007	-0.205277286471
M05_L_TO_L_ALL28:G808-E0801	M05_L_TO_L_ALL28	ALL28	L	L	G808-E0801	ch	ol	0	f76v	f76v	G808-P0237	f76v.18	18	6	B	B	2	2	EXACT	0.290539099045	25	0	0	0.0245156186919	72	-0.702187681043	1	0.0856423978798	97	0.0790859185001	98	0.0198015291404	68	0.104654940074	4	-0.171192989638	6	-0.80035738264	1	0.315054717737	-0.387132963306	0.310340628186	0.143861728099	-0.485302664903
M05_L_TO_L_ALL28:G808-E0821	M05_L_TO_L_ALL28	ALL28	L	L	G808-E0821	ch	eol	1	f76v	f76v	G808-P0239	f76v.36	36	2	B	B	2	2	EXACT	0.657967920293	4	0	0	0.0120487571045	72	0.277027710708	1	0.0261438851311	76	0.030726551784	77	0.0139484333783	68	-0.0202459405424	4	-0.0446861724039	6	0.476866163579	1	0.670016677397	0.947044388105	0.671916353671	0.625330504993	1.14688284098
M05_L_TO_L_ALL28:G808-E0831	M05_L_TO_L_ALL28	ALL28	L	L	G808-E0831	ch	ol	0	f77r	f77r	G808-P0241	f77r.11	11	4	B	B	2	2	EXACT	0.24759359659	47	0.0108992303956	3	0.0210354911215	72	-0.0946469318053	1	0.108232184019	122	0.108134106369	123	0.0270155282269	68	-0.0806253851757	4	-0.0428637195882	6	-0.107737815903	1	0.279528318107	0.184881386302	0.285508355212	0.236664598519	0.171790502204
M05_L_TO_L_ALL28:G808-E0847	M05_L_TO_L_ALL28	ALL28	L	L	G808-E0847	ch	eol	1	f77r	f77r	G808-P0242	f77r.32	32	3	B	B	2	3	EXACT	0.341783688034	22	-0.327701044618	1	0.00977688580086	72	-0.269445837013	1	0.0746795068586	95	0.0725210832525	96	0.0211155652838	68	-0.182980910914	4	0.04674512672	6	-0.327437571428	1	0.0238595292169	-0.245586307796	0.0351982086998	0.0706046559369	-0.303578042211
M05_L_TO_L_ALL28:G808-E0856	M05_L_TO_L_ALL28	ALL28	L	L	G808-E0856	ch	eol	1	f77r	f77r	G808-P0243	f77r.46	46	4	B	B	2	3	EXACT	0.157469240565	46	-0.478405571412	2	0.00619694949843	72	0	0	0.0561726406602	120	0.0581688957407	120	0.0113041312143	68	-0.0806253851757	4	0.0859746615442	6	0	0	-0.314739381349	-0.314739381349	-0.309632199633	-0.228764719805	-0.314739381349
M05_L_TO_L_ALL28:G808-E0971	M05_L_TO_L_ALL28	ALL28	L	L	G808-E0971	ch	ol	0	f79r	f79r	G808-P0253	f79r.19	19	3	B	B	2	3	EXACT	0.0988505141167	30	0.00658522879733	3	0.0237706118455	72	-0.247064252283	1	0.038661280213	105	0.0375137625842	106	0.0286942483942	68	-0.0599313965998	4	0.0378176415335	6	-0.24203721868	1	0.12920635476	-0.117857897524	0.134129991308	0.167023996293	-0.11283086392
M05_L_TO_L_ALL28:G808-E0989	M05_L_TO_L_ALL28	ALL28	L	L	G808-E0989	ch	eol	1	f79r	f79r	G808-P0258	f79r.43	43	4	B	B	2	3	EXACT	-0.142311795083	10	-0.245835983848	3	0.023686707847	72	-0.434276366681	2	-0.0219281254118	85	-0.0306469767698	87	0.0290054456812	68	-0.0667320224503	4	0.0524387929535	6	-0.300151434114	3	-0.364461071084	-0.798737437765	-0.35914233325	-0.312022278131	-0.664612505198
M05_L_TO_L_ALL28:G808-E0996	M05_L_TO_L_ALL28	ALL28	L	L	G808-E0996	ch	ol	0	f79v	f79v	G808-P0261	f79v.17	17	3	B	B	2	3	EXACT	0.170045600005	43	0.516979851036	1	0.0112524604509	72	-0.109106210003	3	0.0737811821768	116	0.0698118825028	119	0.0157166730688	68	-0.0646393362035	4	-0.0738570215214	6	-0.0857306522163	3	0.698277911491	0.589171701488	0.702742124109	0.62442088997	0.612547259275
M05_L_TO_L_ALL28:G808-E0062	M05_L_TO_L_ALL28	ALL28	L	L	G808-E0062	ch	ol	0	f7r	f7r	G808-P0022	f7r.7	7	3	H	A	1	2	EXACT	-0.278853007626	13	0	0	-0.0395350513763	72	0.037623956759	1	-0.0891072048189	85	-0.0862873769116	86	-0.0310531886609	68	-0.18372690921	4	-0.159112694489	6	0.0403983980421	1	-0.318388059002	-0.280764102243	-0.309906196287	-0.477500753491	-0.27798966096
M05_L_TO_L_ALL28:G808-E0066	M05_L_TO_L_ALL28	ALL28	L	L	G808-E0066	ch	ol	0	f7r	f7r	G808-P0022	f7r.9	9	4	H	A	1	3	EXACT	-0.278853007626	13	0	0	-0.0235657242688	72	0.135062551698	1	-0.0755802453867	85	-0.0717847007875	86	-0.0204505893702	68	-0.0765232092172	4	0.0395122023963	6	0.153955630892	2	-0.302418731895	-0.167356180197	-0.299303596996	-0.262906529498	-0.148463101003
M05_L_TO_L_ALL28:G808-E1025	M05_L_TO_L_ALL28	ALL28	L	L	G808-E1025	ch	eol	1	f80r	f80r	G808-P0270	f80r.53	53	5	B	B	2	2	EXACT	0.130360385577	30	0	0	0.019926771102	72	0	0	0.0473349297968	102	0.0479854344549	102	0.0203234860387	68	0.013197982537	4	-0.00813023046241	6	-0.186700284674	1	0.150287156679	0.150287156679	0.150683871616	0.142156926217	-0.0364131279946
M05_L_TO_L_ALL28:G808-E1045	M05_L_TO_L_ALL28	ALL28	L	L	G808-E1045	ch	eol	1	f80v	f80v	G808-P0273	f80v.16	16	1	B	B	2	3	EXACT	0.126045956545	16	-0.165046882656	4	0.0445626660816	72	0	0	0.0360928541801	92	0.038054380411	92	0.0418098180348	68	0.0913607696448	4	0.0315935113847	6	0	0	0.00556173997125	0.00556173997125	0.00280889192448	0.037155251356	0.00556173997125
M05_L_TO_L_ALL28:G808-E1064	M05_L_TO_L_ALL28	ALL28	L	L	G808-E1064	ch	eol	1	f81r	f81r	G808-P0279	f81r.5	5	2	B	B	2	3	EXACT	0.245127543415	25	0.444522325608	3	0.0081899786115	72	-0.0176849961169	2	0.0726280212731	100	0.071838499649	102	0.00892489730667	68	-0.00430491302501	4	0.0262343123942	6	0.00203504794949	2	0.697839847634	0.680154851517	0.698574766329	0.724074160028	0.699874895584
M05_L_TO_L_ALL28:G808-E1065	M05_L_TO_L_ALL28	ALL28	L	L	G808-E1065	ch	ol	0	f81r	f81r	G808-P0279	f81r.10	10	1	B	B	2	2	EXACT	0.245127543415	25	-0.326612557141	1	0.0200379794936	72	0.257573054639	1	0.0663768571957	98	0.0698430318903	99	0.0154160074237	68	0.0986102308632	4	0.0627221547712	6	0.0474425021287	1	-0.0614470342328	0.196126020407	-0.0660690063027	0.0012751205384	-0.014004532104
M05_L_TO_L_ALL28:G808-E1077	M05_L_TO_L_ALL28	ALL28	L	L	G808-E1077	ch	eol	1	f81r	f81r	G808-P0280	f81r.24	24	4	B	B	2	2	EXACT	0.250402797396	33	0	0	0.0337958213457	72	0	0	0.0978621565599	105	0.0999852332841	105	0.0404461511978	68	-0.0792610599588	4	0.0975039948897	6	0	0	0.284198618741	0.284198618741	0.290848948594	0.381702613631	0.284198618741
M05_L_TO_L_ALL28:G808-E1121	M05_L_TO_L_ALL28	ALL28	L	L	G808-E1121	ch	eol	1	f82r	f82r	G808-P0285	f82r.30	30	3	B	B	2	2	EXACT	0.226315030938	46	0.0526830948065	1	0.0123017871057	72	0	0	0.0955549590267	119	0.0976461303494	119	0.0163677944068	68	-0.0568204660598	4	-0.0192856969804	6	0	0	0.291299912851	0.291299912851	0.295365920152	0.27201421587	0.291299912851
M05_L_TO_L_ALL28:G808-E1123	M05_L_TO_L_ALL28	ALL28	L	L	G808-E1123	ch	eol	1	f82r	f82r	G808-P0285	f82r.31	31	1	B	B	2	3	EXACT	0.226315030938	46	0.219368624077	2	0.0309556565886	72	-0.265794726188	1	0.108984497016	120	0.107497999058	121	0.0278246852962	68	0.0841820395146	4	-0.0045835963892	6	-0.325035163406	1	0.476639311604	0.210844585416	0.473508340311	0.472055715215	0.151604148198
M05_L_TO_L_ALL28:G808-E1124	M05_L_TO_L_ALL28	ALL28	L	L	G808-E1124	ch	eol	1	f82r	f82r	G808-P0285	f82r.33	33	3	B	B	2	2	EXACT	0.226315030938	46	0.108439505668	1	0.0119302209962	72	0.266940869346	1	0.0957986871862	119	0.0988317203624	120	0.0225027400902	68	-0.167802732648	4	0.10517279911	6	0.240198603863	1	0.346684757602	0.613625626949	0.357257276696	0.451857556713	0.586883361465
M05_L_TO_L_ALL28:G808-E1149	M05_L_TO_L_ALL28	ALL28	L	L	G808-E1149	ch	ol	0	f82v	f82v	G808-P0291	f82v.37	37	5	B	B	2	3	EXACT	0.200948667641	26	0	0	0.0165807850175	72	0.0991795519558	1	0.0588902109611	98	0.0607626625847	99	0.0237510272723	68	-0.105313496843	4	0.0110431062864	6	0.101206340432	1	0.217529452659	0.316709004614	0.224699694913	0.228572558945	0.318735793091
M05_L_TO_L_ALL28:G808-E1196	M05_L_TO_L_ALL28	ALL28	L	L	G808-E1196	ch	eol	1	f83r	f83r	G808-P0297	f83r.48	48	2	B	B	2	2	EXACT	0.60037733261	3	-0.0831502333271	1	0.022955484728	72	0	0	0.0251382279403	76	0.0271355388663	76	0.024764929888	68	-0.00780525241519	4	-0.0553495468715	6	-0.0570135004571	1	0.540182584011	0.540182584011	0.541992029171	0.48483303714	0.483169083554
M05_L_TO_L_ALL28:G808-E1206	M05_L_TO_L_ALL28	ALL28	L	L	G808-E1206	ch	eol	1	f83v	f83v	G808-P0300	f83v.14	14	8	B	B	2	3	EXACT	0.314181217866	21	0	0	0.0245815334889	72	0	0	0.0810684852396	93	0.0830582281429	93	0.0223099130923	68	0.0631991193018	4	0.0286189526411	6	0	0	0.338762751355	0.338762751355	0.336491130958	0.367381703996	0.338762751355
M05_L_TO_L_ALL28:G808-E1210	M05_L_TO_L_ALL28	ALL28	L	L	G808-E1210	ch	eol	1	f83v	f83v	G808-P0300	f83v.20	20	4	B	B	2	2	EXACT	0.314181217866	21	0	0	0.0353528280481	72	0	0	0.0894075519952	93	0.0913972948984	93	0.0423463668633	68	-0.0835372927387	4	0.0101017748896	6	0	0	0.349534045914	0.349534045914	0.356527584729	0.359635820804	0.349534045914
M05_L_TO_L_ALL28:G808-E1215	M05_L_TO_L_ALL28	ALL28	L	L	G808-E1215	ch	eol	1	f83v	f83v	G808-P0301	f83v.27	27	2	B	B	2	2	EXACT	0.223740045947	37	0	0	0.0147248997374	72	0.178478808775	1	0.0831267438171	109	0.0854813886851	110	0.0164126527899	68	-0.0139668630855	4	-0.0362024762319	6	0.180860855154	1	0.238464945684	0.416943754459	0.240152698737	0.202262469452	0.419325800839
M05_L_TO_L_ALL28:G808-E1220	M05_L_TO_L_ALL28	ALL28	L	L	G808-E1220	ch	eol	1	f85r1	f85r	G808-P0302	f85r1.3	3	9	T	B	2	3	EXACT	0.131022648675	22	-0.258699586732	1	0.0131756950024	72	0.06090576417	1	0.0283831576	95	0.0301185941784	96	0.00966151047461	68	0.072910357945	4	-0.0905142533751	6	0.0259407088868	2	-0.114501243055	-0.053595478885	-0.118015427583	-0.20501549643	-0.0885605341682
M05_L_TO_L_ALL28:G808-E1232	M05_L_TO_L_ALL28	ALL28	L	L	G808-E1232	ch	ol	0	f85r1	f85r	G808-P0307	f85r1.23	23	8	T	B	2	3	EXACT	-0.0270802477952	3	0	0	0.016163900233	72	-0.16111826149	2	-0.00636073775956	75	-0.0098327028809	77	0.0107671432615	68	0.107902294719	4	-0.0310003882673	6	-0.0873471922268	2	-0.0109163475622	-0.172034609052	-0.0163131045336	-0.0419167358294	-0.098263539789
M05_L_TO_L_ALL28:G808-E1240	M05_L_TO_L_ALL28	ALL28	L	L	G808-E1240	ch	ol	0	f85r1	f85r	G808-P0310	f85r1.32	32	2	T	B	2	3	EXACT	-0.0339142411368	18	0.142228477017	2	0.0124589478223	72	0	0	-0.00520404788828	92	-0.0032389620031	92	0.0163094299805	68	-0.0530057228955	4	0.0537933584649	6	0	0	0.120773183703	0.120773183703	0.124623665861	0.174566542168	0.120773183703
M05_L_TO_L_ALL28:G808-E1244	M05_L_TO_L_ALL28	ALL28	L	L	G808-E1244	ch	ol	0	f85r2	f85r	G808-P0311	f85r2.4	4	4	C	B	2	2	EXACT	-0.00500625908268	9	0	0	-0.00792697144822	70	-1.10035396261	1	-0.0239174449394	79	-0.0360899272754	80	-0.0172458353363	66	0.145836871751	4	-0.0386992725752	6	-0.821968381776	1	-0.0129332305309	-1.11328719315	-0.022252094419	-0.0516325031061	-0.834901612307
M05_L_TO_L_ALL28:G808-E1251	M05_L_TO_L_ALL28	ALL28	L	L	G808-E1251	ch	ol	0	f85r2	f85r	G808-P0314	f85r2.23	23	3	C	B	2	2	EXACT	-0.0252276413218	14	0	0	0.0108186867455	70	-0.0928987862913	2	-0.00832185135714	84	-0.00959271605231	86	0.0235754709215	66	-0.199665663113	4	-0.165517263829	6	-0.0672051372387	2	-0.0144089545763	-0.107307740868	-0.00165217040028	-0.179926218405	-0.081614091815
M05_L_TO_L_ALL28:G808-E1276	M05_L_TO_L_ALL28	ALL28	L	L	G808-E1276	ch	ol	0	f86v5	f86v	G808-P0325	f86v5.31	31	4	T	B	2	3	EXACT	-0.0794442352746	61	1.01160650508	1	0.0434104972595	72	0	0	-0.000227032073944	134	0.00167681212376	134	0.0501978642127	68	-0.0719751876485	4	0.0279801417095	6	-0.105080409599	1	0.975572767067	0.975572767067	0.98236013402	1.00355290878	0.870492357468
M05_L_TO_L_ALL28:G808-E1286	M05_L_TO_L_ALL28	ALL28	L	L	G808-E1286	ch	ol	0	f86v6	f86v	G808-P0326	f86v6.5	5	3	T	B	2	3	EXACT	-0.0429943479086	37	-0.0046020770207	2	0.00832970188407	72	-0.714394652594	1	-0.012036717891	111	-0.0168845642172	112	0.0126968911054	68	-0.0659129615824	4	0.0403817393431	6	-0.811916131803	1	-0.0392667230453	-0.753661375639	-0.0348995338239	0.00111501629788	-0.851182854848
M05_L_TO_L_ALL28:G808-E1291	M05_L_TO_L_ALL28	ALL28	L	L	G808-E1291	ch	eol	1	f86v6	f86v	G808-P0326	f86v6.9	9	6	T	B	2	3	EXACT	-0.0429943479086	37	0.251163096299	2	0.0136560832758	72	0.0671285652968	2	-0.00397338629789	111	-0.00176386869095	113	0.0211330787205	68	-0.113453285988	4	-0.0592675228236	6	-0.00225916288177	2	0.221824831666	0.288953396963	0.229301827111	0.162557308842	0.219565668784
M05_L_TO_L_ALL28:G808-E1296	M05_L_TO_L_ALL28	ALL28	L	L	G808-E1296	ch	ol	0	f86v6	f86v	G808-P0327	f86v6.18	18	7	T	B	2	3	EXACT	-0.0354022569409	33	0	0	0.0431697530488	72	-0.162269148076	1	0.0142372912276	105	0.0139681369039	106	0.0400841445561	68	0.095624650721	4	0.0146958048477	6	-0.158274335666	1	0.00776749610792	-0.154501651968	0.00468188761523	0.0224633009557	-0.150506839558
M05_L_TO_L_ALL28:G808-E1321	M05_L_TO_L_ALL28	ALL28	L	L	G808-E1321	ch	eol	1	f87r	f87r	G808-P0331	f87r.15	15	2	H	A	1	2	EXACT	0.0264708915135	12	0	0	-0.0377480700565	72	0	0	-0.0500452405537	84	-0.0488949139181	84	-0.0402930144569	68	0.00553047032508	4	0.0206629711568	6	0	0	-0.0112771785431	-0.0112771785431	-0.0138221229434	0.00938579261367	-0.0112771785431
M05_L_TO_L_ALL28:G808-E1322	M05_L_TO_L_ALL28	ALL28	L	L	G808-E1322	ch	eol	1	f87r	f87r	G808-P0331	f87r.16	16	2	H	A	1	1	EXACT	0.0264708915135	12	0	0	-0.00882800509722	72	0	0	-0.0252566134457	84	-0.0241062868101	84	0.00246782667645	68	-0.200842659674	4	-0.0077058273526	6	0	0	0.0176428864162	0.0176428864162	0.0289387181899	0.00993705906365	0.0176428864162
M05_L_TO_L_ALL28:G808-E1336	M05_L_TO_L_ALL28	ALL28	L	L	G808-E1336	ch	eol	1	f88r	f88r	G808-P0335	f88r.19	19	8	P	A	1	2	EXACT	0.0978543655104	10	-0.217550499379	1	-0.0155148818384	72	0	0	-0.0195831458633	83	-0.0176427064041	83	-0.00672805512592	68	-0.164891134291	4	0.00691142157725	6	0	0	-0.135211015707	-0.135211015707	-0.126424188994	-0.12829959413	-0.135211015707
M05_L_TO_L_ALL28:G808-E1340	M05_L_TO_L_ALL28	ALL28	L	L	G808-E1340	ch	ol	0	f88r	f88r	G808-P0335	f88r.22	22	3	P	A	1	2	EXACT	0.0978543655104	10	0	0	-0.0153913164034	72	0.237979208709	3	-0.016739529413	82	-0.00770945049533	85	-0.00675981315923	68	-0.162127069894	4	-0.0778170755604	6	0.254815488241	3	0.082463049107	0.320442257816	0.0910945523512	0.0046459735466	0.337278537348
M05_L_TO_L_ALL28:G808-E1342	M05_L_TO_L_ALL28	ALL28	L	L	G808-E1342	ch	eol	1	f88r	f88r	G808-P0336	f88r.30	30	4	P	A	1	2	EXACT	0.278543668009	4	0	0	1.06087903441e-05	72	0	0	-0.00454268593708	76	-0.0026022464779	76	0.00363037613974	68	-0.0615256344896	4	-0.0778170755604	6	0	0	0.2785542768	0.2785542768	0.282174044149	0.200737201239	0.2785542768
M05_L_TO_L_ALL28:G808-E1343	M05_L_TO_L_ALL28	ALL28	L	L	G808-E1343	ch	ol	0	f88r	f88r	G808-P0336	f88r.31	31	3	P	A	1	2	EXACT	0.278543668009	4	0	0	0.0117081266797	72	0.0288393394421	2	0.00653917311599	76	0.00767075478532	78	0.0219337148111	68	-0.162127069894	4	-0.0953678957242	6	0.0322653900652	2	0.290251794689	0.319091134131	0.300477382821	0.194883898965	0.322517184754
M05_L_TO_L_ALL28:G808-E1365	M05_L_TO_L_ALL28	ALL28	L	L	G808-E1365	ch	ol	0	f89r1	f89r	G808-P0341	f89r1.16	16	8	P	A	1	3	EXACT	0.0579695457459	6	-0.24103856715	4	0.0181026879317	72	0.0724616352628	1	-0.00968453703993	82	-0.00740253884339	83	0.0125523616657	68	0.112457991699	4	0.0344227639655	6	-0.264705231618	2	-0.164966333472	-0.0925046982093	-0.170516659738	-0.130543569507	-0.42967156509
M05_L_TO_L_ALL28:G808-E1370	M05_L_TO_L_ALL28	ALL28	L	L	G808-E1370	ch	eol	1	f89v1	f89v	G808-P0343	f89v1.6	6	4	P	A	1	3	EXACT	0.0062657315066	32	0.101830285311	2	0.00500171070037	72	0	0	0.00244571551227	106	0.00439492564083	106	0.0097353045252	68	-0.0754697738653	4	-0.0533164354769	6	0	0	0.113097727518	0.113097727518	0.117831321343	0.0597812920412	0.113097727518
M05_L_TO_L_ALL28:G808-E1381	M05_L_TO_L_ALL28	ALL28	L	L	G808-E1381	ch	ol	0	f89v1	f89v	G808-P0344	f89v1.18	18	5	P	A	1	2	EXACT	-0.0438292317136	34	0	0	0.00319883226325	72	0	0	-0.0155107085229	106	-0.0135614983944	106	0.00966112488719	68	-0.106660531888	4	-0.0331030968953	6	-0.0555764594939	1	-0.0406303994504	-0.0406303994504	-0.0341681068264	-0.0737334963457	-0.0962068589443
M05_L_TO_L_ALL28:G808-E0073	M05_L_TO_L_ALL28	ALL28	L	L	G808-E0073	ch	ol	0	f8r	f8r	G808-P0027	f8r.15	15	3	H	A	1	3	EXACT	-0.191592606976	23	-0.3894635041	3	-0.0302841564265	70	-0.159321421556	1	-0.0883697213515	96	-0.0877692386007	97	-0.029127131292	66	-0.0493759547782	4	-0.072132055922	6	-0.156573593222	1	-0.611340267503	-0.770661689058	-0.610183242368	-0.683472323424	-0.767913860725
M05_L_TO_L_ALL28:G808-E0074	M05_L_TO_L_ALL28	ALL28	L	L	G808-E0074	ch	ol	0	f8r	f8r	G808-P0027	f8r.17	17	1	H	A	1	3	EXACT	-0.191592606976	23	-0.152966284573	2	-0.00837134974921	71	0	0	-0.0634990027424	96	-0.0616375630993	96	-0.0144594949938	67	0.0936057085775	4	0.077929950626	6	0	0	-0.352930241298	-0.352930241298	-0.359018386543	-0.275000290672	-0.352930241298
M05_L_TO_L_ALL28:G808-E0078	M05_L_TO_L_ALL28	ALL28	L	L	G808-E0078	ch	ol	0	f8v	f8v	G808-P0028	f8v.1	1	6	H	A	1	2	EXACT	-0.198261605658	26	0.0197501674256	1	-0.0399634205224	72	0	0	-0.0878907439289	99	-0.0858277846339	99	-0.0483334821586	68	0.102327409484	4	-0.0980970433101	6	0	0	-0.218474858755	-0.218474858755	-0.226844920391	-0.316571902065	-0.218474858755
M05_L_TO_L_ALL28:G808-E0085	M05_L_TO_L_ALL28	ALL28	L	L	G808-E0085	ch	ol	0	f8v	f8v	G808-P0028	f8v.9	9	4	H	A	1	2	EXACT	-0.198261605658	26	0	0	-0.0242179748513	72	0	0	-0.0771704311509	98	-0.0751074718558	98	-0.0308583761636	68	0.088668629649	4	0.0642519622338	6	0	0	-0.22247958051	-0.22247958051	-0.229119981822	-0.158227618276	-0.22247958051
M05_L_TO_L_ALL28:G808-E0089	M05_L_TO_L_ALL28	ALL28	L	L	G808-E0089	ch	ol	0	f8v	f8v	G808-P0029	f8v.15	15	2	H	A	1	3	EXACT	-0.0683016819133	21	0.224216563627	2	-0.0174905537461	72	0.0174585437978	1	-0.0330429445567	95	-0.0310499868879	96	-0.0178199252994	68	-0.01189145515	4	0.0965975938519	6	-0.0171042546316	2	0.138424327968	0.155882871766	0.138094956415	0.23502192182	0.121320073336
M05_L_TO_L_ALL28:G808-E1386	M05_L_TO_L_ALL28	ALL28	L	L	G808-E1386	ch	ol	0	f90r1	f90r	G808-P0345	f90r1.6	6	6	H	A	1	2	EXACT	-0.0821336097673	31	0	0	-0.0308111982199	71	0	0	-0.0509305814073	102	-0.0489016350549	102	-0.0387059786827	67	0.101426455478	4	0.000888622375357	6	0	0	-0.112944807987	-0.112944807987	-0.12083958845	-0.112056185612	-0.112944807987
M05_L_TO_L_ALL28:G808-E1389	M05_L_TO_L_ALL28	ALL28	L	L	G808-E1389	ch	ol	0	f93r	f93r	G808-P0346	f93r.2	2	3	H	A	1	3	EXACT	-0.0408970349554	49	-0.119368969618	2	-0.0295994159587	72	0	0	-0.0345950563608	123	-0.0325701196335	123	-0.0278320168468	68	-0.0596453973838	4	-0.0653006425832	6	0	0	-0.189865420532	-0.189865420532	-0.188098021421	-0.255166063116	-0.189865420532
M05_L_TO_L_ALL28:G808-E1392	M05_L_TO_L_ALL28	ALL28	L	L	G808-E1392	ch	ol	0	f93r	f93r	G808-P0346	f93r.6	6	6	H	A	1	2	EXACT	-0.0408970349554	49	0.324173509714	1	-0.0321360121352	72	0.245743733229	1	-0.0315699751737	122	-0.0277442174055	123	-0.0397461745274	68	0.0972365520084	4	0.0579604052012	6	0.247987382589	1	0.251140462624	0.496884195853	0.243530300231	0.309100867825	0.499127845213
M05_L_TO_L_ALL28:G808-E1396	M05_L_TO_L_ALL28	ALL28	L	L	G808-E1396	ch	eol	1	f93r	f93r	G808-P0346	f93r.10	10	4	H	A	1	2	EXACT	-0.0408970349554	49	0	0	-0.0170179481372	72	-0.142240648362	1	-0.0253209209595	121	-0.0247118239681	122	-0.0254199127642	68	0.125815253999	4	-0.0490404436289	6	-0.0481894497491	1	-0.0579149830926	-0.200155631455	-0.0663169477196	-0.106955426722	-0.106104432842
M05_L_TO_L_ALL28:G808-E1405	M05_L_TO_L_ALL28	ALL28	L	L	G808-E1405	ch	ol	0	f93r	f93r	G808-P0346	f93r.31	31	2	H	A	1	1	EXACT	-0.0408970349554	49	0	0	-0.0129137040725	72	0.262431596781	1	-0.0228787261442	121	-0.0189726615271	122	-0.00315415292944	68	-0.178826270027	4	-0.0947088873868	6	0.236436423612	1	-0.0538107390279	0.208620857753	-0.0440511878848	-0.148519626415	0.182625684584
M05_L_TO_L_ALL28:G808-E1418	M05_L_TO_L_ALL28	ALL28	L	L	G808-E1418	ch	ol	0	f94r	f94r	G808-P0348	f94r.4	4	9	H	B	3	3	EXACT	0.0661940360493	29	0.0530216055811	2	0.0348835722512	72	0.0177650355258	1	0.0382584480386	103	0.0395432919872	104	0.0332983166082	68	0.0618327543106	4	0.0478352966547	6	0.0204061609012	1	0.154099213882	0.171864249407	0.152513958239	0.201934510536	0.174505374783
M05_L_TO_L_ALL28:G808-E1427	M05_L_TO_L_ALL28	ALL28	L	L	G808-E1427	ch	ol	0	f95r1	f95r	G808-P0353	f95r1.9	9	3	H	B	3	3	EXACT	-0.0121869431481	22	0.0370925374441	2	0.0115982299019	71	0	0	-0.00193360029084	95	2.87266327132e-05	95	0.0157883874871	67	-0.0585865601064	4	0.00757388803768	6	0	0	0.0365038241978	0.0365038241978	0.0406939817831	0.0440777122355	0.0365038241978
M05_L_TO_L_ALL28:G808-E1430	M05_L_TO_L_ALL28	ALL28	L	L	G808-E1430	ch	ol	0	f95r2	f95r	G808-P0354	f95r2.2	2	4	H	B	3	3	EXACT	-0.0321744073998	14	-0.237606230516	2	-0.00352845268807	71	0	0	-0.0260290324169	87	-0.0240667054934	87	0.000970717944677	67	-0.0788892112426	4	-0.0674076525887	6	0	0	-0.273309090604	-0.273309090604	-0.268809919971	-0.340716743193	-0.273309090604
M05_L_TO_L_ALL28:G808-E1447	M05_L_TO_L_ALL28	ALL28	L	L	G808-E1447	ch	ol	0	f96r	f96r	G808-P0361	f96r.8	8	5	H	A	1	2	EXACT	-0.139840974446	25	0	0	-0.0462598162459	72	0	0	-0.0765443762865	97	-0.0746120623777	97	-0.0522083552421	68	0.0548652694396	4	0.0660364057965	6	-0.810765674885	1	-0.186100790692	-0.186100790692	-0.192049329688	-0.120064384896	-0.996866465577
M05_L_TO_L_ALL28:G808-E1449	M05_L_TO_L_ALL28	ALL28	L	L	G808-E1449	ch	eol	1	f96r	f96r	G808-P0361	f96r.12	12	2	H	A	1	3	EXACT	-0.139840974446	25	-0.338635796892	2	-0.0414223299176	72	-0.158420031253	1	-0.0787251673727	99	-0.0781185542085	100	-0.0455613751523	68	0.0289413618213	4	0.13195286579	6	-0.115449161523	1	-0.519899101256	-0.678319132509	-0.52403814649	-0.387946235466	-0.635348262779
M05_L_TO_L_ALL28:G808-E1454	M05_L_TO_L_ALL28	ALL28	L	L	G808-E1454	ch	ol	0	f99r	f99r	G808-P0363	f99r.18	18	2	P	A	1	3	EXACT	-0.0728566362899	15	-0.473447118956	2	-0.00295073588704	72	0	0	-0.03948630493	89	-0.0372609782886	89	0.000630996775618	68	-0.0638405565673	4	-0.0937779534011	6	0	0	-0.549254491133	-0.549254491133	-0.54567275847	-0.643032444534	-0.549254491133
M05_L_TO_L_ALL28:G808-E1472	M05_L_TO_L_ALL28	ALL28	L	L	G808-E1472	ch	ol	0	f99r	f99r	G808-P0366	f99r.48	48	4	P	A	1	2	EXACT	0.0583057835874	19	0	0	-0.0284984246457	72	0	0	-0.0219113967496	91	-0.0196860701082	91	-0.0251676845009	68	-0.0851213725222	4	-0.0123075500926	6	0	0	0.0298073589417	0.0298073589417	0.0331380990865	0.0174998088491	0.0298073589417
M05_L_TO_L_ALL28:G808-E1479	M05_L_TO_L_ALL28	ALL28	L	L	G808-E1479	ch	ol	0	f99v	f99v	G808-P0368	f99v.23	23	2	P	A	1	2	EXACT	-0.00439669621154	15	0	0	0.00163088896231	72	0.50374121406	1	-0.00992791956925	87	-0.00254068541584	88	0.00261289195748	68	-0.015063294908	4	-0.0898804196152	6	0.504417045642	1	-0.00276580724923	0.500975406811	-0.00178380425405	-0.0926462268644	0.501651238393
M05_L_TO_L_ALL28:G808-E1487	M05_L_TO_L_ALL28	ALL28	L	L	G808-E1487	ch	eol	1	f99v	f99v	G808-P0369	f99v.35	35	4	P	A	1	2	EXACT	0.0673546760196	15	-0.044210394505	1	0.0279210707354	72	0	0	0.0231588115656	88	0.0254294253669	88	0.023878425924	68	0.0966458995776	4	0.0450955626465	6	0	0	0.0510653522499	0.0510653522499	0.0470227074385	0.0961609148965	0.0510653522499
M05_L_TO_L_ALL28:G808-E0090	M05_L_TO_L_ALL28	ALL28	L	L	G808-E0090	ch	ol	0	f9r	f9r	G808-P0030	f9r.2	2	2	H	A	1	3	EXACT	-0.281646805975	23	-0.23133936808	2	-0.0373218984509	72	0	0	-0.107633600501	97	-0.105609696506	97	-0.0384513337615	68	-0.0181217054229	4	-0.0562130505449	6	0	0	-0.550308072506	-0.550308072506	-0.551437507816	-0.606521123051	-0.550308072506
M05_L_TO_L_ALL28:G808-E0094	M05_L_TO_L_ALL28	ALL28	L	L	G808-E0094	ch	ol	0	f9r	f9r	G808-P0031	f9r.7	7	2	H	A	1	3	EXACT	-0.0449512933799	17	0.717614704383	1	-0.0424437491542	72	0.0178256246264	1	-0.0455889596187	90	-0.0434810125893	91	-0.0438744698004	68	-0.0181217054229	4	0.073520867784	6	0.0601552842403	2	0.630219661849	0.648045286475	0.628788941202	0.703740529633	0.690374946089
M05_L_TO_L_ALL28:G808-E0098	M05_L_TO_L_ALL28	ALL28	L	L	G808-E0098	ch	ol	0	f9v	f9v	G808-P0032	f9v.2	2	5	H	A	1	3	EXACT	-0.35253676791	15	-0.382119131356	4	-0.0435005098804	72	-0.0434642646487	2	-0.121512775246	91	-0.119069404344	93	-0.0394924228406	68	-0.111638270413	4	-0.0829735649996	6	-0.0506970193282	2	-0.778156409147	-0.821620673796	-0.774148322107	-0.861129974146	-0.828853428475
M05_L_TO_L_ALL28:G808-E0103	M05_L_TO_L_ALL28	ALL28	L	L	G808-E0103	ch	ol	0	f9v	f9v	G808-P0033	f9v.10	10	3	H	A	1	2	EXACT	-0.252816425604	24	0	0	-0.0680384441828	72	0.200338958866	1	-0.121682360713	96	-0.117010985861	97	-0.0590812640265	68	-0.220310787693	4	-0.170577646695	6	0.0953147458322	1	-0.320854869787	-0.120515910921	-0.311897689631	-0.491432516482	-0.225540123955
M05_L_TO_L_ALL28:G808-E1512	M05_L_TO_L_ALL28	ALL28	L	L	G808-E1512	chok	eol	1	f100v	f100v	G808-P0373	f100v.20	20	4	P	A	1	3	EXACT	-0.072936502587	34	-0.0765563075383	1	-0.0376435933162	72	0.0518750899541	1	-0.0508934934961	107	-0.048401016852	108	-0.0315460848706	68	-0.141300795338	4	0.0873950260949	6	0.0494016850105	1	-0.187136403441	-0.135261313487	-0.181038894996	-0.0997413773465	-0.137734718431
M05_L_TO_L_ALL28:G808-E1906	M05_L_TO_L_ALL28	ALL28	L	L	G808-E1906	chok	eol	1	f108v	f108v	G808-P0537	f108v.30	30	4	S	B	3	3	EXACT	0.196736084113	93	-0.260368403818	2	0.0443990234779	72	0	0	0.129602685126	167	0.131344432173	167	0.05528379228	68	-0.140641508318	4	-0.132371918147	6	-0.151425551111	1	-0.0192332962274	-0.0192332962274	-0.00834852742523	-0.151605214374	-0.170658847339
M05_L_TO_L_ALL28:G808-E0329	M05_L_TO_L_ALL28	ALL28	L	L	G808-E0329	chok	eol	1	f32r	f32r	G808-P0111	f32r.17	17	1	H	A	1	1	EXACT	-0.260068243897	27	0	0	-0.0359351964548	72	0	0	-0.100019365996	99	-0.098089023148	99	-0.0413729901735	68	0.0565075293536	4	-0.0444095836067	6	0	0	-0.296003440352	-0.296003440352	-0.301441234071	-0.340413023959	-0.296003440352
M05_L_TO_L_ALL28:G808-E1334	M05_L_TO_L_ALL28	ALL28	L	L	G808-E1334	chok	ol	0	f88r	f88r	G808-P0335	f88r.19	19	2	P	A	1	2	EXACT	0.0340749741491	13	0	0	0.00169257408463	72	-0.888998484295	1	-0.00099981023864	85	-0.00977285494138	86	-0.00158421871394	68	0.0573985867827	4	0.0926801311091	6	-0.626881037843	1	0.0357675482338	-0.853230936061	0.0324907554352	0.128447679343	-0.59111348961
M05_L_TO_L_ALL28:G808-E1484	M05_L_TO_L_ALL28	ALL28	L	L	G808-E1484	chok	ol	0	f99v	f99v	G808-P0369	f99v.32	32	2	P	A	1	3	EXACT	0.0171937903237	13	0.603207152234	1	0.0369011940932	72	-0.51929548871	1	0.0352416754138	86	0.0303958989558	87	0.0354804036423	68	0.0610550228834	4	0.0417451964054	6	-0.521211182812	1	0.657302136651	0.138006647941	0.6558813462	0.699047333057	0.13609095384
M05_L_TO_L_ALL28:G808-E1699	M05_L_TO_L_ALL28	ALL28	L	L	G808-E1699	ckh	eol	1	f105v	f105v	G808-P0454	f105v.24	24	6	S	B	3	2	EXACT	-0.168737228243	4	0	0	0.036025860729	72	0	0	0.00481855708691	76	0.00742276500496	76	0.0357787192385	68	0.0402281885044	4	-0.0831418407794	6	0.0268819074858	1	-0.132711367514	-0.132711367514	-0.132958509005	-0.215853208294	-0.105829460029
M05_L_TO_L_ALL28:G808-E0183	M05_L_TO_L_ALL28	ALL28	L	L	G808-E0183	ckh	ol	0	f18r	f18r	G808-P0060	f18r.8	8	2	H	A	1	2	EXACT	-0.338684054403	28	-0.46285386288	1	-0.0401753741455	72	0	0	-0.134990894808	101	-0.132570684915	101	-0.042516675665	68	-0.000372331283397	4	0.0994686381495	6	-0.0595943479388	1	-0.841713291429	-0.841713291429	-0.844054592948	-0.742244653279	-0.901307639368
M05_L_TO_L_ALL28:G808-E0265	M05_L_TO_L_ALL28	ALL28	L	L	G808-E0265	ckh	ol	0	f25v	f25v	G808-P0089	f25v.4	4	6	H	A	1	2	EXACT	-0.19079042618	25	0.108266230622	1	-0.0505843484662	72	-0.663642926851	2	-0.0941648929559	98	-0.104096794015	100	-0.0557988015286	68	0.0380622726247	4	0.000589344324728	6	-0.738207233812	2	-0.133108544023	-0.796751470874	-0.138322997086	-0.132519199699	-0.871315777835
M05_L_TO_L_ALL28:G808-E0352	M05_L_TO_L_ALL28	ALL28	L	L	G808-E0352	ckh	ol	0	f35r	f35r	G808-P0121	f35r.4	4	4	H	A	1	2	EXACT	-0.202425715032	25	-0.189579137413	1	-0.0782912393969	72	-0.224354747552	1	-0.120550440591	98	-0.119596340757	99	-0.0781529121942	68	-0.0806418855294	4	0.0244126544762	6	-0.544770279922	3	-0.470296091842	-0.694650839394	-0.470157764639	-0.445883437365	-1.01506637176
M05_L_TO_L_ALL28:G808-E0393	M05_L_TO_L_ALL28	ALL28	L	L	G808-E0393	ckh	ol	0	f39v	f39v	G808-P0139	f39v.5	5	9	H	B	2	3	EXACT	-0.131137473795	36	-0.186863816904	4	-0.00168134120543	72	-0.0315145267188	3	-0.0546494416489	112	-0.0529082041422	115	-0.00681862582654	68	0.0856534171013	4	0.0354297915316	6	-0.00770349081602	3	-0.319682631905	-0.351197158624	-0.324819916526	-0.284252840373	-0.327386122721
M05_L_TO_L_ALL28:G808-E0025	M05_L_TO_L_ALL28	ALL28	L	L	G808-E0025	ckh	ol	0	f3v	f3v	G808-P0009	f3v.1	1	5	H	A	1	3	EXACT	-0.158538679536	21	0	0	-0.0192639491407	71	0.0755700075158	1	-0.0623700733925	92	-0.0589502076822	93	-0.0242623740373	67	0.0644599348451	4	-0.0389234939508	6	0.13693587578	1	-0.177802628676	-0.10223262116	-0.182801053573	-0.216726122627	-0.0408667528964
M05_L_TO_L_ALL28:G808-E0577	M05_L_TO_L_ALL28	ALL28	L	L	G808-E0577	ckh	ol	0	f51r	f51r	G808-P0191	f51r.13	13	2	H	A	1	2	EXACT	-0.136598543457	34	-0.474080615379	1	-0.0240562350103	72	0	0	-0.0689921498804	107	-0.0664185824806	107	-0.0253873732814	68	-0.0014260017106	4	0.113174114555	6	0	0	-0.634735393846	-0.634735393846	-0.636066532117	-0.52156127929	-0.634735393846
M05_L_TO_L_ALL28:G808-E0585	M05_L_TO_L_ALL28	ALL28	L	L	G808-E0585	ckh	ol	0	f51v	f51v	G808-P0192	f51v.9	9	2	H	A	1	2	EXACT	-0.0416705255227	41	0	0	-0.0390449629034	72	0.0803297529658	1	-0.0418250535744	113	-0.0387009456636	114	-0.0322317693192	68	-0.154868572303	4	0.0724082702444	6	0.00925676393459	1	-0.0807154884262	-0.000385735460338	-0.0739022948419	-0.00830721818175	-0.0714587244916
M05_L_TO_L_ALL28:G808-E0598	M05_L_TO_L_ALL28	ALL28	L	L	G808-E0598	ckh	eol	1	f52v	f52v	G808-P0195	f52v.9	9	2	H	A	1	2	EXACT	-0.157294352587	17	-0.475050593277	1	-0.0351138384169	72	0.134597450115	1	-0.0774004678685	90	-0.0731244771447	91	-0.0352962499894	68	-0.0320118880834	4	-0.00580266973498	6	0.0640157204846	1	-0.66745878428	-0.532861334164	-0.667641195852	-0.673261454015	-0.603443063795
M05_L_TO_L_ALL28:G808-E0601	M05_L_TO_L_ALL28	ALL28	L	L	G808-E0601	ckh	ol	0	f52v	f52v	G808-P0195	f52v.12	12	2	H	A	1	2	EXACT	-0.157294352587	17	0	0	-0.0534246662164	72	-0.387332510451	1	-0.087424888481	89	-0.088817368659	90	-0.0473059435668	68	-0.157441997659	4	-0.0349745776073	6	-0.440472784983	1	-0.210719018803	-0.598051529253	-0.204600296153	-0.24569359641	-0.651191803786
M05_L_TO_L_ALL28:G808-E0609	M05_L_TO_L_ALL28	ALL28	L	L	G808-E0609	ckh	ol	0	f53v	f53v	G808-P0197	f53v.5	5	2	H	A	1	2	EXACT	-0.183230995764	32	0	0	-0.0201901898384	72	-0.661376268232	1	-0.0760413758242	104	-0.0795698658959	105	-0.0212192467726	68	-0.00269532028508	4	0.0162124472279	6	-0.713757808133	1	-0.203421185603	-0.864797453835	-0.204450242537	-0.187208738375	-0.917178993736
M05_L_TO_L_ALL28:G808-E0645	M05_L_TO_L_ALL28	ALL28	L	L	G808-E0645	ckh	ol	0	f58r	f58r	G808-P0209	f58r.35	35	5	S	A	3	2	EXACT	0.0116721551747	60	0.0132404542021	1	0.0362005680895	71	0.0101496876013	1	0.0298506104135	132	0.0318208565634	133	0.0445316731073	67	-0.103345305696	4	-0.0378288950002	6	0.0766100259373	2	0.0611131774663	0.0712628650676	0.0694442824841	0.0232842824661	0.137723203404
M05_L_TO_L_ALL28:G808-E1362	M05_L_TO_L_ALL28	ALL28	L	L	G808-E1362	ckh	ol	0	f89r1	f89r	G808-P0340	f89r1.9	9	7	P	A	1	3	EXACT	-0.142953868541	20	-0.107824360427	2	0.00944843673577	72	0.226397211434	3	-0.0382613707327	94	-0.0291950651621	97	0.00734045870211	68	0.045285026678	4	0.0697092391849	6	0.200063884792	3	-0.241329792232	-0.0149325807974	-0.243437770265	-0.171620553047	-0.0412659074401
M05_L_TO_L_ALL28:G808-E0072	M05_L_TO_L_ALL28	ALL28	L	L	G808-E0072	ckh	ol	0	f8r	f8r	G808-P0027	f8r.15	15	2	H	A	1	3	EXACT	-0.196806211442	29	-0.269421752541	3	-0.0200746219644	70	0.0272119483132	1	-0.0850334946256	102	-0.0819737859063	103	-0.0212678735173	66	-0.000386574607572	4	-0.0104907292363	6	0.0233011824377	1	-0.486302585948	-0.459090637635	-0.487495837501	-0.496793315184	-0.46300140351
M05_L_TO_L_ALL28:G808-E1409	M05_L_TO_L_ALL28	ALL28	L	L	G808-E1409	ckh	ol	0	f93v	f93v	G808-P0347	f93v.5	5	4	H	A	1	3	EXACT	-0.103535633783	30	0	0	-0.0172866811778	71	-0.00537055820023	2	-0.049415665744	101	-0.0470653487309	103	-0.0151422996514	67	-0.0532060950484	4	0.0664440103483	6	0.0220778711148	2	-0.120822314961	-0.126192873161	-0.118677933434	-0.0543783046125	-0.098744443846
M05_L_TO_L_ALL28:G808-E1410	M05_L_TO_L_ALL28	ALL28	L	L	G808-E1410	ckh	ol	0	f93v	f93v	G808-P0347	f93v.6	6	2	H	A	1	3	EXACT	-0.103535633783	30	-0.289942777537	2	-0.0177723776848	71	0	0	-0.0550000484652	103	-0.0524622741491	103	-0.0186806093895	67	-0.00256051993577	4	0.0779004661865	6	0	0	-0.411250789005	-0.411250789005	-0.41215902071	-0.333350322819	-0.411250789005
M05_L_TO_L_ALL28:G808-E1452	M05_L_TO_L_ALL28	ALL28	L	L	G808-E1452	ckh	ol	0	f99r	f99r	G808-P0363	f99r.16	16	9	P	A	1	3	EXACT	-0.0334343502956	13	0.073012677305	2	0.00692089872604	72	0	0	-0.0171691190323	87	-0.0144373593589	87	0.0122676099941	68	-0.0839722095595	4	-0.0426631024218	6	0	0	0.0464992257354	0.0464992257354	0.0518459370034	0.00383612331356	0.0464992257354
M05_L_TO_L_ALL28:G808-E1456	M05_L_TO_L_ALL28	ALL28	L	L	G808-E1456	ckh	ol	0	f99r	f99r	G808-P0363	f99r.18	18	6	P	A	1	3	EXACT	-0.0334343502956	13	-0.472256734946	1	0.00074421076705	72	-0.558078121444	2	-0.0293314266582	86	-0.0399473606597	88	-0.00530130427609	68	0.103518949771	4	-0.0714285529256	6	-0.220921462338	3	-0.504946874474	-1.06302499592	-0.510992389517	-0.5763754274	-0.725868336812
M05_L_TO_L_ALL28:G808-E1485	M05_L_TO_L_ALL28	ALL28	L	L	G808-E1485	ckh	eol	1	f99v	f99v	G808-P0369	f99v.33	33	6	P	A	1	3	EXACT	0.130815606963	14	0	0	0.0171113963807	72	0.0710765192401	1	0.020840422689	86	0.0233772680218	87	0.0137154866907	68	0.074842830881	4	-0.0413597091231	6	0.067878583896	1	0.147927003344	0.219003522584	0.144531093654	0.10656729422	0.21580558724
M05_L_TO_L_ALL28:G808-E1499	M05_L_TO_L_ALL28	ALL28	L	L	G808-E1499	cph	ol	0	f100r	f100r	G808-P0372	f100r.22	22	5	P	A	1	3	EXACT	0.0235999213129	14	0	0	-0.026726142963	72	0.0251459290681	1	-0.0317121185861	86	-0.0291990881449	87	-0.0227440711247	68	-0.0944210174126	4	-0.00926387562334	6	0.167044528146	1	-0.00312622165015	0.022019707418	0.000855850188148	-0.0123900972735	0.163918306496
M05_L_TO_L_ALL28:G808-E1500	M05_L_TO_L_ALL28	ALL28	L	L	G808-E1500	cph	ol	0	f100r	f100r	G808-P0372	f100r.23	23	3	P	A	1	3	EXACT	0.0235999213129	14	-0.289652625247	3	-0.0355444402827	72	0	0	-0.048396802018	89	-0.0459453010182	89	-0.0357826108277	68	-0.0314951942156	4	0.00159344247307	6	0	0	-0.301597144217	-0.301597144217	-0.301835314762	-0.300003701744	-0.301597144217
M05_L_TO_L_ALL28:G808-E2196	M05_L_TO_L_ALL28	ALL28	L	L	G808-E2196	cph	ol	0	f116r	f116r	G808-P0661	f116r.10	10	9	S	B	3	3	EXACT	0.253962677985	27	0.03714661037	2	0.0513356285431	72	0	0	0.0983678671213	101	0.100741026634	101	0.0482682013288	68	0.103482232399	4	0.0556161503346	6	0	0	0.342444916898	0.342444916898	0.339377489684	0.398061067233	0.342444916898
M05_L_TO_L_ALL28:G808-E0128	M05_L_TO_L_ALL28	ALL28	L	L	G808-E0128	cph	ol	0	f13v	f13v	G808-P0043	f13v.2	2	5	H	A	1	2	EXACT	-0.210933171067	15	0	0	-0.0678324146658	72	0	0	-0.10461024259	87	-0.102255847152	87	-0.0768724122602	68	0.0858477274627	4	-0.134513152594	6	0	0	-0.278765585733	-0.278765585733	-0.287805583327	-0.413278738326	-0.278765585733
M05_L_TO_L_ALL28:G808-E0160	M05_L_TO_L_ALL28	ALL28	L	L	G808-E0160	cph	ol	0	f17v	f17v	G808-P0058	f17v.4	4	3	H	A	1	2	EXACT	-0.107152519839	64	0	0	-0.0473863188282	72	0	0	-0.0700630306607	136	-0.0679407661397	136	-0.0388376952831	68	-0.192712532833	4	-0.0861316236299	6	0	0	-0.154538838667	-0.154538838667	-0.145990215122	-0.240670462297	-0.154538838667
M05_L_TO_L_ALL28:G808-E0646	M05_L_TO_L_ALL28	ALL28	L	L	G808-E0646	cph	ol	0	f58r	f58r	G808-P0209	f58r.37	37	3	S	A	3	2	EXACT	-0.015082887075	60	0	0	0.0398612107922	71	0	0	0.0190515794546	131	0.0213622892107	131	0.0514879416301	67	-0.154886538237	4	0.0808563759682	6	0	0	0.0247783237172	0.0247783237172	0.0364050545551	0.105634699685	0.0247783237172
M05_L_TO_L_ALL28:G808-E0049	M05_L_TO_L_ALL28	ALL28	L	L	G808-E0049	cph	ol	0	f6r	f6r	G808-P0018	f6r.1	1	5	H	A	1	3	EXACT	-0.293776187589	44	-0.108327515878	1	-0.00458602699377	71	0.093031452898	1	-0.115417505499	116	-0.111675946181	117	0.000415634107171	67	-0.0883638599849	4	-0.0172654230701	6	0.0691422840768	1	-0.406689730461	-0.313658277563	-0.40168806936	-0.423955153531	-0.337547446384
M05_L_TO_L_ALL28:G808-E1332	M05_L_TO_L_ALL28	ALL28	L	L	G808-E1332	cph	ol	0	f88r	f88r	G808-P0335	f88r.18	18	2	P	A	1	2	EXACT	-0.00972163392483	15	0	0	-0.00320473837089	72	0	0	-0.0172731548542	87	-0.0149616424662	87	-0.000533786773682	68	-0.0486103804011	4	-0.00909408667971	6	0	0	-0.0129263722957	-0.0129263722957	-0.0102554206985	-0.0220204589754	-0.0129263722957
M05_L_TO_L_ALL28:G808-E0075	M05_L_TO_L_ALL28	ALL28	L	L	G808-E0075	cph	ol	0	f8r	f8r	G808-P0027	f8r.19	19	3	H	A	1	3	EXACT	-0.220748389898	29	-0.104698425955	2	-0.011997741675	71	-0.466915035231	1	-0.0790240061336	102	-0.0810383385459	103	-0.0105600972535	67	-0.0360780179636	4	0.00606922416724	6	-0.507043560726	1	-0.337444557528	-0.804359592759	-0.336006913107	-0.331375333361	-0.844488118254
M05_L_TO_L_ALL28:G808-E1439	M05_L_TO_L_ALL28	ALL28	L	L	G808-E1439	cph	eol	1	f96r	f96r	G808-P0361	f96r.1	1	5	H	A	1	2	EXACT	-0.0754740775834	39	-0.704739827063	1	-0.0274891960891	72	0	0	-0.0522651934634	112	-0.0498877483116	112	-0.0303504756648	68	0.0211529865112	4	0.0281984903903	6	0	0	-0.807703100735	-0.807703100735	-0.810564380311	-0.779504610345	-0.807703100735
M05_L_TO_L_ALL28:G808-E1467	M05_L_TO_L_ALL28	ALL28	L	L	G808-E1467	cph	eol	1	f99r	f99r	G808-P0365	f99r.41	41	2	P	A	1	3	EXACT	0.0755334432957	22	0.191362663719	1	-0.00367218727378	72	0	0	0.00754562234339	95	0.0099924389633	95	-0.00169709052479	68	-0.0372485103221	4	0.0542697680222	6	0	0	0.263223919741	0.263223919741	0.26519901649	0.317493687763	0.263223919741
M05_L_TO_L_ALL28:G808-E0099	M05_L_TO_L_ALL28	ALL28	L	L	G808-E0099	cph	ol	0	f9v	f9v	G808-P0032	f9v.2	2	7	H	A	1	3	EXACT	-0.350736903577	15	0.15800101836	3	-0.0377243088386	72	-0.220269848767	3	-0.0961650438002	90	-0.0994033314334	93	-0.045264765048	68	0.0904637844923	4	-0.113315624353	6	-0.233484567472	3	-0.230460194056	-0.450730042823	-0.238000650265	-0.343775818409	-0.463944761528
M05_L_TO_L_ALL28:G808-E1502	M05_L_TO_L_ALL28	ALL28	L	L	G808-E1502	cth	eol	1	f100r	f100r	G808-P0372	f100r.25	25	5	P	A	1	2	EXACT	-0.00947453315348	19	0	0	-0.0422268642376	72	0.0708542118787	2	-0.0458535052751	91	-0.0420611308406	93	-0.0372028653437	68	-0.127635053135	4	-0.167740987348	6	0.172156889677	2	-0.0517013973911	0.0191528144877	-0.0466773984972	-0.21944238474	0.120455492286
M05_L_TO_L_ALL28:G808-E2068	M05_L_TO_L_ALL28	ALL28	L	L	G808-E2068	cth	ol	0	f113v	f113v	G808-P0596	f113v.14	14	6	S	B	3	3	EXACT	0.149529076251	22	0.104926925464	6	0.0466939157713	72	0.105530941504	2	0.0616234522363	100	0.0638928720431	102	0.0581062220136	68	-0.147315181674	4	0.019760261109	6	0.0884028435249	2	0.301149917487	0.406680858991	0.312562223729	0.320910178596	0.389552761012
M05_L_TO_L_ALL28:G808-E2074	M05_L_TO_L_ALL28	ALL28	L	L	G808-E2074	cth	ol	0	f113v	f113v	G808-P0599	f113v.25	25	7	S	B	3	3	EXACT	-0.0190193649148	10	0	0	0.0613532563098	72	-0.0623593530997	1	0.0341949668416	82	0.034841495321	83	0.0604840872154	68	0.07612923959	4	-0.0267683792823	6	-0.0312487628075	1	0.0423338913951	-0.0200254617046	0.0414647223006	0.0155655121128	0.0110851285875
M05_L_TO_L_ALL28:G808-E0168	M05_L_TO_L_ALL28	ALL28	L	L	G808-E0168	cth	eol	1	f17v	f17v	G808-P0058	f17v.11	11	3	H	A	1	1	EXACT	-0.0916481294287	63	0	0	-0.0256406261706	72	0	0	-0.0499068257297	135	-0.0475876160072	135	-0.0284033921671	68	0.0213261911661	4	-0.0594292820315	6	0	0	-0.117288755599	-0.117288755599	-0.120051521596	-0.176718037631	-0.117288755599
M05_L_TO_L_ALL28:G808-E0170	M05_L_TO_L_ALL28	ALL28	L	L	G808-E0170	cth	ol	0	f17v	f17v	G808-P0058	f17v.13	13	4	H	A	1	1	EXACT	-0.0916481294287	63	0	0	-0.0212321484467	72	0	0	-0.0475556376103	135	-0.0452364278879	135	-0.0321971832948	68	0.165173239366	4	-0.164155932103	6	0	0	-0.112880277875	-0.112880277875	-0.123845312724	-0.277036209978	-0.112880277875
M05_L_TO_L_ALL28:G808-E0177	M05_L_TO_L_ALL28	ALL28	L	L	G808-E0177	cth	ol	0	f17v	f17v	G808-P0058	f17v.16	16	4	H	A	1	1	EXACT	-0.0916481294287	63	0	0	-0.0216556711799	72	0	0	-0.0477815164013	135	-0.0454623066789	135	-0.0319722466564	68	0.153725907315	4	-0.0771390681487	6	0	0	-0.113303800609	-0.113303800609	-0.123620376085	-0.190442868757	-0.113303800609
M05_L_TO_L_ALL28:G808-E0181	M05_L_TO_L_ALL28	ALL28	L	L	G808-E0181	cth	ol	0	f18r	f18r	G808-P0060	f18r.5	5	4	H	A	1	2	EXACT	-0.266454905457	26	0	0	-0.0185142489117	72	-0.0610252878458	2	-0.0917047464178	98	-0.0897512663603	100	-0.0266630933342	68	0.120015852474	4	-0.066904366418	6	-0.0648842665574	2	-0.284969154368	-0.345994442214	-0.293117998791	-0.351873520786	-0.349853420926
M05_L_TO_L_ALL28:G808-E0185	M05_L_TO_L_ALL28	ALL28	L	L	G808-E0185	cth	ol	0	f18r	f18r	G808-P0060	f18r.12	12	2	H	A	1	2	EXACT	-0.266454905457	26	-0.0826481839431	1	-0.0458441691917	72	-1.08047867312	1	-0.111777456647	99	-0.119610879966	100	-0.0481869082752	68	-0.00601785856884	4	-0.0534602270994	6	-0.424234835379	2	-0.394947258591	-1.47542593171	-0.397289997675	-0.448407485691	-0.81918209397
M05_L_TO_L_ALL28:G808-E0196	M05_L_TO_L_ALL28	ALL28	L	L	G808-E0196	cth	ol	0	f19v	f19v	G808-P0063	f19v.6	6	3	H	A	1	2	EXACT	-0.369803665891	16	0	0	-0.0596406326364	72	-0.551983983415	2	-0.128263259844	88	-0.13640227714	90	-0.0498773191625	68	-0.22561723463	4	-0.0755529453768	6	-0.523431741791	2	-0.429444298527	-0.981428281942	-0.419680985053	-0.504997243904	-0.952876040318
M05_L_TO_L_ALL28:G808-E0199	M05_L_TO_L_ALL28	ALL28	L	L	G808-E0199	cth	ol	0	f19v	f19v	G808-P0064	f19v.14	14	3	H	A	1	1	EXACT	-0.364204968597	21	0	0	-0.0290003653082	72	0	0	-0.11422530866	93	-0.111766974172	93	-0.0327486193748	68	0.0347196808873	4	-0.0581425038973	6	0	0	-0.393205333905	-0.393205333905	-0.396953587972	-0.451347837803	-0.393205333905
M05_L_TO_L_ALL28:G808-E0226	M05_L_TO_L_ALL28	ALL28	L	L	G808-E0226	cth	ol	0	f22r	f22r	G808-P0074	f22r.3	3	6	H	A	1	3	EXACT	-0.247048416037	16	0.00306288985845	1	-0.0470910970794	72	0.0935823221345	2	-0.0948907051543	89	-0.0895354535715	91	-0.0562791880862	68	0.109106126487	4	0.018116036216	6	0.195041428532	2	-0.291076623258	-0.197494301123	-0.300264714264	-0.272960587042	-0.0960351947256
M05_L_TO_L_ALL28:G808-E0251	M05_L_TO_L_ALL28	ALL28	L	L	G808-E0251	cth	ol	0	f24r	f24r	G808-P0085	f24r.7	7	6	H	A	1	2	EXACT	-0.144784218567	49	0	0	-0.00653265544027	70	-0.0247168858206	2	-0.0615052736237	119	-0.0593386146782	121	-0.0123874666189	66	0.0900729620856	4	0.0349176059674	6	-0.0200465224225	2	-0.151316874007	-0.176033759828	-0.157171685186	-0.11639926804	-0.17136339643
M05_L_TO_L_ALL28:G808-E0291	M05_L_TO_L_ALL28	ALL28	L	L	G808-E0291	cth	ol	0	f28r	f28r	G808-P0095	f28r.4	4	5	H	A	1	2	EXACT	-0.188194006496	24	-0.160786581172	2	-0.0500373723686	72	-0.332503028037	1	-0.0948506579976	98	-0.0953940900147	99	-0.0590334175993	68	0.102895096917	4	-0.160162071286	6	-0.335967887237	1	-0.399017960036	-0.731520988073	-0.408014005267	-0.559180031322	-0.734985847273
M05_L_TO_L_ALL28:G808-E0304	M05_L_TO_L_ALL28	ALL28	L	L	G808-E0304	cth	ol	0	f28v	f28v	G808-P0098	f28v.8	8	9	H	A	1	3	EXACT	-0.135645221865	13	0.186818502779	1	-0.0559915198556	72	0.307955363638	1	-0.0784966920162	86	-0.0722273526151	87	-0.0546165778897	68	-0.0793657343384	4	-0.0505666782442	6	0.204733539477	2	-0.00481823894116	0.303137124697	-0.00344329697518	-0.0553849171854	0.199915300536
M05_L_TO_L_ALL28:G808-E0312	M05_L_TO_L_ALL28	ALL28	L	L	G808-E0312	cth	ol	0	f30v	f30v	G808-P0106	f30v.3	3	3	H	A	1	3	EXACT	-0.157304326834	31	-0.309618476637	1	-0.0469698127766	72	0.30405255962	1	-0.0877614904362	104	-0.0820950866173	105	-0.0370243658194	68	-0.216042619497	4	0.0494329486552	6	-0.144383152899	2	-0.513892616248	-0.209840056628	-0.503947169291	-0.464459667593	-0.658275769147
M05_L_TO_L_ALL28:G808-E0324	M05_L_TO_L_ALL28	ALL28	L	L	G808-E0324	cth	ol	0	f32r	f32r	G808-P0110	f32r.3	3	3	H	A	1	2	EXACT	-0.331916416364	15	-0.510107495641	1	-0.0354760439692	72	-0.238076525854	1	-0.10696370463	88	-0.106570458812	89	-0.0263635995735	68	-0.190387921821	4	-0.0921948747716	6	-0.271728097583	1	-0.877499955975	-1.11557648183	-0.868387511579	-0.969694830747	-1.14922805356
M05_L_TO_L_ALL28:G808-E0335	M05_L_TO_L_ALL28	ALL28	L	L	G808-E0335	cth	ol	0	f32v	f32v	G808-P0113	f32v.10	10	8	H	A	1	3	EXACT	-0.272876120379	20	-0.333481359203	3	-0.0235415959149	72	0.247342812092	1	-0.0969659936043	95	-0.0915056055664	96	-0.0294218850325	68	0.0764230152088	4	-0.0062631108788	6	0.0983135704863	2	-0.629899075497	-0.382556263405	-0.635779364615	-0.636162186376	-0.531585505011
M05_L_TO_L_ALL28:G808-E0354	M05_L_TO_L_ALL28	ALL28	L	L	G808-E0354	cth	ol	0	f35r	f35r	G808-P0122	f35r.14	14	1	H	A	1	2	EXACT	-0.0590282241411	29	-0.388230334125	2	-0.0316345812676	72	0.102396893562	1	-0.052733557907	103	-0.049297976333	104	-0.0384818692459	68	0.0847690576019	4	-0.0878186523307	6	0.229005938903	1	-0.478893139533	-0.376496245972	-0.485740427512	-0.566711791864	-0.24988720063
M05_L_TO_L_ALL28:G808-E0366	M05_L_TO_L_ALL28	ALL28	L	L	G808-E0366	cth	ol	0	f36r	f36r	G808-P0125	f36r.7	7	2	H	A	1	2	EXACT	-0.275266493643	18	0	0	-0.0433053255695	72	-0.964772593333	1	-0.101183624195	90	-0.108849672565	91	-0.0444592475427	68	-0.0236888852954	4	-0.174909874886	6	-0.968279020128	1	-0.318571819213	-1.28334441255	-0.319725741186	-0.493481694099	-1.28685083934
M05_L_TO_L_ALL28:G808-E0368	M05_L_TO_L_ALL28	ALL28	L	L	G808-E0368	cth	ol	0	f36r	f36r	G808-P0125	f36r.8	8	2	H	A	1	2	EXACT	-0.275266493643	18	0	0	-0.0236746318404	72	0.120427761647	1	-0.0854790692121	90	-0.0813924164827	91	-0.0149312454454	68	-0.172312433826	4	-0.0559987414487	6	0.116921334852	1	-0.298941125483	-0.178513363837	-0.290197739088	-0.354939866932	-0.182019790631
M05_L_TO_L_ALL28:G808-E0372	M05_L_TO_L_ALL28	ALL28	L	L	G808-E0372	cth	ol	0	f36v	f36v	G808-P0127	f36v.13	13	3	H	A	1	2	EXACT	-0.335692066574	19	0	0	-0.0136579934701	72	-0.091776783733	1	-0.091900233112	91	-0.0900258012695	92	-0.014732490692	68	0.00460824808063	4	-0.0598717921009	6	-0.0307589117958	1	-0.349350060044	-0.441126843777	-0.350424557266	-0.409221852145	-0.380108971839
M05_L_TO_L_ALL28:G808-E0379	M05_L_TO_L_ALL28	ALL28	L	L	G808-E0379	cth	ol	0	f37v	f37v	G808-P0132	f37v.11	11	3	H	A	1	2	EXACT	-0.358324219602	14	0	0	-0.0480791160827	72	-1.02740807139	1	-0.111934118976	86	-0.120672263907	87	-0.0514128263228	68	0.00859357159833	4	0.0467820875451	6	-0.752023901067	1	-0.406403335685	-1.43381140708	-0.409737045925	-0.35962124814	-1.15842723675
M05_L_TO_L_ALL28:G808-E0014	M05_L_TO_L_ALL28	ALL28	L	L	G808-E0014	cth	ol	0	f3r	f3r	G808-P0005	f3r.1	1	4	H	A	1	2	EXACT	-0.226611330395	19	0	0	-0.0102832184995	72	0	0	-0.0670372313673	91	-0.0645537822749	91	-0.0186974334282	68	0.132758186027	4	0.0152592873329	6	0	0	-0.236894548895	-0.236894548895	-0.245308763824	-0.221635261562	-0.236894548895
M05_L_TO_L_ALL28:G808-E0017	M05_L_TO_L_ALL28	ALL28	L	L	G808-E0017	cth	ol	0	f3r	f3r	G808-P0005	f3r.5	5	5	H	A	1	2	EXACT	-0.226611330395	19	0	0	-0.0344242436642	72	-0.0519780937277	1	-0.0861378227064	91	-0.0838687625054	92	-0.03222121037	68	-0.0718760589258	4	-0.0888172972076	6	-0.0602529399665	1	-0.26103557406	-0.313013667787	-0.258832540765	-0.349852871267	-0.321288514026
M05_L_TO_L_ALL28:G808-E0417	M05_L_TO_L_ALL28	ALL28	L	L	G808-E0417	cth	ol	0	f42r	f42r	G808-P0149	f42r.8	8	3	H	A	1	2	EXACT	-0.301115467365	28	-0.61397072629	1	-0.0568053152917	72	-0.218725113044	1	-0.136810706065	101	-0.135601598239	102	-0.04702826432	68	-0.223015425308	4	-0.0466172959486	6	-0.236705881883	1	-0.971891508946	-1.19061662199	-0.962114457975	-1.01850880489	-1.20859739083
M05_L_TO_L_ALL28:G808-E0421	M05_L_TO_L_ALL28	ALL28	L	L	G808-E0421	cth	ol	0	f42r	f42r	G808-P0149	f42r.10	10	6	H	A	1	2	EXACT	-0.301115467365	28	-0.125993973878	1	-0.0619162430991	72	0	0	-0.135622686755	101	-0.133066121836	101	-0.0716580830605	68	0.103694792748	4	-0.0730362553522	6	0	0	-0.489025684342	-0.489025684342	-0.498767524304	-0.562061939695	-0.489025684342
M05_L_TO_L_ALL28:G808-E0457	M05_L_TO_L_ALL28	ALL28	L	L	G808-E0457	cth	ol	0	f44v	f44v	G808-P0162	f44v.1	1	3	H	A	1	2	EXACT	-0.203627288189	7	0	0	-0.0330328636762	72	0	0	-0.0661728150961	79	-0.0637836030091	79	-0.0301770331982	68	-0.0815822676564	4	0.0689535840989	6	0.212912974322	1	-0.236660151865	-0.236660151865	-0.233804321387	-0.167706567766	-0.0237471775435
M05_L_TO_L_ALL28:G808-E0469	M05_L_TO_L_ALL28	ALL28	L	L	G808-E0469	cth	ol	0	f44v	f44v	G808-P0163	f44v.7	7	3	H	A	1	2	EXACT	-0.381092175615	18	0	0	-0.0607821404613	72	-0.359343659043	1	-0.136083464236	90	-0.1367248049	91	-0.0527328906424	68	-0.197619673238	4	0.0775938674106	6	-0.370130154977	1	-0.441874316076	-0.80121797512	-0.433825066257	-0.364280448666	-0.812004471053
M05_L_TO_L_ALL28:G808-E0473	M05_L_TO_L_ALL28	ALL28	L	L	G808-E0473	cth	ol	0	f44v	f44v	G808-P0164	f44v.12	12	6	H	A	1	2	EXACT	-0.297074716353	19	0	0	-0.063037230916	72	0	0	-0.122606063433	91	-0.120216851346	91	-0.0622137441274	68	-0.077036792177	4	-0.0973653484145	6	0	0	-0.360111947269	-0.360111947269	-0.35928846048	-0.457477295684	-0.360111947269
M05_L_TO_L_ALL28:G808-E0550	M05_L_TO_L_ALL28	ALL28	L	L	G808-E0550	cth	ol	0	f49v	f49v	G808-P0186	f49v.22	22	2	H	A	1	1	EXACT	-0.22208538237	31	0	0	-0.0518797176506	72	-0.705260444412	2	-0.10801201211	103	-0.117931942637	105	-0.0452057755042	68	-0.165336323319	4	-0.166287148771	6	-0.568641588127	2	-0.273965100021	-0.979225544432	-0.267291157874	-0.440252248791	-0.842606688147
M05_L_TO_L_ALL28:G808-E0031	M05_L_TO_L_ALL28	ALL28	L	L	G808-E0031	cth	ol	0	f4r	f4r	G808-P0011	f4r.2	2	4	H	A	1	2	EXACT	-0.240259748221	14	0.211721071773	1	-0.0293352258701	72	0	0	-0.0745559425395	87	-0.0721174068508	87	-0.0257658401588	68	-0.0900150114748	4	-0.109569025801	6	0	0	-0.0578739023185	-0.0578739023185	-0.0543045166072	-0.167442928119	-0.0578739023185
M05_L_TO_L_ALL28:G808-E0034	M05_L_TO_L_ALL28	ALL28	L	L	G808-E0034	cth	ol	0	f4r	f4r	G808-P0012	f4r.7	7	2	H	A	1	2	EXACT	-0.282877502399	17	0	0	-0.0291707918832	72	-0.548747484376	2	-0.0897258497727	89	-0.0985348491009	91	-0.020698428152	68	-0.173201203828	4	-0.0559448735664	6	-0.41139715871	2	-0.312048294283	-0.860795778659	-0.303575930551	-0.367993167849	-0.723445452993
M05_L_TO_L_ALL28:G808-E0035	M05_L_TO_L_ALL28	ALL28	L	L	G808-E0035	cth	ol	0	f4v	f4v	G808-P0014	f4v.8	8	3	H	A	1	2	EXACT	-0.0675477194478	20	0	0	-0.0780154687966	71	-0.18470853892	2	-0.0860404706987	91	-0.0868530928253	93	-0.0705945207135	67	-0.202316399185	4	0.101049238744	6	-0.203444679201	2	-0.145563188244	-0.330271727164	-0.138142240161	-0.0445139495005	-0.349007867445
M05_L_TO_L_ALL28:G808-E0595	M05_L_TO_L_ALL28	ALL28	L	L	G808-E0595	cth	eol	1	f52v	f52v	G808-P0194	f52v.4	4	3	H	A	1	2	EXACT	-0.313316049571	18	0	0	-0.0335221866763	72	0	0	-0.100414435298	90	-0.097950808067	90	-0.0231270227677	68	-0.210240185423	4	-0.0926652766352	6	0	0	-0.346838236247	-0.346838236247	-0.336443072339	-0.439503512883	-0.346838236247
M05_L_TO_L_ALL28:G808-E0607	M05_L_TO_L_ALL28	ALL28	L	L	G808-E0607	cth	ol	0	f53v	f53v	G808-P0197	f53v.3	3	5	H	A	1	2	EXACT	-0.181326040809	29	0	0	-0.0159161311983	72	-0.347516932338	1	-0.069476343852	101	-0.0702759652407	102	-0.0213013869276	68	0.0756329443279	4	0.0363401885616	6	-0.35149417673	1	-0.197242172007	-0.544759104345	-0.202627427736	-0.160901983445	-0.548736348737
M05_L_TO_L_ALL28:G808-E0619	M05_L_TO_L_ALL28	ALL28	L	L	G808-E0619	cth	ol	0	f54v	f54v	G808-P0198	f54v.12	12	3	H	A	1	1	EXACT	-0.106155840385	50	0	0	0.00189321844631	72	0	0	-0.0405632003167	122	-0.038067344569	122	0.00184921968329	68	0.00264090626133	4	-0.229087095296	6	0.145603173892	1	-0.104262621939	-0.104262621939	-0.104306620702	-0.333349717235	0.0413405519536
M05_L_TO_L_ALL28:G808-E0628	M05_L_TO_L_ALL28	ALL28	L	L	G808-E0628	cth	ol	0	f56r	f56r	G808-P0204	f56r.11	11	4	H	A	1	2	EXACT	-0.252101885008	29	-0.430107016005	1	-0.052555273437	72	0.304062235558	1	-0.119249167322	102	-0.113185642064	103	-0.0626451608236	68	0.118972597949	4	0.125185328193	6	0.258623247437	2	-0.73476417445	-0.430701938891	-0.744854061836	-0.609578846256	-0.476140927012
M05_L_TO_L_ALL28:G808-E0056	M05_L_TO_L_ALL28	ALL28	L	L	G808-E0056	cth	ol	0	f6v	f6v	G808-P0020	f6v.7	7	4	H	A	1	1	EXACT	-0.135396367764	34	0	0	0.00325132353931	72	0.303625343577	1	-0.0450853815376	106	-0.0398834447248	107	-0.00458075400679	68	0.136396427797	4	-0.144501898981	6	0.510511389448	1	-0.132145044225	0.171480299352	-0.139977121771	-0.276646943206	0.378366345223
M05_L_TO_L_ALL28:G808-E0058	M05_L_TO_L_ALL28	ALL28	L	L	G808-E0058	cth	ol	0	f6v	f6v	G808-P0020	f6v.14	14	3	H	A	1	1	EXACT	-0.135396367764	34	0	0	-0.0250032088907	72	-0.0644024915921	1	-0.0642771394146	106	-0.0623353528569	107	-0.0271679922931	68	0.0117978949238	4	-0.179432563626	6	-0.0683053306614	1	-0.160399576655	-0.224802068247	-0.162564360058	-0.339832140281	-0.228704907317
M05_L_TO_L_ALL28:G808-E0061	M05_L_TO_L_ALL28	ALL28	L	L	G808-E0061	cth	ol	0	f7r	f7r	G808-P0022	f7r.7	7	2	H	A	1	2	EXACT	-0.232096870777	20	-0.109639332895	1	-0.0347051113473	72	0	0	-0.0885647103665	93	-0.0861582301672	93	-0.0353041992293	68	-0.0245208546502	4	-0.0814210236929	6	0	0	-0.376441315018	-0.376441315018	-0.3770404029	-0.457862338711	-0.376441315018
M05_L_TO_L_ALL28:G808-E0067	M05_L_TO_L_ALL28	ALL28	L	L	G808-E0067	cth	ol	0	f7v	f7v	G808-P0023	f7v.2	2	7	H	A	1	3	EXACT	-0.192454412742	19	0.189197478151	2	-0.0523196241787	72	-0.0569719399359	2	-0.0871194365312	93	-0.0851568967986	95	-0.0600768944387	68	0.0795538432863	4	0.102091797125	6	-0.00717450378725	3	-0.0555765587692	-0.112548498705	-0.0633338290292	0.0465152383555	-0.0627510625564
M05_L_TO_L_ALL28:G808-E1103	M05_L_TO_L_ALL28	ALL28	L	L	G808-E1103	cth	ol	0	f82r	f82r	G808-P0283	f82r.5	5	5	B	B	2	2	EXACT	0.216255168477	35	-0.0727113801501	1	0.0253569742127	72	-0.0873878533975	1	0.0828658699169	108	0.0833444601787	109	0.0204278421379	68	0.109152072532	4	-0.00341312936973	6	0.0537551833365	3	0.16890076254	0.0815129091421	0.163971630465	0.16548763317	0.222655945876
M05_L_TO_L_ALL28:G808-E1328	M05_L_TO_L_ALL28	ALL28	L	L	G808-E1328	cth	eol	1	f88r	f88r	G808-P0334	f88r.7	7	2	P	A	1	3	EXACT	-0.140952966443	22	0.736208070303	1	-0.025543778592	72	0	0	-0.054109418465	95	-0.0516877544755	95	-0.0261403461466	68	-0.0154021419786	4	-0.0159459633595	6	0	0	0.569711325269	0.569711325269	0.569114757714	0.553765361909	0.569711325269
M05_L_TO_L_ALL28:G808-E1341	M05_L_TO_L_ALL28	ALL28	L	L	G808-E1341	cth	ol	0	f88r	f88r	G808-P0336	f88r.26	26	4	P	A	1	2	EXACT	0.00360325579035	18	0	0	-0.00477156298347	72	-0.0364873934569	2	-0.0149531440644	90	-0.0141475699666	92	-0.000638217538719	68	-0.0750384473594	4	0.0837454849029	6	0.00564551416802	2	-0.00116830719312	-0.03765570065	0.00296503825163	0.0825771777098	0.00447720697489
M05_L_TO_L_ALL28:G808-E1371	M05_L_TO_L_ALL28	ALL28	L	L	G808-E1371	cth	ol	0	f89v1	f89v	G808-P0343	f89v1.6	6	10	P	A	1	3	EXACT	-0.0152180830511	32	-0.0881529304987	2	0.00143077474676	72	0	0	-0.0104944316477	106	-0.00812127923229	106	0.00681063385782	68	-0.0900270657229	4	0.0749988664793	6	0	0	-0.101940238803	-0.101940238803	-0.096560379692	-0.0269413723237	-0.101940238803
M05_L_TO_L_ALL28:G808-E1378	M05_L_TO_L_ALL28	ALL28	L	L	G808-E1378	cth	ol	0	f89v1	f89v	G808-P0344	f89v1.15	15	3	P	A	1	3	EXACT	-0.0555408764936	38	0	0	-0.0115838054592	72	0.302140872636	1	-0.0290247505261	110	-0.0241325472521	111	-0.00837513668617	68	-0.0661314101818	4	0.148857483057	6	-0.14212535264	2	-0.0671246819528	0.235016190683	-0.0639160131798	0.0817328011045	-0.209250034593
M05_L_TO_L_ALL28:G808-E0082	M05_L_TO_L_ALL28	ALL28	L	L	G808-E0082	cth	ol	0	f8v	f8v	G808-P0028	f8v.5	5	6	H	A	1	2	EXACT	-0.204226206276	33	-0.0231240114401	1	-0.0119272885488	72	-0.486221750471	1	-0.0762946709812	106	-0.0781381831852	107	-0.0177895272347	68	0.0877304810663	4	-0.105945019353	6	-0.529378018646	1	-0.239277506265	-0.725499256736	-0.245139744951	-0.345222525618	-0.768655524911
M05_L_TO_L_ALL28:G808-E1401	M05_L_TO_L_ALL28	ALL28	L	L	G808-E1401	cth	ol	0	f93r	f93r	G808-P0346	f93r.20	20	2	H	A	1	1	EXACT	-0.0498887954083	55	0	0	-0.0209513433572	72	0	0	-0.0301425355211	127	-0.0277310274839	127	-0.0129962722796	68	-0.156187783408	4	-0.0410530796808	6	0	0	-0.0708401387655	-0.0708401387655	-0.0628850676879	-0.111893218446	-0.0708401387655
M05_L_TO_L_ALL28:G808-E1404	M05_L_TO_L_ALL28	ALL28	L	L	G808-E1404	cth	ol	0	f93r	f93r	G808-P0346	f93r.30	30	3	H	A	1	1	EXACT	-0.0498887954083	55	0	0	-0.00685833969274	72	0	0	-0.0221528011602	127	-0.0197412931229	127	-0.00968311984627	68	0.0411626911848	4	-0.0346254180657	6	0	0	-0.056747135101	-0.056747135101	-0.0595719152545	-0.0913725531667	-0.056747135101
M05_L_TO_L_ALL28:G808-E1406	M05_L_TO_L_ALL28	ALL28	L	L	G808-E1406	cth	ol	0	f93r	f93r	G808-P0346	f93r.31	31	3	H	A	1	1	EXACT	-0.0498887954083	55	0	0	-0.00132968088718	72	0.0618392714213	1	-0.0190184434121	127	-0.016384559863	128	-0.00216299306314	68	0.0128363943717	4	-0.181883830928	6	0.146538972164	1	-0.0512184762954	0.0106207951258	-0.0520517884714	-0.233102307224	0.0953204958681
M05_L_TO_L_ALL28:G808-E1414	M05_L_TO_L_ALL28	ALL28	L	L	G808-E1414	cth	ol	0	f93v	f93v	G808-P0347	f93v.9	9	6	H	A	1	3	EXACT	-0.0483172072973	34	0.266777745256	1	0.00145566075193	71	0	0	-0.0160034504258	106	-0.013515031075	106	-0.00369493052655	67	0.0877265928922	4	0.0284697915607	6	0	0	0.219916198711	0.219916198711	0.214765607432	0.248385990271	0.219916198711
M05_L_TO_L_ALL28:G808-E1460	M05_L_TO_L_ALL28	ALL28	L	L	G808-E1460	cth	eol	1	f99r	f99r	G808-P0364	f99r.29	29	5	P	A	1	2	EXACT	-0.118820927201	10	0	0	-0.0432418013898	72	0	0	-0.0707568664336	82	-0.068172546203	82	-0.0384210609427	68	-0.125194608519	4	-0.140536836202	6	0	0	-0.162062728591	-0.162062728591	-0.157241988144	-0.302599564794	-0.162062728591
M05_L_TO_L_ALL28:G808-E1478	M05_L_TO_L_ALL28	ALL28	L	L	G808-E1478	cth	eol	1	f99v	f99v	G808-P0368	f99v.22	22	9	P	A	1	3	EXACT	0.183224482325	8	0.0176107324153	4	-0.00807075008565	72	-0.493193223687	1	-0.00469105835876	84	-0.00852509129261	85	-0.0157843138494	68	0.123059671686	4	-0.104844280544	6	-0.496702655241	1	0.192764464655	-0.300428759033	0.185050900891	0.0879201841106	-0.303938190586
M05_L_TO_L_ALL28:G808-E1638	M05_L_TO_L_ALL28	ALL28	L	L	G808-E1638	dch	eol	1	f104v	f104v	G808-P0425	f104v.5	5	1	S	B	3	2	EXACT	0.151016164555	23	0.00060534924488	1	0.0670408117304	72	0	0	0.0791358431821	96	0.0815130120665	96	0.0673863860804	68	0.0611633599896	4	0.100367020976	6	0	0	0.21866232553	0.21866232553	0.21900789988	0.319029346506	0.21866232553
M05_L_TO_L_ALL28:G808-E1844	M05_L_TO_L_ALL28	ALL28	L	L	G808-E1844	dch	eol	1	f108r	f108r	G808-P0522	f108r.22	22	1	S	B	3	3	EXACT	0.132087274768	5	0.319685981792	6	0.0263080248369	72	-0.00969981220841	1	0.0327814157094	83	0.0342178472584	84	0.025436613205	68	0.041120182475	4	-0.0991883785417	6	-0.0137419988429	1	0.478081281397	0.468381469188	0.477209869765	0.378892902855	0.464339282554
M05_L_TO_L_ALL28:G808-E2149	M05_L_TO_L_ALL28	ALL28	L	L	G808-E2149	dch	eol	1	f115r	f115r	G808-P0638	f115r.24	24	1	S	B	@	3	EXACT	0.10966174288	21	0.212269848369	6	0.00733205558382	70	-0.351821301468	1	0.0337916065985	97	0.0317227089226	98	0.00375361603254	66	0.0663764492397	4	0.0341173152331	6	-0.387417874187	1	0.329263646834	-0.0225576546348	0.325685207282	0.363380962067	-0.058154227353
M05_L_TO_L_ALL28:G808-E2155	M05_L_TO_L_ALL28	ALL28	L	L	G808-E2155	dch	ol	0	f115r	f115r	G808-P0640	f115r.31	31	5	S	B	@	3	EXACT	0.202439405158	27	0.0556900077721	2	0.0266617385907	70	-1.06395362075	1	0.0701248078933	99	0.0606601183974	100	0.034262662507	66	-0.0987533649685	4	0.0637261492529	6	-0.771881622004	1	0.284791151521	-0.779162469225	0.292392075437	0.348517300773	-0.487090470484
M05_L_TO_L_ALL28:G808-E0114	M05_L_TO_L_ALL28	ALL28	L	L	G808-E0114	dch	ol	0	f11r	f11r	G808-P0038	f11r.4	4	1	H	A	1	2	EXACT	-0.382831030352	15	-0.459844525159	2	-0.0446414771518	72	0.256189164404	1	-0.12120697327	89	-0.115437752291	90	-0.0512403496783	68	0.0675367063752	4	-0.0235555155707	6	0.132911332545	1	-0.887317032662	-0.631127868258	-0.893915905189	-0.910872548233	-0.754405700117
M05_L_TO_L_ALL28:G808-E0120	M05_L_TO_L_ALL28	ALL28	L	L	G808-E0120	dch	ol	0	f13r	f13r	G808-P0041	f13r.2	2	1	H	A	1	3	EXACT	-0.531385608135	16	-0.537790777148	4	-0.0310115952575	72	0	0	-0.150846281881	92	-0.148510338611	92	-0.0364359751597	68	0.0612001976082	4	0.0145344184494	6	0	0	-1.10018798054	-1.10018798054	-1.10561236044	-1.08565356209	-1.10018798054
M05_L_TO_L_ALL28:G808-E0147	M05_L_TO_L_ALL28	ALL28	L	L	G808-E0147	dch	ol	0	f16v	f16v	G808-P0053	f16v.4	4	1	H	A	1	2	EXACT	-0.321015421453	22	-0.263272090684	1	-0.0648915783086	72	0	0	-0.133646545042	95	-0.131286978062	95	-0.0724309345998	68	0.0632748245494	4	-0.0308934116769	6	0	0	-0.649179090446	-0.649179090446	-0.656718446737	-0.680072502123	-0.649179090446
M05_L_TO_L_ALL28:G808-E0232	M05_L_TO_L_ALL28	ALL28	L	L	G808-E0232	dch	ol	0	f22r	f22r	G808-P0077	f22r.12	12	5	H	A	1	2	EXACT	-0.308447815003	14	0	0	-0.0169323194542	72	-0.0805656093866	1	-0.0748923970479	86	-0.0732396560513	87	-0.0235660906646	68	0.0958391157636	4	0.0850061892873	6	-0.443940847861	2	-0.325380134457	-0.405945743844	-0.332013905668	-0.24037394517	-0.769320982319
M05_L_TO_L_ALL28:G808-E0283	M05_L_TO_L_ALL28	ALL28	L	L	G808-E0283	dch	ol	0	f27r	f27r	G808-P0093	f27r.2	2	7	H	A	1	3	EXACT	-0.179937576874	25	-0.0472755452633	1	-0.0684254132964	72	-0.115981975738	1	-0.102955432758	98	-0.101241822303	99	-0.0783096068817	68	0.0996032276839	4	0.0155492492874	6	-0.119353285993	1	-0.295638535433	-0.411620511171	-0.305522729019	-0.280089286146	-0.414991821426
M05_L_TO_L_ALL28:G808-E0002	M05_L_TO_L_ALL28	ALL28	L	L	G808-E0002	dch	ol	0	f2r	f2r	G808-P0001	f2r.6	6	7	H	A	1	3	EXACT	-0.256924562669	21	-0.104483447852	3	-0.0384334772476	72	-0.0279117585246	1	-0.0966006819112	96	-0.0940437140867	97	-0.0456776982144	68	0.084715597099	4	-0.0147916734532	6	-0.048668543873	1	-0.399841487769	-0.427753246293	-0.407085708736	-0.414633161222	-0.448510031642
M05_L_TO_L_ALL28:G808-E0330	M05_L_TO_L_ALL28	ALL28	L	L	G808-E0330	dch	ol	0	f32r	f32r	G808-P0111	f32r.19	19	2	H	A	1	1	EXACT	-0.257366109332	26	0	0	-0.0343381949642	72	0	0	-0.100231928074	98	-0.097844119037	98	-0.0286581642803	68	-0.130901401868	4	-0.162791412255	6	0	0	-0.291704304296	-0.291704304296	-0.286024273613	-0.454495716552	-0.291704304296
M05_L_TO_L_ALL28:G808-E0331	M05_L_TO_L_ALL28	ALL28	L	L	G808-E0331	dch	ol	0	f32v	f32v	G808-P0112	f32v.5	5	8	H	A	1	3	EXACT	-0.220000867679	24	-0.159555071236	4	-0.0376358607852	72	0.0201144081081	1	-0.0936470045698	100	-0.0906616890476	101	-0.0332693436132	68	-0.111869315428	4	0.128548349588	6	-0.0801802008676	2	-0.417191799701	-0.397077391593	-0.412825282529	-0.288643450113	-0.497372000568
M05_L_TO_L_ALL28:G808-E0375	M05_L_TO_L_ALL28	ALL28	L	L	G808-E0375	dch	ol	0	f37r	f37r	G808-P0129	f37r.6	6	5	H	A	1	2	EXACT	-0.338403689104	9	-0.219327709067	1	-0.049922739406	72	-0.662936366668	2	-0.0973637211255	82	-0.109672361222	84	-0.0591663609499	68	0.107216152974	4	-0.0892515182977	6	-0.519697481212	2	-0.607654137577	-1.27059050424	-0.616897759121	-0.696905655875	-1.12735161879
M05_L_TO_L_ALL28:G808-E0541	M05_L_TO_L_ALL28	ALL28	L	L	G808-E0541	dch	ol	0	f49r	f49r	G808-P0184	f49r.11	11	2	H	A	1	1	EXACT	-0.275209142485	20	0	0	0.00288839550992	72	0	0	-0.0654169169973	92	-0.0630245403624	92	-9.99502488256e-05	68	0.0536876315655	4	-0.032248314586	6	0	0	-0.272320746975	-0.272320746975	-0.275309092734	-0.304569061561	-0.272320746975
M05_L_TO_L_ALL28:G808-E0549	M05_L_TO_L_ALL28	ALL28	L	L	G808-E0549	dch	ol	0	f49v	f49v	G808-P0186	f49v.22	22	1	H	A	1	1	EXACT	-0.228864522933	31	0	0	-0.0317881917519	72	-0.668325404773	1	-0.0942124883588	103	-0.0978542379755	104	-0.0373419223139	68	0.0626225998607	4	-0.0768011556073	6	-0.774511761957	1	-0.260652714685	-0.928978119458	-0.266206445247	-0.337453870292	-1.03516447664
M05_L_TO_L_ALL28:G808-E0558	M05_L_TO_L_ALL28	ALL28	L	L	G808-E0558	dch	eol	1	f49v	f49v	G808-P0188	f49v.36	36	7	H	A	1	2	EXACT	-0.26364680103	28	0.099713133709	1	-0.0510051880384	72	-0.0369197777082	1	-0.112871345838	101	-0.110257608641	102	-0.0472556933481	68	-0.114749225716	4	-0.0207731315812	6	-0.0408866716066	1	-0.214938855359	-0.251858633067	-0.211189360669	-0.23571198694	-0.255825526966
M05_L_TO_L_ALL28:G808-E0580	M05_L_TO_L_ALL28	ALL28	L	L	G808-E0580	dch	ol	0	f51v	f51v	G808-P0192	f51v.3	3	6	H	A	1	3	EXACT	-0.0312697755338	38	0.0216755196742	1	-0.0420688227486	72	0.176645221573	1	-0.0393146476691	111	-0.0354818614957	112	-0.0508626933196	68	0.107424124805	4	-0.0522795552745	6	0.173892084662	1	-0.0516630786083	0.124982142965	-0.0604569491793	-0.103942633883	0.122229006054
M05_L_TO_L_ALL28:G808-E0648	M05_L_TO_L_ALL28	ALL28	L	L	G808-E0648	dch	ol	0	f58r	f58r	G808-P0209	f58r.41	41	1	S	A	3	2	EXACT	0.000642452852949	57	-0.266292597876	3	0.0398516148154	71	0.132387358539	1	0.0193221399504	131	0.0221578180306	132	0.0379141971817	67	0.0723026628567	4	0.0491199760021	6	0.21117164454	1	-0.225798530208	-0.093411171669	-0.227735947841	-0.176678554205	-0.0146268856672
M05_L_TO_L_ALL28:G808-E0041	M05_L_TO_L_ALL28	ALL28	L	L	G808-E0041	dch	ol	0	f5v	f5v	G808-P0017	f5v.2	2	1	H	A	1	2	EXACT	-0.367685371944	20	-0.0849755514012	2	-0.0440290202114	72	-0.115414036607	1	-0.122203623872	94	-0.120312424551	95	-0.0503908661491	68	0.0641196849807	4	0.0337135288102	6	-0.118741779289	1	-0.496689943556	-0.612103980164	-0.503051789494	-0.462976414746	-0.615431722846
M05_L_TO_L_ALL28:G808-E0676	M05_L_TO_L_ALL28	ALL28	L	L	G808-E0676	dch	eol	1	f66r	f66r	G808-P0218	f66r.73	73	7	T	B	5	3	EXACT	0.0952418239867	46	0.0332847132371	1	0.015644150623	71	0.678592973669	1	0.0478363090863	118	0.055126775827	119	0.0106209479667	67	0.099781804322	4	0.0221546670018	6	0.673471264068	1	0.144170687847	0.822763661516	0.13914748519	0.166325354849	0.817641951915
M05_L_TO_L_ALL28:G808-E0889	M05_L_TO_L_ALL28	ALL28	L	L	G808-E0889	dch	eol	1	f77v	f77v	G808-P0246	f77v.39	39	1	B	B	2	2	EXACT	0.192282595842	43	-0.212326100722	3	0.0186244494032	72	0	0	0.075681541601	118	0.0780080561335	118	0.0156538950291	68	0.0691212879613	4	-0.00923925238335	6	0	0	-0.00141905547635	-0.00141905547635	-0.00438960985042	-0.0106583078597	-0.00141905547635
M05_L_TO_L_ALL28:G808-E0976	M05_L_TO_L_ALL28	ALL28	L	L	G808-E0976	dch	ol	0	f79r	f79r	G808-P0255	f79r.29	29	7	B	B	2	3	EXACT	0.163475094157	20	0	0	0.0186712032384	72	0	0	0.0411803967871	92	0.043620519697	92	0.014019247756	68	0.0977518633965	4	-0.0442773676114	6	0	0	0.182146297396	0.182146297396	0.177494341913	0.137868929784	0.182146297396
M05_L_TO_L_ALL28:G808-E1010	M05_L_TO_L_ALL28	ALL28	L	L	G808-E1010	dch	eol	1	f80r	f80r	G808-P0266	f80r.19	19	1	B	B	2	3	EXACT	0.108573611858	85	-0.134471321208	5	0.0438204839651	72	0	0	0.0768176283714	162	0.0774876489124	162	0.0383841630047	68	0.136247834015	4	0.0227195792532	6	0	0	0.0179227746147	0.0179227746147	0.0124864536543	0.0406423538679	0.0179227746147
M05_L_TO_L_ALL28:G808-E1068	M05_L_TO_L_ALL28	ALL28	L	L	G808-E1068	dch	ol	0	f81r	f81r	G808-P0279	f81r.13	13	1	B	B	2	1	EXACT	0.151682994591	37	0	0	0.0368374256354	72	0	0	0.0743392380143	109	0.07679899486	109	0.0349821095526	68	0.068374218837	4	0.00622794302823	6	0	0	0.188520420226	0.188520420226	0.186665104144	0.194748363255	0.188520420226
M05_L_TO_L_ALL28:G808-E1280	M05_L_TO_L_ALL28	ALL28	L	L	G808-E1280	dch	ol	0	f86v5	f86v	G808-P0325	f86v5.37	37	1	T	B	2	2	EXACT	-0.0631569830794	67	-0.121592775072	2	0.0472121621791	72	0	0	-0.000907963711798	141	0.00143279237586	141	0.0463090688872	68	0.0625616231988	4	-0.00819497998189	6	0	0	-0.137537595972	-0.137537595972	-0.138440689264	-0.145732575954	-0.137537595972
M05_L_TO_L_ALL28:G808-E1315	M05_L_TO_L_ALL28	ALL28	L	L	G808-E1315	dch	ol	0	f87r	f87r	G808-P0330	f87r.9	9	4	H	A	1	2	EXACT	-0.0354349553215	28	-0.0157382509255	1	-0.0478673597734	72	0	0	-0.0540518378174	101	-0.0528198829361	101	-0.0492931035671	68	-0.023619823084	4	-0.0212067862371	6	0	0	-0.0990405660204	-0.0990405660204	-0.100466309814	-0.120247352258	-0.0990405660204
M05_L_TO_L_ALL28:G808-E0069	M05_L_TO_L_ALL28	ALL28	L	L	G808-E0069	dch	ol	0	f8r	f8r	G808-P0025	f8r.4	4	5	H	A	1	3	EXACT	-0.23654568443	27	-0.154593478873	3	-0.0208532818174	70	0.256976371726	2	-0.0887246089991	100	-0.0806533108539	102	-0.0160891771286	66	-0.0994599684388	4	0.0406787690709	6	0.307054353274	2	-0.41199244512	-0.155016073394	-0.407228340431	-0.371313676049	-0.104938091846
M05_L_TO_L_ALL28:G808-E1560	M05_L_TO_L_ALL28	ALL28	L	L	G808-E1560	dsh	ol	0	f103r	f103r	G808-P0385	f103r.16	16	1	S	B	3	3	EXACT	0.248953417543	10	0.27660280605	3	0.0335918757988	72	0	0	0.0519716093458	85	0.0545154824701	85	0.028878924341	68	0.113711506118	4	0.0345169722244	6	0	0	0.559148099392	0.559148099392	0.554435147934	0.593665071616	0.559148099392
M05_L_TO_L_ALL28:G808-E1726	M05_L_TO_L_ALL28	ALL28	L	L	G808-E1726	dsh	eol	1	f106r	f106r	G808-P0464	f106r.18	18	2	S	B	3	3	EXACT	0.109241055789	13	-0.448679394992	2	0.0524446073816	72	0	0	0.0359472551164	87	0.0386046469393	87	0.0564897864045	68	-0.0163240440649	4	-0.0882512439914	6	0	0	-0.286993731822	-0.286993731822	-0.282948552799	-0.375244975813	-0.286993731822
M05_L_TO_L_ALL28:G808-E1915	M05_L_TO_L_ALL28	ALL28	L	L	G808-E1915	dsh	eol	1	f108v	f108v	G808-P0537	f108v.38	38	1	S	B	3	3	EXACT	0.206398664059	87	-0.00919999871824	3	0.0743355409433	72	0	0	0.149349585087	162	0.151535077052	162	0.0713629065102	68	0.124869706207	4	0.0118781007663	6	0	0	0.271534206284	0.271534206284	0.268561571851	0.283412307051	0.271534206284
M05_L_TO_L_ALL28:G808-E2163	M05_L_TO_L_ALL28	ALL28	L	L	G808-E2163	dsh	eol	1	f115v	f115v	G808-P0645	f115v.3	3	1	S	B	3	3	EXACT	0.0752914756743	26	-0.140993942044	1	0.07768877974	72	0	0	0.0678565102944	99	0.0704623671901	99	0.0757707064914	68	0.110295346733	4	0.0943535790835	6	0	0	0.0119863133704	0.0119863133704	0.0100682401217	0.106339892454	0.0119863133704
M05_L_TO_L_ALL28:G808-E0490	M05_L_TO_L_ALL28	ALL28	L	L	G808-E0490	dsh	eol	1	f46r	f46r	G808-P0171	f46r.8	8	1	H	B	2	3	EXACT	0.144894747978	16	-0.241297855884	2	0.000837032652638	72	-0.0501339629266	2	0.00915619654694	90	0.00929861585942	92	-0.00581403387626	68	0.113904535381	4	0.0557986176198	6	-0.109765963666	2	-0.0955660752536	-0.14570003818	-0.102217141782	-0.0397674576338	-0.20533203892
M05_L_TO_L_ALL28:G808-E0665	M05_L_TO_L_ALL28	ALL28	L	L	G808-E0665	dsh	eol	1	f66r	f66r	G808-P0214	f66r.56	56	1	T	B	5	1	EXACT	0.112701276532	26	0	0	0.0111763879798	71	0.138039831525	1	0.0325025069665	97	0.035674210299	98	0.00804856186657	67	0.0635669481798	4	-0.0414050777738	6	-0.0455924418448	1	0.123877664511	0.261917496036	0.120749838398	0.0824725867375	0.0782852226665
M05_L_TO_L_ALL28:G808-E0813	M05_L_TO_L_ALL28	ALL28	L	L	G808-E0813	dsh	ol	0	f76v	f76v	G808-P0238	f76v.26	26	1	B	B	2	3	EXACT	0.145300801039	42	0.199125309852	1	0.0244885537103	72	0.0347340520829	1	0.068948735598	115	0.0708258441578	116	0.0193545344749	68	0.111766172274	4	0.0513335189539	6	0.0307562808202	1	0.3689146646	0.403648716683	0.363780645365	0.420248183554	0.399670945421
M05_L_TO_L_ALL28:G808-E1100	M05_L_TO_L_ALL28	ALL28	L	L	G808-E1100	dsh	eol	1	f81v	f81v	G808-P0282	f81v.27	27	1	B	B	2	2	EXACT	0.149084501995	55	-0.0381034497228	1	0.0222247412702	72	0	0	0.0787186945721	128	0.0812948071888	128	0.0166516894201	68	0.11696593776	4	-0.0843285211882	6	0.025395987742	1	0.133205793542	0.133205793542	0.127632741692	0.048877272354	0.158601781284
M05_L_TO_L_ALL28:G808-E1214	M05_L_TO_L_ALL28	ALL28	L	L	G808-E1214	dsh	eol	1	f83v	f83v	G808-P0301	f83v.27	27	1	B	B	2	2	EXACT	0.250810645355	38	0.387819067455	1	0.0280781190009	72	0	0	0.105069060272	111	0.107675417696	111	0.0230002958897	68	0.114400515575	4	0.089591295771	6	0	0	0.666707831811	0.666707831811	0.6616300087	0.756299127582	0.666707831811
M05_L_TO_L_ALL28:G808-E1337	M05_L_TO_L_ALL28	ALL28	L	L	G808-E1337	dsh	eol	1	f88r	f88r	G808-P0335	f88r.20	20	1	P	A	1	3	EXACT	-0.0232094729702	11	0.224218518854	4	-0.00310721481106	72	-0.0727961598133	2	-0.010015327058	87	-0.0101154449218	89	-0.00910667545444	68	0.0988829932522	4	0.0292738504926	6	-0.0277144664746	2	0.197901831073	0.125105671259	0.191902370429	0.227175681565	0.170187364598
M05_L_TO_L_ALL28:G808-E0080	M05_L_TO_L_ALL28	ALL28	L	L	G808-E0080	dsh	ol	0	f8v	f8v	G808-P0028	f8v.4	4	1	H	A	1	2	EXACT	-0.218089967004	32	-0.383029114519	1	-0.0150205957034	72	0	0	-0.0849955633821	105	-0.082436940065	105	-0.0226513515331	68	0.114701529454	4	0.091224962875	6	0	0	-0.616139677227	-0.616139677227	-0.623770433056	-0.524914714352	-0.616139677227
M05_L_TO_L_ALL28:G808-E1459	M05_L_TO_L_ALL28	ALL28	L	L	G808-E1459	dsh	eol	1	f99r	f99r	G808-P0364	f99r.29	29	1	P	A	1	2	EXACT	-0.123476764276	10	0.2680890494	2	-0.0304864116877	72	0	0	-0.0514756178012	84	-0.0486848640776	84	-0.0372956465782	68	0.0852697451047	4	0.00206028736807	6	0	0	0.114125873437	0.114125873437	0.107316638546	0.116186160805	0.114125873437
M05_L_TO_L_ALL28:G808-E1998	M05_L_TO_L_ALL28	ALL28	L	L	G808-E1998	fch	eol	1	f112v	f112v	G808-P0563	f112v.1	1	6	S	B	3	3	EXACT	0.105832782545	31	0	0	0.023087061324	72	0.0524127961135	1	0.0412465129468	103	0.0438752157737	104	0.0234482632115	68	0.0169469621966	4	-0.106544030977	6	0.188317737776	2	0.128919843869	0.181332639982	0.129281045756	0.0223758128918	0.317237581645
M05_L_TO_L_ALL28:G808-E0159	M05_L_TO_L_ALL28	ALL28	L	L	G808-E0159	fch	ol	0	f17v	f17v	G808-P0058	f17v.4	4	2	H	A	1	2	EXACT	-0.0785660398858	64	0	0	-0.0203874787278	72	-0.0173328252539	1	-0.0430786073015	136	-0.0416274135467	137	-0.0303580342378	68	0.149124794967	4	-0.0124963240986	6	-0.0170994534667	1	-0.0989535186136	-0.116286343868	-0.108924074124	-0.111449842712	-0.11605297208
M05_L_TO_L_ALL28:G808-E1674	M05_L_TO_L_ALL28	ALL28	L	L	G808-E1674	k	ol	0	f105r	f105r	G808-P0442	f105r.17	17	6	S	B	3	3	EXACT	0.0792648859353	31	-0.221088685031	1	0.0497084951463	71	0	0	0.0514723926401	103	0.0539653607252	103	0.058947513654	67	-0.105044742862	4	-0.108089214407	6	0.0203652223089	1	-0.0921153039491	-0.0921153039491	-0.0828762854414	-0.200204518357	-0.0717500816402
M05_L_TO_L_ALL28:G808-E1853	M05_L_TO_L_ALL28	ALL28	L	L	G808-E1853	k	eol	1	f108r	f108r	G808-P0525	f108r.31	31	1	S	B	3	2	EXACT	0.203743097339	8	-0.236923863976	2	0.0351669968677	72	0	0	0.0250615287782	82	0.0278026698321	82	0.0335271211619	68	0.0630471894983	4	-5.34904658997e-05	6	0	0	0.00198623023013	0.00198623023013	0.000346354524298	0.00193273976423	0.00198623023013
M05_L_TO_L_ALL28:G808-E1878	M05_L_TO_L_ALL28	ALL28	L	L	G808-E1878	k	eol	1	f108r	f108r	G808-P0530	f108r.48	48	5	S	B	3	3	EXACT	0.352548077581	10	0.0692227068319	2	0.0231407647994	72	0.130415200023	2	0.0450359912886	84	0.0483953923816	86	0.0305236273928	68	-0.102365593658	4	-0.0601872068679	6	-0.0588867353243	2	0.444911549212	0.575326749235	0.452294411805	0.384724342344	0.386024813888
M05_L_TO_L_ALL28:G808-E1905	M05_L_TO_L_ALL28	ALL28	L	L	G808-E1905	k	eol	1	f108v	f108v	G808-P0537	f108v.30	30	3	S	B	3	3	EXACT	0.201951466637	90	-0.111775585489	3	0.043119428991	72	0	0	0.133342572892	165	0.135452257606	165	0.0504140924144	68	-0.0808888241095	4	-0.0103086768483	6	0	0	0.133295310139	0.133295310139	0.140589973562	0.122986633291	0.133295310139
M05_L_TO_L_ALL28:G808-E1921	M05_L_TO_L_ALL28	ALL28	L	L	G808-E1921	k	eol	1	f108v	f108v	G808-P0537	f108v.46	46	7	S	B	3	3	EXACT	0.201951466637	90	-0.0633295312275	1	0.0643796934922	72	0.293367736861	1	0.14635958206	163	0.149086528616	164	0.0628707568694	68	0.0900326411763	4	-0.0827021579151	6	0.289277659097	1	0.203001628902	0.496369365763	0.201492692279	0.120299470987	0.492279287999
M05_L_TO_L_ALL28:G808-E2121	M05_L_TO_L_ALL28	ALL28	L	L	G808-E2121	k	eol	1	f114v	f114v	G808-P0622	f114v.9	9	5	S	B	3	3	EXACT	0.286394846365	10	0.00495683753233	1	0.042286150045	72	-0.117382390911	2	0.056542582552	83	0.0536366421418	85	0.0504897257705	68	-0.0971747650439	4	-0.10432349238	6	-0.0364836286202	2	0.333637833943	0.216255443032	0.341841409668	0.229314341563	0.297154205323
M05_L_TO_L_ALL28:G808-E0132	M05_L_TO_L_ALL28	ALL28	L	L	G808-E0132	k	ol	0	f14r	f14r	G808-P0045	f14r.4	4	2	H	A	1	2	EXACT	-0.168138733721	19	0	0	-0.0533011307249	72	-0.664885090856	1	-0.0867054532937	91	-0.0911065347293	92	-0.0551715071723	68	-0.0215038999614	4	0.0800416867657	6	-0.449364031304	2	-0.221439864445	-0.886324955302	-0.223310240893	-0.14139817768	-0.67080389575
M05_L_TO_L_ALL28:G808-E0135	M05_L_TO_L_ALL28	ALL28	L	L	G808-E0135	k	ol	0	f14v	f14v	G808-P0047	f14v.1	1	7	H	A	1	3	EXACT	-0.333178106707	33	0	0	-0.0193375348771	72	0.339855307881	1	-0.121672558104	105	-0.11536186475	106	-0.0165570925359	68	-0.0666042262102	4	0.0681140507492	6	0.519578609139	1	-0.352515641584	-0.0126603337027	-0.349735199243	-0.284401590835	0.167062967555
M05_L_TO_L_ALL28:G808-E0144	M05_L_TO_L_ALL28	ALL28	L	L	G808-E0144	k	ol	0	f16r	f16r	G808-P0050	f16r.2	2	3	H	A	1	3	EXACT	-0.305561783869	12	0	0	-0.0663147976385	72	-0.171466662798	1	-0.113850680856	84	-0.112701950334	85	-0.058102349734	68	-0.205925595502	4	0.0477312073786	6	-0.189452490298	1	-0.371876581507	-0.543343244305	-0.363664133603	-0.324145374128	-0.561329071805
M05_L_TO_L_ALL28:G808-E0261	M05_L_TO_L_ALL28	ALL28	L	L	G808-E0261	k	eol	1	f24v	f24v	G808-P0087	f24v.10	10	4	H	A	1	2	EXACT	-0.235954028709	21	0	0	-0.0464652201753	72	0	0	-0.0978807139612	93	-0.0954206339294	93	-0.0423000640144	68	-0.117272521955	4	0.0472688049362	6	0	0	-0.282419248884	-0.282419248884	-0.278254092723	-0.235150443948	-0.282419248884
M05_L_TO_L_ALL28:G808-E0284	M05_L_TO_L_ALL28	ALL28	L	L	G808-E0284	k	eol	1	f27r	f27r	G808-P0093	f27r.3	3	3	H	A	1	2	EXACT	-0.174124453396	27	-0.103653944296	4	-0.0633621432436	72	-0.184721660528	1	-0.100975402982	103	-0.0998630781961	104	-0.0611340922939	68	-0.10123825813	4	-0.0241671751019	6	-0.210884047381	1	-0.341140540936	-0.525862201464	-0.338912489986	-0.365307716038	-0.552024588317
M05_L_TO_L_ALL28:G808-E0293	M05_L_TO_L_ALL28	ALL28	L	L	G808-E0293	k	ol	0	f28r	f28r	G808-P0095	f28r.8	8	4	H	A	1	2	EXACT	-0.294918524773	29	0.15913273494	1	-0.0557269175245	72	-0.686085457784	2	-0.127013913587	102	-0.136345459652	104	-0.0549510179037	68	-0.0689164120433	4	-0.072536786633	6	-0.758934116543	2	-0.191512707357	-0.877598165141	-0.190736807737	-0.26404949399	-0.9504468239
M05_L_TO_L_ALL28:G808-E0005	M05_L_TO_L_ALL28	ALL28	L	L	G808-E0005	k	ol	0	f2r	f2r	G808-P0002	f2r.9	9	3	H	A	1	3	EXACT	-0.0591776062917	25	0.00037737988229	1	-0.0638833990674	72	0	0	-0.0690661041559	98	-0.066649143846	98	-0.0630204630768	68	-0.0785525596517	4	-0.0020170771289	6	-0.14340855135	1	-0.122683625477	-0.122683625477	-0.121820689486	-0.124700702606	-0.266092176827
M05_L_TO_L_ALL28:G808-E0007	M05_L_TO_L_ALL28	ALL28	L	L	G808-E0007	k	eol	1	f2r	f2r	G808-P0002	f2r.10	10	7	H	A	1	3	EXACT	-0.0591776062917	25	-0.154921521444	1	-0.0512740756914	72	-0.0951028334972	3	-0.0613867941381	98	-0.0615085756924	101	-0.0585470791589	68	0.0723677345122	4	0.0320076725091	6	-0.243677016717	3	-0.265373203427	-0.360476036924	-0.272646206895	-0.233365530918	-0.509050220145
M05_L_TO_L_ALL28:G808-E0012	M05_L_TO_L_ALL28	ALL28	L	L	G808-E0012	k	eol	1	f2v	f2v	G808-P0004	f2v.6	6	5	H	A	1	3	EXACT	-0.275062314557	12	-0.224017575299	1	-0.0452468797161	72	0.162428888943	2	-0.093428720117	85	-0.086297374816	87	-0.0415539028662	68	-0.108026698199	4	-0.0932079999242	6	0.0947165391505	2	-0.544326769571	-0.381897880628	-0.540633792721	-0.637534769496	-0.449610230421
M05_L_TO_L_ALL28:G808-E0333	M05_L_TO_L_ALL28	ALL28	L	L	G808-E0333	k	eol	1	f32v	f32v	G808-P0113	f32v.10	10	2	H	A	1	3	EXACT	-0.299435259355	20	0.345161247319	4	-0.0316177913078	72	-0.15010079843	2	-0.0816830657612	96	-0.0817171240925	98	-0.0315466955928	68	-0.032825679802	4	-0.000859854160367	6	-0.164265044283	2	0.0141081966559	-0.135992601774	0.0141792923709	0.0132483424955	-0.150156847627
M05_L_TO_L_ALL28:G808-E0359	M05_L_TO_L_ALL28	ALL28	L	L	G808-E0359	k	ol	0	f35v	f35v	G808-P0123	f35v.7	7	5	H	A	1	2	EXACT	-0.297393595067	44	0	0	-0.0533007554963	72	-0.646947055437	2	-0.145786792894	116	-0.152702157067	118	-0.06263780925	68	0.105429865852	4	-0.0285267294183	6	-0.501008578389	2	-0.350694350563	-0.997641406	-0.360031404317	-0.379221079981	-0.851702928952
M05_L_TO_L_ALL28:G808-E0370	M05_L_TO_L_ALL28	ALL28	L	L	G808-E0370	k	eol	1	f36v	f36v	G808-P0127	f36v.7	7	2	H	A	1	2	EXACT	-0.323377274709	16	-0.0195300371458	2	-0.0345010470311	72	-0.0798186523325	1	-0.0969340789485	90	-0.0948736596572	91	-0.0346558786663	68	-0.0318680807657	4	0.0491654423005	6	-0.129061892806	2	-0.377408358886	-0.457227011218	-0.377563190521	-0.328242916585	-0.506470251692
M05_L_TO_L_ALL28:G808-E0376	M05_L_TO_L_ALL28	ALL28	L	L	G808-E0376	k	ol	0	f37r	f37r	G808-P0130	f37r.10	10	9	H	A	1	3	EXACT	-0.207982141295	14	-0.108265063797	4	-0.0699262886759	72	-0.312859063956	1	-0.10590979574	90	-0.106344668708	91	-0.0702756317943	68	-0.0639867009566	4	0.0379843506482	6	-0.743874877001	1	-0.386173493768	-0.699032557724	-0.386522836886	-0.348189143119	-1.13004837077
M05_L_TO_L_ALL28:G808-E0453	M05_L_TO_L_ALL28	ALL28	L	L	G808-E0453	k	ol	0	f43v	f43v	G808-P0158	f43v.15	15	7	H	B	2	3	EXACT	-0.0223728149955	24	0	0	0.0140210144933	72	0.572573940084	1	-0.00240461011558	96	0.00546052698033	97	0.0109076830816	68	0.0669484796494	4	0.106474766363	6	0.568480393021	1	-0.00835180050218	0.564222139581	-0.0114651319139	0.0981229658609	0.560128592518
M05_L_TO_L_ALL28:G808-E0477	M05_L_TO_L_ALL28	ALL28	L	L	G808-E0477	k	ol	0	f45r	f45r	G808-P0167	f45r.9	9	8	H	A	1	3	EXACT	-0.232736089097	16	-0.103963996681	1	-0.0265784493992	72	-0.203001399586	2	-0.0758253613978	89	-0.0773359591564	91	-0.0236932908848	68	-0.0756253186001	4	0.0349649943298	6	-0.210442683541	2	-0.363278535178	-0.566279934763	-0.360393376663	-0.328313540848	-0.573721218719
M05_L_TO_L_ALL28:G808-E0515	M05_L_TO_L_ALL28	ALL28	L	L	G808-E0515	k	ol	0	f47v	f47v	G808-P0178	f47v.4	4	3	H	A	1	2	EXACT	-0.186542214648	19	-0.0291317166964	1	-0.0849169872088	72	0.0188885631505	2	-0.115182187774	92	-0.110985590984	94	-0.0773998537277	68	-0.212707541542	4	-0.121292952285	6	0.0760301365855	2	-0.300590918554	-0.281702355403	-0.293073785072	-0.421883870838	-0.224560781968
M05_L_TO_L_ALL28:G808-E0576	M05_L_TO_L_ALL28	ALL28	L	L	G808-E0576	k	ol	0	f51r	f51r	G808-P0191	f51r.12	12	3	H	A	1	2	EXACT	-0.138945811107	39	0	0	-0.0186343092416	72	0	0	-0.0624759774411	111	-0.0599687067259	111	-0.00769097163879	68	-0.204670268597	4	-0.058111056877	6	0	0	-0.157580120348	-0.157580120348	-0.146636782745	-0.215691177225	-0.157580120348
M05_L_TO_L_ALL28:G808-E0616	M05_L_TO_L_ALL28	ALL28	L	L	G808-E0616	k	ol	0	f54v	f54v	G808-P0198	f54v.10	10	1	H	A	1	2	EXACT	-0.114411854238	46	-0.149915384204	2	-0.0294154664229	72	0.16139866329	1	-0.0638178312429	120	-0.0599007166334	121	-0.0361962318263	68	0.0858583505621	4	0.140902983904	6	0.157485208694	1	-0.293742704865	-0.132344041576	-0.300523470269	-0.152839720961	-0.136257496171
M05_L_TO_L_ALL28:G808-E0630	M05_L_TO_L_ALL28	ALL28	L	L	G808-E0630	k	eol	1	f56r	f56r	G808-P0204	f56r.19	19	2	H	A	1	1	EXACT	-0.254418633739	32	0	0	-0.0663887063378	72	-0.718424054335	2	-0.12827643354	104	-0.137927900955	106	-0.0616794464504	68	-0.146445296674	4	-0.0406804151764	6	-0.572852799622	2	-0.320807340076	-1.03923139441	-0.316098080189	-0.361487755253	-0.893660139698
M05_L_TO_L_ALL28:G808-E0633	M05_L_TO_L_ALL28	ALL28	L	L	G808-E0633	k	ol	0	f56v	f56v	G808-P0206	f56v.8	8	5	H	A	1	2	EXACT	-0.229281476057	24	0	0	-0.0606910519048	72	0	0	-0.110054903709	96	-0.107580605827	96	-0.0563960989511	68	-0.133704439912	4	-0.0560563423425	6	0	0	-0.289972527962	-0.289972527962	-0.285677575008	-0.346028870304	-0.289972527962
M05_L_TO_L_ALL28:G808-E0658	M05_L_TO_L_ALL28	ALL28	L	L	G808-E0658	k	ol	0	f58v	f58v	G808-P0212	f58v.32	32	9	S	A	3	3	EXACT	0.0627038291893	21	0.0442962667787	2	0.0284806206095	71	0.241108272318	1	0.0275662907023	94	0.0316802566506	95	0.034102586442	67	-0.0656870823889	4	-0.0388036762638	6	0.237008785417	1	0.135480716577	0.376588988896	0.14110268241	0.0966770403136	0.372489501994
M05_L_TO_L_ALL28:G808-E0663	M05_L_TO_L_ALL28	ALL28	L	L	G808-E0663	k	ol	0	f66r	f66r	G808-P0214	f66r.53	53	10	T	B	5	3	EXACT	0.163198236044	22	0	0	0.0106911828307	71	-0.105312913515	1	0.0396139133617	93	0.0400331462768	94	0.0149271336089	67	-0.0602615198998	4	-0.0116842117607	6	0.0352012157558	2	0.173889418874	0.0685765053598	0.178125369653	0.162205207114	0.20909063463
M05_L_TO_L_ALL28:G808-E0704	M05_L_TO_L_ALL28	ALL28	L	L	G808-E0704	k	ol	0	f75r	f75r	G808-P0222	f75r.17	17	7	B	B	2	3	EXACT	0.228689957133	87	0	0	0.00525966086652	72	0	0	0.137034240059	159	0.13949431129	159	0.00151734371526	68	0.0688799138798	4	-0.0203039422717	6	0	0	0.233949618	0.233949618	0.230207300848	0.213645675728	0.233949618
M05_L_TO_L_ALL28:G808-E0918	M05_L_TO_L_ALL28	ALL28	L	L	G808-E0918	k	eol	1	f78r	f78r	G808-P0247	f78r.25	25	2	B	B	2	2	EXACT	0.149192110599	53	0.2393877386	1	0.0374651276625	72	0	0	0.088534683416	126	0.0910270653546	126	0.0408285765982	68	-0.0197127170622	4	0.121436586591	6	0	0	0.426044976862	0.426044976862	0.429408425797	0.547481563453	0.426044976862
M05_L_TO_L_ALL28:G808-E1327	M05_L_TO_L_ALL28	ALL28	L	L	G808-E1327	k	eol	1	f87v	f87v	G808-P0333	f87v.14	14	3	H	A	1	2	EXACT	0.0396803212049	18	-0.10076086584	1	-0.0929954958589	72	0	0	-0.0772529472643	91	-0.0747944662551	91	-0.0868539203247	68	-0.1974014185	4	0.0721277628659	6	0	0	-0.154076040494	-0.154076040494	-0.14793446496	-0.0819482776284	-0.154076040494
M05_L_TO_L_ALL28:G808-E0088	M05_L_TO_L_ALL28	ALL28	L	L	G808-E0088	k	ol	0	f8v	f8v	G808-P0029	f8v.14	14	5	H	A	1	2	EXACT	-0.0266124351354	23	-0.213371157244	1	-0.0300961200976	72	0	0	-0.0392418247188	96	-0.0367207564531	96	-0.0255040832249	68	-0.108159927652	4	-0.172774482824	6	0	0	-0.270079712477	-0.270079712477	-0.265487675605	-0.442854195302	-0.270079712477
M05_L_TO_L_ALL28:G808-E1395	M05_L_TO_L_ALL28	ALL28	L	L	G808-E1395	k	eol	1	f93r	f93r	G808-P0346	f93r.10	10	3	H	A	1	2	EXACT	-0.0391883258897	53	0	0	-0.0402966134376	72	0.194999067956	1	-0.0369872689395	125	-0.0330764162803	126	-0.0292292576282	68	-0.228440847003	4	0.034617885599	6	0.19073737473	1	-0.0794849393273	0.115514128628	-0.0684175835179	-0.0448670537283	0.111252435402
M05_L_TO_L_ALL28:G808-E1425	M05_L_TO_L_ALL28	ALL28	L	L	G808-E1425	k	ol	0	f95r1	f95r	G808-P0352	f95r1.2	2	8	H	B	3	3	EXACT	-0.0311748292528	21	-0.0513988753563	4	0.0222736705405	72	0.126685354354	3	-0.00183045975142	97	0.00286960226166	100	0.017696978069	68	0.100078252942	4	0.0587985799005	6	0.0208403894377	4	-0.0603000340686	0.066385320285	-0.0648767265401	-0.0015014541681	-0.0394596446309
M05_L_TO_L_ALL28:G808-E0107	M05_L_TO_L_ALL28	ALL28	L	L	G808-E0107	kch	ol	0	f10v	f10v	G808-P0036	f10v.3	3	3	H	A	1	2	EXACT	-0.112547177355	12	-0.229678173433	1	-0.0555238249216	72	0	0	-0.081295652697	85	-0.078546552561	85	-0.046673160199	68	-0.205984816501	4	0.0664278535706	6	-0.258915136749	1	-0.397749175709	-0.397749175709	-0.388898510986	-0.331321322138	-0.656664312457
M05_L_TO_L_ALL28:G808-E2028	M05_L_TO_L_ALL28	ALL28	L	L	G808-E2028	kch	ol	0	f113r	f113r	G808-P0577	f113r.6	6	12	S	B	3	3	EXACT	0.133012231582	21	0.0194579451822	7	0.0421623777333	72	0.121927332087	1	0.0480457377583	100	0.051004985276	101	0.0396802315341	68	0.0843592945312	4	-0.100495262224	6	-0.124671111479	2	0.194632554497	0.316559886584	0.192150408298	0.0941372922738	0.0699614430188
M05_L_TO_L_ALL28:G808-E0112	M05_L_TO_L_ALL28	ALL28	L	L	G808-E0112	kch	ol	0	f11r	f11r	G808-P0038	f11r.2	2	8	H	A	1	3	EXACT	-0.480731847748	15	-0.189784911289	2	-0.0401999332883	72	-1.07471884414	1	-0.131212271721	89	-0.139815126542	90	-0.0359397229083	68	-0.112623241687	4	-0.0172130071575	6	-0.802873569277	1	-0.710716692326	-1.78543553647	-0.706456481946	-0.727929699484	-1.5135902616
M05_L_TO_L_ALL28:G808-E0122	M05_L_TO_L_ALL28	ALL28	L	L	G808-E0122	kch	ol	0	f13r	f13r	G808-P0042	f13r.5	5	4	H	A	1	2	EXACT	-0.334719373605	23	0	0	-0.0602146195473	72	0	0	-0.135683567463	95	-0.132904127556	95	-0.0581435914894	68	-0.0954218479796	4	0.00213452528559	6	0	0	-0.394933993152	-0.394933993152	-0.392862965094	-0.392799467867	-0.394933993152
M05_L_TO_L_ALL28:G808-E0166	M05_L_TO_L_ALL28	ALL28	L	L	G808-E0166	kch	ol	0	f17v	f17v	G808-P0058	f17v.9	9	3	H	A	1	1	EXACT	-0.0726279293413	65	0	0	-0.0513394811408	72	-0.096155911926	1	-0.0545133762342	137	-0.0526628909702	138	-0.0424632609794	68	-0.202234837623	4	-0.13702780083	6	-0.0645052628097	1	-0.123967410482	-0.220123322408	-0.115091190321	-0.260995211312	-0.188472673292
M05_L_TO_L_ALL28:G808-E0192	M05_L_TO_L_ALL28	ALL28	L	L	G808-E0192	kch	ol	0	f19v	f19v	G808-P0063	f19v.2	2	2	H	A	1	2	EXACT	-0.257538342277	16	0	0	-0.0570629881359	72	-0.225398293067	1	-0.106098719506	88	-0.10532273577	89	-0.0603327853092	68	-0.00147615488315	4	0.0456416729193	6	-0.231673066342	1	-0.314601330413	-0.53999962348	-0.317871127586	-0.268959657494	-0.546274396755
M05_L_TO_L_ALL28:G808-E0227	M05_L_TO_L_ALL28	ALL28	L	L	G808-E0227	kch	ol	0	f22r	f22r	G808-P0076	f22r.7	7	1	H	A	1	2	EXACT	-0.302776321217	12	0.529181568952	2	-0.031350330949	72	0	0	-0.0717857543181	86	-0.0690798034473	86	-0.0374639696033	68	0.0725817649419	4	0.0703366640071	6	0	0	0.195054916787	0.195054916787	0.188941278132	0.265391580794	0.195054916787
M05_L_TO_L_ALL28:G808-E0229	M05_L_TO_L_ALL28	ALL28	L	L	G808-E0229	kch	ol	0	f22r	f22r	G808-P0077	f22r.10	10	1	H	A	1	3	EXACT	-0.40514357147	16	-0.157498435929	2	-0.010181244486	72	-0.320759518651	2	-0.0968139270511	90	-0.100232581474	92	-0.0150496427601	68	0.0725817649419	4	-0.0690950352578	6	-0.388395493291	2	-0.572823251886	-0.893582770537	-0.57769165016	-0.641918287143	-0.961218745177
M05_L_TO_L_ALL28:G808-E0286	M05_L_TO_L_ALL28	ALL28	L	L	G808-E0286	kch	eol	1	f27r	f27r	G808-P0094	f27r.7	7	3	H	A	1	3	EXACT	-0.221480812567	19	0	0	-0.0713709633514	72	0.0405052133095	1	-0.11394465343	91	-0.110147383774	92	-0.0633164694407	68	-0.208297095945	4	0.0894570877568	6	0.0355159083595	1	-0.292851775918	-0.252346562609	-0.284797282008	-0.203394688162	-0.257335867559
M05_L_TO_L_ALL28:G808-E0305	M05_L_TO_L_ALL28	ALL28	L	L	G808-E0305	kch	eol	1	f29r	f29r	G808-P0100	f29r.5	5	1	H	A	1	3	EXACT	-0.332602170894	17	0.195926965334	3	-0.0233926046757	72	0.0585219777174	1	-0.0864163818795	92	-0.0827309615133	93	-0.0296525640738	68	0.0830270463035	4	0.0357489019305	6	0.053513817883	1	-0.160067810236	-0.101545832519	-0.166327769634	-0.124318908305	-0.106553992353
M05_L_TO_L_ALL28:G808-E0028	M05_L_TO_L_ALL28	ALL28	L	L	G808-E0028	kch	eol	1	f3v	f3v	G808-P0009	f3v.4	4	4	H	A	1	3	EXACT	-0.169751016357	17	0	0	-0.0602035072211	71	0.164243563479	1	-0.0934565407905	88	-0.0884592630602	89	-0.058121066699	67	-0.0950842680277	4	-0.0010800173503	6	0.159366659632	1	-0.229954523578	-0.0657109600991	-0.227872083056	-0.231034540929	-0.0705878639464
M05_L_TO_L_ALL28:G808-E0433	M05_L_TO_L_ALL28	ALL28	L	L	G808-E0433	kch	ol	0	f42v	f42v	G808-P0152	f42v.11	11	4	H	A	1	3	EXACT	-0.200417641684	27	-0.0650711222523	3	-0.073808751641	72	0.298532058004	2	-0.114772339013	102	-0.105207016909	104	-0.0725647128112	68	-0.0949570767268	4	0.035074278037	6	0.239292068712	3	-0.339297515578	-0.0407654575742	-0.338053476748	-0.304223237541	-0.100005446866
M05_L_TO_L_ALL28:G808-E0475	M05_L_TO_L_ALL28	ALL28	L	L	G808-E0475	kch	ol	0	f45r	f45r	G808-P0165	f45r.3	3	3	H	A	1	3	EXACT	-0.101759442078	16	0.119720311473	1	-0.0536229482854	72	-0.445319774171	2	-0.0734800813084	89	-0.0802000114883	91	-0.0529727283735	68	-0.06467637561	4	-0.0716086265701	6	-0.312794445152	2	-0.0356620788905	-0.480981853061	-0.0350118589786	-0.107270705461	-0.348456524042
M05_L_TO_L_ALL28:G808-E0560	M05_L_TO_L_ALL28	ALL28	L	L	G808-E0560	kch	eol	1	f49v	f49v	G808-P0188	f49v.42	42	5	H	A	1	3	EXACT	-0.330198007649	27	-0.109292840016	1	-0.0530613067327	72	-0.0817664239476	2	-0.135517399647	100	-0.132892906416	102	-0.0624464308089	68	0.106486755324	4	0.0287992744438	6	-0.198353561745	2	-0.492552154398	-0.574318578346	-0.501937278474	-0.463752879954	-0.690905716143
M05_L_TO_L_ALL28:G808-E0625	M05_L_TO_L_ALL28	ALL28	L	L	G808-E0625	kch	ol	0	f56r	f56r	G808-P0203	f56r.7	7	2	H	A	1	2	EXACT	-0.158436932446	28	-0.231053809105	1	-0.0880456003548	72	-0.0793181084378	2	-0.11579958184	101	-0.113455062264	103	-0.0938564715896	68	0.0107395511297	4	-0.0568906397381	6	-0.12792783658	2	-0.477536341906	-0.556854450343	-0.48334721314	-0.534426981644	-0.605464178486
M05_L_TO_L_ALL28:G808-E0626	M05_L_TO_L_ALL28	ALL28	L	L	G808-E0626	kch	ol	0	f56r	f56r	G808-P0204	f56r.9	9	2	H	A	1	1	EXACT	-0.270606931706	32	0	0	-0.0412921161538	72	0	0	-0.116592549953	104	-0.113814718469	104	-0.0443527824356	68	0.0107395511297	4	0.0386231358503	6	0	0	-0.31189904786	-0.31189904786	-0.314959714142	-0.27327591201	-0.31189904786
M05_L_TO_L_ALL28:G808-E0635	M05_L_TO_L_ALL28	ALL28	L	L	G808-E0635	kch	ol	0	f56v	f56v	G808-P0206	f56v.11	11	4	H	A	1	2	EXACT	-0.239670740966	21	0	0	-0.0561025997016	72	0.033432879772	1	-0.107558323941	93	-0.103934750722	94	-0.0662589419174	68	0.1165555158	4	-0.0548983721229	6	0.0327128309096	1	-0.295773340668	-0.262340460896	-0.305929682884	-0.350671712791	-0.263060509758
M05_L_TO_L_ALL28:G808-E0637	M05_L_TO_L_ALL28	ALL28	L	L	G808-E0637	kch	ol	0	f56v	f56v	G808-P0206	f56v.14	14	3	H	A	1	2	EXACT	-0.239670740966	21	0	0	-0.093126574725	72	-0.234238566885	1	-0.136222046539	93	-0.135141108683	94	-0.0873794768407	68	-0.190826940924	4	-0.100912841738	6	-0.234958615747	1	-0.332797315691	-0.567035882576	-0.327050217807	-0.433710157429	-0.567755931439
M05_L_TO_L_ALL28:G808-E0919	M05_L_TO_L_ALL28	ALL28	L	L	G808-E0919	kch	ol	0	f78r	f78r	G808-P0248	f78r.28	28	4	B	B	2	3	EXACT	0.17481613321	51	0	0	0.0196284998583	72	0.581990196599	2	0.0863611684848	123	0.0961100795377	125	0.0262283484823	68	-0.092568626882	4	0.0302493583212	6	0.623467108378	2	0.194444633068	0.776434829666	0.201044481692	0.224693991389	0.817911741446
M05_L_TO_L_ALL28:G808-E1274	M05_L_TO_L_ALL28	ALL28	L	L	G808-E1274	kch	ol	0	f86v5	f86v	G808-P0325	f86v5.30	30	7	T	B	2	2	EXACT	-0.0494510709547	67	-0.00107301110403	1	0.0432697061159	72	0	0	0.0061838707717	140	0.0089373460605	140	0.0419213077886	68	0.0661923936809	4	-0.0434768462284	6	-0.131967082481	1	-0.00725437594278	-0.00725437594278	-0.00860277427007	-0.0507312221712	-0.139221458424
M05_L_TO_L_ALL28:G808-E0083	M05_L_TO_L_ALL28	ALL28	L	L	G808-E0083	kch	ol	0	f8v	f8v	G808-P0028	f8v.7	7	2	H	A	1	2	EXACT	-0.251402580381	30	0	0	-0.0656087394386	72	-0.148779302092	3	-0.12572461788	102	-0.125278604536	105	-0.0696343487129	68	0.00282692314634	4	-0.0607809575163	6	-0.149631861979	3	-0.317011319819	-0.465790621912	-0.321036929094	-0.377792277335	-0.466643181798
M05_L_TO_L_ALL28:G808-E1399	M05_L_TO_L_ALL28	ALL28	L	L	G808-E1399	kch	ol	0	f93r	f93r	G808-P0346	f93r.13	13	3	H	A	1	2	EXACT	-0.0374783543896	55	0	0	-0.0231098571986	72	-0.283768859994	1	-0.0256433297044	127	-0.0253794964845	128	-0.0251776470267	68	0.0120428977869	4	0.104379498149	6	-0.310755945983	1	-0.0605882115882	-0.344357071582	-0.0626560014163	0.0437912865612	-0.371344157571
M05_L_TO_L_ALL28:G808-E0102	M05_L_TO_L_ALL28	ALL28	L	L	G808-E0102	kch	ol	0	f9v	f9v	G808-P0033	f9v.10	10	2	H	A	1	2	EXACT	-0.231490883968	28	0	0	-0.0583370968542	72	0.0310952190947	1	-0.113349585583	100	-0.109823079893	101	-0.0624079168442	68	0.0108671807472	4	-0.0683023726882	6	-0.00666124542563	1	-0.289827980822	-0.258732761728	-0.293898800812	-0.35813035351	-0.296489226248
M05_L_TO_L_ALL28:G808-E0246	M05_L_TO_L_ALL28	ALL28	L	L	G808-E0246	ksh	ol	0	f23v	f23v	G808-P0084	f23v.10	10	3	H	A	1	2	EXACT	-0.189335365133	26	0	0	-0.0706578360766	71	-0.0732757559624	1	-0.108624399584	97	-0.106341882454	98	-0.0667066979787	67	-0.136839713363	4	0.0921771109865	6	-0.0753342315592	2	-0.25999320121	-0.333268957172	-0.256042063112	-0.167816090223	-0.335327432769
M05_L_TO_L_ALL28:G808-E0296	M05_L_TO_L_ALL28	ALL28	L	L	G808-E0296	ksh	ol	0	f28v	f28v	G808-P0096	f28v.1	1	1	H	A	1	3	EXACT	-0.406385337407	9	-0.12879269178	2	-0.00351085555418	72	0	0	-0.0654131332143	83	-0.0630332214318	83	-0.00983414936072	68	0.103985486502	4	0.0763108276795	6	-0.166204145115	1	-0.538688884741	-0.538688884741	-0.545012178547	-0.462378057061	-0.704893029856
M05_L_TO_L_ALL28:G808-E0998	M05_L_TO_L_ALL28	ALL28	L	L	G808-E0998	ksh	eol	1	f79v	f79v	G808-P0263	f79v.28	28	2	B	B	2	3	EXACT	0.304586760324	22	-0.459200972304	2	0.0148082601373	72	-0.172828384044	1	0.0627871367407	96	0.0622350262999	97	0.0185950295425	68	-0.0495664932064	4	0.0539563144393	6	-0.178241158184	1	-0.139805951844	-0.312634335887	-0.136019182438	-0.0858496374043	-0.318047110028
M05_L_TO_L_ALL28:G808-E1326	M05_L_TO_L_ALL28	ALL28	L	L	G808-E1326	ksh	eol	1	f87v	f87v	G808-P0333	f87v.13	13	1	H	A	1	2	EXACT	0.0173056621602	17	-0.247777511756	1	-0.061353911701	72	0	0	-0.0593399028075	90	-0.0569506478291	90	-0.0701052277344	68	0.0874188350577	4	0.011331837933	6	0	0	-0.291825761297	-0.291825761297	-0.30057707733	-0.280493923364	-0.291825761297
M05_L_TO_L_ALL28:G808-E1793	M05_L_TO_L_ALL28	ALL28	L	L	G808-E1793	lch	eol	1	f107v	f107v	G808-P0505	f107v.12	12	2	S	B	3	3	EXACT	0.22423725735	25	-0.00347487473225	3	0.0654296271598	72	0.348678357533	1	0.0945703523871	100	0.0993833466492	101	0.0699158254026	68	-0.0108351559527	4	0.00572085516962	6	0.345530871745	1	0.286192009777	0.634870367311	0.29067820802	0.291912864947	0.631722881522
M05_L_TO_L_ALL28:G808-E1926	M05_L_TO_L_ALL28	ALL28	L	L	G808-E1926	lch	eol	1	f111r	f111r	G808-P0538	f111r.2	2	11	S	B	3	3	EXACT	0.24460355353	16	0.00517819800194	3	0.0255260185519	72	-0.130712953228	1	0.0501494108521	91	0.0505440679391	92	0.0347766013043	68	-0.131732025646	4	0.0294776816501	6	-0.135830561869	1	0.275307770084	0.144594816856	0.284558352836	0.304785451734	0.139477208215
M05_L_TO_L_ALL28:G808-E1962	M05_L_TO_L_ALL28	ALL28	L	L	G808-E1962	lch	eol	1	f111v	f111v	G808-P0544	f111v.23	23	6	S	B	3	3	EXACT	0.19811315594	109	-0.466096169546	2	0.0687149998252	72	0.0104470450758	3	0.151615099488	183	0.151282568173	186	0.0796979524594	68	-0.117994816176	4	-0.00839266892257	6	-0.0547630967371	3	-0.19926801378	-0.188820968704	-0.188285061146	-0.207660682703	-0.254031110517
M05_L_TO_L_ALL28:G808-E2062	M05_L_TO_L_ALL28	ALL28	L	L	G808-E2062	lch	eol	1	f113v	f113v	G808-P0593	f113v.6	6	2	S	B	3	2	EXACT	0.0527756314194	13	0	0	0.0412370918434	72	0	0	0.0281673346645	85	0.0312117292792	85	0.055638689754	68	-0.203589420865	4	0.076300712631	6	0	0	0.0940127232628	0.0940127232628	0.108414321173	0.170313435894	0.0940127232628
M05_L_TO_L_ALL28:G808-E0222	M05_L_TO_L_ALL28	ALL28	L	L	G808-E0222	lch	ol	0	f21v	f21v	G808-P0073	f21v.7	7	2	H	A	1	3	EXACT	-0.286661998606	22	-0.177050769471	2	-0.0184639125573	72	0	0	-0.0931429279727	96	-0.0901170616218	96	-0.0186679528128	68	-0.0149948897235	4	0.128281187595	6	-0.0755941821411	1	-0.482176680634	-0.482176680634	-0.48238072089	-0.353895493039	-0.557770862775
M05_L_TO_L_ALL28:G808-E0950	M05_L_TO_L_ALL28	ALL28	L	L	G808-E0950	lch	eol	1	f78v	f78v	G808-P0249	f78v.17	17	4	B	B	2	3	EXACT	0.22081691092	57	-0.366142944899	2	0.0638636022317	72	-0.0259499582342	1	0.128985154177	131	0.130414559957	132	0.073766089889	68	-0.104478314471	4	0.0794064422385	6	-0.0311222484446	1	-0.0814624317473	-0.107412389981	-0.07155994409	-0.00205598950874	-0.112584680192
M05_L_TO_L_ALL28:G808-E0979	M05_L_TO_L_ALL28	ALL28	L	L	G808-E0979	lch	eol	1	f79r	f79r	G808-P0256	f79r.34	34	1	B	B	2	2	EXACT	0.149519999929	17	0.146056765299	2	0.0446159714963	72	0	0	0.0535128376727	91	0.0566393641437	91	0.0408352243907	68	0.108889012873	4	0.00509441667257	6	0	0	0.340192736724	0.340192736724	0.336411989618	0.345287153396	0.340192736724
M05_L_TO_L_ALL28:G808-E0983	M05_L_TO_L_ALL28	ALL28	L	L	G808-E0983	lch	eol	1	f79r	f79r	G808-P0257	f79r.37	37	1	B	B	2	3	EXACT	0.0804806353003	15	0.0520843808656	2	0.0220750309773	72	-0.447691788636	2	0.0184510548632	89	0.00988539261938	91	0.0169683461941	68	0.108889012873	4	0.046492293191	6	-0.45644954288	2	0.154640047143	-0.293051741493	0.14953336236	0.201132340334	-0.301809495737
M05_L_TO_L_ALL28:G808-E1015	M05_L_TO_L_ALL28	ALL28	L	L	G808-E1015	lch	ol	0	f80r	f80r	G808-P0266	f80r.26	26	1	B	B	2	3	EXACT	0.103849935665	84	-0.0769537830001	2	0.00728538522627	72	-0.186483990098	1	0.0596246873704	158	0.0589809598754	159	-0.00049706253453	68	0.139600544799	4	0.0309255859467	6	-0.240377073166	1	0.0341815378908	-0.152302452207	0.02639909013	0.0651071238374	-0.206195535275
M05_L_TO_L_ALL28:G808-E1250	M05_L_TO_L_ALL28	ALL28	L	L	G808-E1250	lch	eol	1	f85r2	f85r	G808-P0314	f85r2.23	23	2	C	B	2	2	EXACT	-0.037812206692	18	0	0	0.017811143659	70	-0.171332256047	2	-0.00534486767948	88	-0.00744580375013	90	0.0199760929069	66	-0.0179077055228	4	-0.0875501161741	6	-0.165793413758	2	-0.0200010630331	-0.19133331908	-0.0178361137851	-0.107551179207	-0.185794476791
M05_L_TO_L_ALL28:G808-E1481	M05_L_TO_L_ALL28	ALL28	L	L	G808-E1481	lch	ol	0	f99v	f99v	G808-P0368	f99v.23	23	6	P	A	1	2	EXACT	0.0176590191571	15	-0.0351585285573	1	0.00563332404073	72	0	0	-0.00727423450882	88	-0.00387703904417	88	0.00104325414697	68	0.0836649033605	4	-0.122263826378	6	0	0	-0.0118661853595	-0.0118661853595	-0.0164562552533	-0.134130011737	-0.0118661853595
M05_L_TO_L_ALL28:G808-E1689	M05_L_TO_L_ALL28	ALL28	L	L	G808-E1689	lk	eol	1	f105r	f105r	G808-P0446	f105r.32	32	2	S	B	3	3	EXACT	0.0731343260966	14	0.0882069064634	4	0.042465580255	72	0	0	0.03570689283	90	0.0383756039208	90	0.0486361620384	68	-0.0624365350817	4	0.0936926025775	6	-1.08693454993	1	0.203806812815	0.203806812815	0.209977394598	0.297499415393	-0.883127737119
M05_L_TO_L_ALL28:G808-E1700	M05_L_TO_L_ALL28	ALL28	L	L	G808-E1700	lk	ol	0	f105v	f105v	G808-P0454	f105v.24	24	7	S	B	3	2	EXACT	-0.185350276451	4	-0.0846780683751	1	0.035432971625	72	0	0	0.00238309425687	77	0.00492395901984	77	0.0385661503653	68	-0.0178330335105	4	0.0985743625025	6	-0.364685761025	1	-0.234595373201	-0.234595373201	-0.231462194461	-0.136021010699	-0.599281134227
M05_L_TO_L_ALL28:G808-E1861	M05_L_TO_L_ALL28	ALL28	L	L	G808-E1861	lk	eol	1	f108r	f108r	G808-P0526	f108r.35	35	3	S	B	3	3	EXACT	0.134317387732	4	0	0	0.036795616987	72	0	0	0.0192073608737	76	0.0219901773316	76	0.0447849108225	68	-0.0990236505819	4	-0.106457516418	6	0.108146998015	1	0.171113004719	0.171113004719	0.179102298555	0.0646554883007	0.279260002734
M05_L_TO_L_ALL28:G808-E0683	M05_L_TO_L_ALL28	ALL28	L	L	G808-E0683	lk	eol	1	f66r	f66r	G808-P0218	f66r.80	80	7	T	B	5	3	EXACT	0.099588317125	47	-0.480111317238	1	0.0319226009292	71	-0.0654218290511	1	0.0550793044347	119	0.0562388480357	120	0.0317900323356	67	0.034142597676	4	-0.128361292698	6	-0.0711330757671	1	-0.348600399184	-0.414022228235	-0.348732967777	-0.476961691881	-0.419733474951
M05_L_TO_L_ALL28:G808-E1056	M05_L_TO_L_ALL28	ALL28	L	L	G808-E1056	lk	ol	0	f80v	f80v	G808-P0278	f80v.41	41	5	B	B	2	3	EXACT	0.200789610394	32	0.336383041484	2	0.0290673064852	72	0	0	0.0822517470583	106	0.0846702767898	106	0.0348075847451	68	-0.0685195119935	4	0.0235877947484	6	0.0426035205286	2	0.566239958363	0.566239958363	0.571980236623	0.589827753111	0.608843478892
M05_L_TO_L_ALL28:G808-E1421	M05_L_TO_L_ALL28	ALL28	L	L	G808-E1421	lk	eol	1	f94v	f94v	G808-P0350	f94v.6	6	2	H	B	3	3	EXACT	0.148616228968	6	-0.0955744319313	2	-0.00503179935988	72	0	0	-0.0135914536939	80	-0.0110522074802	80	-0.00191293603809	68	-0.0580545710803	4	0.0108337940812	6	0	0	0.0480099976772	0.0480099976772	0.051128860999	0.0588437917584	0.0480099976772
M05_L_TO_L_ALL28:G808-E1503	M05_L_TO_L_ALL28	ALL28	L	L	G808-E1503	ok	eol	1	f100r	f100r	G808-P0372	f100r.25	25	10	P	A	1	2	EXACT	-0.00709758795877	19	-0.186565004773	1	-0.0420382332995	72	0	0	-0.0466576370829	92	-0.0440889583833	92	-0.033719822403	68	-0.183450950035	4	-0.159699995455	6	0	0	-0.235700826032	-0.235700826032	-0.227382415135	-0.395400821487	-0.235700826032
M05_L_TO_L_ALL28:G808-E1509	M05_L_TO_L_ALL28	ALL28	L	L	G808-E1509	ok	ol	0	f100v	f100v	G808-P0373	f100v.17	17	4	P	A	1	2	EXACT	-0.0496225280506	28	0	0	-0.0484137028681	72	0	0	-0.05549525201	100	-0.0528126406425	100	-0.0459141672739	68	-0.0909053664179	4	-0.0275452249479	6	0	0	-0.0980362309187	-0.0980362309187	-0.0955366953245	-0.125581455867	-0.0980362309187
M05_L_TO_L_ALL28:G808-E1526	M05_L_TO_L_ALL28	ALL28	L	L	G808-E1526	ok	ol	0	f102r1	f102r	G808-P0376	f102r1.14	14	7	P	A	1	3	EXACT	-0.0467890855655	11	0.0541906575439	1	-0.00893221094732	72	0	0	-0.0306592567293	84	-0.0280804634333	84	-0.0151081111501	68	0.0960584785921	4	-0.0881381321567	6	0.00489949597807	3	-0.00153063896891	-0.00153063896891	-0.00770653917165	-0.0896687711256	0.00336885700916
M05_L_TO_L_ALL28:G808-E1528	M05_L_TO_L_ALL28	ALL28	L	L	G808-E1528	ok	eol	1	f102r1	f102r	G808-P0376	f102r1.16	16	6	P	A	1	3	EXACT	-0.0467890855655	11	0	0	0.00869322685226	72	0	0	-0.0159923899339	83	-0.0134135966379	83	0.00355411710831	68	0.0960584785921	4	0.0842720867247	6	-0.325975612417	2	-0.0380958587133	-0.0380958587133	-0.0432349684572	0.0461762280114	-0.364071471131
M05_L_TO_L_ALL28:G808-E1546	M05_L_TO_L_ALL28	ALL28	L	L	G808-E1546	ok	eol	1	f102v2	f102v	G808-P0380	f102v2.32	32	4	P	A	1	3	EXACT	0.153547775424	43	-0.0410451916342	5	-0.025903982991	72	-0.124141185609	1	0.0362458569279	120	0.0368522839558	121	-0.0231783735272	68	-0.07224053675	4	0.0392895434533	6	-0.106618325723	1	0.0865986007993	-0.0375425848097	0.089324210263	0.125888144253	-0.0200197249233
M05_L_TO_L_ALL28:G808-E1555	M05_L_TO_L_ALL28	ALL28	L	L	G808-E1555	ok	eol	1	f103r	f103r	G808-P0383	f103r.10	10	4	S	B	3	3	EXACT	0.233457896908	27	0.0807665043999	3	0.0595907804952	72	0.00554421313734	1	0.0996363120026	102	0.10059227481	103	0.0602243527806	68	0.0488205364887	4	-0.00497851695417	6	0.0440957604283	2	0.373815181803	0.379359394941	0.374448754089	0.368836664849	0.417910942231
M05_L_TO_L_ALL28:G808-E1636	M05_L_TO_L_ALL28	ALL28	L	L	G808-E1636	ok	eol	1	f104v	f104v	G808-P0425	f104v.3	3	5	S	B	3	3	EXACT	0.17784950843	19	0.218737143813	3	0.0629194660487	72	0.366542220527	1	0.0791152022279	94	0.0840478442212	95	0.0724969367	68	-0.0998965716406	4	0.0961814978459	6	0.364433515834	1	0.459506118291	0.826048338818	0.469083588943	0.555687616137	0.823939634125
M05_L_TO_L_ALL28:G808-E1698	M05_L_TO_L_ALL28	ALL28	L	L	G808-E1698	ok	eol	1	f105v	f105v	G808-P0450	f105v.12	12	3	S	B	3	3	EXACT	0.0880833307804	33	0.338234068813	4	0.0736252214118	72	0.106375248288	2	0.0833822324066	109	0.0853056658646	111	0.0826591712386	68	-0.0799515817377	4	0.0551139343751	6	0.0818419880844	2	0.499942621005	0.606317869294	0.508976570832	0.55505655538	0.58178460909
M05_L_TO_L_ALL28:G808-E1704	M05_L_TO_L_ALL28	ALL28	L	L	G808-E1704	ok	ol	0	f105v	f105v	G808-P0457	f105v.37	37	7	S	B	3	3	EXACT	-0.0967804985907	38	0.0457837051151	2	0.0544778909262	72	0	0	0.000874960150034	112	0.00339923248289	112	0.0532089274923	68	0.0760506132094	4	0.0464778384598	6	0	0	0.00348109745061	0.00348109745061	0.00221213401666	0.0499589359104	0.00348109745061
M05_L_TO_L_ALL28:G808-E1725	M05_L_TO_L_ALL28	ALL28	L	L	G808-E1725	ok	ol	0	f106r	f106r	G808-P0463	f106r.16	16	10	S	B	3	3	EXACT	0.0468620315941	6	0.0298983122778	2	0.046704277646	72	-0.135477177003	2	0.0266650103576	80	0.0238638501993	82	0.05768095074	68	-0.139898615028	4	0.0372198785644	6	-0.364035787038	2	0.123464621518	-0.0120125554856	0.134441294612	0.160684500082	-0.24057116552
M05_L_TO_L_ALL28:G808-E1766	M05_L_TO_L_ALL28	ALL28	L	L	G808-E1766	ok	eol	1	f107r	f107r	G808-P0490	f107r.10	10	3	S	B	3	3	EXACT	0.115015954091	21	0.158528552134	1	0.0124578663353	72	0.133124548503	1	0.0271394295907	94	0.0302474393484	95	0.0187361788827	68	-0.0942730469308	4	-0.0215660021198	6	0.530375034943	2	0.286002372561	0.419126921064	0.292280685108	0.264436370441	0.816377407503
M05_L_TO_L_ALL28:G808-E1786	M05_L_TO_L_ALL28	ALL28	L	L	G808-E1786	ok	eol	1	f107v	f107v	G808-P0504	f107v.8	8	3	S	B	3	2	EXACT	0.307894595932	11	0	0	0.0481119003265	72	0.128237303313	1	0.0675168780832	83	0.0699203204492	84	0.054451749088	68	-0.0596649416064	4	-0.127922688134	6	0.150803434187	1	0.356006496259	0.484243799571	0.36234634502	0.228083808125	0.506809930446
M05_L_TO_L_ALL28:G808-E1806	M05_L_TO_L_ALL28	ALL28	L	L	G808-E1806	ok	eol	1	f107v	f107v	G808-P0509	f107v.25	25	3	S	B	3	3	EXACT	0.166574954424	12	0.311724488174	2	0.0342214349055	72	0.109749101492	1	0.0442560632006	86	0.0467110343453	87	0.0397441974658	68	-0.0596649416064	4	0.0678688633043	6	0.111350103901	1	0.512520877503	0.622269978995	0.518043640064	0.580389740808	0.623870981404
M05_L_TO_L_ALL28:G808-E1807	M05_L_TO_L_ALL28	ALL28	L	L	G808-E1807	ok	ol	0	f107v	f107v	G808-P0509	f107v.27	27	5	S	B	3	3	EXACT	0.166574954424	12	0.153379775677	3	0.0303651600467	72	0	0	0.0382632974993	87	0.0405702034271	87	0.0379353606106	68	-0.0983276625257	4	0.0689257325365	6	0	0	0.350319890148	0.350319890148	0.357890090712	0.419245622685	0.350319890148
M05_L_TO_L_ALL28:G808-E1809	M05_L_TO_L_ALL28	ALL28	L	L	G808-E1809	ok	eol	1	f107v	f107v	G808-P0510	f107v.29	29	2	S	B	3	3	EXACT	0.275950065546	9	0	0	0.0752963966183	72	0.336334708003	1	0.0812324668267	81	0.0860087736905	82	0.0809842775734	68	-0.0213969926052	4	-0.0516943441519	6	0.337935710412	1	0.351246462165	0.687581170168	0.35693434312	0.299552118013	0.689182172577
M05_L_TO_L_ALL28:G808-E1839	M05_L_TO_L_ALL28	ALL28	L	L	G808-E1839	ok	ol	0	f108r	f108r	G808-P0521	f108r.19	19	4	S	B	3	2	EXACT	0.0625709633361	9	-0.00159526942089	1	0.0240140229483	72	0	0	0.00689138191243	82	0.00969939093659	82	0.0291104074632	68	-0.0626226954304	4	0.00520222607267	6	0	0	0.0849897168635	0.0849897168635	0.0900861013784	0.0901919429361	0.0849897168635
M05_L_TO_L_ALL28:G808-E1877	M05_L_TO_L_ALL28	ALL28	L	L	G808-E1877	ok	eol	1	f108r	f108r	G808-P0530	f108r.48	48	4	S	B	3	3	EXACT	0.522137579944	5	0.112344127812	2	0.0208388138447	72	-0.0459428175291	1	0.0301640147412	79	0.031230581669	80	0.0257484213536	68	-0.0626226954304	4	-0.0268648733433	6	-0.0267476226481	2	0.655320521601	0.609377704072	0.66023012911	0.628455648258	0.628572898953
M05_L_TO_L_ALL28:G808-E1922	M05_L_TO_L_ALL28	ALL28	L	L	G808-E1922	ok	eol	1	f108v	f108v	G808-P0537	f108v.47	47	7	S	B	3	3	EXACT	0.197376776153	94	0.0327950056459	2	0.0649732015441	72	-0.192009769743	1	0.14597329237	168	0.145777173793	169	0.0629344966318	68	0.099631722893	4	-0.0516189743566	6	-0.194608723846	1	0.295144983343	0.1031352136	0.293106278431	0.243526008986	0.100536259497
M05_L_TO_L_ALL28:G808-E1999	M05_L_TO_L_ALL28	ALL28	L	L	G808-E1999	ok	eol	1	f112v	f112v	G808-P0563	f112v.2	2	7	S	B	3	3	EXACT	0.0907199126896	23	-0.035423384168	1	0.0237338158981	72	0	0	0.0261157097785	96	0.0277909883858	96	0.0235966939947	68	0.0260776892896	4	0.0990881360304	6	-0.171598314788	2	0.0790303444196	0.0790303444196	0.0788932225162	0.17811848045	-0.0925679703685
M05_L_TO_L_ALL28:G808-E2027	M05_L_TO_L_ALL28	ALL28	L	L	G808-E2027	ok	ol	0	f113r	f113r	G808-P0577	f113r.5	5	11	S	B	3	3	EXACT	0.139382104547	25	0.157240760829	2	0.0563986091138	72	0	0	0.0715136631834	99	0.0740530111744	99	0.0676608024429	68	-0.135058246068	4	-0.00770175084346	6	0	0	0.35302147449	0.35302147449	0.364283667819	0.345319723646	0.35302147449
M05_L_TO_L_ALL28:G808-E2066	M05_L_TO_L_ALL28	ALL28	L	L	G808-E2066	ok	ol	0	f113v	f113v	G808-P0596	f113v.13	13	4	S	B	3	3	EXACT	0.0996093614519	29	0	0	0.0643593157672	72	-0.0559231336675	3	0.0687269922872	101	0.06600597426	104	0.0726834269636	68	-0.0771499228007	4	0.0109254987737	6	-0.130567461081	3	0.163968677219	0.108045543552	0.172292788416	0.174894175993	0.0334012161384
M05_L_TO_L_ALL28:G808-E2102	M05_L_TO_L_ALL28	ALL28	L	L	G808-E2102	ok	ol	0	f114r	f114r	G808-P0614	f114r.25	25	10	S	B	3	3	EXACT	-0.095114877308	20	0.00456149228047	3	0.0669480485185	72	0	0	0.0201662452999	95	0.0226251819025	95	0.0655263090462	68	0.091117950392	4	0.046054788965	6	0	0	-0.023605336509	-0.023605336509	-0.0250270759814	0.022449452456	-0.023605336509
M05_L_TO_L_ALL28:G808-E2134	M05_L_TO_L_ALL28	ALL28	L	L	G808-E2134	ok	ol	0	f114v	f114v	G808-P0629	f114v.31	31	5	S	B	3	2	EXACT	-0.0162624418618	13	0.336447880775	1	-0.00100685899468	72	0.109464227513	2	-0.0137301682383	86	-0.00972759539858	88	0.00455461913048	68	-0.0955526035402	4	-0.126137127298	6	0.0108943561584	2	0.319178579919	0.428642807432	0.324740058044	0.193041452621	0.330072936077
M05_L_TO_L_ALL28:G808-E0131	M05_L_TO_L_ALL28	ALL28	L	L	G808-E0131	ok	ol	0	f14r	f14r	G808-P0045	f14r.2	2	7	H	A	1	2	EXACT	-0.166154392239	15	0.157419302074	1	-0.0540968033859	72	-0.294483982693	1	-0.0833157609146	88	-0.0838281380367	89	-0.0464526087781	68	-0.184047794904	4	0.0135203702149	6	-0.296830936234	1	-0.0628318935512	-0.357315876244	-0.0551876989433	-0.0493115233363	-0.359662829785
M05_L_TO_L_ALL28:G808-E0158	M05_L_TO_L_ALL28	ALL28	L	L	G808-E0158	ok	ol	0	f17v	f17v	G808-P0058	f17v.2	2	4	H	A	1	2	EXACT	-0.100621310606	58	0	0	-0.0242248709384	72	0	0	-0.0531890808859	130	-0.0508765994091	130	-0.0335046882136	68	0.133532409003	4	0.0900803606212	6	-0.126169412991	1	-0.124846181545	-0.124846181545	-0.13412599882	-0.0347658209237	-0.251015594536
M05_L_TO_L_ALL28:G808-E0167	M05_L_TO_L_ALL28	ALL28	L	L	G808-E0167	ok	ol	0	f17v	f17v	G808-P0058	f17v.10	10	4	H	A	1	2	EXACT	-0.100621310606	58	0	0	-0.0238151060095	72	0	0	-0.0529621341561	130	-0.0506496526793	130	-0.0330708194654	68	0.133532409003	4	0.105714514341	6	0.0254059192761	1	-0.124436416616	-0.124436416616	-0.133692130072	-0.0187219022749	-0.0990304973399
M05_L_TO_L_ALL28:G808-E0172	M05_L_TO_L_ALL28	ALL28	L	L	G808-E0172	ok	eol	1	f17v	f17v	G808-P0058	f17v.14	14	5	H	A	1	2	EXACT	-0.100621310606	58	0	0	-0.0303381426263	72	0	0	-0.0565748928977	130	-0.0542624114208	130	-0.0370183130068	68	0.0832251401039	4	0.0809100657786	6	0	0	-0.130959453233	-0.130959453233	-0.137639623613	-0.0500493874541	-0.130959453233
M05_L_TO_L_ALL28:G808-E0176	M05_L_TO_L_ALL28	ALL28	L	L	G808-E0176	ok	eol	1	f17v	f17v	G808-P0058	f17v.16	16	3	H	A	1	1	EXACT	-0.100621310606	58	0	0	-0.0462548983533	72	0	0	-0.0653903268388	130	-0.063077845362	130	-0.03774741067	68	-0.190881802707	4	-0.0736886624319	6	0	0	-0.14687620896	-0.14687620896	-0.138368721277	-0.220564871392	-0.14687620896
M05_L_TO_L_ALL28:G808-E0237	M05_L_TO_L_ALL28	ALL28	L	L	G808-E0237	ok	ol	0	f23r	f23r	G808-P0082	f23r.6	6	7	H	A	1	3	EXACT	-0.216264053946	24	0.00750727758938	2	0.00995858540578	72	0	0	-0.0537962218396	98	-0.0513139387712	98	0.00499243150674	68	0.0943835455953	4	0.0188988857292	6	-0.0533656572987	1	-0.198798190951	-0.198798190951	-0.20376434485	-0.179899305221	-0.252163848249
M05_L_TO_L_ALL28:G808-E0238	M05_L_TO_L_ALL28	ALL28	L	L	G808-E0238	ok	ol	0	f23r	f23r	G808-P0082	f23r.9	9	1	H	A	1	3	EXACT	-0.216264053946	24	-0.0788296235649	5	-0.00929274787215	72	0	0	-0.0708784046355	101	-0.0683961215671	101	-0.0149421080483	68	0.0867467190279	4	0.0866391782969	6	0	0	-0.304386425383	-0.304386425383	-0.310035785559	-0.217747247086	-0.304386425383
M05_L_TO_L_ALL28:G808-E0242	M05_L_TO_L_ALL28	ALL28	L	L	G808-E0242	ok	eol	1	f23v	f23v	G808-P0083	f23v.3	3	3	H	A	1	3	EXACT	-0.231461938054	18	-0.421984491021	3	-0.0159992489089	72	0.396286259207	1	-0.0834425931742	93	-0.0764395249605	94	-0.0137957855069	68	-0.053459279352	4	0.0504785328543	6	0.116821762893	2	-0.669445677985	-0.273159418778	-0.667242214583	-0.61896714513	-0.552623915092
M05_L_TO_L_ALL28:G808-E0243	M05_L_TO_L_ALL28	ALL28	L	L	G808-E0243	ok	ol	0	f23v	f23v	G808-P0084	f23v.6	6	4	H	A	1	2	EXACT	-0.174511643524	27	0	0	-0.0320896866439	71	-0.578935128082	2	-0.0779379730433	98	-0.0865808799286	100	-0.0321088670313	67	-0.0317686796184	4	-0.0733982716104	6	-0.447026680956	2	-0.206601330168	-0.78553645825	-0.206620510555	-0.279999601778	-0.653628011124
M05_L_TO_L_ALL28:G808-E0250	M05_L_TO_L_ALL28	ALL28	L	L	G808-E0250	ok	ol	0	f24r	f24r	G808-P0085	f24r.3	3	3	H	A	1	2	EXACT	-0.13959602607	50	0	0	-0.039214580965	71	-0.404372496129	1	-0.0783336322785	121	-0.0789782247893	122	-0.0285942123346	67	-0.217106339134	4	0.0896109954826	6	-0.406643040597	1	-0.178810607035	-0.583183103164	-0.168190238405	-0.0891996115524	-0.585453647632
M05_L_TO_L_ALL28:G808-E0256	M05_L_TO_L_ALL28	ALL28	L	L	G808-E0256	ok	ol	0	f24v	f24v	G808-P0086	f24v.4	4	3	H	A	1	2	EXACT	-0.196186383104	14	0	0	-0.0428834289917	71	0.379375525239	1	-0.0813412307953	85	-0.0741466355354	86	-0.0344884375755	67	-0.183499567277	4	-0.0696152568694	6	0.161697682333	1	-0.239069812096	0.140305713143	-0.23067482068	-0.308685068965	-0.0773721297626
M05_L_TO_L_ALL28:G808-E0008	M05_L_TO_L_ALL28	ALL28	L	L	G808-E0008	ok	ol	0	f2r	f2r	G808-P0002	f2r.12	12	1	H	A	1	3	EXACT	-0.0194281899688	26	0.28894129013	1	-0.0387293991354	72	0.218527571977	2	-0.037525238842	99	-0.0310876170318	101	-0.0462990077383	68	0.0899541839044	4	-0.0312896189928	6	0.132192735076	2	0.230783701026	0.449311273003	0.223214092423	0.199494082033	0.362976436103
M05_L_TO_L_ALL28:G808-E0318	M05_L_TO_L_ALL28	ALL28	L	L	G808-E0318	ok	eol	1	f31r	f31r	G808-P0108	f31r.9	9	4	H	B	2	2	EXACT	0.383565086751	9	0	0	-0.00620698035563	72	0	0	0.0206620296359	81	0.0231545924671	81	0.00210364052658	68	-0.147487175416	4	-0.0820032504896	6	0	0	0.377358106395	0.377358106395	0.385668727278	0.295354855906	0.377358106395
M05_L_TO_L_ALL28:G808-E0367	M05_L_TO_L_ALL28	ALL28	L	L	G808-E0367	ok	ol	0	f36r	f36r	G808-P0125	f36r.7	7	3	H	A	1	2	EXACT	-0.335879137211	19	0	0	-0.0489873025587	72	-0.348849068684	1	-0.119238285498	91	-0.11986133806	92	-0.0404995190437	68	-0.193279302503	4	-0.185883288661	6	-0.27272668552	2	-0.38486643977	-0.733715508453	-0.376378656255	-0.57074972843	-0.65759312529
M05_L_TO_L_ALL28:G808-E0029	M05_L_TO_L_ALL28	ALL28	L	L	G808-E0029	ok	eol	1	f3v	f3v	G808-P0010	f3v.9	9	2	H	A	1	2	EXACT	-0.414501396795	21	-0.12663007758	1	-0.0162190038756	72	0.219956278667	1	-0.115995035971	94	-0.110570739575	95	-0.0170818912671	68	-0.00154941860286	4	0.0327270638708	6	0.168227420049	1	-0.55735047825	-0.337394199584	-0.558213365642	-0.524623414379	-0.389123058201
M05_L_TO_L_ALL28:G808-E0397	M05_L_TO_L_ALL28	ALL28	L	L	G808-E0397	ok	ol	0	f40r	f40r	G808-P0141	f40r.5	5	4	H	B	2	3	EXACT	0.000417693915263	32	0.469356060262	3	0.0157569540504	72	-0.270116221532	2	0.0187872783615	107	0.0149531433648	109	0.0207307138823	68	-0.0687966338516	4	0.0397001196322	6	-0.32430827982	2	0.485530708228	0.215414486695	0.490504468059	0.52523082786	0.161222428408
M05_L_TO_L_ALL28:G808-E0426	M05_L_TO_L_ALL28	ALL28	L	L	G808-E0426	ok	ol	0	f42r	f42r	G808-P0150	f42r.20	20	4	H	A	1	2	EXACT	-0.197552901225	21	0	0	-0.101677400556	72	-0.12893645963	1	-0.132774361982	93	-0.13073946907	94	-0.103273886739	68	-0.0745368166827	4	0.0204503274679	6	-0.13149066756	1	-0.299230301781	-0.428166761411	-0.300826787965	-0.278779974313	-0.430720969342
M05_L_TO_L_ALL28:G808-E0431	M05_L_TO_L_ALL28	ALL28	L	L	G808-E0431	ok	ol	0	f42v	f42v	G808-P0151	f42v.5	5	7	H	A	1	3	EXACT	-0.289222164284	30	-0.0578009283296	1	-0.034812159419	72	-0.0847232650895	1	-0.114474160928	103	-0.112225835321	104	-0.0305857977713	68	-0.106659972409	4	0.0375781199617	6	-0.153356886143	1	-0.381835252033	-0.466558517122	-0.377608890385	-0.344257132071	-0.535192138176
M05_L_TO_L_ALL28:G808-E0479	M05_L_TO_L_ALL28	ALL28	L	L	G808-E0479	ok	ol	0	f45v	f45v	G808-P0168	f45v.2	2	1	H	A	1	3	EXACT	-0.435096320096	16	-0.453020629998	3	-0.0145914406389	72	-0.356317589172	2	-0.115939311413	91	-0.119798912995	93	-0.0208801682878	68	0.0923172519243	4	-0.0765498185707	6	-0.419289559088	2	-0.902708390732	-1.2590259799	-0.908997118381	-0.979258209303	-1.32199794982
M05_L_TO_L_ALL28:G808-E0038	M05_L_TO_L_ALL28	ALL28	L	L	G808-E0038	ok	eol	1	f4v	f4v	G808-P0014	f4v.12	12	3	H	A	1	3	EXACT	-0.170137602691	14	0.0629776791861	1	-0.0946923435274	72	-0.15624749141	1	-0.118511479296	87	-0.117082272156	88	-0.0890182214387	68	-0.191152049775	4	0.117939210045	6	-0.0829808825406	3	-0.201852267032	-0.358099758442	-0.196178144943	-0.0839130569873	-0.284833149573
M05_L_TO_L_ALL28:G808-E0568	M05_L_TO_L_ALL28	ALL28	L	L	G808-E0568	ok	ol	0	f51r	f51r	G808-P0191	f51r.4	4	3	H	A	1	2	EXACT	-0.122024912705	39	0	0	-0.0536992487228	72	-0.350127910936	2	-0.0792335089631	111	-0.0824807905827	113	-0.0462905980133	68	-0.179646045364	4	-0.0170643802274	6	-0.600264592104	2	-0.175724161428	-0.525852072364	-0.168315510718	-0.192788541655	-0.775988753532
M05_L_TO_L_ALL28:G808-E0623	M05_L_TO_L_ALL28	ALL28	L	L	G808-E0623	ok	ol	0	f55r	f55r	G808-P0199	f55r.6	6	7	H	B	2	2	EXACT	-0.0683521192965	30	-0.186502667488	1	0.00529289152331	72	0	0	-0.0234459440794	103	-0.020958979689	103	0.0120301705229	68	-0.109240512979	4	-0.00364365158051	6	-0.0441764504306	2	-0.249561895261	-0.249561895261	-0.242824616261	-0.253205546842	-0.293738345692
M05_L_TO_L_ALL28:G808-E0054	M05_L_TO_L_ALL28	ALL28	L	L	G808-E0054	ok	ol	0	f6v	f6v	G808-P0019	f6v.3	3	7	H	A	1	2	EXACT	-0.242224961588	21	0	0	-0.0404553389896	72	0	0	-0.0954658714485	93	-0.0929704014344	93	-0.0365646497775	68	-0.106596717105	4	0.0450433433744	6	0	0	-0.282680300578	-0.282680300578	-0.278789611366	-0.237636957204	-0.282680300578
M05_L_TO_L_ALL28:G808-E0059	M05_L_TO_L_ALL28	ALL28	L	L	G808-E0059	ok	ol	0	f6v	f6v	G808-P0020	f6v.20	20	3	H	A	1	2	EXACT	-0.129836532756	35	0	0	-0.0183031320716	72	-1.04464532128	1	-0.0578393907435	107	-0.0649971062668	108	-0.0194409529719	68	0.00104016172327	4	-0.0594409771411	6	-0.773990295735	1	-0.148139664828	-1.1927849861	-0.149277485728	-0.207580641969	-0.922129960563
M05_L_TO_L_ALL28:G808-E0895	M05_L_TO_L_ALL28	ALL28	L	L	G808-E0895	ok	ol	0	f77v	f77v	G808-P0246	f77v.42	42	6	B	B	2	2	EXACT	0.220961013334	43	-0.00477050744981	1	0.0261246233999	72	0	0	0.0977226542448	116	0.100149785421	116	0.0380160780609	68	-0.176029036871	4	-0.0880797642966	6	0	0	0.242315129284	0.242315129284	0.254206583945	0.154235364987	0.242315129284
M05_L_TO_L_ALL28:G808-E0945	M05_L_TO_L_ALL28	ALL28	L	L	G808-E0945	ok	ol	0	f78v	f78v	G808-P0249	f78v.14	14	5	B	B	2	2	EXACT	0.218830959881	62	-0.0150061803146	2	0.0419604029161	72	0.153095011082	1	0.126463371683	136	0.12878086814	137	0.0382336789038	68	0.105315084596	4	-0.0867086436423	6	0.150938560064	1	0.245785182482	0.398880193565	0.24205845847	0.15907653884	0.396723742546
M05_L_TO_L_ALL28:G808-E0965	M05_L_TO_L_ALL28	ALL28	L	L	G808-E0965	ok	ol	0	f79r	f79r	G808-P0252	f79r.10	10	4	B	B	2	3	EXACT	0.245217195332	23	0	0	0.0338767038709	72	0.114217503992	2	0.0760028775843	95	0.0781660328145	97	0.0393433957593	68	-0.0590567176502	4	0.0831243916952	6	0.111868258904	2	0.279093899202	0.393311403194	0.284560591091	0.362218290898	0.390962158107
M05_L_TO_L_ALL28:G808-E0968	M05_L_TO_L_ALL28	ALL28	L	L	G808-E0968	ok	ol	0	f79r	f79r	G808-P0253	f79r.15	15	5	B	B	2	3	EXACT	0.192816836573	39	0.0967030093123	4	0.0369660345128	72	0	0	0.0890481273749	115	0.091624660209	115	0.0446320780242	68	-0.0933563645986	4	-0.0723820510918	6	0	0	0.326485880398	0.326485880398	0.33415192391	0.254103829306	0.326485880398
M05_L_TO_L_ALL28:G808-E1201	M05_L_TO_L_ALL28	ALL28	L	L	G808-E1201	ok	eol	1	f83v	f83v	G808-P0299	f83v.6	6	7	B	B	2	3	EXACT	0.161314316881	27	-0.100602620787	2	0.011366466731	72	0	0	0.0422779271526	101	0.0447551323512	101	0.00588223706124	68	0.104598932815	4	-0.0485128310154	6	0	0	0.0720781628251	0.0720781628251	0.0665939331554	0.0235653318097	0.0720781628251
M05_L_TO_L_ALL28:G808-E1212	M05_L_TO_L_ALL28	ALL28	L	L	G808-E1212	ok	ol	0	f83v	f83v	G808-P0301	f83v.25	25	5	B	B	2	2	EXACT	0.270171647693	35	0.09761159122	2	0.0354463207565	72	-0.0483344852455	1	0.10834608048	109	0.108894836736	110	0.0313785530882	68	0.104598932815	4	0.0372787971773	6	-0.202129469425	1	0.403229559669	0.354895074424	0.399161792001	0.440508356846	0.201100090244
M05_L_TO_L_ALL28:G808-E1270	M05_L_TO_L_ALL28	ALL28	L	L	G808-E1270	ok	ol	0	f86v5	f86v	G808-P0324	f86v5.23	23	4	T	B	2	3	EXACT	0.0420541347819	37	0.436639525004	3	0.0472660225301	72	0.209392042646	2	0.0525839238438	112	0.0568403109495	114	0.0537252367179	68	-0.0625407026614	4	0.0195286737028	6	0.226980656643	3	0.525959682317	0.735351724963	0.532418896504	0.545488356019	0.75294033896
M05_L_TO_L_ALL28:G808-E1320	M05_L_TO_L_ALL28	ALL28	L	L	G808-E1320	ok	eol	1	f87r	f87r	G808-P0331	f87r.14	14	4	H	A	1	2	EXACT	0.0368711211622	14	-0.511652543891	1	-0.0497617178235	72	0.267667302104	2	-0.0624002267387	87	-0.0542526048778	89	-0.0466363226984	68	-0.102880677927	4	-0.107290922127	6	0.260847577497	2	-0.524543140552	-0.256875838447	-0.521417745427	-0.631834062679	-0.263695563055
M05_L_TO_L_ALL28:G808-E1335	M05_L_TO_L_ALL28	ALL28	L	L	G808-E1335	ok	ol	0	f88r	f88r	G808-P0335	f88r.19	19	7	P	A	1	2	EXACT	0.0192454653496	13	0.0806067457828	1	-0.0146321416001	72	0	0	-0.0229661424768	86	-0.0205355003854	86	-0.00962683433108	68	-0.0997218300508	4	-0.0272195074918	6	0	0	0.0852200695323	0.0852200695323	0.0902253768013	0.0580005620406	0.0852200695323
M05_L_TO_L_ALL28:G808-E1349	M05_L_TO_L_ALL28	ALL28	L	L	G808-E1349	ok	ol	0	f88v	f88v	G808-P0338	f88v.17	17	6	P	A	1	2	EXACT	0.0151332286302	18	-0.297952021074	2	0.00309395778265	72	-0.0584645323968	1	-0.0126288371534	92	-0.0112434976285	93	-0.000118752923614	68	0.0577104139795	4	-0.0268935760276	6	-0.0606384350039	1	-0.279724834661	-0.338189367058	-0.282937545368	-0.306618410689	-0.340363269665
M05_L_TO_L_ALL28:G808-E1372	M05_L_TO_L_ALL28	ALL28	L	L	G808-E1372	ok	ol	0	f89v1	f89v	G808-P0343	f89v1.9	9	3	P	A	1	3	EXACT	0.0343535377744	35	-0.0489717191898	2	-0.0151658103782	72	-0.0730729660636	1	-0.00352497108331	109	-0.00220648753216	110	-0.0122215452159	68	-0.0652179983973	4	0.0748445232384	6	-0.0747633435305	1	-0.0297839917936	-0.102856957857	-0.0268397266314	0.0450605314448	-0.104547335324
M05_L_TO_L_ALL28:G808-E1377	M05_L_TO_L_ALL28	ALL28	L	L	G808-E1377	ok	ol	0	f89v1	f89v	G808-P0344	f89v1.14	14	5	P	A	1	3	EXACT	-0.000803494695481	29	-0.017634368896	3	-0.00283198965425	72	0	0	-0.00917983165671	104	-0.00673066767487	104	0.00280691712472	68	-0.0986930851579	4	0.0941291310589	6	0	0	-0.0212698532457	-0.0212698532457	-0.0156309464667	0.0728592778132	-0.0212698532457
M05_L_TO_L_ALL28:G808-E1380	M05_L_TO_L_ALL28	ALL28	L	L	G808-E1380	ok	eol	1	f89v1	f89v	G808-P0344	f89v1.17	17	8	P	A	1	2	EXACT	-0.000803494695481	29	0	0	-0.00744568916002	72	0	0	-0.0111558154713	101	-0.0087066514895	101	-0.000940509509741	68	-0.118033423476	4	0.0562680402495	6	0	0	-0.0082491838555	-0.0082491838555	-0.00174400420522	0.048018856394	-0.0082491838555
M05_L_TO_L_ALL28:G808-E0086	M05_L_TO_L_ALL28	ALL28	L	L	G808-E0086	ok	ol	0	f8v	f8v	G808-P0029	f8v.14	14	2	H	A	1	2	EXACT	-0.0143819415487	23	0.105939991859	1	-0.0256971091821	72	-0.404744111639	1	-0.0302575408568	96	-0.0321612193841	97	-0.0261782701231	68	-0.0175170682649	4	-0.0510420777896	6	-0.406991145836	1	0.0658609411283	-0.338883170511	0.0653797801873	0.0148188633387	-0.341130204708
M05_L_TO_L_ALL28:G808-E1397	M05_L_TO_L_ALL28	ALL28	L	L	G808-E1397	ok	eol	1	f93r	f93r	G808-P0346	f93r.11	11	1	H	A	1	2	EXACT	-0.0606122161701	53	0.299214371441	1	-0.00525305429792	72	0	0	-0.0232315751427	126	-0.0207058514565	126	-0.0107358940287	68	0.0879555490333	4	0.0307658632428	6	-0.112154838032	1	0.233349100973	0.233349100973	0.227866261242	0.264114964216	0.121194262942
M05_L_TO_L_ALL28:G808-E1407	M05_L_TO_L_ALL28	ALL28	L	L	G808-E1407	ok	ol	0	f93v	f93v	G808-P0347	f93v.3	3	10	H	A	1	3	EXACT	-0.13036460123	34	-0.52254509392	1	-0.050437172353	71	-0.0838251776099	1	-0.0841240478652	106	-0.0821386064918	107	-0.0426721195776	67	-0.180502939206	4	-0.0428354879897	6	-0.0884902528564	1	-0.703346867503	-0.787172045113	-0.695581814728	-0.746182355493	-0.79183712036
M05_L_TO_L_ALL28:G808-E1428	M05_L_TO_L_ALL28	ALL28	L	L	G808-E1428	ok	ol	0	f95r1	f95r	G808-P0353	f95r1.9	9	6	H	B	3	3	EXACT	0.0449546538718	26	0.157637581257	3	0.0234931387008	72	0	0	0.0253721356704	101	0.0277973919283	101	0.0193015904242	68	0.0947497554142	4	0.0685941922622	6	0.0210362749147	2	0.22608537383	0.22608537383	0.221893825553	0.294679566092	0.247121648744
M05_L_TO_L_ALL28:G808-E1445	M05_L_TO_L_ALL28	ALL28	L	L	G808-E1445	ok	ol	0	f96r	f96r	G808-P0361	f96r.5	5	7	H	A	1	2	EXACT	-0.0762571772922	40	-0.22185089937	1	-0.0624378551972	72	0	0	-0.0698656180582	113	-0.0674862128762	113	-0.0549812360895	68	-0.189199950215	4	-0.196133225202	6	0	0	-0.360545931859	-0.360545931859	-0.353089312751	-0.556679157061	-0.360545931859
M05_L_TO_L_ALL28:G808-E1453	M05_L_TO_L_ALL28	ALL28	L	L	G808-E1453	ok	eol	1	f99r	f99r	G808-P0363	f99r.17	17	5	P	A	1	3	EXACT	-0.282352541067	11	-0.137476020115	1	-0.00892671625275	72	-0.0245287897233	1	-0.063441854951	84	-0.0610438775808	85	-0.0034030727168	68	-0.102828334679	4	0.0801390563075	6	-0.349279494394	1	-0.428755277435	-0.453284067159	-0.423231633899	-0.348616221128	-0.778034771829
M05_L_TO_L_ALL28:G808-E1457	M05_L_TO_L_ALL28	ALL28	L	L	G808-E1457	ok	eol	1	f99r	f99r	G808-P0364	f99r.28	28	7	P	A	1	3	EXACT	0.163131146027	3	-0.195985278418	1	-0.0109810996233	72	0	0	-0.0300458899185	76	-0.0274028155943	76	-0.0184676791788	68	0.116291074505	4	0.0183775352704	6	0	0	-0.0438352320141	-0.0438352320141	-0.0513218115697	-0.0254576967437	-0.0438352320141
M05_L_TO_L_ALL28:G808-E1466	M05_L_TO_L_ALL28	ALL28	L	L	G808-E1466	ok	eol	1	f99r	f99r	G808-P0364	f99r.31	31	7	P	A	1	2	EXACT	0.163131146027	3	0.344338722367	1	-0.0253655218347	72	0	0	-0.0365637109505	76	-0.0339206366264	76	-0.0172918990197	68	-0.162616788005	4	-0.0453804734473	6	-0.757848492526	1	0.48210434656	0.48210434656	0.490177969375	0.436723873113	-0.275744145965
M05_L_TO_L_ALL28:G808-E1471	M05_L_TO_L_ALL28	ALL28	L	L	G808-E1471	ok	eol	1	f99r	f99r	G808-P0366	f99r.48	48	2	P	A	1	2	EXACT	-0.0136986699069	15	0.0493828645805	1	-0.0294763080983	72	0	0	-0.0403388689495	88	-0.0376957946254	88	-0.0273613172174	68	-0.0654308313896	4	-0.0744939582099	6	0	0	0.00620788657526	0.00620788657526	0.00832287745619	-0.0682860716346	0.00620788657526
M05_L_TO_L_ALL28:G808-E1476	M05_L_TO_L_ALL28	ALL28	L	L	G808-E1476	ok	ol	0	f99v	f99v	G808-P0367	f99v.13	13	2	P	A	1	2	EXACT	-0.0668435457119	19	0	0	-0.0118234460192	72	0	0	-0.0325093811978	91	-0.0298154387107	91	-0.0124069165949	68	-0.00190405510727	4	0.0744073545307	6	0	0	-0.0786669917312	-0.0786669917312	-0.0792504623068	-0.00425963720045	-0.0786669917312
M05_L_TO_L_ALL28:G808-E1477	M05_L_TO_L_ALL28	ALL28	L	L	G808-E1477	ok	eol	1	f99v	f99v	G808-P0368	f99v.22	22	7	P	A	1	3	EXACT	0.091167020755	5	-0.369140568588	2	-0.00936398123438	72	0	0	-0.0297548922303	79	-0.0270609497431	79	-0.0150218779911	68	0.0868206547553	4	-0.00332706393781	6	-0.00439854118589	2	-0.287337529067	-0.287337529067	-0.292995425824	-0.290664593005	-0.291736070253
M05_L_TO_L_ALL28:G808-E1482	M05_L_TO_L_ALL28	ALL28	L	L	G808-E1482	ok	eol	1	f99v	f99v	G808-P0368	f99v.23	23	7	P	A	1	2	EXACT	0.091167020755	5	0.0200400269364	1	0.00284120812754	72	0	0	-0.00872334272594	78	-0.0060294002388	78	-0.000264690540108	68	0.0556418766034	4	-0.167273139721	6	0	0	0.114048255819	0.114048255819	0.110942357151	-0.053224883902	0.114048255819
M05_L_TO_L_ALL28:G808-E1483	M05_L_TO_L_ALL28	ALL28	L	L	G808-E1483	ok	ol	0	f99v	f99v	G808-P0368	f99v.24	24	3	P	A	1	2	EXACT	0.091167020755	5	0	0	-0.0203265281682	72	0	0	-0.0303300885384	77	-0.0276361460512	77	-0.0118340182582	68	-0.164698805512	4	0.0643105957957	6	0	0	0.0708404925868	0.0708404925868	0.0793330024968	0.135151088382	0.0708404925868
M05_L_TO_L_ALL28:G808-E1491	M05_L_TO_L_ALL28	ALL28	L	L	G808-E1491	ok	eol	1	f99v	f99v	G808-P0370	f99v.39	39	6	P	A	1	2	EXACT	0.174985797364	5	0.0229299506131	1	-0.0136771264278	72	0	0	-0.0185609873575	78	-0.0158670448703	78	-0.0039404441375	68	-0.179200334237	4	-0.0436342981161	6	0	0	0.184238621549	0.184238621549	0.19397530384	0.140604323433	0.184238621549
M05_L_TO_L_ALL28:G808-E1493	M05_L_TO_L_ALL28	ALL28	L	L	G808-E1493	ok	ol	0	f99v	f99v	G808-P0370	f99v.42	42	4	P	A	1	2	EXACT	0.174985797364	5	-0.0795411458	2	0.00251542703222	72	0.165879991266	1	-0.00629147294144	79	-0.0022051113903	80	0.00602352208952	68	-0.057121797816	4	-0.104788340447	6	0.146976368217	1	0.0979600785965	0.263840069862	0.101468173654	-0.00682826185057	0.244936446813
M05_L_TO_L_ALL28:G808-E0117	M05_L_TO_L_ALL28	ALL28	L	L	G808-E0117	okch	ol	0	f11r	f11r	G808-P0039	f11r.7	7	2	H	A	1	2	EXACT	-0.403734762538	10	0	0	-0.0390988668482	72	-0.336204031158	3	-0.0896169035013	82	-0.097911487372	85	-0.034754230966	68	-0.112957408783	4	-0.0197143330826	6	-0.344991303361	3	-0.442833629386	-0.779037660545	-0.438488993504	-0.462547962469	-0.787824932748
M05_L_TO_L_ALL28:G808-E0174	M05_L_TO_L_ALL28	ALL28	L	L	G808-E0174	okch	eol	1	f17v	f17v	G808-P0058	f17v.16	16	1	H	A	1	1	EXACT	-0.0735769142131	66	0	0	-0.031448046957	72	0	0	-0.0446303612613	138	-0.0412979966995	138	-0.0326833134743	68	-0.0104606002092	4	-0.0533902467071	6	0	0	-0.10502496117	-0.10502496117	-0.106260227687	-0.158415207877	-0.10502496117
M05_L_TO_L_ALL28:G808-E0236	M05_L_TO_L_ALL28	ALL28	L	L	G808-E0236	okch	ol	0	f23r	f23r	G808-P0080	f23r.2	2	11	H	A	1	3	EXACT	-0.283015022512	10	-0.131310658645	5	-0.0743702920363	72	-0.18586069347	1	-0.108241464994	87	-0.107830869342	88	-0.0759150048436	68	-0.0481098304062	4	0.13615144915	6	-0.215957174263	2	-0.488695973194	-0.674556666664	-0.490240686001	-0.352544524043	-0.704653147457
M05_L_TO_L_ALL28:G808-E0427	M05_L_TO_L_ALL28	ALL28	L	L	G808-E0427	okch	ol	0	f42r	f42r	G808-P0150	f42r.23	23	1	H	A	1	1	EXACT	-0.221281278529	23	0	0	-0.0526495553964	72	0	0	-0.0970663238064	95	-0.0952797527415	95	-0.0563417019981	68	0.0101172555826	4	-0.106084093811	6	0	0	-0.273930833925	-0.273930833925	-0.277622980527	-0.380014927736	-0.273930833925
M05_L_TO_L_ALL28:G808-E0589	M05_L_TO_L_ALL28	ALL28	L	L	G808-E0589	okch	ol	0	f52r	f52r	G808-P0193	f52r.3	3	3	H	A	1	2	EXACT	-0.0744943064965	27	-0.126148826484	1	-0.0443942892884	72	-0.0607428039946	1	-0.0562487974933	100	-0.0549244656829	101	-0.0379079580987	68	-0.154661606645	4	-0.0128488586905	6	-0.0644510441685	1	-0.245037422268	-0.305780226263	-0.238551091079	-0.257886280959	-0.309488466437
M05_L_TO_L_ALL28:G808-E0591	M05_L_TO_L_ALL28	ALL28	L	L	G808-E0591	okch	ol	0	f52r	f52r	G808-P0193	f52r.6	6	7	H	A	1	3	EXACT	-0.0744943064965	27	0.0761565457856	1	-0.0278793534802	72	0	0	-0.0423349899887	100	-0.0406140896006	100	-0.0275636566481	68	-0.0332458867578	4	-0.00704378829069	6	0	0	-0.0262171141911	-0.0262171141911	-0.025901417359	-0.0332609024818	-0.0262171141911
M05_L_TO_L_ALL28:G808-E1382	M05_L_TO_L_ALL28	ALL28	L	L	G808-E1382	okch	ol	0	f89v1	f89v	G808-P0344	f89v1.20	20	3	P	A	1	2	EXACT	-0.0462786795178	40	0	0	-0.00658532643444	72	-0.037237229149	3	-0.0213534470268	112	-0.020983114724	115	0.0018829024475	68	-0.150544897688	4	0.0724065772003	6	-0.0781312623249	3	-0.0528640059522	-0.0901012351012	-0.0443957770703	0.019542571248	-0.130995268277
M05_L_TO_L_ALL28:G808-E1464	M05_L_TO_L_ALL28	ALL28	L	L	G808-E1464	okch	ol	0	f99r	f99r	G808-P0364	f99r.30	30	8	P	A	1	2	EXACT	-0.102850219831	9	0	0	-0.0105288756233	72	0	0	-0.0304982593615	81	-0.028593186267	81	-0.0100538997095	68	-0.0186031444739	4	0.0158621383371	6	0.0601371063358	1	-0.113379095455	-0.113379095455	-0.112904119541	-0.0975169571174	-0.0532419891187
M05_L_TO_L_ALL28:G808-E1561	M05_L_TO_L_ALL28	ALL28	L	L	G808-E1561	opch	eol	1	f103r	f103r	G808-P0385	f103r.16	16	8	S	B	3	3	EXACT	0.19196959885	10	-0.0175771614008	1	0.0286837244921	72	0.0621499562019	1	0.0316059416025	83	0.0339121295781	84	0.028322161609	68	0.0348307783514	4	-0.0425180284592	6	-0.138274293835	1	0.203076161942	0.265226118144	0.202714599059	0.160558133482	0.0648018681064
M05_L_TO_L_ALL28:G808-E1769	M05_L_TO_L_ALL28	ALL28	L	L	G808-E1769	opch	eol	1	f107r	f107r	G808-P0491	f107r.16	16	5	S	B	3	3	EXACT	0.093126454452	13	0	0	0.0248622800805	72	-0.234471032545	2	0.0192244622167	85	0.0148491462756	87	0.0329384716849	68	-0.112432577155	4	0.0453485308626	6	-0.131435468207	2	0.117988734532	-0.116482298012	0.126064926137	0.163337265395	-0.0134467336745
M05_L_TO_L_ALL28:G808-E1788	M05_L_TO_L_ALL28	ALL28	L	L	G808-E1788	opch	eol	1	f107v	f107v	G808-P0504	f107v.8	8	6	S	B	3	2	EXACT	0.288894084582	11	0	0	0.0439437832499	72	0.0837912137438	1	0.0591773403742	83	0.0615200837675	84	0.044277528612	68	0.0382706991073	4	-0.154981648712	6	0.0819914281111	1	0.332837867832	0.416629081575	0.333171613194	0.17785621912	0.414829295943
M05_L_TO_L_ALL28:G808-E1796	M05_L_TO_L_ALL28	ALL28	L	L	G808-E1796	opch	ol	0	f107v	f107v	G808-P0506	f107v.16	16	3	S	B	3	3	EXACT	0.0562363806048	16	0.00674905796672	1	0.0509030011566	72	0.7683218775	1	0.0372917859338	89	0.0475111040818	90	0.0565128167232	68	-0.0444632764622	4	0.0078493642784	6	0.766522091867	1	0.113888439728	0.882210317228	0.119498255295	0.121737804007	0.880410531595
M05_L_TO_L_ALL28:G808-E2094	M05_L_TO_L_ALL28	ALL28	L	L	G808-E2094	opch	eol	1	f114r	f114r	G808-P0609	f114r.8	8	8	S	B	3	3	EXACT	-0.00513239093136	10	0	0	0.0485670228471	72	-0.0166385362277	1	0.0243683451852	82	0.0259356556765	83	0.0513183704113	68	0.00179444510054	4	-0.0333802886546	6	-0.0204263846244	1	0.0434346319158	0.026796095688	0.0461859794799	0.0100543432611	0.0230082472914
M05_L_TO_L_ALL28:G808-E0231	M05_L_TO_L_ALL28	ALL28	L	L	G808-E0231	opch	ol	0	f22r	f22r	G808-P0077	f22r.10	10	9	H	A	1	3	EXACT	-0.393838502441	16	-0.175670182739	2	-0.0167591926396	72	0	0	-0.100846198813	90	-0.0982105366102	90	-0.0116908047237	68	-0.102921548442	4	-0.144542597257	6	0.0951700370225	1	-0.586267877819	-0.586267877819	-0.581199489903	-0.730810475077	-0.491097840797
M05_L_TO_L_ALL28:G808-E0239	M05_L_TO_L_ALL28	ALL28	L	L	G808-E0239	opch	ol	0	f23v	f23v	G808-P0083	f23v.1	1	6	H	A	1	3	EXACT	-0.209172687244	19	-0.223140934351	2	-0.00754653770348	72	0.0573033659744	1	-0.0665944533405	93	-0.0631458586007	94	-0.00280133998136	68	-0.088216266752	4	0.0165220230254	6	0.0707409845701	3	-0.439860159299	-0.382556793324	-0.435114961576	-0.423338136273	-0.369119174728
M05_L_TO_L_ALL28:G808-E0289	M05_L_TO_L_ALL28	ALL28	L	L	G808-E0289	opch	ol	0	f28r	f28r	G808-P0095	f28r.1	1	4	H	A	1	3	EXACT	-0.353770753498	28	-0.0288362251503	2	-0.0740180599434	72	-1.00765411014	1	-0.157303286151	102	-0.163486794421	103	-0.0753739957075	68	-0.0509668673115	4	0.012167758354	6	-0.740527110588	1	-0.456625038592	-1.46427914873	-0.457980974356	-0.444457280238	-1.19715214918
M05_L_TO_L_ALL28:G808-E0310	M05_L_TO_L_ALL28	ALL28	L	L	G808-E0310	opch	ol	0	f30r	f30r	G808-P0105	f30r.8	8	1	H	A	1	3	EXACT	-0.0792799051062	19	0.232768318789	2	-0.0367683468948	72	0.00766416417454	1	-0.0518842581809	93	-0.0491151684213	94	-0.0461345644057	68	0.122457692002	4	0.0648369825092	6	-0.0721235043117	1	0.116720066788	0.124384230962	0.107353849277	0.181557049297	0.0445965624758
M05_L_TO_L_ALL28:G808-E1519	M05_L_TO_L_ALL28	ALL28	L	L	G808-E1519	ot	eol	1	f102r1	f102r	G808-P0375	f102r1.8	8	6	P	A	1	2	EXACT	-0.0936973744449	11	0	0	0.00125652527323	72	0.24834260897	1	-0.0275998144291	83	-0.0222900388993	84	-0.00440677785325	68	0.0975330645163	4	-0.0964698142404	6	0.459511251517	1	-0.0924408491716	0.155901759798	-0.0981041522981	-0.188910663412	0.367070402345
M05_L_TO_L_ALL28:G808-E1533	M05_L_TO_L_ALL28	ALL28	L	L	G808-E1533	ot	eol	1	f102v1	f102v	G808-P0377	f102v1.14	14	4	P	A	1	2	EXACT	0.0732456055964	32	-0.23394959899	1	0.0111948768901	72	0	0	0.0234293654412	105	0.0259791117792	105	0.00492874271497	68	0.117717964993	4	0.111336835984	6	0	0	-0.149509116504	-0.149509116504	-0.155775250679	-0.0381722805195	-0.149509116504
M05_L_TO_L_ALL28:G808-E1678	M05_L_TO_L_ALL28	ALL28	L	L	G808-E1678	ot	eol	1	f105r	f105r	G808-P0442	f105r.19	19	2	S	B	3	3	EXACT	0.0243594214443	20	0.187612531278	1	0.0453129653434	72	0	0	0.0325434668713	93	0.0352014974798	93	0.0504733666381	68	-0.0424129542843	4	-0.0179338890286	6	0.0380347877158	1	0.257284918066	0.257284918066	0.26244531936	0.239351029037	0.295319705781
M05_L_TO_L_ALL28:G808-E1682	M05_L_TO_L_ALL28	ALL28	L	L	G808-E1682	ot	ol	0	f105r	f105r	G808-P0442	f105r.21	21	7	S	B	3	3	EXACT	0.0243594214443	20	0.0027994913147	1	0.052531384191	72	0	0	0.0361446831838	93	0.0388027137923	93	0.0492765973325	68	0.107863663166	4	0.0181060843617	6	0	0	0.0796902969499	0.0796902969499	0.0764355100915	0.0977963813117	0.0796902969499
M05_L_TO_L_ALL28:G808-E1727	M05_L_TO_L_ALL28	ALL28	L	L	G808-E1727	ot	ol	0	f106r	f106r	G808-P0464	f106r.18	18	4	S	B	3	3	EXACT	0.111948479708	13	-0.432714408524	2	0.0443428944948	72	0.982569414243	1	0.0294482107943	87	0.0423048833881	88	0.051626652376	68	-0.0794804395595	4	-0.145133824451	6	0.984168344713	1	-0.276423034321	0.706146379922	-0.269139276439	-0.421556858771	0.707745310393
M05_L_TO_L_ALL28:G808-E1757	M05_L_TO_L_ALL28	ALL28	L	L	G808-E1757	ot	eol	1	f106v	f106v	G808-P0485	f106v.39	39	4	S	B	3	2	EXACT	0.124485435657	10	0	0	0.0185380809844	72	0	0	0.0163217355094	82	0.0189791587669	82	0.0277752663549	68	-0.138493702477	4	0.0329737973295	6	-0.0710757647766	1	0.143023516642	0.143023516642	0.152260702012	0.175997313971	0.0719477518649
M05_L_TO_L_ALL28:G808-E1760	M05_L_TO_L_ALL28	ALL28	L	L	G808-E1760	ot	ol	0	f106v	f106v	G808-P0487	f106v.44	44	10	S	B	3	3	EXACT	0.130369958869	21	-0.0739189000797	1	0.0382172052582	72	-0.0157383131763	1	0.048418828083	94	0.049789499264	95	0.0458138915246	68	-0.0909260934336	4	0.0628479774098	6	0.0447316382393	1	0.094668264047	0.0789299508707	0.102264950313	0.157516241457	0.139399902286
M05_L_TO_L_ALL28:G808-E1792	M05_L_TO_L_ALL28	ALL28	L	L	G808-E1792	ot	ol	0	f107v	f107v	G808-P0505	f107v.11	11	8	S	B	3	3	EXACT	0.139128695197	25	0	0	0.0848160495112	72	-0.0391955943263	2	0.0918831662335	97	0.0906377125156	99	0.0850293773045	68	0.0811900640395	4	-0.00896419598037	6	-0.0397213708123	2	0.223944744708	0.184749150382	0.224158072501	0.214980548728	0.184223373896
M05_L_TO_L_ALL28:G808-E1828	M05_L_TO_L_ALL28	ALL28	L	L	G808-E1828	ot	ol	0	f108r	f108r	G808-P0518	f108r.5	5	12	S	B	3	3	EXACT	-0.178174440227	6	0.138758686787	5	0.0186870680659	72	0	0	-0.0117433903229	83	-0.00887136018326	83	0.0282817580551	68	-0.144420843376	4	-0.120354393287	6	0	0	-0.0207286853741	-0.0207286853741	-0.0111339953849	-0.141083078661	-0.0207286853741
M05_L_TO_L_ALL28:G808-E0106	M05_L_TO_L_ALL28	ALL28	L	L	G808-E0106	ot	ol	0	f10r	f10r	G808-P0035	f10r.8	8	3	H	A	1	2	EXACT	-0.474905904971	29	-0.329639019957	2	-0.0604393820839	72	-0.293969092039	1	-0.188138949232	103	-0.187076743605	104	-0.0523382313732	68	-0.198158605676	4	-0.0941581822164	6	-0.298022000222	1	-0.864984307011	-1.15895339905	-0.8568831563	-0.959142489228	-1.16300630723
M05_L_TO_L_ALL28:G808-E2021	M05_L_TO_L_ALL28	ALL28	L	L	G808-E2021	ot	ol	0	f112v	f112v	G808-P0574	f112v.44	44	4	S	B	3	3	EXACT	-0.00577888101878	10	0	0	0.0414969443927	72	0	0	0.0141367671908	82	0.0158900480677	82	0.0485343910453	68	-0.0781268476674	4	-0.0127223783178	6	-0.030988496851	2	0.0357180633739	0.0357180633739	0.0427555100265	0.0229956850561	0.00472956652288
M05_L_TO_L_ALL28:G808-E2023	M05_L_TO_L_ALL28	ALL28	L	L	G808-E2023	ot	eol	1	f112v	f112v	G808-P0575	f112v.45	45	5	S	B	3	3	EXACT	-0.0140958451581	18	0	0	0.0236610251231	72	-0.280035147682	1	0.000370172227713	90	-0.00138113622545	91	0.0325735602079	68	-0.127839270284	4	-0.0760192816298	6	-0.27915762713	1	0.00956517996497	-0.270469967717	0.0184777150497	-0.0664541016648	-0.269592447165
M05_L_TO_L_ALL28:G808-E2048	M05_L_TO_L_ALL28	ALL28	L	L	G808-E2048	ot	eol	1	f113r	f113r	G808-P0586	f113r.30	30	2	S	B	3	3	EXACT	-0.0512056687598	17	0	0	0.0127190498238	72	0	0	-0.0102630986683	89	-0.00754443834497	89	0.0151820130685	68	-0.0291508939242	4	0.000936813248008	6	0	0	-0.038486618936	-0.038486618936	-0.0360236556913	-0.037549805688	-0.038486618936
M05_L_TO_L_ALL28:G808-E2060	M05_L_TO_L_ALL28	ALL28	L	L	G808-E2060	ot	eol	1	f113v	f113v	G808-P0592	f113v.2	2	9	S	B	3	3	EXACT	0.00243405924612	14	0.16826646829	4	0.0603845814729	72	-0.0781409871087	2	0.0422932020209	90	0.0410484070046	92	0.0582688812056	68	0.0963521377891	4	0.018926261974	6	-0.0640717631188	3	0.231085109009	0.1529441219	0.228969408742	0.250011370983	0.16701334589
M05_L_TO_L_ALL28:G808-E2065	M05_L_TO_L_ALL28	ALL28	L	L	G808-E2065	ot	eol	1	f113v	f113v	G808-P0595	f113v.10	10	2	S	B	3	3	EXACT	0.379041442741	9	0.661059140376	4	0.0237225174893	72	0	0	0.0744098359998	85	0.0770296266867	85	0.0270872849966	68	-0.033477878363	4	0.0382806437745	6	0	0	1.06382310061	1.06382310061	1.06718786811	1.10210374438	1.06382310061
M05_L_TO_L_ALL28:G808-E2075	M05_L_TO_L_ALL28	ALL28	L	L	G808-E2075	ot	ol	0	f113v	f113v	G808-P0599	f113v.26	26	11	S	B	3	3	EXACT	0.182137720053	10	-0.222769324896	1	0.050737683409	72	0.254095845256	2	0.0475164967959	83	0.0536478779591	85	0.0614866266171	68	-0.131993699355	4	-0.0617177107325	6	0.085599731679	2	0.0101060785664	0.264201923822	0.0208550217744	-0.0516116321661	0.0957058102454
M05_L_TO_L_ALL28:G808-E2085	M05_L_TO_L_ALL28	ALL28	L	L	G808-E2085	ot	eol	1	f113v	f113v	G808-P0604	f113v.42	42	8	S	B	3	3	EXACT	0.0491724968173	15	0.315678418288	3	0.0494424158897	72	0	0	0.0451673327225	90	0.0477871234095	90	0.0466830588234	68	0.0963521377891	4	0.00371886606792	6	0.148257469826	3	0.414293330995	0.414293330995	0.411533973929	0.418012197063	0.562550800821
M05_L_TO_L_ALL28:G808-E2096	M05_L_TO_L_ALL28	ALL28	L	L	G808-E2096	ot	ol	0	f114r	f114r	G808-P0611	f114r.16	16	13	S	B	3	3	EXACT	0.109311806841	21	0.181263680933	2	0.035079743263	72	0	0	0.045148433314	95	0.0477534370429	95	0.0425271475627	68	-0.0915257989888	4	0.0197115747657	6	0.0938700565007	1	0.325655231037	0.325655231037	0.333102635337	0.345366805803	0.419525287538
M05_L_TO_L_ALL28:G808-E2114	M05_L_TO_L_ALL28	ALL28	L	L	G808-E2114	ot	ol	0	f114v	f114v	G808-P0620	f114v.2	2	4	S	B	3	3	EXACT	0.0995024761084	17	0	0	0.0421297578164	72	0.297140835067	1	0.0419905950203	89	0.0467997281636	90	0.0493811803638	68	-0.0811450419081	4	-0.0513068765046	6	0.29355648046	1	0.141632233925	0.438773068991	0.148883656472	0.0903253574201	0.435188714385
M05_L_TO_L_ALL28:G808-E2124	M05_L_TO_L_ALL28	ALL28	L	L	G808-E2124	ot	ol	0	f114v	f114v	G808-P0623	f114v.11	11	7	S	B	3	3	EXACT	-0.128821369376	12	0	0	0.0433831554453	72	0	0	0.0047890436338	84	0.00740086482422	84	0.0389197797916	68	0.11925992514	4	0.0168648382572	6	0	0	-0.0854382139311	-0.0854382139311	-0.0899015895848	-0.0685733756739	-0.0854382139311
M05_L_TO_L_ALL28:G808-E0116	M05_L_TO_L_ALL28	ALL28	L	L	G808-E0116	ot	ol	0	f11r	f11r	G808-P0039	f11r.6	6	5	H	A	1	3	EXACT	-0.430917997542	7	-0.288316406192	4	-0.0280473785889	72	0.0144856884369	2	-0.0911638354695	83	-0.0875404086035	85	-0.0235670609876	68	-0.10421250975	4	0.0107849697873	6	0.418408551325	3	-0.747281782324	-0.732796093887	-0.742801464722	-0.736496812536	-0.328873230999
M05_L_TO_L_ALL28:G808-E0125	M05_L_TO_L_ALL28	ALL28	L	L	G808-E0125	ot	ol	0	f13v	f13v	G808-P0043	f13v.1	1	5	H	A	1	2	EXACT	-0.226912544154	16	0	0	-0.0426253215524	72	0	0	-0.0871514388436	88	-0.0845473283482	88	-0.0499156369718	68	0.0813102236012	4	-0.0596801498388	6	0	0	-0.269537865706	-0.269537865706	-0.276828181126	-0.329218015545	-0.269537865706
M05_L_TO_L_ALL28:G808-E0145	M05_L_TO_L_ALL28	ALL28	L	L	G808-E0145	ot	ol	0	f16r	f16r	G808-P0051	f16r.8	8	5	H	A	1	2	EXACT	-0.0970163089457	18	0	0	-0.0598154911607	72	-0.557226524415	2	-0.0775211079431	90	-0.0865605773205	92	-0.06940069135	68	0.103133214206	4	-0.0561036245763	6	-0.424380434173	2	-0.156831800106	-0.714058324521	-0.166417000296	-0.212935424683	-0.58121223428
M05_L_TO_L_ALL28:G808-E0173	M05_L_TO_L_ALL28	ALL28	L	L	G808-E0173	ot	eol	1	f17v	f17v	G808-P0058	f17v.15	15	6	H	A	1	2	EXACT	-0.0962705462643	62	-0.160561250539	1	-0.0573471318003	72	0	0	-0.0703770804951	135	-0.067899462055	135	-0.0503992208664	68	-0.175461231414	4	-0.0594633410734	6	0	0	-0.314178928603	-0.314178928603	-0.30723101767	-0.373642269677	-0.314178928603
M05_L_TO_L_ALL28:G808-E0205	M05_L_TO_L_ALL28	ALL28	L	L	G808-E0205	ot	ol	0	f20v	f20v	G808-P0068	f20v.2	2	7	H	A	1	2	EXACT	-0.28276181722	15	0	0	-0.030202767172	72	0	0	-0.0857398628311	87	-0.0831023238257	87	-0.0391470109998	68	0.12184971494	4	0.0215138626782	6	0	0	-0.312964584392	-0.312964584392	-0.32190882822	-0.291450721714	-0.312964584392
M05_L_TO_L_ALL28:G808-E0212	M05_L_TO_L_ALL28	ALL28	L	L	G808-E0212	ot	ol	0	f21r	f21r	G808-P0071	f21r.5	5	5	H	A	1	2	EXACT	-0.310030719691	11	-0.221167243984	2	-0.0205656423462	72	0	0	-0.0776773955334	85	-0.0749626495069	85	-0.0284885840846	68	0.114124734929	4	-0.102453819229	6	0	0	-0.551763606022	-0.551763606022	-0.55968654776	-0.654217425251	-0.551763606022
M05_L_TO_L_ALL28:G808-E0240	M05_L_TO_L_ALL28	ALL28	L	L	G808-E0240	ot	ol	0	f23v	f23v	G808-P0083	f23v.1	1	7	H	A	1	3	EXACT	-0.248853783735	19	0.36060875359	1	-0.00286523509052	72	-0.29083830878	1	-0.0606459018809	92	-0.0611094725722	93	-0.00981978961828	68	0.115360824109	4	-0.0510352006497	6	-0.35543502385	1	0.108889734765	-0.181948574015	0.101935180237	0.0578545341152	-0.246545289085
M05_L_TO_L_ALL28:G808-E0248	M05_L_TO_L_ALL28	ALL28	L	L	G808-E0248	ot	ol	0	f23v	f23v	G808-P0084	f23v.10	10	6	H	A	1	2	EXACT	-0.188837726392	26	-0.126411023976	1	-0.0515615558428	71	0	0	-0.0958296106726	98	-0.0931976719427	98	-0.0614890945148	67	0.114724402764	4	-0.0240520467115	6	0	0	-0.36681030621	-0.36681030621	-0.376737844882	-0.390862352922	-0.36681030621
M05_L_TO_L_ALL28:G808-E0255	M05_L_TO_L_ALL28	ALL28	L	L	G808-E0255	ot	ol	0	f24v	f24v	G808-P0086	f24v.2	2	6	H	A	1	3	EXACT	-0.101676361493	12	-0.429909471262	1	-0.0540041784868	71	0.256069318816	1	-0.0792050725823	84	-0.0732999427207	85	-0.0634665017192	67	0.104489703591	4	0.037175351371	6	0.106313869134	2	-0.585590011242	-0.329520692426	-0.595052334474	-0.548414659871	-0.479276142108
M05_L_TO_L_ALL28:G808-E0300	M05_L_TO_L_ALL28	ALL28	L	L	G808-E0300	ot	ol	0	f28v	f28v	G808-P0097	f28v.5	5	1	H	A	1	2	EXACT	-0.466639040562	8	0	0	-0.00448996947452	72	-0.72251614911	1	-0.0652915360974	80	-0.0714861913731	81	-0.013413253218	68	0.14720620151	4	-0.0543146946339	6	-0.825258705872	1	-0.471129010036	-1.19364515915	-0.48005229378	-0.52544370467	-1.29638771591
M05_L_TO_L_ALL28:G808-E0308	M05_L_TO_L_ALL28	ALL28	L	L	G808-E0308	ot	ol	0	f29v	f29v	G808-P0102	f29v.8	8	1	H	A	1	2	EXACT	-0.26682875463	26	-0.242933804877	2	-0.0854307221908	72	0	0	-0.142801513984	100	-0.140182334951	100	-0.0952941695132	68	0.0822482235017	4	0.0550781037357	6	0	0	-0.595193281698	-0.595193281698	-0.60505672902	-0.540115177962	-0.595193281698
M05_L_TO_L_ALL28:G808-E0326	M05_L_TO_L_ALL28	ALL28	L	L	G808-E0326	ot	ol	0	f32r	f32r	G808-P0111	f32r.7	7	1	H	A	1	1	EXACT	-0.288289260399	26	0	0	-0.0279595718506	72	-0.0931052464809	1	-0.104877349457	98	-0.102680236268	99	-0.0337866287063	68	0.0711006272861	4	-0.0848092741486	6	-0.0612189508218	1	-0.31624883225	-0.409354078731	-0.322075889105	-0.401058106398	-0.377467783072
M05_L_TO_L_ALL28:G808-E0343	M05_L_TO_L_ALL28	ALL28	L	L	G808-E0343	ot	eol	1	f34r	f34r	G808-P0117	f34r.6	6	1	H	B	2	3	EXACT	-0.0106747359576	29	-0.378643155274	2	0.00220291519806	72	0	0	-0.014584405855	103	-0.0119635633875	103	-0.00237938392318	68	0.0801023299116	4	0.0451311805961	6	0	0	-0.387114976033	-0.387114976033	-0.391697275155	-0.341983795437	-0.387114976033
M05_L_TO_L_ALL28:G808-E0384	M05_L_TO_L_ALL28	ALL28	L	L	G808-E0384	ot	eol	1	f38v	f38v	G808-P0135	f38v.1	1	4	H	A	1	3	EXACT	-0.0244080553652	34	-0.0975094233369	4	-0.0398878107676	72	-0.216648381997	1	-0.0414604208586	110	-0.0409220482234	111	-0.0374675445868	68	-0.08103199735	4	0.000977925370817	6	-0.109014144311	1	-0.16180528947	-0.378453671466	-0.159385023289	-0.160827364099	-0.27081943378
M05_L_TO_L_ALL28:G808-E0391	M05_L_TO_L_ALL28	ALL28	L	L	G808-E0391	ot	eol	1	f39r	f39r	G808-P0138	f39r.16	16	1	H	B	2	2	EXACT	-0.00124289204662	24	0.255071146722	1	-0.00994592619283	72	0.107453365252	1	-0.0127465013869	97	-0.00946419220421	98	-0.0153759314974	68	0.0823645162024	4	0.0456324918281	6	0.103326049088	1	0.243882328482	0.351335693734	0.238452323178	0.28951482031	0.34720837757
M05_L_TO_L_ALL28:G808-E0022	M05_L_TO_L_ALL28	ALL28	L	L	G808-E0022	ot	eol	1	f3r	f3r	G808-P0007	f3r.16	16	1	H	A	1	2	EXACT	-0.283419399801	6	-0.713415980207	1	-0.0224148444338	72	-0.201083366713	1	-0.0694801580882	79	-0.0691731581541	80	-0.0286013045724	68	0.0827552822113	4	0.040862339259	6	-0.0939673581622	1	-1.01925022444	-1.22033359115	-1.02543668458	-0.978387885183	-1.1132175826
M05_L_TO_L_ALL28:G808-E0420	M05_L_TO_L_ALL28	ALL28	L	L	G808-E0420	ot	ol	0	f42r	f42r	G808-P0149	f42r.10	10	5	H	A	1	2	EXACT	-0.303366220193	33	-0.243323725729	2	-0.0723278239649	72	-0.0358677325463	1	-0.150976672703	107	-0.147704442863	108	-0.0702080833745	68	-0.108363095252	4	0.0176350046722	6	-0.0402493285177	1	-0.619017769887	-0.654885502434	-0.616898029297	-0.601382765215	-0.659267098405
M05_L_TO_L_ALL28:G808-E0430	M05_L_TO_L_ALL28	ALL28	L	L	G808-E0430	ot	ol	0	f42v	f42v	G808-P0151	f42v.2	2	9	H	A	1	3	EXACT	-0.252666113125	28	-0.111239531307	2	-0.0443115882072	72	-0.547585480793	2	-0.10894553221	102	-0.11585559693	104	-0.0416581329935	68	-0.0894199918184	4	0.0619363745821	6	-0.487098939958	2	-0.408217232639	-0.955802713432	-0.405563777425	-0.346280858057	-0.895316172597
M05_L_TO_L_ALL28:G808-E0450	M05_L_TO_L_ALL28	ALL28	L	L	G808-E0450	ot	eol	1	f43v	f43v	G808-P0158	f43v.12	12	9	H	B	2	3	EXACT	-0.0287107548802	28	-0.0396254907298	2	0.00971413277272	72	0.0430109581072	3	-0.00793280002432	102	-0.00548150079653	105	0.00300390007071	68	0.123788405522	4	-0.0510862908528	6	0.0790690985174	3	-0.0586221128372	-0.0156111547301	-0.0653323455392	-0.10970840369	0.0204469856801
M05_L_TO_L_ALL28:G808-E0458	M05_L_TO_L_ALL28	ALL28	L	L	G808-E0458	ot	ol	0	f44v	f44v	G808-P0162	f44v.1	1	6	H	A	1	2	EXACT	-0.305117113881	4	0	0	-0.0212261920026	72	0	0	-0.0546286387376	76	-0.052013498887	76	-0.0286959085767	68	0.10575926742	4	0.0459917489848	6	-0.302588410506	1	-0.326343305884	-0.326343305884	-0.333813022458	-0.280351556899	-0.628931716389
M05_L_TO_L_ALL28:G808-E0465	M05_L_TO_L_ALL28	ALL28	L	L	G808-E0465	ot	ol	0	f44v	f44v	G808-P0162	f44v.3	3	4	H	A	1	2	EXACT	-0.305117113881	4	-0.0853015043314	1	-0.041709550468	72	-0.249417080434	3	-0.0745423164793	77	-0.0806587884138	80	-0.0404749054664	68	-0.0626982378322	4	0.0452330264678	6	-0.162549031594	3	-0.432128168681	-0.681545249114	-0.430893523679	-0.386895142213	-0.594677200275
M05_L_TO_L_ALL28:G808-E0512	M05_L_TO_L_ALL28	ALL28	L	L	G808-E0512	ot	eol	1	f47v	f47v	G808-P0178	f47v.3	3	3	H	A	1	2	EXACT	-0.128866971386	19	-0.551292241754	1	-0.0869418769234	72	-0.319338573586	1	-0.110623579309	92	-0.110898467857	93	-0.0805369843608	68	-0.195824857379	4	-0.0953327824359	6	-0.367441689469	1	-0.767101090063	-1.08643966365	-0.760696197501	-0.862433872499	-1.13454277953
M05_L_TO_L_ALL28:G808-E0528	M05_L_TO_L_ALL28	ALL28	L	L	G808-E0528	ot	eol	1	f48r	f48r	G808-P0180	f48r.8	8	3	H	B	5	2	EXACT	-0.0295849751561	40	-0.0453942638413	1	0.00389411865973	72	0	0	-0.00979323775285	113	-0.00716229677407	113	0.0156764632003	68	-0.196405382041	4	-0.0948128592568	6	0	0	-0.0710851203377	-0.0710851203377	-0.0593027757971	-0.165897979595	-0.0710851203377
M05_L_TO_L_ALL28:G808-E0543	M05_L_TO_L_ALL28	ALL28	L	L	G808-E0543	ot	ol	0	f49r	f49r	G808-P0185	f49r.14	14	5	H	A	1	2	EXACT	-0.204653933463	28	0	0	-0.061331792894	72	-0.669395330327	2	-0.106989543653	100	-0.116480414539	102	-0.0708852162793	68	0.101076680296	4	0.0431984811424	6	-0.501797157738	2	-0.265985726357	-0.935381056684	-0.275539149742	-0.222787245215	-0.767782884095
M05_L_TO_L_ALL28:G808-E0552	M05_L_TO_L_ALL28	ALL28	L	L	G808-E0552	ot	ol	0	f49v	f49v	G808-P0186	f49v.26	26	3	H	A	1	2	EXACT	-0.230517547971	30	-0.553769665495	1	-0.0702976636688	72	0	0	-0.126487537451	103	-0.123805104885	103	-0.0641953600462	68	-0.174035872491	4	0.00543522683795	6	-0.106187743228	1	-0.854584877135	-0.854584877135	-0.848482573513	-0.849149650297	-0.960772620363
M05_L_TO_L_ALL28:G808-E0602	M05_L_TO_L_ALL28	ALL28	L	L	G808-E0602	ot	ol	0	f53r	f53r	G808-P0196	f53r.5	5	2	H	A	1	3	EXACT	-0.254413796675	27	0.396499238232	1	-0.0768033286836	72	0	0	-0.126374321089	100	-0.123740496026	100	-0.0795768761159	68	-0.029652681123	4	0.0480577817623	6	0	0	0.065282112873	0.065282112873	0.0625085654407	0.113339894635	0.065282112873
M05_L_TO_L_ALL28:G808-E0603	M05_L_TO_L_ALL28	ALL28	L	L	G808-E0603	ot	ol	0	f53r	f53r	G808-P0196	f53r.9	9	1	H	A	1	2	EXACT	-0.254413796675	27	-0.55473758736	1	-0.0367394552206	72	0	0	-0.107040700452	100	-0.104406875389	100	-0.0437387103683	68	0.0822482235017	4	-0.0728541191471	6	0	0	-0.845890839256	-0.845890839256	-0.852890094403	-0.918744958403	-0.845890839256
M05_L_TO_L_ALL28:G808-E0624	M05_L_TO_L_ALL28	ALL28	L	L	G808-E0624	ot	ol	0	f55r	f55r	G808-P0200	f55r.13	13	4	H	B	2	2	EXACT	0.0741722776026	38	0.0629741488611	1	-0.000278230234483	72	0.0716173864749	2	0.0236819896578	111	0.0261498550869	113	0.00342764398793	68	-0.0632777535254	4	0.0403906291388	6	0.197440714968	3	0.136868196229	0.208485582704	0.140574070452	0.177258825368	0.334308911197
M05_L_TO_L_ALL28:G808-E0660	M05_L_TO_L_ALL28	ALL28	L	L	G808-E0660	ot	ol	0	f58v	f58v	G808-P0213	f58v.37	37	6	S	A	3	3	EXACT	0.118213985185	27	0	0	0.0125191750278	71	0	0	0.0357743713486	98	0.0383684598784	98	0.00602620321656	67	0.121276557199	4	-0.0625110415556	6	0	0	0.130733160212	0.130733160212	0.124240188401	0.0682221186567	0.130733160212
M05_L_TO_L_ALL28:G808-E0039	M05_L_TO_L_ALL28	ALL28	L	L	G808-E0039	ot	ol	0	f5r	f5r	G808-P0015	f5r.2	2	9	H	A	1	3	EXACT	-0.139381729287	14	-0.000290324396839	2	-0.0709042149317	72	-0.0686346993257	1	-0.0932008088572	88	-0.0909314967273	89	-0.0655365606119	68	-0.162153994461	4	-0.0036818109734	6	-0.0727369774888	1	-0.210576268616	-0.279210967942	-0.205208614296	-0.214258079589	-0.283313246105
M05_L_TO_L_ALL28:G808-E0043	M05_L_TO_L_ALL28	ALL28	L	L	G808-E0043	ot	ol	0	f5v	f5v	G808-P0017	f5v.4	4	3	H	A	1	3	EXACT	-0.261053283515	18	-0.318980626116	4	-0.0715548387214	72	0	0	-0.129554309083	94	-0.126938472191	94	-0.0713147633208	68	-0.0756358747316	4	0.00448209934438	6	0	0	-0.651588748352	-0.651588748352	-0.651348672952	-0.647106649008	-0.651588748352
M05_L_TO_L_ALL28:G808-E0046	M05_L_TO_L_ALL28	ALL28	L	L	G808-E0046	ot	ol	0	f5v	f5v	G808-P0017	f5v.6	6	1	H	A	1	1	EXACT	-0.261053283515	18	0	0	-0.0299924060431	72	0	0	-0.0865368844616	90	-0.08392104757	90	-0.0349743019301	68	0.0547000698371	4	-0.0698765487928	6	0	0	-0.291045689558	-0.291045689558	-0.296027585445	-0.360922238351	-0.291045689558
M05_L_TO_L_ALL28:G808-E0737	M05_L_TO_L_ALL28	ALL28	L	L	G808-E0737	ot	ol	0	f75v	f75v	G808-P0230	f75v.68	68	4	B	B	2	2	EXACT	0.196557551383	36	0.0058588583519	1	0.0108575805336	72	0	0	0.0693614519691	109	0.0719779799892	109	0.00585306147363	68	0.095934842999	4	-0.0569235552833	6	0	0	0.213273990268	0.213273990268	0.208269471208	0.156350434985	0.213273990268
M05_L_TO_L_ALL28:G808-E0805	M05_L_TO_L_ALL28	ALL28	L	L	G808-E0805	ot	eol	1	f76v	f76v	G808-P0237	f76v.21	21	2	B	B	2	3	EXACT	0.320019082658	25	0.3136972027	1	0.0299851754916	72	0.00525888375045	1	0.0991196038848	98	0.100155512215	99	0.0335840749551	68	-0.0311957949307	4	-0.08572764028	6	0.212782228679	2	0.66370146085	0.6689603446	0.667300360313	0.57797382057	0.876483689529
M05_L_TO_L_ALL28:G808-E0818	M05_L_TO_L_ALL28	ALL28	L	L	G808-E0818	ot	ol	0	f76v	f76v	G808-P0238	f76v.32	32	9	B	B	2	3	EXACT	0.155232680773	37	-0.0408477691005	2	0.020214137726	72	0.133636206833	2	0.061249981367	111	0.0640909939791	113	0.0267792258148	68	-0.0913920393248	4	-0.0997726109441	6	0.162418247241	2	0.134599049398	0.268235256231	0.141164137487	0.0348264384542	0.297017296639
M05_L_TO_L_ALL28:G808-E1001	M05_L_TO_L_ALL28	ALL28	L	L	G808-E1001	ot	ol	0	f79v	f79v	G808-P0264	f79v.35	35	6	B	B	2	3	EXACT	0.165435220674	19	0.295058426095	3	-0.00217710015902	72	0.309153440679	2	0.030881730803	94	0.0381074450893	96	0.00408142034457	68	-0.108571622174	4	-0.0648931293358	6	0.179379756244	2	0.45831654661	0.767469987288	0.464575067113	0.393423417274	0.637696302854
M05_L_TO_L_ALL28:G808-E1012	M05_L_TO_L_ALL28	ALL28	L	L	G808-E1012	ot	ol	0	f80r	f80r	G808-P0266	f80r.21	21	6	B	B	2	2	EXACT	0.12266417497	82	-0.0309480862252	1	0.0136090161677	72	-0.00618039130859	1	0.0747227406123	155	0.0750347430811	156	0.0209972640086	68	-0.111977649488	4	0.0345704458528	6	-0.0066340169812	1	0.105325104912	0.0991447136037	0.112713352753	0.139895550765	0.0986910879311
M05_L_TO_L_ALL28:G808-E1057	M05_L_TO_L_ALL28	ALL28	L	L	G808-E1057	ot	ol	0	f80v	f80v	G808-P0278	f80v.41	41	6	B	B	2	3	EXACT	0.215340354671	32	0.382030770644	1	0.0437922077493	72	0.110218170752	1	0.0942924567178	105	0.0963671839561	106	0.0396616592762	68	0.11401175425	4	-0.068795020441	6	0.108073021713	1	0.641163333065	0.751381503817	0.637032784592	0.572368312624	0.749236354778
M05_L_TO_L_ALL28:G808-E1082	M05_L_TO_L_ALL28	ALL28	L	L	G808-E1082	ot	eol	1	f81r	f81r	G808-P0280	f81r.26	26	3	B	B	2	2	EXACT	0.184369682628	48	0	0	0.0166611903681	72	0	0	0.0853232112161	120	0.0881173498136	120	0.0294534409703	68	-0.200807726187	4	-0.00666737459227	6	0	0	0.201030872997	0.201030872997	0.213823123599	0.194363498404	0.201030872997
M05_L_TO_L_ALL28:G808-E1243	M05_L_TO_L_ALL28	ALL28	L	L	G808-E1243	ot	ol	0	f85r1	f85r	G808-P0310	f85r1.35	35	5	T	B	2	2	EXACT	-0.0946376723311	22	0.300726032616	1	0.0219142587965	72	0	0	-0.0114423130339	95	-0.00880359308125	95	0.0150881635401	68	0.137952431387	4	0.0345980450894	6	0	0	0.228002619082	0.228002619082	0.221176523825	0.262600664171	0.228002619082
M05_L_TO_L_ALL28:G808-E1265	M05_L_TO_L_ALL28	ALL28	L	L	G808-E1265	ot	ol	0	f86v5	f86v	G808-P0321	f86v5.5	5	3	T	B	2	3	EXACT	-0.0774221669812	30	0.928440307249	2	0.0205798276973	72	-0.145807266032	2	0.00381329632329	104	0.00251970192201	106	0.0268458005464	68	-0.0859417947364	4	-0.0824232918435	6	-0.348274486571	2	0.871597967965	0.725790701933	0.877863940814	0.789174676121	0.523323481394
M05_L_TO_L_ALL28:G808-E1266	M05_L_TO_L_ALL28	ALL28	L	L	G808-E1266	ot	ol	0	f86v5	f86v	G808-P0322	f86v5.7	7	5	T	B	2	3	EXACT	-0.0389410592938	32	-0.0653628716052	1	0.0373165585405	72	0	0	0.00834110958749	105	0.0109758212918	105	0.0457371454017	68	-0.105833502099	4	0.0979185788975	6	0	0	-0.0669873723585	-0.0669873723585	-0.0585667854973	0.030931206539	-0.0669873723585
M05_L_TO_L_ALL28:G808-E1297	M05_L_TO_L_ALL28	ALL28	L	L	G808-E1297	ot	ol	0	f86v6	f86v	G808-P0328	f86v6.20	20	2	T	B	2	3	EXACT	-0.0759253082932	51	0.357476204439	1	0.040471929071	72	0	0	-0.00232101026497	124	0.000313701439309	124	0.0458732668072	68	-0.0513508964446	4	-0.00240839878265	6	0	0	0.322022825217	0.322022825217	0.327424162953	0.319614426434	0.322022825217
M05_L_TO_L_ALL28:G808-E1310	M05_L_TO_L_ALL28	ALL28	L	L	G808-E1310	ot	ol	0	f86v6	f86v	G808-P0329	f86v6.39	39	4	T	B	2	3	EXACT	0.0167389003497	75	-0.17817930103	4	0.016742610045	72	0.589341672502	1	0.0197631613437	151	0.025759707587	152	0.022128747523	68	-0.0748218110809	4	0.0474220057462	6	0.210460285548	3	-0.144697790636	0.444643881866	-0.139311653158	-0.0972757848895	0.065762494912
M05_L_TO_L_ALL28:G808-E1325	M05_L_TO_L_ALL28	ALL28	L	L	G808-E1325	ot	ol	0	f87v	f87v	G808-P0332	f87v.9	9	3	H	A	1	1	EXACT	0.087598268254	23	0	0	-0.0428010624206	72	0	0	-0.0193256416936	95	-0.0166919943986	95	-0.0410217528556	68	-0.0730489508349	4	-0.0699091105753	6	0	0	0.0447972058335	0.0447972058335	0.0465765153984	-0.0251119047418	0.0447972058335
M05_L_TO_L_ALL28:G808-E1350	M05_L_TO_L_ALL28	ALL28	L	L	G808-E1350	ot	ol	0	f88v	f88v	G808-P0338	f88v.18	18	3	P	A	1	2	EXACT	-0.0424473671766	7	0	0	-0.000209078241675	72	0	0	-0.0209284386381	79	-0.0182425458632	79	0.0115049709098	68	-0.199347539627	4	-0.0763255582174	6	0	0	-0.0426564454182	-0.0426564454182	-0.0309423962667	-0.118982003636	-0.0426564454182
M05_L_TO_L_ALL28:G808-E1355	M05_L_TO_L_ALL28	ALL28	L	L	G808-E1355	ot	eol	1	f88v	f88v	G808-P0338	f88v.20	20	3	P	A	1	2	EXACT	-0.0424473671766	7	0	0	-0.0151173385463	72	0	0	-0.0345157138524	79	-0.0318298210775	79	-0.0027953722725	68	-0.224590391011	4	-0.0243230532889	6	0	0	-0.0575647057229	-0.0575647057229	-0.0452427394491	-0.0818877590118	-0.0575647057229
M05_L_TO_L_ALL28:G808-E0077	M05_L_TO_L_ALL28	ALL28	L	L	G808-E0077	ot	ol	0	f8v	f8v	G808-P0028	f8v.1	1	5	H	A	1	2	EXACT	-0.241852847384	29	0	0	-0.050672573757	72	-0.222483225048	1	-0.110765534381	101	-0.109739491768	102	-0.0477386669149	68	-0.100548685152	4	-0.0712330397457	6	-0.22665951356	1	-0.292525421141	-0.515008646189	-0.289591514299	-0.363758460887	-0.519184934701
M05_L_TO_L_ALL28:G808-E1390	M05_L_TO_L_ALL28	ALL28	L	L	G808-E1390	ot	ol	0	f93r	f93r	G808-P0346	f93r.4	4	7	H	A	1	3	EXACT	-0.0697742871721	50	0	0	-0.0155582225801	72	0	0	-0.0356467626229	122	-0.0329771787922	122	-0.0114222456426	68	-0.0858695026107	4	0.105044279713	6	-0.00718680682665	1	-0.0853325097523	-0.0853325097523	-0.0811965328148	0.0197117699606	-0.0925193165789
M05_L_TO_L_ALL28:G808-E1398	M05_L_TO_L_ALL28	ALL28	L	L	G808-E1398	ot	eol	1	f93r	f93r	G808-P0346	f93r.11	11	2	H	A	1	2	EXACT	-0.0697742871721	50	0	0	-0.0108479636432	72	0	0	-0.0328669376765	122	-0.0301973538458	122	-0.0097985501619	68	-0.0286876649177	4	-0.0223532623971	6	0.0245950655796	1	-0.0806222508153	-0.0806222508153	-0.079572837334	-0.102975513212	-0.0560271852357
M05_L_TO_L_ALL28:G808-E1475	M05_L_TO_L_ALL28	ALL28	L	L	G808-E1475	ot	ol	0	f99v	f99v	G808-P0367	f99v.12	12	4	P	A	1	3	EXACT	-0.141022802768	15	0.548693698724	3	-0.0137049633405	72	-0.788646418265	2	-0.0275451511163	90	-0.0426024073154	92	-0.0105684946161	68	-0.0670245405298	4	-0.0450390857355	6	-0.649812574482	2	0.393965932616	-0.394680485649	0.39710240134	0.348926846881	-0.255846641866
M05_L_TO_L_ALL28:G808-E0100	M05_L_TO_L_ALL28	ALL28	L	L	G808-E0100	ot	ol	0	f9v	f9v	G808-P0032	f9v.4	4	6	H	A	1	3	EXACT	-0.343771484089	17	-0.191764953489	1	-0.0658750516412	72	-0.0237951492564	2	-0.130872705802	90	-0.127218884411	92	-0.0744543873883	68	0.0799739938307	4	0.0552020096779	6	-0.0215491683794	3	-0.601411489219	-0.625206638476	-0.609990824966	-0.546209479541	-0.622960657599
M05_L_TO_L_ALL28:G808-E0123	M05_L_TO_L_ALL28	ALL28	L	L	G808-E0123	otch	ol	0	f13r	f13r	G808-P0042	f13r.5	5	7	H	A	1	2	EXACT	-0.304020026521	23	-0.23354683113	1	-0.0571882068131	72	0	0	-0.127101630444	96	-0.124753703664	96	-0.0504946725212	68	-0.170977638544	4	0.00341280520251	6	0	0	-0.594755064464	-0.594755064464	-0.588061530172	-0.591342259262	-0.594755064464
M05_L_TO_L_ALL28:G808-E0127	M05_L_TO_L_ALL28	ALL28	L	L	G808-E0127	otch	ol	0	f13v	f13v	G808-P0043	f13v.2	2	4	H	A	1	2	EXACT	-0.168940902761	15	0	0	-0.0621636301215	72	0	0	-0.0932173479105	87	-0.0908895185613	87	-0.0677132105798	68	0.0321798234521	4	-0.0974790373475	6	0	0	-0.231104532882	-0.231104532882	-0.236654113341	-0.32858357023	-0.231104532882
M05_L_TO_L_ALL28:G808-E0152	M05_L_TO_L_ALL28	ALL28	L	L	G808-E0152	otch	ol	0	f17r	f17r	G808-P0055	f17r.2	2	7	H	A	1	3	EXACT	-0.234246407056	8	0	0	-0.0400443177588	72	-0.127646892876	1	-0.076995623283	80	-0.0756972470283	81	-0.0469204270861	68	0.0768502497354	4	0.00794721371419	6	-0.132050097757	1	-0.274290724815	-0.401937617692	-0.281166834143	-0.266343511101	-0.406340822572
M05_L_TO_L_ALL28:G808-E0156	M05_L_TO_L_ALL28	ALL28	L	L	G808-E0156	otch	ol	0	f17r	f17r	G808-P0057	f17r.11	11	1	H	A	1	2	EXACT	-0.269302425991	9	0	0	-0.0111756817104	72	0	0	-0.056706609286	81	-0.0540987979254	81	-0.0196099381435	68	0.132207386581	4	-0.0427479919776	6	0	0	-0.280478107701	-0.280478107701	-0.288912364134	-0.323226099679	-0.280478107701
M05_L_TO_L_ALL28:G808-E0241	M05_L_TO_L_ALL28	ALL28	L	L	G808-E0241	otch	ol	0	f23v	f23v	G808-P0083	f23v.2	2	6	H	A	1	2	EXACT	-0.195952426837	22	-0.133222361029	1	-0.038817674742	72	0	0	-0.086338105067	95	-0.0839864604783	95	-0.0463493972654	68	0.0892206518812	4	-0.0388994357861	6	0	0	-0.367992462608	-0.367992462608	-0.375524185131	-0.406891898394	-0.367992462608
M05_L_TO_L_ALL28:G808-E0262	M05_L_TO_L_ALL28	ALL28	L	L	G808-E0262	otch	ol	0	f24v	f24v	G808-P0087	f24v.16	16	1	H	A	1	1	EXACT	-0.213871094091	22	0	0	-0.00318522184463	72	0	0	-0.0618411706255	94	-0.0595019971895	94	-0.00625999728668	68	0.0490862276289	4	-0.0736513956879	6	0	0	-0.217056315935	-0.217056315935	-0.220131091377	-0.290707711623	-0.217056315935
M05_L_TO_L_ALL28:G808-E0290	M05_L_TO_L_ALL28	ALL28	L	L	G808-E0290	otch	ol	0	f28r	f28r	G808-P0095	f28r.1	1	6	H	A	1	3	EXACT	-0.35024495291	28	-0.0294153326978	1	-0.0681991567904	72	0.323983747045	1	-0.152631692897	101	-0.146158328051	102	-0.0775819140409	68	0.0913084037458	4	0.0628312823263	6	0.311104008436	2	-0.447859442398	-0.123875695354	-0.457242199649	-0.385028160072	-0.136755433962
M05_L_TO_L_ALL28:G808-E0328	M05_L_TO_L_ALL28	ALL28	L	L	G808-E0328	otch	ol	0	f32r	f32r	G808-P0111	f32r.16	16	1	H	A	1	1	EXACT	-0.302023345644	26	0	0	-0.0335667290645	72	-0.11187705549	1	-0.113495760746	98	-0.111599960883	99	-0.0408452971682	68	0.0901695639866	4	-0.0394709280586	6	-0.132323878145	1	-0.335590074709	-0.447467130199	-0.342868642813	-0.375061002767	-0.467913952854
M05_L_TO_L_ALL28:G808-E0332	M05_L_TO_L_ALL28	ALL28	L	L	G808-E0332	otch	ol	0	f32v	f32v	G808-P0113	f32v.8	8	1	H	A	1	3	EXACT	-0.223735224671	19	-0.144599075829	4	-0.0301608913235	72	-0.849540296694	2	-0.0853135544605	95	-0.0997343520318	97	-0.0394688368445	68	0.128074836484	4	0.0609403261539	6	-0.529299387928	3	-0.398495191823	-1.24803548852	-0.407803137344	-0.337554865669	-0.927794579752
M05_L_TO_L_ALL28:G808-E0018	M05_L_TO_L_ALL28	ALL28	L	L	G808-E0018	otch	ol	0	f3r	f3r	G808-P0005	f3r.7	7	1	H	A	1	2	EXACT	-0.238437767667	17	0	0	-0.0261593648151	72	-0.0388738853041	2	-0.0792918551763	89	-0.0771040582042	91	-0.0350849735741	68	0.125576690988	4	0.0698637557628	6	-0.0423149104955	2	-0.264597132482	-0.303471017786	-0.273522741241	-0.194733376719	-0.306912042978
M05_L_TO_L_ALL28:G808-E0419	M05_L_TO_L_ALL28	ALL28	L	L	G808-E0419	otch	ol	0	f42r	f42r	G808-P0149	f42r.9	9	2	H	A	1	2	EXACT	-0.310220127276	33	0	0	-0.0572150180737	72	0	0	-0.141171591167	105	-0.138699448608	105	-0.0612171432287	68	0.0108218309061	4	0.0319804791421	6	0	0	-0.367435145349	-0.367435145349	-0.371437270504	-0.335454666207	-0.367435145349
M05_L_TO_L_ALL28:G808-E0455	M05_L_TO_L_ALL28	ALL28	L	L	G808-E0455	otch	ol	0	f44r	f44r	G808-P0161	f44r.9	9	1	H	A	1	2	EXACT	-0.433232240355	9	-0.0751728106886	1	-0.0186473479663	72	-0.211834112881	1	-0.0814864078323	82	-0.0813218764406	83	-0.027433252906	68	0.130713636446	4	0.0735029749638	6	-0.276477474644	1	-0.52705239901	-0.73888651189	-0.535838303949	-0.453549424046	-0.803529873654
M05_L_TO_L_ALL28:G808-E0462	M05_L_TO_L_ALL28	ALL28	L	L	G808-E0462	otch	ol	0	f44v	f44v	G808-P0162	f44v.2	2	5	H	A	1	2	EXACT	-0.308492654262	8	0.0696581566047	1	-0.0469613426611	72	-1.05799135783	1	-0.0883955251554	81	-0.0985002643301	82	-0.0447806464644	68	-0.084032479382	4	-0.0942178081291	6	-0.788502339193	1	-0.285795840318	-1.34378719814	-0.283615144121	-0.380013648447	-1.07429817951
M05_L_TO_L_ALL28:G808-E0468	M05_L_TO_L_ALL28	ALL28	L	L	G808-E0468	otch	ol	0	f44v	f44v	G808-P0163	f44v.6	6	9	H	A	1	3	EXACT	-0.453347466621	15	0.0220851406678	2	-0.0225141235463	72	-0.631259757972	1	-0.107075636227	89	-0.11112621417	90	-0.0285887679573	68	0.0807555300632	4	0.0234232270071	6	-0.634645777286	1	-0.4537764495	-1.08503620747	-0.459851093911	-0.430353222493	-1.08842222679
M05_L_TO_L_ALL28:G808-E0513	M05_L_TO_L_ALL28	ALL28	L	L	G808-E0513	otch	ol	0	f47v	f47v	G808-P0178	f47v.3	3	5	H	A	1	2	EXACT	-0.143379438673	19	0	0	-0.0682054296349	72	-0.389615232608	2	-0.0947125379544	91	-0.0997971211161	93	-0.076641810939	68	0.0752136540281	4	-0.108935070347	6	-0.445551603936	2	-0.211584868308	-0.601200100916	-0.220021249612	-0.320519938655	-0.657136472244
M05_L_TO_L_ALL28:G808-E0032	M05_L_TO_L_ALL28	ALL28	L	L	G808-E0032	otch	ol	0	f4r	f4r	G808-P0011	f4r.3	3	1	H	A	1	2	EXACT	-0.327815467675	15	-0.552836735338	2	-0.0349532848846	72	0.00647592774818	1	-0.109300252899	89	-0.106226138785	90	-0.0447513595511	68	0.131614711461	4	-0.0305190929798	6	-0.0291977515174	1	-0.915605487897	-0.909129560149	-0.925403562563	-0.946124580877	-0.944803239414
M05_L_TO_L_ALL28:G808-E0588	M05_L_TO_L_ALL28	ALL28	L	L	G808-E0588	otch	ol	0	f52r	f52r	G808-P0193	f52r.1	1	8	H	A	1	3	EXACT	-0.05438047685	32	0	0	-0.0344870983567	72	0	0	-0.0456831345629	104	-0.043207175788	104	-0.040744103173	68	0.0718826989879	4	0.122423726175	6	-0.647110167159	2	-0.0888675752067	-0.0888675752067	-0.0951245800229	0.0335561509683	-0.735977742366
M05_L_TO_L_ALL28:G808-E0638	M05_L_TO_L_ALL28	ALL28	L	L	G808-E0638	otch	ol	0	f56v	f56v	G808-P0206	f56v.15	15	1	H	A	1	1	EXACT	-0.198505297557	27	-0.099123578968	1	-0.0318607568293	72	0	0	-0.0844915684801	100	-0.082155569415	100	-0.0410510743236	68	0.124375341027	4	-0.0126721844649	6	0	0	-0.329489633355	-0.329489633355	-0.338679950849	-0.342161817819	-0.329489633355
M05_L_TO_L_ALL28:G808-E0044	M05_L_TO_L_ALL28	ALL28	L	L	G808-E0044	otch	ol	0	f5v	f5v	G808-P0017	f5v.5	5	4	H	A	1	2	EXACT	-0.339123319939	20	0	0	-0.0643192754901	72	-0.122898583952	3	-0.134337521864	92	-0.133186367635	95	-0.0603936972088	68	-0.131053457789	4	-0.109847432101	6	-0.0401417052426	3	-0.40344259543	-0.526341179381	-0.399517017148	-0.51329002753	-0.443584300672
M05_L_TO_L_ALL28:G808-E0063	M05_L_TO_L_ALL28	ALL28	L	L	G808-E0063	otch	ol	0	f7r	f7r	G808-P0022	f7r.7	7	4	H	A	1	2	EXACT	-0.217947104075	20	0	0	-0.0436126267402	72	0.304352998277	1	-0.0918287831851	92	-0.0857407884397	93	-0.0385544468222	68	-0.1296009625	4	-0.155216639559	6	0.0722125290119	1	-0.261559730816	0.042793267461	-0.256501550898	-0.416776370375	-0.189347201804
M05_L_TO_L_ALL28:G808-E1241	M05_L_TO_L_ALL28	ALL28	L	L	G808-E1241	otch	ol	0	f85r1	f85r	G808-P0310	f85r1.32	32	6	T	B	2	3	EXACT	-0.0301404432579	22	-0.0161503418528	3	0.0138731293528	72	-0.0613085726013	1	-0.00755544521263	97	-0.00626956412373	98	0.0194751855124	68	-0.081366851459	4	0.0245125687212	6	-0.107374632506	1	-0.0324176557579	-0.0937262283592	-0.0268155995983	-0.00790508703667	-0.139792288264
M05_L_TO_L_ALL28:G808-E1318	M05_L_TO_L_ALL28	ALL28	L	L	G808-E1318	otch	eol	1	f87r	f87r	G808-P0331	f87r.12	12	4	H	A	1	2	EXACT	0.0465732728197	17	0	0	-0.0198816875886	72	0	0	-0.0192970660311	89	-0.0169167545357	89	-0.0191615697748	68	-0.0321230169363	4	-0.0360683974288	6	0	0	0.0266915852311	0.0266915852311	0.0274117030449	-0.00937681219766	0.0266915852311
M05_L_TO_L_ALL28:G808-E1333	M05_L_TO_L_ALL28	ALL28	L	L	G808-E1333	otch	ol	0	f88r	f88r	G808-P0335	f88r.18	18	5	P	A	1	2	EXACT	-0.0358625087108	15	0	0	-0.000181632167809	72	0	0	-0.0198404474593	87	-0.0175466567034	87	-0.00513554385628	68	0.0840358042491	4	0.0419420139972	6	0	0	-0.0360441408786	-0.0360441408786	-0.040998052567	0.00589787311865	-0.0360441408786
M05_L_TO_L_ALL28:G808-E1385	M05_L_TO_L_ALL28	ALL28	L	L	G808-E1385	otch	ol	0	f90r1	f90r	G808-P0345	f90r1.6	6	2	H	A	1	2	EXACT	-0.0710106335407	31	0	0	-0.0389812308959	71	0	0	-0.0537573563522	102	-0.051396481349	102	-0.0412460446521	67	-0.00104542765618	4	0.0226864865132	6	0	0	-0.109991864437	-0.109991864437	-0.112256678193	-0.0873053779233	-0.109991864437
M05_L_TO_L_ALL28:G808-E0093	M05_L_TO_L_ALL28	ALL28	L	L	G808-E0093	otch	ol	0	f9r	f9r	G808-P0030	f9r.5	5	8	H	A	1	3	EXACT	-0.315912690949	24	-0.187650062126	4	-0.0400466251076	72	-0.638199007125	1	-0.121217846226	100	-0.124452729063	101	-0.0468274078256	68	0.0752273860193	4	-0.107323793596	6	-0.640172883886	1	-0.543609378182	-1.18180838531	-0.5503901609	-0.650933171778	-1.18378226207
M05_L_TO_L_ALL28:G808-E1496	M05_L_TO_L_ALL28	ALL28	L	L	G808-E1496	pch	eol	1	f100r	f100r	G808-P0371	f100r.12	12	1	P	A	1	3	EXACT	0.0524935762943	13	-0.705942454528	1	7.62779412771e-05	72	0	0	-0.0128672277288	86	-0.0101534327217	86	-0.00472462639251	68	0.0816919984172	4	0.0348859466189	6	0	0	-0.653372600292	-0.653372600292	-0.658173504626	-0.618486653674	-0.653372600292
M05_L_TO_L_ALL28:G808-E1529	M05_L_TO_L_ALL28	ALL28	L	L	G808-E1529	pch	ol	0	f102v1	f102v	G808-P0377	f102v1.7	7	3	P	A	1	2	EXACT	0.0735185111206	31	0	0	-0.000667693550339	72	0.17242128721	1	0.0170145953702	103	0.0205732900535	104	0.00850969879868	68	-0.156684556359	4	0.0227938547165	6	0.309762623972	1	0.0728508175703	0.24527210478	0.0820282099193	0.0956446722868	0.382613441542
M05_L_TO_L_ALL28:G808-E1602	M05_L_TO_L_ALL28	ALL28	L	L	G808-E1602	pch	ol	0	f103v	f103v	G808-P0407	f103v.30	30	4	S	B	3	2	EXACT	0.144614829431	13	0	0	0.0322035026696	72	0	0	0.0361766743536	85	0.0388144037015	85	0.0357661038877	68	-0.0283603782785	4	-0.125272600415	6	0	0	0.1768183321	0.1768183321	0.180380933318	0.0515457316853	0.1768183321
M05_L_TO_L_ALL28:G808-E1630	M05_L_TO_L_ALL28	ALL28	L	L	G808-E1630	pch	ol	0	f104r	f104r	G808-P0421	f104r.34	34	1	S	B	3	3	EXACT	0.091492254234	3	0.0699009473261	5	0.112497420575	72	0	0	0.0891535520868	80	0.0919175599175	80	0.114384385351	68	0.0804193499799	4	0.0407492567514	6	0	0	0.273890622135	0.273890622135	0.275777586911	0.314639878887	0.273890622135
M05_L_TO_L_ALL28:G808-E1719	M05_L_TO_L_ALL28	ALL28	L	L	G808-E1719	pch	eol	1	f106r	f106r	G808-P0462	f106r.13	13	1	S	B	3	3	EXACT	0.185016503115	3	0.569576924828	1	0.0543194031555	72	0	0	0.0465110050906	76	0.0491537055572	76	0.052323736714	68	0.0882462825859	4	0.0381061079373	6	0	0	0.808912831099	0.808912831099	0.806917164657	0.847018939036	0.808912831099
M05_L_TO_L_ALL28:G808-E2069	M05_L_TO_L_ALL28	ALL28	L	L	G808-E2069	pch	eol	1	f113v	f113v	G808-P0596	f113v.15	15	8	S	B	3	3	EXACT	0.0777692964992	28	-0.148313128731	3	0.0852470651589	72	-0.147662944442	1	0.0695295138155	103	0.0695716192017	104	0.0855530181606	68	0.0800465159016	4	0.0103921993224	6	0.00406661477389	2	0.0147032329273	-0.132959711514	0.015009185929	0.0250954322496	0.0187698477012
M05_L_TO_L_ALL28:G808-E2073	M05_L_TO_L_ALL28	ALL28	L	L	G808-E2073	pch	eol	1	f113v	f113v	G808-P0599	f113v.25	25	5	S	B	3	3	EXACT	-0.0179236140364	10	-0.300158918865	1	0.0629966202485	72	0	0	0.032937846522	83	0.0356079569993	83	0.0721475321752	68	-0.0925682307338	4	0.032401843837	6	0	0	-0.255085912652	-0.255085912652	-0.245935000726	-0.222684068816	-0.255085912652
M05_L_TO_L_ALL28:G808-E0302	M05_L_TO_L_ALL28	ALL28	L	L	G808-E0302	pch	ol	0	f28v	f28v	G808-P0098	f28v.7	7	1	H	A	1	3	EXACT	-0.141638766241	13	0.114425975568	5	-0.0538097991893	72	0	0	-0.0693281354549	90	-0.0667319919036	90	-0.064770239755	68	0.132518037772	4	0.132670717599	6	0	0	-0.0810225898619	-0.0810225898619	-0.0919830304276	0.0516481277375	-0.0810225898619
M05_L_TO_L_ALL28:G808-E0020	M05_L_TO_L_ALL28	ALL28	L	L	G808-E0020	pch	eol	1	f3r	f3r	G808-P0006	f3r.11	11	1	H	A	1	1	EXACT	-0.0349100602594	10	0	0	-0.0233281287298	72	0	0	-0.0401244714148	82	-0.0374252918305	82	-0.0293895994408	68	0.0797171776445	4	0.0339868829975	6	0	0	-0.0582381889892	-0.0582381889892	-0.0642996597002	-0.0242513059917	-0.0582381889892
M05_L_TO_L_ALL28:G808-E0597	M05_L_TO_L_ALL28	ALL28	L	L	G808-E0597	pch	eol	1	f52v	f52v	G808-P0195	f52v.7	7	1	H	A	1	2	EXACT	-0.127887755117	18	-0.21949994555	1	-0.0461051775259	72	0	0	-0.0743828846591	91	-0.0717462359128	91	-0.0522048684684	68	0.0575899049462	4	-0.0610453750941	6	0	0	-0.393492878193	-0.393492878193	-0.399592569136	-0.454538253287	-0.393492878193
M05_L_TO_L_ALL28:G808-E0878	M05_L_TO_L_ALL28	ALL28	L	L	G808-E0878	pch	eol	1	f77v	f77v	G808-P0246	f77v.29	29	6	B	B	2	3	EXACT	0.19136047236	41	-0.0325199744985	1	0.0465127572718	72	-0.251069426038	1	0.0964958937393	114	0.0956074493688	115	0.0443601845284	68	0.0831075628758	4	-0.00153260656327	6	-0.214569785905	1	0.205353255133	-0.0457161709049	0.20320068239	0.20382064857	-0.00921653077153
M05_L_TO_L_ALL28:G808-E1032	M05_L_TO_L_ALL28	ALL28	L	L	G808-E1032	pch	eol	1	f80v	f80v	G808-P0271	f80v.6	6	3	B	B	2	2	EXACT	0.239488265876	22	0.399904333847	1	0.00901630872346	72	0.346503236533	1	0.0564396917144	95	0.0613484548796	96	0.0122979288741	68	-0.0467710113796	4	-0.0406527510102	6	0.344416525913	1	0.648408908446	0.994912144979	0.651690528597	0.607756157436	0.992825434359
M05_L_TO_L_ALL28:G808-E1132	M05_L_TO_L_ALL28	ALL28	L	L	G808-E1132	pch	eol	1	f82v	f82v	G808-P0287	f82v.11	11	1	B	B	2	3	EXACT	0.176800513018	18	0.465786363962	2	0.0449132939693	72	-0.239725512557	2	0.0690494278833	92	0.0639386411587	94	0.0428502605521	68	0.0799852151905	4	0.0197829804299	6	-0.262158811046	2	0.687500170949	0.447774658392	0.685437137532	0.707283151379	0.425341359903
M05_L_TO_L_ALL28:G808-E1150	M05_L_TO_L_ALL28	ALL28	L	L	G808-E1150	pch	eol	1	f82v	f82v	G808-P0291	f82v.38	38	1	B	B	2	1	EXACT	0.186306137121	28	0	0	0.0242500344124	72	0.0169596334168	1	0.0636704317582	100	0.0652998666745	101	0.0212089198377	68	0.0759493353121	4	-0.0718917231908	6	0.0358317054453	1	0.210556171533	0.22751580495	0.207515056959	0.138664448343	0.246387876979
M05_L_TO_L_ALL28:G808-E1468	M05_L_TO_L_ALL28	ALL28	L	L	G808-E1468	pch	ol	0	f99r	f99r	G808-P0365	f99r.41	41	4	P	A	1	3	EXACT	0.133469023378	22	-0.145274679053	1	-0.00772994509081	72	0	0	0.0134478833303	95	0.0162374086157	95	-0.00533850859727	68	-0.0483840437965	4	-0.0303726427181	6	0	0	-0.0195356007656	-0.0195356007656	-0.017144164272	-0.0499082434837	-0.0195356007656
M05_L_TO_L_ALL28:G808-E1506	M05_L_TO_L_ALL28	ALL28	L	L	G808-E1506	qok	eol	1	f100v	f100v	G808-P0373	f100v.15	15	9	P	A	1	3	EXACT	-0.079232353667	26	-0.0852153428529	4	-0.0362013635513	72	0	0	-0.0573917849305	102	-0.0547114600508	102	-0.0422327950798	68	0.0663334753823	4	0.0128179570148	6	-0.0157270486729	1	-0.200649060071	-0.200649060071	-0.2066804916	-0.187831103056	-0.216376108744
M05_L_TO_L_ALL28:G808-E1508	M05_L_TO_L_ALL28	ALL28	L	L	G808-E1508	qok	eol	1	f100v	f100v	G808-P0373	f100v.17	17	3	P	A	1	2	EXACT	-0.079232353667	26	0	0	-0.0554726500952	72	0	0	-0.069150980375	98	-0.0664706554953	98	-0.0470489252523	68	-0.198675469475	4	0.0344912515708	6	0	0	-0.134705003762	-0.134705003762	-0.126281278919	-0.100213752191	-0.134705003762
M05_L_TO_L_ALL28:G808-E1511	M05_L_TO_L_ALL28	ALL28	L	L	G808-E1511	qok	eol	1	f100v	f100v	G808-P0373	f100v.18	18	10	P	A	1	3	EXACT	-0.079232353667	26	0.027936146457	3	-0.0609801345773	72	0	0	-0.0711129153914	101	-0.0684325905116	101	-0.0575548213375	68	-0.119209956705	4	0.0132571241287	6	0	0	-0.112276341787	-0.112276341787	-0.108851028547	-0.0990192176586	-0.112276341787
M05_L_TO_L_ALL28:G808-E1518	M05_L_TO_L_ALL28	ALL28	L	L	G808-E1518	qok	ol	0	f102r1	f102r	G808-P0374	f102r1.5	5	9	P	A	1	2	EXACT	0.108577030901	5	0	0	-0.0247125342378	72	0	0	-0.0366308252692	77	-0.034098072561	77	-0.0177810164561	68	-0.142547802944	4	0.0399599405458	6	0.0468435220937	1	0.0838644966634	0.0838644966634	0.0907960144451	0.123824437209	0.130708018757
M05_L_TO_L_ALL28:G808-E1521	M05_L_TO_L_ALL28	ALL28	L	L	G808-E1521	qok	eol	1	f102r1	f102r	G808-P0375	f102r1.9	9	3	P	A	1	2	EXACT	-0.13436848545	8	0	0	-0.0323585032285	72	0	0	-0.0608496269791	80	-0.0583168742709	80	-0.0219457109274	68	-0.209375438765	4	0.05977153388	6	-0.946664433108	1	-0.166726988679	-0.166726988679	-0.156314196378	-0.106955454799	-1.11339142179
M05_L_TO_L_ALL28:G808-E1531	M05_L_TO_L_ALL28	ALL28	L	L	G808-E1531	qok	eol	1	f102v1	f102v	G808-P0377	f102v1.9	9	3	P	A	1	3	EXACT	0.0390209759694	25	-0.0910153016639	2	0.0033355426821	72	0	0	0.00276136532802	99	0.00514895223009	99	0.00603336936061	68	-0.0425286152379	4	-0.0552107286745	6	0.000948016438802	1	-0.0486587830124	-0.0486587830124	-0.0459609563339	-0.103869511687	-0.0477107665736
M05_L_TO_L_ALL28:G808-E1548	M05_L_TO_L_ALL28	ALL28	L	L	G808-E1548	qok	eol	1	f102v2	f102v	G808-P0380	f102v2.35	35	9	P	A	1	3	EXACT	0.113562201498	44	0.219693216382	1	-0.0239076919482	72	0	0	0.0299191600108	117	0.0323067469129	117	-0.018169999659	68	-0.12144956525	4	0.0130611839151	6	-0.886545596634	1	0.309347725932	0.309347725932	0.315085418221	0.322408909847	-0.577197870702
M05_L_TO_L_ALL28:G808-E1556	M05_L_TO_L_ALL28	ALL28	L	L	G808-E1556	qok	eol	1	f103r	f103r	G808-P0383	f103r.11	11	10	S	B	3	3	EXACT	0.221201062979	23	-0.0204821086967	4	0.0275619601442	72	0	0	0.0628377137223	99	0.0651802910827	99	0.0371092466206	68	-0.134741361705	4	0.042191296993	6	0.00733695456655	1	0.228280914426	0.228280914426	0.237828200902	0.270472211419	0.235617868993
M05_L_TO_L_ALL28:G808-E1557	M05_L_TO_L_ALL28	ALL28	L	L	G808-E1557	qok	eol	1	f103r	f103r	G808-P0383	f103r.12	12	5	S	B	3	3	EXACT	0.221201062979	23	-0.0458700169217	2	0.0598910959329	72	0.0351979790894	1	0.0885724722934	97	0.0898290217456	98	0.0694208355279	68	-0.102113928932	4	0.055165793615	6	0.0368153770417	1	0.23522214199	0.270420121079	0.244751881585	0.290387935605	0.272037519031
M05_L_TO_L_ALL28:G808-E1562	M05_L_TO_L_ALL28	ALL28	L	L	G808-E1562	qok	eol	1	f103r	f103r	G808-P0386	f103r.18	18	2	S	B	3	3	EXACT	0.0967683455288	11	0.354056312901	1	0.0542781076578	72	0	0	0.0506306488025	84	0.0529732261629	84	0.0585688370987	68	-0.0186637445873	4	-0.0121632574645	6	0	0	0.505102766088	0.505102766088	0.509393495529	0.492939508623	0.505102766088
M05_L_TO_L_ALL28:G808-E1622	M05_L_TO_L_ALL28	ALL28	L	L	G808-E1622	qok	ol	0	f104r	f104r	G808-P0413	f104r.9	9	3	S	B	3	2	EXACT	0.108769219694	32	0	0	0.022991361983	72	0	0	0.0453739675578	104	0.0479578459007	104	0.0375226265617	68	-0.224039622974	4	0.102093864446	6	-0.121995591653	1	0.131760581677	0.131760581677	0.146291846256	0.233854446123	0.00976499002391
M05_L_TO_L_ALL28:G808-E1646	M05_L_TO_L_ALL28	ALL28	L	L	G808-E1646	qok	eol	1	f104v	f104v	G808-P0428	f104v.13	13	4	S	B	3	3	EXACT	0.190945328804	11	0.562100362249	1	0.0587702777674	72	0	0	0.0666299728474	84	0.0691176724348	84	0.0669319930415	68	-0.0799777596936	4	-0.031098201989	6	0	0	0.81181596882	0.81181596882	0.819977684094	0.780717766831	0.81181596882
M05_L_TO_L_ALL28:G808-E1652	M05_L_TO_L_ALL28	ALL28	L	L	G808-E1652	qok	ol	0	f104v	f104v	G808-P0430	f104v.20	20	8	S	B	3	3	EXACT	-0.0951616869547	9	-0.123096055725	2	0.0614504937289	72	-0.0307865788776	1	0.0230921020934	83	0.0242687839944	84	0.0592392992443	68	0.0990419221645	4	-0.0601155998295	6	-0.033034514075	1	-0.156807248951	-0.187593827829	-0.159018443436	-0.216922848781	-0.189841763026
M05_L_TO_L_ALL28:G808-E1711	M05_L_TO_L_ALL28	ALL28	L	L	G808-E1711	qok	eol	1	f106r	f106r	G808-P0459	f106r.6	6	10	S	B	3	3	EXACT	-0.0130290680418	14	-0.172925303884	2	0.0213426891185	72	-0.204236066898	1	-0.0017026834363	88	-0.00210421245334	89	0.0301265458025	68	-0.12798218697	4	0.0218733380531	6	-0.207588852197	1	-0.164611682807	-0.368847749705	-0.155827826123	-0.142738344754	-0.372200535004
M05_L_TO_L_ALL28:G808-E1749	M05_L_TO_L_ALL28	ALL28	L	L	G808-E1749	qok	ol	0	f106v	f106v	G808-P0480	f106v.24	24	4	S	B	3	3	EXACT	-0.0515832657559	16	0	0	0.00680618507822	72	0	0	-0.0153689300397	88	-0.0128888974941	88	0.0121063715895	68	-0.083296436623	4	0.0633457691893	6	-0.348330185494	1	-0.0447770806777	-0.0447770806777	-0.0394768941664	0.0185686885116	-0.393107266172
M05_L_TO_L_ALL28:G808-E1771	M05_L_TO_L_ALL28	ALL28	L	L	G808-E1771	qok	eol	1	f107r	f107r	G808-P0493	f107r.21	21	7	S	B	3	3	EXACT	0.0835117887127	9	0.322567136529	1	0.0570691300999	72	0	0	0.0473550256588	82	0.0499320327431	82	0.0543865400978	68	0.10267369299	4	-0.00557005788052	6	0	0	0.463148055342	0.463148055342	0.46046546534	0.457577997461	0.463148055342
M05_L_TO_L_ALL28:G808-E1787	M05_L_TO_L_ALL28	ALL28	L	L	G808-E1787	qok	ol	0	f107v	f107v	G808-P0504	f107v.8	8	4	S	B	3	2	EXACT	0.192360135015	5	0	0	0.0484382992667	72	-0.450542771181	1	0.0393818054105	77	0.0347386739771	78	0.0560192281796	68	-0.0804368214297	4	-0.141790608805	6	-0.449854548895	1	0.240798434282	-0.209744336898	0.248379363195	0.0990078254772	-0.209056114613
M05_L_TO_L_ALL28:G808-E1803	M05_L_TO_L_ALL28	ALL28	L	L	G808-E1803	qok	ol	0	f107v	f107v	G808-P0507	f107v.21	21	6	S	B	3	3	EXACT	-0.149283863588	7	0.030023458485	4	0.0284886792919	71	0	0	-0.00432634995043	82	-0.00200807679023	82	0.0362929331878	67	-0.102232423535	4	-0.109461728463	6	0	0	-0.090771725811	-0.090771725811	-0.0829674719151	-0.200233454274	-0.090771725811
M05_L_TO_L_ALL28:G808-E1819	M05_L_TO_L_ALL28	ALL28	L	L	G808-E1819	qok	ol	0	f107v	f107v	G808-P0513	f107v.37	37	7	S	B	3	3	EXACT	0.085105626159	13	0.071183507297	2	0.0277924571217	72	0	0	0.0237223431486	87	0.0260406163088	87	0.0237715603044	68	0.0961483738367	4	0.0697279546528	6	0	0	0.184081590578	0.184081590578	0.18006069376	0.25380954523	0.184081590578
M05_L_TO_L_ALL28:G808-E1820	M05_L_TO_L_ALL28	ALL28	L	L	G808-E1820	qok	ol	0	f107v	f107v	G808-P0513	f107v.38	38	6	S	B	3	3	EXACT	0.085105626159	13	-0.315406938254	1	0.0479752013612	72	0.39410740164	3	0.0359565147645	86	0.0485585824809	89	0.0450121880628	68	0.0983470982559	4	-0.0649844299969	6	0.392397101249	3	-0.182326110734	0.211781290905	-0.185289124033	-0.247310540731	0.210070990514
M05_L_TO_L_ALL28:G808-E0110	M05_L_TO_L_ALL28	ALL28	L	L	G808-E0110	qok	ol	0	f10v	f10v	G808-P0037	f10v.6	6	6	H	A	1	3	EXACT	-0.461911714442	12	-0.292192319471	1	-0.0240856166423	72	0	0	-0.102651442574	85	-0.100211994872	85	-0.0295271973133	68	0.0684217577146	4	0.104630520931	6	0.107531429038	2	-0.778189650555	-0.778189650555	-0.783631231226	-0.673559129625	-0.670658221517
M05_L_TO_L_ALL28:G808-E0111	M05_L_TO_L_ALL28	ALL28	L	L	G808-E0111	qok	ol	0	f10v	f10v	G808-P0037	f10v.7	7	1	H	A	1	2	EXACT	-0.461911714442	12	-0.181800040914	3	-0.042559933483	72	0	0	-0.119172290004	87	-0.116732842303	87	-0.0505225441872	68	0.092804951438	4	0.085399669204	6	0.0831768011253	1	-0.686271688839	-0.686271688839	-0.694234299543	-0.600872019635	-0.603094887714
M05_L_TO_L_ALL28:G808-E2057	M05_L_TO_L_ALL28	ALL28	L	L	G808-E2057	qok	eol	1	f113r	f113r	G808-P0591	f113r.48	48	7	S	B	3	3	EXACT	0.193458841147	39	-0.0335759849297	2	0.0352158150633	72	0.189785599944	1	0.0865336366183	113	0.0893666984971	114	0.0308369958605	68	0.109656309188	4	0.0472924841897	6	-0.0149492801859	2	0.195098671281	0.384884271225	0.190719852078	0.242391155471	0.180149391095
M05_L_TO_L_ALL28:G808-E2126	M05_L_TO_L_ALL28	ALL28	L	L	G808-E2126	qok	ol	0	f114v	f114v	G808-P0624	f114v.15	15	6	S	B	3	3	EXACT	0.119987706981	18	-0.357213941706	1	0.0238090087893	72	-0.0448901047817	1	0.0279180495687	91	0.0289641876815	92	0.031127573471	68	-0.100607023111	4	0.013505418211	6	-0.0465736642925	1	-0.213417225936	-0.258307330718	-0.206098661255	-0.199911807725	-0.259990890229
M05_L_TO_L_ALL28:G808-E2129	M05_L_TO_L_ALL28	ALL28	L	L	G808-E2129	qok	ol	0	f114v	f114v	G808-P0626	f114v.20	20	3	S	B	3	3	EXACT	0.183165262849	4	-0.015169068499	2	0.0502079147326	72	0.0273418579217	1	0.0358049984625	78	0.0374370480184	79	0.0566631144397	68	-0.0595309125992	4	-0.0947569184404	6	-0.0462245932302	1	0.218204109083	0.245545967004	0.22465930879	0.123447190642	0.171979515853
M05_L_TO_L_ALL28:G808-E2150	M05_L_TO_L_ALL28	ALL28	L	L	G808-E2150	qok	eol	1	f115r	f115r	G808-P0638	f115r.24	24	2	S	B	@	3	EXACT	0.141884819476	21	0.164147779917	6	0.00759342308909	70	0.104326074292	2	0.0367350663971	97	0.0394780401575	99	0.00869238528758	66	-0.0105404246848	4	-0.0353475804882	6	0.0175899834836	2	0.313626022482	0.417952096774	0.31472498468	0.278278441993	0.331216005965
M05_L_TO_L_ALL28:G808-E2159	M05_L_TO_L_ALL28	ALL28	L	L	G808-E2159	qok	ol	0	f115r	f115r	G808-P0644	f115r.42	42	4	S	B	@	3	EXACT	0.13011334536	20	-0.0180920407027	1	0.0115457772189	70	0	0	0.0283257554087	91	0.030851387796	91	0.0174073606339	66	-0.0851713206271	4	0.0781513033755	6	0	0	0.123567081876	0.123567081876	0.129428665291	0.201718385252	0.123567081876
M05_L_TO_L_ALL28:G808-E0126	M05_L_TO_L_ALL28	ALL28	L	L	G808-E0126	qok	ol	0	f13v	f13v	G808-P0043	f13v.2	2	2	H	A	1	2	EXACT	-0.199588057896	15	0	0	-0.0672391642872	72	0	0	-0.101409112953	87	-0.0989936915605	87	-0.0698942050787	68	-0.0221031102349	4	-0.0699476758403	6	0	0	-0.266827222183	-0.266827222183	-0.269482262974	-0.336774898023	-0.266827222183
M05_L_TO_L_ALL28:G808-E0146	M05_L_TO_L_ALL28	ALL28	L	L	G808-E0146	qok	ol	0	f16r	f16r	G808-P0052	f16r.11	11	2	H	A	1	2	EXACT	-0.259619322823	12	0.0195504795295	2	-0.0439419367021	72	0	0	-0.0862417478997	86	-0.0838127275371	86	-0.0453779879844	68	-0.0195285838683	4	0.10744685673	6	-0.20502109896	1	-0.284010779996	-0.284010779996	-0.285446831278	-0.176563923266	-0.489031878955
M05_L_TO_L_ALL28:G808-E0155	M05_L_TO_L_ALL28	ALL28	L	L	G808-E0155	qok	ol	0	f17r	f17r	G808-P0056	f17r.4	4	3	H	A	1	3	EXACT	-0.349482847782	9	0	0	-0.0651653004988	72	0	0	-0.111955057202	81	-0.109256125777	81	-0.0655105208838	68	-0.0592960872154	4	-0.043476926335	6	0.0084018322996	1	-0.414648148281	-0.414648148281	-0.414993368666	-0.458125074616	-0.406246315981
M05_L_TO_L_ALL28:G808-E0214	M05_L_TO_L_ALL28	ALL28	L	L	G808-E0214	qok	eol	1	f21r	f21r	G808-P0071	f21r.6	6	8	H	A	1	3	EXACT	-0.333129185024	8	-0.182604842971	3	-0.040462706089	72	0	0	-0.0904637188584	83	-0.0878257327952	83	-0.0484467675551	68	0.0952668390029	4	-0.0832281764147	6	-0.160283439735	1	-0.556196734083	-0.556196734083	-0.56418079555	-0.639424910498	-0.716480173818
M05_L_TO_L_ALL28:G808-E0225	M05_L_TO_L_ALL28	ALL28	L	L	G808-E0225	qok	ol	0	f22r	f22r	G808-P0074	f22r.3	3	1	H	A	1	3	EXACT	-0.241463045957	16	-0.329257337698	2	-0.0489838853479	72	0	0	-0.100673865586	90	-0.0982997873651	90	-0.0573012686721	68	0.0924120634081	4	0.0276084107819	6	-0.0793221501812	1	-0.619704269003	-0.619704269003	-0.628021652327	-0.592095858221	-0.699026419184
M05_L_TO_L_ALL28:G808-E0230	M05_L_TO_L_ALL28	ALL28	L	L	G808-E0230	qok	ol	0	f22r	f22r	G808-P0077	f22r.10	10	7	H	A	1	3	EXACT	-0.416871180691	16	-0.129869812148	2	-0.00156665075429	72	-0.0336217690949	2	-0.0894929124076	90	-0.0870759835488	92	-0.00826565115181	68	0.112316788249	4	-0.077607376647	6	-0.0390259077682	2	-0.548307643593	-0.581929412688	-0.555006643991	-0.62591502024	-0.587333551362
M05_L_TO_L_ALL28:G808-E0233	M05_L_TO_L_ALL28	ALL28	L	L	G808-E0233	qok	ol	0	f22v	f22v	G808-P0079	f22v.8	8	3	H	A	1	2	EXACT	-0.33693395721	19	0	0	-0.0633831250522	72	-0.637095537522	2	-0.130252517407	91	-0.139879923957	93	-0.0545767994623	68	-0.213090155107	4	-0.0629192856956	6	-0.380950234097	3	-0.400317082263	-1.03741261978	-0.391510756673	-0.463236367958	-0.78126731636
M05_L_TO_L_ALL28:G808-E0245	M05_L_TO_L_ALL28	ALL28	L	L	G808-E0245	qok	ol	0	f23v	f23v	G808-P0084	f23v.7	7	5	H	A	1	3	EXACT	-0.228034852612	26	-0.133045593525	1	-0.034308882385	71	-0.556606519794	2	-0.0937357027944	98	-0.101641424685	100	-0.0319875305517	67	-0.0731918119248	4	-0.157736442673	6	-0.431424098806	2	-0.395389328522	-0.951995848316	-0.393067976689	-0.553125771195	-0.826813427329
M05_L_TO_L_ALL28:G808-E0252	M05_L_TO_L_ALL28	ALL28	L	L	G808-E0252	qok	eol	1	f24r	f24r	G808-P0085	f24r.8	8	6	H	A	1	2	EXACT	-0.129327004369	49	0.218450355783	1	-0.0253698297109	71	0.252811367431	1	-0.0637993405508	121	-0.0592011060788	122	-0.0160104605126	67	-0.182139840316	4	-0.0774322977475	6	0.443910366599	1	0.0637535217027	0.316564889134	0.0731128909011	-0.0136787760448	0.507663888301
M05_L_TO_L_ALL28:G808-E0292	M05_L_TO_L_ALL28	ALL28	L	L	G808-E0292	qok	ol	0	f28r	f28r	G808-P0095	f28r.6	6	6	H	A	1	3	EXACT	-0.289466797455	27	0	0	-0.0634104748551	72	-0.262573605358	1	-0.131042549073	99	-0.130518925168	100	-0.0708164503325	68	0.0624915715963	4	0.100590857985	6	-0.725046145121	1	-0.352877272311	-0.615450877669	-0.360283247788	-0.252286414326	-1.07792341743
M05_L_TO_L_ALL28:G808-E0016	M05_L_TO_L_ALL28	ALL28	L	L	G808-E0016	qok	ol	0	f3r	f3r	G808-P0005	f3r.5	5	1	H	A	1	2	EXACT	-0.248918491263	19	0	0	-0.0268420431667	72	-0.110015737906	1	-0.0834978831087	91	-0.0818915724891	92	-0.0336679767598	68	0.0891993111134	4	-0.075212980258	6	-0.0777160888689	1	-0.275760534429	-0.385776272335	-0.282586468022	-0.350973514687	-0.353476623298
M05_L_TO_L_ALL28:G808-E0396	M05_L_TO_L_ALL28	ALL28	L	L	G808-E0396	qok	ol	0	f40r	f40r	G808-P0141	f40r.4	4	5	H	B	2	3	EXACT	-0.0284527600771	31	0.0773980037915	4	0.0136637739137	72	0.323564120311	1	-0.00152618489853	107	0.00343126077624	108	0.0207688610218	68	-0.107122198498	4	0.0273368079408	6	0.0106626761043	3	0.062609017628	0.386173137939	0.0697141047361	0.0899458255688	0.0732716937324
M05_L_TO_L_ALL28:G808-E0399	M05_L_TO_L_ALL28	ALL28	L	L	G808-E0399	qok	ol	0	f40v	f40v	G808-P0143	f40v.7	7	2	H	B	2	2	EXACT	0.0110261194282	21	0.448047420309	1	-0.0146324626301	72	-0.0378720786102	2	-0.0130135405562	94	-0.0122186016586	96	-0.0150292376169	68	-0.00788678015736	4	0.0279021069849	6	-0.0254812293536	2	0.444441077108	0.406568998497	0.444044302121	0.472343184092	0.418959847754
M05_L_TO_L_ALL28:G808-E0400	M05_L_TO_L_ALL28	ALL28	L	L	G808-E0400	qok	ol	0	f40v	f40v	G808-P0143	f40v.11	11	2	H	B	2	2	EXACT	0.0110261194282	21	0	0	-0.012014257896	72	0	0	-0.0156272552912	93	-0.0131639126091	93	-0.0122570208396	68	-0.00788678015736	4	0.00758802203202	6	0	0	-0.000988138467783	-0.000988138467783	-0.00123090141135	0.00659988356424	-0.000988138467783
M05_L_TO_L_ALL28:G808-E0443	M05_L_TO_L_ALL28	ALL28	L	L	G808-E0443	qok	ol	0	f43r	f43r	G808-P0155	f43r.12	12	3	H	B	2	3	EXACT	0.267448886454	16	0.0416883141734	5	0.0112790766521	72	-0.6676191716	1	0.0447126491951	93	0.0390246916574	94	0.0154373370899	68	-0.0594108438317	4	-0.0515279479055	6	-0.669900648796	1	0.32041627728	-0.34720289432	0.324574537717	0.268888329374	-0.349484371516
M05_L_TO_L_ALL28:G808-E0474	M05_L_TO_L_ALL28	ALL28	L	L	G808-E0474	qok	ol	0	f45r	f45r	G808-P0165	f45r.2	2	4	H	A	1	3	EXACT	-0.0843617055981	17	-0.055940032105	3	-0.0348126782205	72	-0.168776445064	2	-0.0558530495254	92	-0.0570020621294	94	-0.0317407871295	68	-0.087034335075	4	0.034376919211	6	-0.153516675864	2	-0.175114415924	-0.343890860987	-0.172042524833	-0.140737496713	-0.328631091787
M05_L_TO_L_ALL28:G808-E0483	M05_L_TO_L_ALL28	ALL28	L	L	G808-E0483	qok	ol	0	f46r	f46r	G808-P0170	f46r.3	3	8	H	B	2	3	EXACT	0.0381605957395	22	-0.311435230981	5	-0.000288218036773	70	0.097236321946	1	-0.0170210279413	97	-0.0138858188589	98	-0.00618826368382	66	0.0970622828471	4	-0.00455846356083	6	0.196573306524	2	-0.273562853279	-0.176326531333	-0.279462898926	-0.278121316839	-0.076989546755
M05_L_TO_L_ALL28:G808-E0526	M05_L_TO_L_ALL28	ALL28	L	L	G808-E0526	qok	eol	1	f48r	f48r	G808-P0180	f48r.7	7	2	H	B	5	3	EXACT	-0.0580831736193	33	0.906016702635	1	0.0536722366232	72	0	0	0.0230588374537	106	0.0254954097802	106	0.0582632111228	68	-0.0243738410571	4	-0.0140504276047	6	0	0	0.901605765639	0.901605765639	0.906196740139	0.887555338034	0.901605765639
M05_L_TO_L_ALL28:G808-E0551	M05_L_TO_L_ALL28	ALL28	L	L	G808-E0551	qok	eol	1	f49v	f49v	G808-P0186	f49v.26	26	1	H	A	1	2	EXACT	-0.235951257178	30	-0.244780728505	2	-0.0540496197772	72	0	0	-0.115198297727	104	-0.112678776853	104	-0.0637060847779	68	0.110111377155	4	0.0307201083077	6	0	0	-0.534781605461	-0.534781605461	-0.544438070462	-0.504061497153	-0.534781605461
M05_L_TO_L_ALL28:G808-E0564	M05_L_TO_L_ALL28	ALL28	L	L	G808-E0564	qok	ol	0	f50v	f50v	G808-P0190	f50v.1	1	7	H	B	2	3	EXACT	-0.067791617066	38	0	0	0.0380127996336	72	-0.226009323639	1	-0.000360150441313	110	-0.000432147091923	111	0.0338572516886	68	0.108657623125	4	-0.0808013335533	6	-0.101249749813	2	-0.0297788174323	-0.255788141072	-0.0339343653774	-0.110580150986	-0.131028567246
M05_L_TO_L_ALL28:G808-E0573	M05_L_TO_L_ALL28	ALL28	L	L	G808-E0573	qok	eol	1	f51r	f51r	G808-P0191	f51r.10	10	4	H	A	1	2	EXACT	-0.157679971567	33	0	0	-0.0430007844777	72	0.813556998918	1	-0.082688003449	105	-0.0722375356056	106	-0.0413131358424	68	-0.0716903844196	4	0.0650118537287	6	0.0708028159012	2	-0.200680756045	0.612876242874	-0.198993107409	-0.135668902316	-0.129877940144
M05_L_TO_L_ALL28:G808-E0575	M05_L_TO_L_ALL28	ALL28	L	L	G808-E0575	qok	ol	0	f51r	f51r	G808-P0191	f51r.11	11	3	H	A	1	2	EXACT	-0.157679971567	33	0	0	-0.0390065940281	72	0	0	-0.0799491299978	105	-0.0774195513579	105	-0.0313124826117	68	-0.169806061249	4	-0.0207629677805	6	0	0	-0.196686565595	-0.196686565595	-0.188992454179	-0.217449533376	-0.196686565595
M05_L_TO_L_ALL28:G808-E0578	M05_L_TO_L_ALL28	ALL28	L	L	G808-E0578	qok	ol	0	f51r	f51r	G808-P0191	f51r.15	15	1	H	A	1	2	EXACT	-0.157679971567	33	0.153194843188	2	-0.0216414380881	72	0.472968192731	1	-0.0644932674073	107	-0.0575115525328	108	-0.0285725711385	68	0.0961882506288	4	0.0418330199474	6	0.470860342866	1	-0.0261265664668	0.446841626264	-0.0330576995172	0.0157064534806	0.444733776399
M05_L_TO_L_ALL28:G808-E0579	M05_L_TO_L_ALL28	ALL28	L	L	G808-E0579	qok	ol	0	f51v	f51v	G808-P0192	f51v.2	2	3	H	A	1	3	EXACT	0.012043199701	33	-0.442079329563	2	-0.0446860046194	72	-0.0318208646181	1	-0.0388452331538	107	-0.0368324814785	108	-0.0365367258044	68	-0.183223487459	4	-0.0658946115212	6	-0.0643213754882	1	-0.474722134482	-0.5065429991	-0.466572855667	-0.540616746003	-0.53904350997
M05_L_TO_L_ALL28:G808-E0581	M05_L_TO_L_ALL28	ALL28	L	L	G808-E0581	qok	ol	0	f51v	f51v	G808-P0192	f51v.5	5	3	H	A	1	3	EXACT	0.012043199701	33	-0.225138617008	3	-0.0379650155477	72	0	0	-0.0323379727557	108	-0.0298790826475	108	-0.0366029309773	68	-0.0611201962271	4	-0.00259664579196	6	0	0	-0.251060432854	-0.251060432854	-0.249698348284	-0.253657078646	-0.251060432854
M05_L_TO_L_ALL28:G808-E0608	M05_L_TO_L_ALL28	ALL28	L	L	G808-E0608	qok	ol	0	f53v	f53v	G808-P0197	f53v.4	4	1	H	A	1	2	EXACT	-0.176905388887	30	-0.140453414615	2	-0.0145912230719	72	0	0	-0.0691587106656	104	-0.0666951910004	104	-0.0210037561175	68	0.0944223018934	4	0.106056536283	6	-0.153374129939	1	-0.331950026573	-0.331950026573	-0.338362559619	-0.225893490291	-0.485324156513
M05_L_TO_L_ALL28:G808-E0651	M05_L_TO_L_ALL28	ALL28	L	L	G808-E0651	qok	eol	1	f58v	f58v	G808-P0210	f58v.3	3	4	S	A	3	3	EXACT	0.0221927594138	95	-0.0272717880864	1	0.0110378249374	71	0	0	0.0285963081517	167	0.031032852601	167	0.0167269155247	67	-0.0842543096873	4	0.00376636651077	6	0	0	0.00595879626479	0.00595879626479	0.0116478868521	0.00972516277556	0.00595879626479
M05_L_TO_L_ALL28:G808-E0656	M05_L_TO_L_ALL28	ALL28	L	L	G808-E0656	qok	eol	1	f58v	f58v	G808-P0211	f58v.25	25	4	S	A	3	3	EXACT	0.110762696269	29	0.101484125579	1	0.0227153811496	71	0.0296917533368	1	0.0434183823445	101	0.0451833174737	102	0.029101639272	67	-0.0842543096873	4	0.0144146894349	6	0.155439343022	1	0.234962202997	0.264653956334	0.241348461119	0.249376892432	0.390401546019
M05_L_TO_L_ALL28:G808-E0684	M05_L_TO_L_ALL28	ALL28	L	L	G808-E0684	qok	ol	0	f66r	f66r	G808-P0218	f66r.80	80	8	T	B	5	3	EXACT	0.103983616623	41	-0.502468951657	1	0.0269632194461	71	0	0	0.0494093775862	113	0.0519415577994	113	0.0355421776013	67	-0.11673487804	4	-0.171699268394	6	0	0	-0.371522115588	-0.371522115588	-0.362943157432	-0.543221383982	-0.371522115588
M05_L_TO_L_ALL28:G808-E0691	M05_L_TO_L_ALL28	ALL28	L	L	G808-E0691	qok	ol	0	f66v	f66v	G808-P0220	f66v.8	8	4	H	B	5	2	EXACT	-0.0834899629617	8	0	0	0.0171054667212	72	0.153883714875	1	-0.00902643702919	80	-0.00523819674186	81	0.022976762091	68	-0.0827060461399	4	-0.0670489610457	6	-0.0987154006913	2	-0.0663844962405	0.087499218635	-0.0605132008707	-0.133433457286	-0.165099896932
M05_L_TO_L_ALL28:G808-E0734	M05_L_TO_L_ALL28	ALL28	L	L	G808-E0734	qok	ol	0	f75v	f75v	G808-P0229	f75v.59	59	2	B	B	2	1	EXACT	-0.109051123928	3	0	0	0.051016183778	71	0.996364908774	1	0.0248999832895	74	0.0395624234275	75	0.0633289824518	67	-0.155223083556	4	-0.0887319568581	6	1.00083126522	1	-0.0580349401496	0.938329968624	-0.0457221414758	-0.146766897008	0.942796325074
M05_L_TO_L_ALL28:G808-E0791	M05_L_TO_L_ALL28	ALL28	L	L	G808-E0791	qok	ol	0	f76v	f76v	G808-P0236	f76v.12	12	9	B	B	2	3	EXACT	0.362725580741	14	-0.0447691462615	2	0.0359670367279	72	0	0	0.0721868547305	88	0.0746316224729	88	0.0339487892303	68	0.0702777605455	4	-0.041523077578	6	0	0	0.353923471207	0.353923471207	0.35190522371	0.312400393629	0.353923471207
M05_L_TO_L_ALL28:G808-E0808	M05_L_TO_L_ALL28	ALL28	L	L	G808-E0808	qok	ol	0	f76v	f76v	G808-P0237	f76v.23	23	4	B	B	2	2	EXACT	0.316053404551	18	0.285734602425	1	0.0108550742395	72	-0.0995566895733	1	0.0628535137627	91	0.0629308886728	92	0.0163393468538	68	-0.0823770438447	4	-0.0189176703895	6	-0.232645684773	2	0.612643081215	0.513086391642	0.61812735383	0.593725410826	0.379997396442
M05_L_TO_L_ALL28:G808-E0828	M05_L_TO_L_ALL28	ALL28	L	L	G808-E0828	qok	ol	0	f77r	f77r	G808-P0241	f77r.9	9	3	B	B	2	2	EXACT	0.287818483145	48	0	0	0.0482039627778	72	-0.148057057679	1	0.145548103468	120	0.145103749618	121	0.05445037112	68	-0.0579844713605	4	0.0182645138739	6	0.0652732717884	2	0.336022445923	0.187965388244	0.342268854265	0.354286959797	0.401295717711
M05_L_TO_L_ALL28:G808-E0830	M05_L_TO_L_ALL28	ALL28	L	L	G808-E0830	qok	ol	0	f77r	f77r	G808-P0241	f77r.10	10	6	B	B	2	3	EXACT	0.287818483145	48	0.0410427189131	2	0.0401915525589	72	0.27297428474	3	0.138608886577	122	0.142960143908	125	0.0368830303448	68	0.0964369378792	4	-0.0435244962846	6	0.266795151499	3	0.369052754617	0.642027039357	0.365744232403	0.325528258332	0.635847906116
M05_L_TO_L_ALL28:G808-E0854	M05_L_TO_L_ALL28	ALL28	L	L	G808-E0854	qok	ol	0	f77r	f77r	G808-P0242	f77r.36	36	7	B	B	2	2	EXACT	0.350623993262	38	0	0	0.0457096648284	72	0.996738440779	1	0.149429422746	110	0.159004486409	111	0.0558844311283	68	-0.12726085459	4	-0.108012716668	6	1.00094289918	1	0.396333658091	1.39307209887	0.406508424391	0.288320941423	1.39727655727
M05_L_TO_L_ALL28:G808-E0908	M05_L_TO_L_ALL28	ALL28	L	L	G808-E0908	qok	ol	0	f78r	f78r	G808-P0247	f78r.12	12	3	B	B	2	2	EXACT	0.167189022112	43	0.478686730503	1	0.0353471358787	72	-0.669296103424	1	0.0876674637813	116	0.083172078699	117	0.0481346251797	68	-0.182039688224	4	0.0472069399223	6	-0.671533125755	1	0.681222888494	0.0119267850696	0.694010377795	0.728429828416	0.0096897627391
M05_L_TO_L_ALL28:G808-E0915	M05_L_TO_L_ALL28	ALL28	L	L	G808-E0915	qok	ol	0	f78r	f78r	G808-P0247	f78r.16	16	1	B	B	2	2	EXACT	0.167189022112	43	-0.0281310700408	1	0.0325798799205	72	0	0	0.0815807376646	116	0.0840221355086	116	0.0291718627731	68	0.0905166654401	4	0.0492267550721	6	0	0	0.171637831992	0.171637831992	0.168229814844	0.220864587064	0.171637831992
M05_L_TO_L_ALL28:G808-E0964	M05_L_TO_L_ALL28	ALL28	L	L	G808-E0964	qok	ol	0	f79r	f79r	G808-P0252	f79r.8	8	1	B	B	2	3	EXACT	0.160154708674	25	-0.153547675631	2	0.0274176892273	72	0.0871482823511	2	0.0491456446575	99	0.0513008657074	101	0.02465519512	68	0.0743806258061	4	0.0770101753024	6	0.0869883519858	2	0.0340247222703	0.121173004621	0.031262228163	0.111034897573	0.121013074256
M05_L_TO_L_ALL28:G808-E0985	M05_L_TO_L_ALL28	ALL28	L	L	G808-E0985	qok	ol	0	f79r	f79r	G808-P0258	f79r.39	39	2	B	B	2	2	EXACT	0.242313443846	22	0.123747884004	1	0.0307350373375	72	0	0	0.0713156116457	95	0.0738626908713	95	0.0331860546831	68	-0.0109317207827	4	0.0471434975057	6	0	0	0.396796365187	0.396796365187	0.399247382533	0.443939862693	0.396796365187
M05_L_TO_L_ALL28:G808-E0997	M05_L_TO_L_ALL28	ALL28	L	L	G808-E0997	qok	ol	0	f79v	f79v	G808-P0262	f79v.23	23	6	B	B	2	3	EXACT	0.209817935226	18	-0.00277230532843	1	0.0247269547961	72	0	0	0.0508053254116	91	0.0532301862198	91	0.02251225285	68	0.0623773935817	4	0.0803474513594	6	0.335598214239	1	0.231772584694	0.231772584694	0.229557882748	0.312120036053	0.567370798933
M05_L_TO_L_ALL28:G808-E1036	M05_L_TO_L_ALL28	ALL28	L	L	G808-E1036	qok	ol	0	f80v	f80v	G808-P0272	f80v.7	7	3	B	B	2	2	EXACT	0.370097911399	28	0	0	0.0365586640856	72	0	0	0.123597606643	100	0.125810832437	100	0.0483727720802	68	-0.164280738773	4	-0.0691208029687	6	0	0	0.406656575484	0.406656575484	0.418470683479	0.337535772515	0.406656575484
M05_L_TO_L_ALL28:G808-E1040	M05_L_TO_L_ALL28	ALL28	L	L	G808-E1040	qok	ol	0	f80v	f80v	G808-P0272	f80v.12	12	6	B	B	2	2	EXACT	0.370097911399	28	0.0881000362123	2	0.0562746922041	72	0	0	0.136163061291	102	0.138376287086	102	0.052718207836	68	0.116735359511	4	-0.0939077076734	6	0.157147525301	1	0.514472639815	0.514472639815	0.510916155447	0.420564932142	0.671620165116
M05_L_TO_L_ALL28:G808-E1060	M05_L_TO_L_ALL28	ALL28	L	L	G808-E1060	qok	ol	0	f80v	f80v	G808-P0278	f80v.42	42	7	B	B	2	3	EXACT	0.22109437343	31	0.226481527965	3	0.0198447669569	72	0	0	0.0787818478667	106	0.0809950736613	106	0.0146619526108	68	0.107953043889	4	-0.0678802564413	6	0.251097427203	1	0.467420668352	0.467420668352	0.462237854006	0.399540411911	0.718518095555
M05_L_TO_L_ALL28:G808-E1061	M05_L_TO_L_ALL28	ALL28	L	L	G808-E1061	qok	ol	0	f81r	f81r	G808-P0279	f81r.2	2	4	B	B	2	2	EXACT	0.223175196151	37	-0.127141684481	1	0.0115717959438	72	0	0	0.0790445542991	110	0.081627303667	110	0.0176438797442	68	-0.0916541135477	4	-0.0323893696317	6	0	0	0.107605307614	0.107605307614	0.113677391415	0.0752159379827	0.107605307614
M05_L_TO_L_ALL28:G808-E1102	M05_L_TO_L_ALL28	ALL28	L	L	G808-E1102	qok	eol	1	f82r	f82r	G808-P0283	f82r.1	1	2	B	B	2	3	EXACT	0.260163230392	30	-0.281943900358	3	0.02525827416	72	-0.51079284192	2	0.078433263025	105	0.0689063322839	107	0.0279305724485	68	-0.0201702555044	4	0.0391195567619	6	-0.386101545938	2	0.00347760419462	-0.507315237725	0.00614990248305	0.0425971609565	-0.382623941744
M05_L_TO_L_ALL28:G808-E1142	M05_L_TO_L_ALL28	ALL28	L	L	G808-E1142	qok	ol	0	f82v	f82v	G808-P0288	f82v.19	19	1	B	B	2	3	EXACT	0.242823612064	19	-0.298909042307	4	0.0243197462254	72	0	0	0.0438963387031	95	0.0463978537817	95	0.0206809066621	68	0.0861805666975	4	0.00544519180602	6	0	0	-0.0317656840174	-0.0317656840174	-0.0354045235807	-0.0263204922114	-0.0317656840174
M05_L_TO_L_ALL28:G808-E1146	M05_L_TO_L_ALL28	ALL28	L	L	G808-E1146	qok	ol	0	f82v	f82v	G808-P0289	f82v.26	26	3	B	B	2	2	EXACT	0.326950512816	29	-0.0135644671464	2	0.00502595484119	72	0.427785467407	2	0.0896513418383	103	0.097523194985	105	0.00851899157987	68	-0.0543551218214	4	-0.0184080154404	6	0.304082716342	3	0.31841200051	0.746197467918	0.321905037249	0.30000398507	0.622494716852
M05_L_TO_L_ALL28:G808-E1190	M05_L_TO_L_ALL28	ALL28	L	L	G808-E1190	qok	ol	0	f83r	f83r	G808-P0296	f83r.37	37	4	B	B	2	1	EXACT	0.0681209179399	37	0.0523554897042	1	0.0471328645037	72	0	0	0.0518514114183	110	0.0542893525551	110	0.043099200573	68	0.115705685903	4	-0.0711686206701	6	0	0	0.167609272148	0.167609272148	0.163575608217	0.0964406514777	0.167609272148
M05_L_TO_L_ALL28:G808-E1284	M05_L_TO_L_ALL28	ALL28	L	L	G808-E1284	qok	ol	0	f86v6	f86v	G808-P0326	f86v6.2	2	11	T	B	2	3	EXACT	0.00477048733557	55	-0.0310625440723	1	0.00564385483269	72	0	0	0.00873349761026	128	0.0111737859839	128	0.0134428688545	68	-0.126939253	4	0.0257969421742	6	0	0	-0.0206482019041	-0.0206482019041	-0.0128491878823	0.0051487402701	-0.0206482019041
M05_L_TO_L_ALL28:G808-E1290	M05_L_TO_L_ALL28	ALL28	L	L	G808-E1290	qok	ol	0	f86v6	f86v	G808-P0326	f86v6.9	9	5	T	B	2	3	EXACT	0.00477048733557	55	0.511107866993	2	0.0132872351141	72	-0.0724046312446	2	0.0208259166855	129	0.0209891439889	131	0.020623762978	68	-0.111433608035	4	0.0173310111294	6	-0.0101643358358	2	0.529165589442	0.456760958198	0.536502117306	0.546496600572	0.519001253607
M05_L_TO_L_ALL28:G808-E1311	M05_L_TO_L_ALL28	ALL28	L	L	G808-E1311	qok	ol	0	f86v6	f86v	G808-P0329	f86v6.40	40	7	T	B	2	3	EXACT	0.0318249490229	77	0.0768282991214	3	0.0222517156924	72	-0.173972448266	1	0.0369897487177	152	0.037685728927	153	0.0177190379721	68	0.0993073674746	4	-0.00592355948667	6	-0.175648838612	1	0.130904963837	-0.0430674844297	0.126372286116	0.12498140435	-0.0447438747758
M05_L_TO_L_ALL28:G808-E1331	M05_L_TO_L_ALL28	ALL28	L	L	G808-E1331	qok	eol	1	f88r	f88r	G808-P0334	f88r.10	10	1	P	A	1	2	EXACT	-0.187203455614	17	0.218656013946	1	-0.00726897256448	72	-0.0242729838078	1	-0.0499395159714	90	-0.0478631795039	91	-0.0124947077636	68	0.0815691637184	4	0.0632526553442	6	0.0611272090624	1	0.0241835857672	-8.93980406045e-05	0.0189578505681	0.0874362411115	0.0853107948296
M05_L_TO_L_ALL28:G808-E1339	M05_L_TO_L_ALL28	ALL28	L	L	G808-E1339	qok	eol	1	f88r	f88r	G808-P0335	f88r.21	21	4	P	A	1	2	EXACT	-0.0490441679201	14	0	0	-0.00549774430755	72	0.0766598137723	2	-0.0252189532987	86	-0.0217446108617	88	-0.00121170024358	68	-0.0783598554973	4	-0.00781502423025	6	0.0673888502535	2	-0.0545419122277	0.0221179015446	-0.0502558681637	-0.0623569364579	0.0128469380258
M05_L_TO_L_ALL28:G808-E1360	M05_L_TO_L_ALL28	ALL28	L	L	G808-E1360	qok	eol	1	f89r1	f89r	G808-P0340	f89r1.8	8	1	P	A	1	2	EXACT	-0.0601789143597	18	-0.266078707118	2	-0.0093899381407	72	-0.125986816981	1	-0.0358509006727	92	-0.035007038206	93	-0.0149724538707	68	0.085513307684	4	0.0465786436974	6	-0.103436883424	1	-0.335647559618	-0.461634376599	-0.341230075348	-0.289068915921	-0.439084443042
M05_L_TO_L_ALL28:G808-E1369	M05_L_TO_L_ALL28	ALL28	L	L	G808-E1369	qok	ol	0	f89v1	f89v	G808-P0343	f89v1.6	6	3	P	A	1	3	EXACT	-0.0393923309275	25	-0.0101874323697	3	0.00276296903782	72	-0.318543623426	2	-0.016045969913	100	-0.0206234473495	102	0.00566449423719	68	-0.0465624437202	4	0.0174249691491	6	-0.25639497478	2	-0.0468167942594	-0.365360417685	-0.0439152690601	-0.0293918251104	-0.30321176904
M05_L_TO_L_ALL28:G808-E1373	M05_L_TO_L_ALL28	ALL28	L	L	G808-E1373	qok	ol	0	f89v1	f89v	G808-P0343	f89v1.10	10	5	P	A	1	3	EXACT	-0.0393923309275	25	0.00815119829772	1	-0.000914318665323	72	0.217973772751	1	-0.0180499412165	98	-0.0137954155304	99	0.00514140996588	68	-0.103861189764	4	0.11247877979	6	-0.331671775512	2	-0.0321554512951	0.185818321456	-0.0260997226639	0.0803233284945	-0.363827226807
M05_L_TO_L_ALL28:G808-E1383	M05_L_TO_L_ALL28	ALL28	L	L	G808-E1383	qok	eol	1	f90r1	f90r	G808-P0345	f90r1.1	1	2	H	A	1	2	EXACT	-0.114694413291	24	0	0	-0.0298533793942	71	0	0	-0.0584883675355	95	-0.0560070315139	95	-0.0312670290764	67	-0.00617449292905	4	0.103621719682	6	0	0	-0.144547792685	-0.144547792685	-0.145961442368	-0.0409260730036	-0.144547792685
M05_L_TO_L_ALL28:G808-E1387	M05_L_TO_L_ALL28	ALL28	L	L	G808-E1387	qok	ol	0	f90r1	f90r	G808-P0345	f90r1.7	7	6	H	A	1	3	EXACT	-0.114694413291	24	0.037748361895	1	-0.0240580993031	71	1.15909925105	1	-0.0535173295551	96	-0.0391077153655	97	-0.0312214670929	67	0.0959285654635	4	0.00382389764421	6	1.16506740764	1	-0.101004150699	1.05809510035	-0.108167518489	-0.0971802530552	1.06406325694
M05_L_TO_L_ALL28:G808-E1391	M05_L_TO_L_ALL28	ALL28	L	L	G808-E1391	qok	ol	0	f93r	f93r	G808-P0346	f93r.5	5	5	H	A	1	2	EXACT	-0.0511788840498	55	0.0557750274702	1	-0.0250345721716	72	0	0	-0.0324371241907	128	-0.0299738497951	128	-0.0305116114371	68	0.0680756039477	4	-0.162023320257	6	0	0	-0.0204384287511	-0.0204384287511	-0.0259154680167	-0.182461749008	-0.0204384287511
M05_L_TO_L_ALL28:G808-E1431	M05_L_TO_L_ALL28	ALL28	L	L	G808-E1431	qok	ol	0	f95r2	f95r	G808-P0354	f95r2.3	3	4	H	B	3	3	EXACT	0.223696100481	15	0.0904385089016	2	0.0377932960058	72	0.0453989826026	3	0.0580646428516	89	0.05825250754	92	0.0448557335855	68	-0.0822676680181	4	0.054365106884	6	0.0365843513536	3	0.351927905388	0.397326887991	0.358990342968	0.406293012272	0.388512256742
M05_L_TO_L_ALL28:G808-E1444	M05_L_TO_L_ALL28	ALL28	L	L	G808-E1444	qok	eol	1	f96r	f96r	G808-P0361	f96r.5	5	6	H	A	1	2	EXACT	-0.141659352367	37	-0.169409297813	1	-0.0523174048469	72	0	0	-0.0855582501689	110	-0.0831876103306	110	-0.0588078156153	68	0.0580201427121	4	-0.12937352265	6	0	0	-0.363386055026	-0.363386055026	-0.369876465795	-0.492759577676	-0.363386055026
M05_L_TO_L_ALL28:G808-E1463	M05_L_TO_L_ALL28	ALL28	L	L	G808-E1463	qok	ol	0	f99r	f99r	G808-P0364	f99r.30	30	3	P	A	1	2	EXACT	-0.111684615731	9	0.320297630003	1	-0.016439498406	72	0	0	-0.0407037497055	82	-0.0380688344936	82	-0.0134800994323	68	-0.0667487800571	4	-0.0708265288829	6	0	0	0.192173515866	0.192173515866	0.195132914839	0.121346986983	0.192173515866
M05_L_TO_L_ALL28:G808-E1473	M05_L_TO_L_ALL28	ALL28	L	L	G808-E1473	qok	eol	1	f99v	f99v	G808-P0367	f99v.11	11	4	P	A	1	3	EXACT	-0.0428350227819	9	-0.541428043827	1	-0.00689441696754	72	0	0	-0.0310999534322	82	-0.028440419036	82	-0.00344008824065	68	-0.0656174896934	4	0.0235683278545	6	0	0	-0.591157483577	-0.591157483577	-0.58770315485	-0.567589155722	-0.591157483577
M05_L_TO_L_ALL28:G808-E1474	M05_L_TO_L_ALL28	ALL28	L	L	G808-E1474	qok	eol	1	f99v	f99v	G808-P0367	f99v.12	12	2	P	A	1	3	EXACT	-0.0428350227819	9	0.361233790095	5	-0.0118256163364	72	0	0	-0.00789801998752	86	-0.00523848559134	86	-0.0116349702592	68	-0.0150660840172	4	-0.0205270818943	6	0	0	0.306573150977	0.306573150977	0.306763797054	0.286046069082	0.306573150977
M05_L_TO_L_ALL28:G808-E1480	M05_L_TO_L_ALL28	ALL28	L	L	G808-E1480	qok	ol	0	f99v	f99v	G808-P0368	f99v.23	23	4	P	A	1	2	EXACT	0.153742049566	7	0.0585413672616	1	-0.00554848302072	72	0	0	-0.00570548484906	80	-0.00304595045288	80	-0.00201498170872	68	-0.0656174896934	4	-0.112363890998	6	0	0	0.206734933807	0.206734933807	0.210268435119	0.0943710428096	0.206734933807
M05_L_TO_L_ALL28:G808-E1486	M05_L_TO_L_ALL28	ALL28	L	L	G808-E1486	qok	ol	0	f99v	f99v	G808-P0369	f99v.34	34	6	P	A	1	3	EXACT	0.092255366849	13	0.0841175272165	4	0.0299840219006	72	0.0134796304764	1	0.0292837532405	89	0.0310970568219	90	0.0378993658054	68	-0.10457630885	4	0.0287455104858	6	0.0117566759921	1	0.206356915966	0.219836546443	0.214272259871	0.235102426452	0.218113591958
M05_L_TO_L_ALL28:G808-E1488	M05_L_TO_L_ALL28	ALL28	L	L	G808-E1488	qok	ol	0	f99v	f99v	G808-P0370	f99v.37	37	3	P	A	1	2	EXACT	-0.0923776207065	9	-0.0792669175644	1	-0.0137331646352	72	-0.691198438558	1	-0.0369061983972	82	-0.0428568916001	83	-0.00575911253077	68	-0.149291534778	4	-0.0151854071428	6	-0.791677029661	1	-0.185377702906	-0.876576141464	-0.177403650802	-0.200563110049	-0.977054732567
M05_L_TO_L_ALL28:G808-E1489	M05_L_TO_L_ALL28	ALL28	L	L	G808-E1489	qok	eol	1	f99v	f99v	G808-P0370	f99v.38	38	3	P	A	1	2	EXACT	-0.0923776207065	9	0	0	-0.0159530504287	72	0	0	-0.0379811985658	81	-0.0353216641696	81	-0.00694636796481	68	-0.169066136683	4	0.0328797300545	6	0.0851600666624	1	-0.108330671135	-0.108330671135	-0.0993239886713	-0.0754509410807	-0.0231706044728
M05_L_TO_L_ALL28:G808-E1492	M05_L_TO_L_ALL28	ALL28	L	L	G808-E1492	qok	ol	0	f99v	f99v	G808-P0370	f99v.41	41	4	P	A	1	2	EXACT	-0.0923776207065	9	0	0	-0.00431061637601	72	-0.0246926372341	1	-0.0276323682967	81	-0.0256730402359	82	-0.010108257619	68	0.0942498003867	4	0.0406804491967	6	-0.0158646409208	2	-0.0966882370825	-0.121380874317	-0.102485878326	-0.0560077878858	-0.112552878003
M05_L_TO_L_ALL28:G808-E2135	M05_L_TO_L_ALL28	ALL28	L	L	G808-E2135	qopch	ol	0	f114v	f114v	G808-P0631	f114v.36	36	6	S	B	3	3	EXACT	0.0292902310335	31	0	0	0.0310716945611	72	0.186304868719	1	0.0288172158214	103	0.0318045577793	104	0.0386057592946	68	-0.0970034089993	4	-0.0158640816669	6	0.185486839652	1	0.0603619255947	0.246666794313	0.0678959903281	0.0444978439277	0.245848765247
M05_L_TO_L_ALL28:G808-E2136	M05_L_TO_L_ALL28	ALL28	L	L	G808-E2136	qopch	ol	0	f115r	f115r	G808-P0632	f115r.1	1	2	S	B	@	3	EXACT	0.0116680832841	9	0.166322074908	2	0.0121016253944	70	0	0	0.0101507592078	81	0.0120358571314	81	0.0115383971418	66	0.0213941930375	4	0.045855668033	6	0	0	0.190091783587	0.190091783587	0.189528555334	0.23594745162	0.190091783587
M05_L_TO_L_ALL28:G808-E1005	M05_L_TO_L_ALL28	ALL28	L	L	G808-E1005	qopch	eol	1	f80r	f80r	G808-P0266	f80r.11	11	7	B	B	2	3	EXACT	0.159314408187	84	0	0	0.0328098055	72	-0.158183521445	1	0.104700908676	156	0.104599425599	157	0.0351182230679	68	-0.00642858010192	4	0.0108052127719	6	-0.10805956727	1	0.192124213687	0.0339406922418	0.194432631254	0.202929426458	0.0840646464167
M05_L_TO_L_ALL28:G808-E1069	M05_L_TO_L_ALL28	ALL28	L	L	G808-E1069	qopch	ol	0	f81r	f81r	G808-P0280	f81r.16	16	2	B	B	2	2	EXACT	0.128727439895	47	0	0	0.0214957971767	72	0	0	0.0639899214156	119	0.0658108319114	119	0.0212206580384	68	0.0261771203447	4	0.0913981224893	6	0	0	0.150223237071	0.150223237071	0.149948097933	0.241621359561	0.150223237071
M05_L_TO_L_ALL28:G808-E1258	M05_L_TO_L_ALL28	ALL28	L	L	G808-E1258	qopch	ol	0	f86v3	f86v	G808-P0318	f86v3.18	18	4	C	B	2	2	EXACT	-0.1203326712	21	0	0	0.0240217820246	70	0	0	-0.0135951440015	91	-0.0115992148837	91	0.0313869798009	66	-0.0975073029963	4	0.0320297103716	6	-0.0906126684353	1	-0.0963108891757	-0.0963108891757	-0.0889456913993	-0.0642811788041	-0.186923557611
M05_L_TO_L_ALL28:G808-E1263	M05_L_TO_L_ALL28	ALL28	L	L	G808-E1263	qopch	ol	0	f86v5	f86v	G808-P0321	f86v5.2	2	7	T	B	2	3	EXACT	-0.0558457504016	33	0.0841225433387	2	0.0443641382988	72	-0.0403293745829	3	0.0121624414901	107	0.0115818437646	110	0.0433382738086	68	0.0618100953636	4	-0.027693670534	6	-0.0493745425616	3	0.0726409312359	0.032311556653	0.0716150667456	0.0449472607018	0.0232663886743
M05_L_TO_L_ALL28:G808-E1513	M05_L_TO_L_ALL28	ALL28	L	L	G808-E1513	qot	eol	1	f102r1	f102r	G808-P0374	f102r1.3	3	3	P	A	1	2	EXACT	0.0235112858756	7	0	0	0.00494540754002	72	0	0	-0.00956629984683	79	-0.00703746620493	79	0.0163170702632	68	-0.188371894094	4	-0.091813559817	6	0	0	0.0284566934156	0.0284566934156	0.0398283561387	-0.0633568664014	0.0284566934156
M05_L_TO_L_ALL28:G808-E1520	M05_L_TO_L_ALL28	ALL28	L	L	G808-E1520	qot	eol	1	f102r1	f102r	G808-P0375	f102r1.8	8	7	P	A	1	2	EXACT	-0.0829825273341	11	0	0	-0.0147691703339	72	-0.52717975147	1	-0.0375106018783	83	-0.0414652002178	84	-0.00680198015599	68	-0.1502104387	4	-0.188374993706	6	-0.95588653959	1	-0.097751697668	-0.624931449138	-0.0897845074901	-0.286126691374	-1.05363823726
M05_L_TO_L_ALL28:G808-E1525	M05_L_TO_L_ALL28	ALL28	L	L	G808-E1525	qot	eol	1	f102r1	f102r	G808-P0376	f102r1.14	14	6	P	A	1	3	EXACT	-0.106444738057	17	0.0105895120654	3	-0.0238284322202	72	0.69778215133	1	-0.0489821522792	92	-0.0390143383496	93	-0.0181595562618	68	-0.120198358854	4	-0.00217166547571	6	0.693955242666	1	-0.119683658212	0.578098493118	-0.114014782253	-0.121855323687	0.574271584454
M05_L_TO_L_ALL28:G808-E1535	M05_L_TO_L_ALL28	ALL28	L	L	G808-E1535	qot	eol	1	f102v1	f102v	G808-P0378	f102v1.19	19	6	P	A	1	2	EXACT	-0.118969426562	22	-0.11536158726	1	-0.0156123970025	72	0	0	-0.0487879291225	95	-0.0463384005903	95	-0.0184349892751	68	0.0323710683292	4	0.00559889258054	6	0	0	-0.249943410824	-0.249943410824	-0.252766003097	-0.244344518244	-0.249943410824
M05_L_TO_L_ALL28:G808-E1637	M05_L_TO_L_ALL28	ALL28	L	L	G808-E1637	qot	ol	0	f104v	f104v	G808-P0425	f104v.4	4	4	S	B	3	3	EXACT	0.0847715533505	21	-0.0568718217729	4	0.0563243737228	72	0	0	0.0476872437094	97	0.0502421593337	97	0.0643750686121	68	-0.0805358147114	4	0.0438555144685	6	0	0	0.0842241053003	0.0842241053003	0.0922748001897	0.128079619769	0.0842241053003
M05_L_TO_L_ALL28:G808-E1642	M05_L_TO_L_ALL28	ALL28	L	L	G808-E1642	qot	ol	0	f104v	f104v	G808-P0427	f104v.11	11	6	S	B	3	2	EXACT	0.341104630601	24	-0.0446958752388	1	0.0498418291207	72	0	0	0.112872823028	97	0.115427738652	97	0.0471327605534	68	0.0958976194493	4	0.0485131099901	6	0	0	0.346250584483	0.346250584483	0.343541515916	0.394763694473	0.346250584483
M05_L_TO_L_ALL28:G808-E1648	M05_L_TO_L_ALL28	ALL28	L	L	G808-E1648	qot	ol	0	f104v	f104v	G808-P0429	f104v.17	17	8	S	B	3	3	EXACT	-0.193477782584	15	0.115657693227	3	0.0394623150734	72	0	0	-0.00991083760328	90	-0.00735592197891	90	0.037123211689	68	0.0792286972933	4	0.0294693151444	6	-0.076770653066	1	-0.0383577742839	-0.0383577742839	-0.0406968776683	-0.00888845913948	-0.11512842735
M05_L_TO_L_ALL28:G808-E1651	M05_L_TO_L_ALL28	ALL28	L	L	G808-E1651	qot	ol	0	f104v	f104v	G808-P0430	f104v.19	19	5	S	B	3	3	EXACT	0.113680072975	13	0.56740619935	1	0.0106127426714	72	0	0	0.0187794770169	86	0.0213343926412	86	0.0183093325317	68	-0.120227660268	4	0.0515584358141	6	-0.0225402537957	1	0.691699014996	0.691699014996	0.699395604856	0.74325745081	0.6691587612
M05_L_TO_L_ALL28:G808-E1784	M05_L_TO_L_ALL28	ALL28	L	L	G808-E1784	qot	ol	0	f107v	f107v	G808-P0503	f107v.5	5	3	S	B	3	3	EXACT	-0.0241780006408	13	0	0	0.0461219955309	72	0	0	0.0228325780849	85	0.025175392848	85	0.0515171174755	68	-0.0455938936898	4	-0.0326891179593	6	0	0	0.02194399489	0.02194399489	0.0273391168347	-0.0107451230692	0.02194399489
M05_L_TO_L_ALL28:G808-E1888	M05_L_TO_L_ALL28	ALL28	L	L	G808-E1888	qot	eol	1	f108v	f108v	G808-P0533	f108v.7	7	7	S	B	3	3	EXACT	0.266326286469	26	0.169932679545	1	0.0767033109136	72	0	0	0.125079452724	99	0.127074994269	99	0.0771036587008	68	0.0698985149085	4	-0.137721818758	6	0	0	0.512962276928	0.512962276928	0.513362624715	0.375240458169	0.512962276928
M05_L_TO_L_ALL28:G808-E1956	M05_L_TO_L_ALL28	ALL28	L	L	G808-E1956	qot	eol	1	f111v	f111v	G808-P0544	f111v.10	10	11	S	B	3	3	EXACT	0.16636331608	108	-0.0332806674139	3	0.0484391337288	72	-0.016537755793	2	0.126492717808	183	0.126780064759	185	0.0620668885993	68	-0.183231741753	4	-0.00103570643366	6	-0.032831682782	2	0.181521782395	0.164984026602	0.195149537266	0.180486075962	0.148690099613
M05_L_TO_L_ALL28:G808-E2078	M05_L_TO_L_ALL28	ALL28	L	L	G808-E2078	qot	ol	0	f113v	f113v	G808-P0600	f113v.28	28	11	S	B	3	3	EXACT	0.158000917788	32	0.0355453857384	1	0.0315362806388	71	0.0051345630836	1	0.0664419143507	104	0.0678621301497	105	0.0424242138747	67	-0.150836397255	4	-0.0512143707122	6	-0.00624143152502	1	0.225082584165	0.230217147248	0.235970517401	0.173868213453	0.21884115264
M05_L_TO_L_ALL28:G808-E2111	M05_L_TO_L_ALL28	ALL28	L	L	G808-E2111	qot	ol	0	f114r	f114r	G808-P0619	f114r.42	42	2	S	B	3	3	EXACT	0.217169687044	22	-0.163383228529	1	0.0568731884847	72	-0.100671163108	2	0.0834553414517	95	0.0810480527087	97	0.0602480149266	68	-0.000497932968401	4	0.0194849437884	6	-0.104448525477	2	0.110659646999	0.00998848389145	0.114034473441	0.130144590788	0.00621112152246
M05_L_TO_L_ALL28:G808-E2169	M05_L_TO_L_ALL28	ALL28	L	L	G808-E2169	qot	ol	0	f115v	f115v	G808-P0647	f115v.8	8	6	S	B	3	3	EXACT	0.133924767884	13	0	0	0.0717896394958	72	0	0	0.068699372553	85	0.0712032683931	85	0.0712327048222	68	0.0812585935953	4	-0.00954436381552	6	-0.00990894784683	1	0.20571440738	0.20571440738	0.205157472706	0.196170043564	0.195805459533
M05_L_TO_L_ALL28:G808-E0193	M05_L_TO_L_ALL28	ALL28	L	L	G808-E0193	qot	ol	0	f19v	f19v	G808-P0063	f19v.3	3	4	H	A	1	2	EXACT	-0.375272815455	16	0	0	-0.0545600336007	72	0	0	-0.123284689175	88	-0.120759840741	88	-0.0617728656435	68	0.0680590308735	4	-0.0179847396446	6	0.493395653239	1	-0.429832849056	-0.429832849056	-0.437045681099	-0.4478175887	0.0635628041828
M05_L_TO_L_ALL28:G808-E0195	M05_L_TO_L_ALL28	ALL28	L	L	G808-E0195	qot	ol	0	f19v	f19v	G808-P0063	f19v.4	4	3	H	A	1	2	EXACT	-0.375272815455	16	0	0	-0.08227624485	72	0.136480165871	1	-0.145961589288	88	-0.140875742533	89	-0.0732030703407	68	-0.23651929176	4	0.0937305795776	6	-0.378545466185	4	-0.457549060305	-0.321068894434	-0.448475885796	-0.363818480728	-0.83609452649
M05_L_TO_L_ALL28:G808-E0198	M05_L_TO_L_ALL28	ALL28	L	L	G808-E0198	qot	ol	0	f19v	f19v	G808-P0064	f19v.11	11	1	H	A	1	2	EXACT	-0.308696829429	18	-0.0339054927705	3	-0.0391071735855	72	0	0	-0.101176377799	93	-0.0986515293648	93	-0.0480236702091	68	0.112474188764	4	0.148784325429	6	-0.245556502514	1	-0.381709495785	-0.381709495785	-0.390625992409	-0.232925170356	-0.627265998299
M05_L_TO_L_ALL28:G808-E0200	M05_L_TO_L_ALL28	ALL28	L	L	G808-E0200	qot	ol	0	f20r	f20r	G808-P0066	f20r.6	6	3	H	A	1	3	EXACT	-0.00633413155364	7	-0.392922514743	2	-0.0374480589573	72	-0.473506377965	2	-0.0597790428961	81	-0.0685434083588	83	-0.0286792480517	68	-0.186516925322	4	-0.0903413769305	6	-0.514030777823	2	-0.436704705254	-0.910211083219	-0.427935894348	-0.527046082184	-0.950735483077
M05_L_TO_L_ALL28:G808-E0298	M05_L_TO_L_ALL28	ALL28	L	L	G808-E0298	qot	ol	0	f28v	f28v	G808-P0097	f28v.4	4	6	H	A	1	3	EXACT	-0.276154212552	5	0.0154182371478	3	-0.0122283865683	72	0	0	-0.0432006206448	80	-0.0406767703812	80	-0.0170097876933	68	0.0690563771256	4	-0.150273100668	6	-0.155715297453	1	-0.272964361973	-0.272964361973	-0.277745763097	-0.423237462641	-0.428679659425
M05_L_TO_L_ALL28:G808-E0327	M05_L_TO_L_ALL28	ALL28	L	L	G808-E0327	qot	ol	0	f32r	f32r	G808-P0111	f32r.15	15	2	H	A	1	2	EXACT	-0.22020259116	25	0	0	-0.0642877204225	72	-0.153349905286	2	-0.112414037558	97	-0.111805941329	99	-0.0586264566927	68	-0.160528373863	4	-0.0816502932184	6	-0.138586250043	2	-0.284490311583	-0.437840216869	-0.278829047853	-0.366140604801	-0.423076561626
M05_L_TO_L_ALL28:G808-E0365	M05_L_TO_L_ALL28	ALL28	L	L	G808-E0365	qot	ol	0	f36r	f36r	G808-P0125	f36r.7	7	1	H	A	1	2	EXACT	-0.308007459508	21	-0.470111804057	1	-0.0312807775243	72	0	0	-0.10622199197	94	-0.103757445492	94	-0.0399318252401	68	0.115787950675	4	-0.0347727843586	6	0	0	-0.809400041089	-0.809400041089	-0.818051088805	-0.844172825448	-0.809400041089
M05_L_TO_L_ALL28:G808-E0378	M05_L_TO_L_ALL28	ALL28	L	L	G808-E0378	qot	ol	0	f37v	f37v	G808-P0131	f37v.5	5	2	H	A	1	2	EXACT	-0.247023904557	12	0	0	-0.0502794771975	72	0.0771713326953	1	-0.0909169662526	84	-0.0870968637449	85	-0.0430132297486	68	-0.173804895276	4	-0.0673715460732	6	0.0172146879993	2	-0.297303381754	-0.220132049059	-0.290037134305	-0.364674927827	-0.280088693755
M05_L_TO_L_ALL28:G808-E0381	M05_L_TO_L_ALL28	ALL28	L	L	G808-E0381	qot	ol	0	f37v	f37v	G808-P0133	f37v.22	22	1	H	A	1	1	EXACT	-0.343352654608	10	0	0	-0.0466988991826	72	0	0	-0.0965374993205	82	-0.0940671532674	82	-0.0536177371093	68	0.0709221341255	4	0.120408931124	6	0	0	-0.390051553791	-0.390051553791	-0.396970391718	-0.269642622667	-0.390051553791
M05_L_TO_L_ALL28:G808-E0024	M05_L_TO_L_ALL28	ALL28	L	L	G808-E0024	qot	eol	1	f3r	f3r	G808-P0008	f3r.19	19	6	H	A	1	3	EXACT	-0.0903009827526	9	-0.281132514872	2	-0.0124240564642	72	-0.158143616429	2	-0.0426310388437	83	-0.0441271759103	85	-0.0184203131778	68	0.0895131905558	4	-0.0866612281421	6	-0.186512893195	2	-0.383857554088	-0.542001170517	-0.389853810802	-0.47051878223	-0.570370447283
M05_L_TO_L_ALL28:G808-E0415	M05_L_TO_L_ALL28	ALL28	L	L	G808-E0415	qot	eol	1	f41v	f41v	G808-P0147	f41v.5	5	7	H	B	5	3	EXACT	0.102325214113	25	-0.150854635211	2	0.04103381755	72	0	0	0.0456022516641	99	0.0481160093005	99	0.0417484460145	68	0.0288860560915	4	0.0366143887577	6	0	0	-0.00749560354826	-0.00749560354826	-0.00678097508382	0.0291187852094	-0.00749560354826
M05_L_TO_L_ALL28:G808-E0480	M05_L_TO_L_ALL28	ALL28	L	L	G808-E0480	qot	ol	0	f45v	f45v	G808-P0169	f45v.5	5	1	H	A	1	3	EXACT	-0.234531541118	21	0.209422092979	2	-0.0335120390951	72	0	0	-0.0817244475802	95	-0.0792197739099	95	-0.0423978762194	68	0.117548111766	4	-0.0821896021675	6	0	0	-0.0586214872343	-0.0586214872343	-0.0675073243585	-0.140811089402	-0.0586214872343
M05_L_TO_L_ALL28:G808-E0514	M05_L_TO_L_ALL28	ALL28	L	L	G808-E0514	qot	ol	0	f47v	f47v	G808-P0178	f47v.4	4	1	H	A	1	2	EXACT	-0.170878802427	19	-0.304319500716	3	-0.0574437624175	72	0	0	-0.0981311862441	94	-0.0956557224747	94	-0.0676003209388	68	0.115218531366	4	-0.0485179860785	6	0	0	-0.532642065561	-0.532642065561	-0.542798624082	-0.581160051639	-0.532642065561
M05_L_TO_L_ALL28:G808-E0525	M05_L_TO_L_ALL28	ALL28	L	L	G808-E0525	qot	ol	0	f48r	f48r	G808-P0180	f48r.6	6	6	H	B	5	3	EXACT	-0.0798950737712	32	0.33427272237	1	0.00966348712691	72	0	0	-0.0185145019261	105	-0.0160478173061	105	0.0171507406684	68	-0.117618869377	4	-0.0410242082649	6	0	0	0.264041135726	0.264041135726	0.271528389267	0.223016927461	0.264041135726
M05_L_TO_L_ALL28:G808-E0584	M05_L_TO_L_ALL28	ALL28	L	L	G808-E0584	qot	ol	0	f51v	f51v	G808-P0192	f51v.7	7	1	H	A	1	3	EXACT	-0.0426215075266	39	-0.484284540376	2	-0.0386115777008	72	0	0	-0.0498211309353	113	-0.0473176177659	113	-0.0467769970644	68	0.100201213108	4	-0.0562062001692	6	0	0	-0.565517625603	-0.565517625603	-0.573683044967	-0.621723825772	-0.565517625603
M05_L_TO_L_ALL28:G808-E0675	M05_L_TO_L_ALL28	ALL28	L	L	G808-E0675	qot	ol	0	f66r	f66r	G808-P0218	f66r.73	73	3	T	B	5	3	EXACT	0.114959572641	46	0.0335206602525	4	0.0102802987846	71	-0.110500929169	1	0.0508124052009	121	0.051607277891	122	0.0132847082878	67	-0.0400440252352	4	-0.0169865858945	6	-0.115963905184	1	0.158760531678	0.0482596025087	0.161764941181	0.141773945783	0.0427966264936
M05_L_TO_L_ALL28:G808-E0834	M05_L_TO_L_ALL28	ALL28	L	L	G808-E0834	qot	ol	0	f77r	f77r	G808-P0241	f77r.15	15	3	B	B	2	2	EXACT	0.247581347098	43	-0.598072934684	1	0.0369230060532	72	0.0874711164343	2	0.109339654514	116	0.110547101968	118	0.042256725751	68	-0.0537493367815	4	-0.0883075135748	6	0.0936561089047	2	-0.313568581533	-0.226097465099	-0.308234861836	-0.401876095108	-0.219912472629
M05_L_TO_L_ALL28:G808-E1009	M05_L_TO_L_ALL28	ALL28	L	L	G808-E1009	qot	ol	0	f80r	f80r	G808-P0266	f80r.18	18	8	B	B	2	3	EXACT	0.136689399736	83	0.0440268557573	1	0.037657777129	72	0.272739850903	2	0.0935433723355	156	0.0963635224013	158	0.0418960278271	68	-0.0343783398891	4	0.0100816144015	6	0.0695482092617	3	0.218374032622	0.491113883525	0.22261228332	0.228455647024	0.287922241884
M05_L_TO_L_ALL28:G808-E1049	M05_L_TO_L_ALL28	ALL28	L	L	G808-E1049	qot	ol	0	f80v	f80v	G808-P0275	f80v.23	23	6	B	B	2	3	EXACT	0.234720390994	10	-0.0445399862987	2	0.0194876973389	72	0	0	0.0267246651027	84	0.0290905655169	84	0.0150352012414	68	0.0951809707614	4	0.0564402023827	6	-0.165178132705	1	0.209668102035	0.209668102035	0.205215605937	0.266108304417	0.0444899693294
M05_L_TO_L_ALL28:G808-E1050	M05_L_TO_L_ALL28	ALL28	L	L	G808-E1050	qot	ol	0	f80v	f80v	G808-P0275	f80v.24	24	5	B	B	2	3	EXACT	0.234720390994	10	-0.250656900694	2	0.0346446444544	72	-0.17128691478	3	0.0348087884781	84	0.0282635027884	87	0.0420231253412	68	-0.0907886908556	4	-0.100423993837	6	-0.108535613666	4	0.018708134755	-0.152578780025	0.0260866156418	-0.0817158590824	-0.0898274789112
M05_L_TO_L_ALL28:G808-E1127	M05_L_TO_L_ALL28	ALL28	L	L	G808-E1127	qot	ol	0	f82v	f82v	G808-P0286	f82v.6	6	3	B	B	2	2	EXACT	0.373232506459	15	-0.261298476018	1	0.0211803526625	72	0	0	0.0664802190939	88	0.0690348205143	88	0.0253386163606	68	-0.0495091798055	4	-0.0631790174156	6	0	0	0.133114383103	0.133114383103	0.137272646802	0.0699353656878	0.133114383103
M05_L_TO_L_ALL28:G808-E1239	M05_L_TO_L_ALL28	ALL28	L	L	G808-E1239	qot	ol	0	f85r1	f85r	G808-P0309	f85r1.29	29	9	T	B	2	3	EXACT	0.165626346517	10	0.0770733759398	4	0.0341550820445	72	-0.101013886835	1	0.0353646472047	86	0.035711175994	87	0.031140800587	68	0.0853930440967	4	0.000227625929441	6	-0.226858582034	2	0.276854804501	0.175840917666	0.273840523044	0.277082430431	0.0499962224674
M05_L_TO_L_ALL28:G808-E1304	M05_L_TO_L_ALL28	ALL28	L	L	G808-E1304	qot	ol	0	f86v6	f86v	G808-P0328	f86v6.28	28	12	T	B	2	3	EXACT	-0.113559107432	44	0.086095197707	4	0.0315859264063	72	-0.664790736342	1	-0.020504617984	120	-0.0237377770433	121	0.044443876388	68	-0.186998667617	4	0.0175141802376	6	-0.493502202028	2	0.00412201668097	-0.660668719661	0.0169799666627	0.0216361969186	-0.489380185347
M05_L_TO_L_ALL28:G808-E1312	M05_L_TO_L_ALL28	ALL28	L	L	G808-E1312	qot	ol	0	f86v6	f86v	G808-P0329	f86v6.42	42	9	T	B	2	3	EXACT	0.050766418322	71	0	0	0.0231487333564	72	0.588362113973	1	0.0448093749633	143	0.0507494543507	144	0.0336251552938	68	-0.154949883913	4	-0.117166406679	6	0.147909507425	2	0.0739151516784	0.662277265651	0.0843915736158	-0.0432512550008	0.221824659103
M05_L_TO_L_ALL28:G808-E1367	M05_L_TO_L_ALL28	ALL28	L	L	G808-E1367	qot	ol	0	f89r1	f89r	G808-P0342	f89r1.22	22	7	P	A	1	3	EXACT	-0.136232864826	21	-0.263235311049	1	-0.042662974763	72	-0.0293062847216	1	-0.0747109238839	94	-0.0723304008079	95	-0.050713620772	68	0.0941989508694	4	-0.0534720034339	6	-0.0327899688939	1	-0.442131150638	-0.471437435359	-0.450181796647	-0.495603154072	-0.474921119532
M05_L_TO_L_ALL28:G808-E0096	M05_L_TO_L_ALL28	ALL28	L	L	G808-E0096	qot	ol	0	f9r	f9r	G808-P0031	f9r.7	7	7	H	A	1	3	EXACT	-0.043485641227	17	-0.120669316291	3	-0.0363702942851	72	0	0	-0.0513931579485	92	-0.0488590531991	92	-0.0436703491275	68	0.0877315375918	4	-0.039948539619	6	0	0	-0.200525251803	-0.200525251803	-0.207825306645	-0.240473791422	-0.200525251803
M05_L_TO_L_ALL28:G808-E1497	M05_L_TO_L_ALL28	ALL28	L	L	G808-E1497	sh	ol	0	f100r	f100r	G808-P0371	f100r.15	15	2	P	A	1	2	EXACT	0.0198719174579	15	0	0	-0.00559437481105	71	0.275712236735	1	-0.0129612062671	86	-0.00779950140499	87	-0.0050526775659	67	-0.0146681883718	4	0.0226231692603	6	0.224006581571	1	0.0142775426469	0.289989779382	0.014819239892	0.0369007119072	0.238284124218
M05_L_TO_L_ALL28:G808-E1516	M05_L_TO_L_ALL28	ALL28	L	L	G808-E1516	sh	eol	1	f102r1	f102r	G808-P0374	f102r1.5	5	2	P	A	1	2	EXACT	0.128392918509	5	0.0551077080795	1	-0.0163873353925	72	0	0	-0.0274952969755	78	-0.0249089082325	78	-0.016316207985	68	-0.0175977168971	4	-0.0367396620155	6	0	0	0.167113291196	0.167113291196	0.167184418604	0.130373629181	0.167113291196
M05_L_TO_L_ALL28:G808-E1534	M05_L_TO_L_ALL28	ALL28	L	L	G808-E1534	sh	eol	1	f102v1	f102v	G808-P0378	f102v1.19	19	4	P	A	1	2	EXACT	-0.16374555486	11	0	0	-0.0143031264717	72	-0.040867179376	1	-0.0493776438922	83	-0.0475841054509	84	-0.00953979232123	68	-0.0952826435615	4	-0.00217765206172	6	-0.00929685063538	2	-0.178048681331	-0.218915860707	-0.173285347181	-0.180226333393	-0.187345531967
M05_L_TO_L_ALL28:G808-E1547	M05_L_TO_L_ALL28	ALL28	L	L	G808-E1547	sh	eol	1	f102v2	f102v	G808-P0380	f102v2.35	35	2	P	A	1	3	EXACT	0.121205018484	44	-0.245907341321	2	-0.0150302765841	72	0	0	0.03152298612	118	0.0339299918522	118	-0.0150375429103	68	-0.0149095855719	4	-0.00955101697931	6	0	0	-0.139732599421	-0.139732599421	-0.139739865747	-0.149283616401	-0.139732599421
M05_L_TO_L_ALL28:G808-E1567	M05_L_TO_L_ALL28	ALL28	L	L	G808-E1567	sh	ol	0	f103r	f103r	G808-P0387	f103r.23	23	5	S	B	3	2	EXACT	0.282498361721	6	0.081873420386	1	0.0233553581006	72	-0.0245940529579	1	0.0273329710302	79	0.0283857448809	80	0.0348781003397	68	-0.172532365294	4	-0.121890435835	6	-0.0248210276564	1	0.387727140208	0.36313308725	0.399249882447	0.265836704373	0.362906112552
M05_L_TO_L_ALL28:G808-E1578	M05_L_TO_L_ALL28	ALL28	L	L	G808-E1578	sh	eol	1	f103r	f103r	G808-P0394	f103r.40	40	4	S	B	3	3	EXACT	0.237328105373	10	-0.00568625910593	2	0.0525146514299	72	0.0581143027829	1	0.0589407843551	84	0.0606790279667	85	0.0605895305003	68	-0.0847593980967	4	0.0694649123084	6	-0.215246226133	2	0.284156497697	0.34227080048	0.292231376767	0.353621410005	0.0689102715637
M05_L_TO_L_ALL28:G808-E1580	M05_L_TO_L_ALL28	ALL28	L	L	G808-E1580	sh	ol	0	f103r	f103r	G808-P0396	f103r.45	45	3	S	B	3	3	EXACT	0.507394952782	5	-0.353037788395	2	0.0606405902147	72	-0.0843562892928	1	0.0612505267342	79	0.0611323031845	80	0.0678204946809	68	-0.0614188910404	4	-0.0461467715309	6	0.446461452895	2	0.214997754601	0.130641465309	0.222177659068	0.168850983071	0.661459207496
M05_L_TO_L_ALL28:G808-E1611	M05_L_TO_L_ALL28	ALL28	L	L	G808-E1611	sh	ol	0	f103v	f103v	G808-P0410	f103v.39	39	5	S	B	3	3	EXACT	0.364553872306	13	-0.0595753416318	2	0.0284788849096	72	0	0	0.0630757898404	87	0.0655439551627	87	0.0365006019257	68	-0.107891534432	4	0.0372550433581	6	0	0	0.333457415583	0.333457415583	0.341479132599	0.370712458942	0.333457415583
M05_L_TO_L_ALL28:G808-E1615	M05_L_TO_L_ALL28	ALL28	L	L	G808-E1615	sh	ol	0	f103v	f103v	G808-P0411	f103v.46	46	2	S	B	3	3	EXACT	0.368042383856	17	0.211471362864	1	0.0541654397767	72	0.324852406069	2	0.104018249187	90	0.109952912792	92	0.058461959232	68	-0.0188766210306	4	0.0608754737702	6	0.323366893973	2	0.633679186497	0.958531592566	0.637975705952	0.694554660267	0.95704608047
M05_L_TO_L_ALL28:G808-E1641	M05_L_TO_L_ALL28	ALL28	L	L	G808-E1641	sh	ol	0	f104v	f104v	G808-P0427	f104v.10	10	1	S	B	3	3	EXACT	0.0770607977236	21	0.153051345262	4	0.051507814726	72	0.0786670903174	2	0.0503690860442	97	0.0522070859294	99	0.0493975167039	68	0.0873823149291	4	-0.0341175899552	6	0.0868132221255	2	0.281619957711	0.360287048029	0.279509659689	0.247502367756	0.368433179837
M05_L_TO_L_ALL28:G808-E1673	M05_L_TO_L_ALL28	ALL28	L	L	G808-E1673	sh	ol	0	f105r	f105r	G808-P0442	f105r.17	17	5	S	B	3	3	EXACT	0.0803850156062	31	-0.465289183895	1	0.0532433505847	70	0	0	0.0517975110483	102	0.0543728298721	102	0.0629668771402	66	-0.107194349182	4	-0.0472670378911	6	0	0	-0.331660817704	-0.331660817704	-0.321937291149	-0.378927855596	-0.331660817704
M05_L_TO_L_ALL28:G808-E1713	M05_L_TO_L_ALL28	ALL28	L	L	G808-E1713	sh	eol	1	f106r	f106r	G808-P0459	f106r.7	7	5	S	B	3	2	EXACT	0.124198086593	19	0	0	0.0548547667454	72	0	0	0.0589123363807	91	0.0614610488397	91	0.053804964888	68	0.0727003631536	4	0.0535086892477	6	0	0	0.179052853338	0.179052853338	0.178003051481	0.232561542586	0.179052853338
M05_L_TO_L_ALL28:G808-E1722	M05_L_TO_L_ALL28	ALL28	L	L	G808-E1722	sh	ol	0	f106r	f106r	G808-P0463	f106r.15	15	4	S	B	3	3	EXACT	0.199847248746	11	0.580237008619	1	0.0641415509909	72	0	0	0.0727466629794	84	0.0752953754384	84	0.0731047079076	68	-0.0882331517592	4	0.0098147671212	6	0	0	0.844225808356	0.844225808356	0.853188965272	0.854040575477	0.844225808356
M05_L_TO_L_ALL28:G808-E1746	M05_L_TO_L_ALL28	ALL28	L	L	G808-E1746	sh	ol	0	f106v	f106v	G808-P0474	f106v.7	7	5	S	B	3	3	EXACT	0.11549641708	10	0.33422351661	3	0.0214383566777	72	0.618526616391	1	0.0275097030109	85	0.0361951753527	86	0.029160639509	68	-0.10984168073	4	0.0726049583127	6	0.617250596879	1	0.471158290367	1.08968490676	0.478880573199	0.54376324868	1.08840888725
M05_L_TO_L_ALL28:G808-E1750	M05_L_TO_L_ALL28	ALL28	L	L	G808-E1750	sh	eol	1	f106v	f106v	G808-P0480	f106v.25	25	2	S	B	3	2	EXACT	0.139202418276	16	0	0	0.0362431722492	72	0.0653601521351	1	0.0429925745265	88	0.0450817896878	89	0.039378944622	68	-0.0170661873647	4	-0.0907060944022	6	0.0640841326234	1	0.175445590525	0.240805742661	0.178581362898	0.0847394961233	0.239529723149
M05_L_TO_L_ALL28:G808-E1773	M05_L_TO_L_ALL28	ALL28	L	L	G808-E1773	sh	ol	0	f107r	f107r	G808-P0495	f107r.29	29	3	S	B	3	1	EXACT	-0.035552645646	12	0	0	0.0382853864941	72	-0.0850258675696	1	0.0131732559812	84	0.0139190276524	85	0.04380567123	68	-0.0555606540946	4	0.0571803052458	6	-0.232063803575	1	0.00273274084809	-0.0822931267215	0.008253025584	0.0599130460939	-0.229331062726
M05_L_TO_L_ALL28:G808-E1774	M05_L_TO_L_ALL28	ALL28	L	L	G808-E1774	sh	eol	1	f107r	f107r	G808-P0496	f107r.31	31	2	S	B	3	3	EXACT	-0.0928220727758	16	0.274846116203	4	0.035396213052	72	0.274490877119	1	0.010596474647	92	0.0154027016271	93	0.0388497796455	68	-0.0233156191168	4	0.0610517616774	6	0.329694578275	2	0.217420256479	0.491911133598	0.220873823073	0.278472018157	0.547114834754
M05_L_TO_L_ALL28:G808-E1783	M05_L_TO_L_ALL28	ALL28	L	L	G808-E1783	sh	ol	0	f107v	f107v	G808-P0502	f107v.3	3	5	S	B	3	3	EXACT	0.230809397477	20	0	0	0.029817077709	72	0	0	0.0638542701456	92	0.0662128455257	92	0.0377909193741	68	-0.105739230638	4	0.00435924389297	6	0	0	0.260626475186	0.260626475186	0.268600316851	0.264985719079	0.260626475186
M05_L_TO_L_ALL28:G808-E1817	M05_L_TO_L_ALL28	ALL28	L	L	G808-E1817	sh	eol	1	f107v	f107v	G808-P0512	f107v.36	36	4	S	B	3	3	EXACT	0	0	-0.0675991805979	1	0.0646174034627	72	-0.314274434891	2	0.0399789802659	73	0.0312948025096	75	0.0734329112815	68	-0.0852472294983	4	0.00437736307312	6	-0.114796886153	3	-0.00298177713519	-0.317256212026	0.00583373068361	0.00139558593793	-0.117778663288
M05_L_TO_L_ALL28:G808-E1857	M05_L_TO_L_ALL28	ALL28	L	L	G808-E1857	sh	ol	0	f108r	f108r	G808-P0525	f108r.32	32	9	S	B	3	2	EXACT	0.0936312387303	4	0.0551018953654	1	0.0355092183858	72	0	0	0.0139449722726	77	0.0167410833897	77	0.0307267648656	68	0.116811224221	4	-0.0780122128808	6	-0.118949334886	1	0.184242352481	0.184242352481	0.179459898961	0.106230139601	0.0652930175955
M05_L_TO_L_ALL28:G808-E1875	M05_L_TO_L_ALL28	ALL28	L	L	G808-E1875	sh	eol	1	f108r	f108r	G808-P0529	f108r.47	47	4	S	B	3	3	EXACT	0.199645164164	13	0.311674222341	2	0.0541055529732	72	0	0	0.0641889211019	87	0.0669850322189	87	0.0621738716699	68	-0.0830555688812	4	-0.0119876068507	6	-0.278427743705	1	0.565424939478	0.565424939478	0.573493258175	0.553437332627	0.286997195773
M05_L_TO_L_ALL28:G808-E1899	M05_L_TO_L_ALL28	ALL28	L	L	G808-E1899	sh	ol	0	f108v	f108v	G808-P0536	f108v.21	21	2	S	B	3	3	EXACT	0.075758773879	42	0	0	0.0320607972466	72	0.263752372512	1	0.048598077583	114	0.052132836016	115	0.0350930878933	68	-0.0194891421361	4	-0.0308843875854	6	0.462698502856	1	0.107819571126	0.371571943637	0.110851861772	0.0769351835402	0.570518073982
M05_L_TO_L_ALL28:G808-E2032	M05_L_TO_L_ALL28	ALL28	L	L	G808-E2032	sh	ol	0	f113r	f113r	G808-P0579	f113r.12	12	5	S	B	3	3	EXACT	-0.0847969959772	6	0.299403834184	2	0.0638492545387	72	0	0	0.0403863823853	80	0.0429305060442	80	0.0741220668999	68	-0.110789748773	4	0.0138364006574	6	0	0	0.278456092745	0.278456092745	0.288728905106	0.292292493403	0.278456092745
M05_L_TO_L_ALL28:G808-E2038	M05_L_TO_L_ALL28	ALL28	L	L	G808-E2038	sh	ol	0	f113r	f113r	G808-P0581	f113r.17	17	3	S	B	3	3	EXACT	0.16868536609	16	0	0	0.0462555879299	72	-0.217381846327	2	0.0566704512111	88	0.051727931999	90	0.0527190076149	68	-0.0636237398861	4	-0.011268499556	6	-0.187055096323	2	0.21494095402	-0.00244089230692	0.221404373705	0.203672454464	0.0278858576968
M05_L_TO_L_ALL28:G808-E2040	M05_L_TO_L_ALL28	ALL28	L	L	G808-E2040	sh	ol	0	f113r	f113r	G808-P0582	f113r.21	21	2	S	B	3	3	EXACT	-0.09329047185	4	0	0	0.0383806473846	72	0	0	0.0120036240267	76	0.0145477476856	76	0.0418131870239	68	-0.0199737196542	4	0.026942906011	6	0	0	-0.0549098244654	-0.0549098244654	-0.0514772848261	-0.0279669184544	-0.0549098244654
M05_L_TO_L_ALL28:G808-E2045	M05_L_TO_L_ALL28	ALL28	L	L	G808-E2045	sh	eol	1	f113r	f113r	G808-P0585	f113r.27	27	8	S	B	3	3	EXACT	-0.0853162396127	12	-0.32435898107	1	0.0502715423505	72	0	0	0.0124515565378	85	0.0149956801966	85	0.0475186399882	68	0.0970696893387	4	-0.00491917016238	6	-0.390265512754	1	-0.359403678333	-0.359403678333	-0.362156580695	-0.364322848495	-0.749669191087
M05_L_TO_L_ALL28:G808-E2056	M05_L_TO_L_ALL28	ALL28	L	L	G808-E2056	sh	eol	1	f113r	f113r	G808-P0591	f113r.47	47	2	S	B	3	3	EXACT	0.209334106153	31	0.335951232041	5	0.0490968259095	72	0	0	0.102583211014	108	0.105127334673	108	0.0531597289915	68	-0.0199737196542	4	0.0458407512417	6	1.20273088766	1	0.594382164103	0.594382164103	0.598445067185	0.640222915345	1.79711305177
M05_L_TO_L_ALL28:G808-E2104	M05_L_TO_L_ALL28	ALL28	L	L	G808-E2104	sh	ol	0	f114r	f114r	G808-P0615	f114r.29	29	11	S	B	3	3	EXACT	0.112520575394	20	-0.101941114496	2	0.0189290705397	72	-0.090874795356	1	0.0260888909774	94	0.0267176811135	95	0.0134128747953	68	0.112703161054	4	0.0433020343585	6	-0.23754068312	1	0.0295085314372	-0.0613662639189	0.0239923356928	0.0728105657957	-0.208032151683
M05_L_TO_L_ALL28:G808-E2151	M05_L_TO_L_ALL28	ALL28	L	L	G808-E2151	sh	eol	1	f115r	f115r	G808-P0639	f115r.26	26	9	S	B	@	3	EXACT	0.222834580154	10	-0.0919980221246	2	0.0420076446673	70	0.2494406633	1	0.0457818309751	82	0.0500429529276	83	0.0382733628826	66	0.103623078426	4	0.0112133034135	6	0.248301264766	1	0.172844202697	0.422284865997	0.169109920912	0.184057506111	0.421145467463
M05_L_TO_L_ALL28:G808-E2160	M05_L_TO_L_ALL28	ALL28	L	L	G808-E2160	sh	eol	1	f115r	f115r	G808-P0644	f115r.43	43	3	S	B	@	3	EXACT	0.0996350551292	15	0	0	0.0126549565132	70	-0.0662231340805	2	0.0163760084303	85	0.0155881884164	87	0.0171451139356	66	-0.0614328566451	4	0.0485562602369	6	-0.189255370649	2	0.112290011642	0.0460668775619	0.116780169065	0.160846271879	-0.0769653590064
M05_L_TO_L_ALL28:G808-E2168	M05_L_TO_L_ALL28	ALL28	L	L	G808-E2168	sh	eol	1	f115v	f115v	G808-P0647	f115v.8	8	2	S	B	3	3	EXACT	0.236678251114	8	0	0	0.0624727716239	72	0	0	0.06310794535	80	0.0656164093294	80	0.0671576390432	68	-0.01717110382	4	-0.0267609753957	6	0	0	0.299151022738	0.299151022738	0.303835890157	0.272390047342	0.299151022738
M05_L_TO_L_ALL28:G808-E0118	M05_L_TO_L_ALL28	ALL28	L	L	G808-E0118	sh	ol	0	f11v	f11v	G808-P0040	f11v.1	1	5	H	A	1	3	EXACT	-0.345474945559	23	-0.263999315434	1	-0.0290762470773	72	-0.266913138238	1	-0.115768235947	96	-0.115450220731	97	-0.0370284631985	68	0.106110200539	4	-0.0682574863849	6	-0.268713950137	1	-0.638550508071	-0.905463646309	-0.646502724192	-0.706807994456	-0.907264458208
M05_L_TO_L_ALL28:G808-E0119	M05_L_TO_L_ALL28	ALL28	L	L	G808-E0119	sh	ol	0	f11v	f11v	G808-P0040	f11v.2	2	1	H	A	1	3	EXACT	-0.345474945559	23	-0.103085600163	3	-0.0144383697537	72	-0.127554502258	2	-0.103690712017	98	-0.102894345239	100	-0.0208822876367	68	0.0951070078118	4	0.0864432849381	6	-0.132696324724	2	-0.462998915476	-0.590553417733	-0.469442833359	-0.376555630538	-0.595695240199
M05_L_TO_L_ALL28:G808-E0129	M05_L_TO_L_ALL28	ALL28	L	L	G808-E0129	sh	ol	0	f13v	f13v	G808-P0044	f13v.6	6	3	H	A	1	3	EXACT	-0.369208150195	20	0	0	-0.0566249571669	72	-0.377083682856	2	-0.133896547733	92	-0.137877546276	94	-0.0482616358882	68	-0.19880281461	4	0.0483767949859	6	-0.384167593207	2	-0.425833107362	-0.802916790219	-0.417469786084	-0.377456312376	-0.810000700569
M05_L_TO_L_ALL28:G808-E0140	M05_L_TO_L_ALL28	ALL28	L	L	G808-E0140	sh	ol	0	f15v	f15v	G808-P0049	f15v.4	4	3	H	A	1	2	EXACT	-0.281999405766	32	0	0	-0.0690836725306	72	-0.123245755169	1	-0.138928918252	104	-0.136852636147	105	-0.0602640127828	68	-0.219019121972	4	-0.0680927612122	6	-0.125006209956	1	-0.351083078297	-0.474328833466	-0.342263418549	-0.419175839509	-0.476089288252
M05_L_TO_L_ALL28:G808-E0141	M05_L_TO_L_ALL28	ALL28	L	L	G808-E0141	sh	ol	0	f15v	f15v	G808-P0049	f15v.8	8	6	H	A	1	2	EXACT	-0.281999405766	32	-0.187087693627	2	-0.0543178205559	72	0	0	-0.130345895267	106	-0.127826611132	106	-0.0628145748268	68	0.0901257683208	4	0.111362250247	6	-0.83553978408	1	-0.523404919949	-0.523404919949	-0.53190167422	-0.412042669703	-1.35894470403
M05_L_TO_L_ALL28:G808-E0154	M05_L_TO_L_ALL28	ALL28	L	L	G808-E0154	sh	ol	0	f17r	f17r	G808-P0056	f17r.4	4	2	H	A	1	3	EXACT	-0.330241762493	9	0	0	-0.0626981227065	72	0	0	-0.108196143205	81	-0.105676635328	81	-0.0653124945481	68	-0.0182550877207	4	-0.0223579502999	6	0	0	-0.3929398852	-0.3929398852	-0.395554257041	-0.4152978355	-0.3929398852
M05_L_TO_L_ALL28:G808-E0165	M05_L_TO_L_ALL28	ALL28	L	L	G808-E0165	sh	ol	0	f17v	f17v	G808-P0058	f17v.9	9	2	H	A	1	1	EXACT	-0.0845936486508	63	0.436968786834	1	-0.0243885241334	72	0	0	-0.0432210665055	136	-0.0408543961034	136	-0.0332212837738	68	0.125767042905	4	-0.134029464945	6	0	0	0.32798661405	0.32798661405	0.319153854409	0.193957149105	0.32798661405
M05_L_TO_L_ALL28:G808-E0171	M05_L_TO_L_ALL28	ALL28	L	L	G808-E0171	sh	eol	1	f17v	f17v	G808-P0058	f17v.13	13	6	H	A	1	1	EXACT	-0.0845936486508	63	0	0	-0.0464640893573	72	0	0	-0.058339918637	135	-0.0559732482349	135	-0.0369867611699	68	-0.207580015391	4	-0.0622369382601	6	0	0	-0.131057738008	-0.131057738008	-0.121580409821	-0.193294676268	-0.131057738008
M05_L_TO_L_ALL28:G808-E0202	M05_L_TO_L_ALL28	ALL28	L	L	G808-E0202	sh	ol	0	f20r	f20r	G808-P0066	f20r.7	7	7	H	A	1	2	EXACT	-0.155864599158	10	0.0819820002237	1	-0.0539825540701	72	-0.22083615776	1	-0.0800839929161	83	-0.0799914220777	84	-0.0502117481538	68	-0.118087504456	4	-0.10689195968	6	-0.222898296663	1	-0.127865153004	-0.348701310764	-0.124094347088	-0.234757112684	-0.350763449667
M05_L_TO_L_ALL28:G808-E0206	M05_L_TO_L_ALL28	ALL28	L	L	G808-E0206	sh	ol	0	f20v	f20v	G808-P0068	f20v.4	4	4	H	A	1	2	EXACT	-0.243116348702	11	-0.352765225932	1	-0.0531013205084	72	-0.502466271029	2	-0.0963624146882	84	-0.104747155588	86	-0.0628066648658	68	0.111888299839	4	0.089940483811	6	-0.0195047394541	4	-0.648982895142	-1.15144916617	-0.658688239499	-0.559042411331	-0.668487634596
M05_L_TO_L_ALL28:G808-E0207	M05_L_TO_L_ALL28	ALL28	L	L	G808-E0207	sh	ol	0	f20v	f20v	G808-P0069	f20v.5	5	4	H	A	1	3	EXACT	-0.141792591775	29	-0.687231212601	1	-0.0205326077696	72	0	0	-0.0672538884978	102	-0.0647555771969	102	-0.0164089764346	68	-0.0906355741942	4	0.110594291489	6	-0.282824268618	1	-0.849556412146	-0.849556412146	-0.845432780811	-0.738962120657	-1.13238068076
M05_L_TO_L_ALL28:G808-E0223	M05_L_TO_L_ALL28	ALL28	L	L	G808-E0223	sh	ol	0	f22r	f22r	G808-P0074	f22r.1	1	4	H	A	1	3	EXACT	-0.41306730831	6	-0.395673805201	3	-0.0625036402694	72	-0.341900824171	1	-0.118444635957	81	-0.119460069076	82	-0.0600395598299	68	-0.104394347504	4	0.0140083280927	6	-0.343631406654	1	-0.87124475378	-1.21314557795	-0.868780673341	-0.857236425687	-1.21487616043
M05_L_TO_L_ALL28:G808-E0224	M05_L_TO_L_ALL28	ALL28	L	L	G808-E0224	sh	ol	0	f22r	f22r	G808-P0074	f22r.2	2	3	H	A	1	3	EXACT	-0.41306730831	6	-0.353228759407	3	-0.0601443914429	72	0.0463988015034	1	-0.114775487156	81	-0.111100304704	82	-0.0593635981062	68	-0.0734192179311	4	0.00473931861542	6	0.132964889192	1	-0.82644045916	-0.780041657657	-0.825659665823	-0.821701140545	-0.693475569968
M05_L_TO_L_ALL28:G808-E0228	M05_L_TO_L_ALL28	ALL28	L	L	G808-E0228	sh	ol	0	f22r	f22r	G808-P0076	f22r.7	7	2	H	A	1	2	EXACT	-0.306650741207	12	0.0867005955801	2	-0.036733109783	72	0	0	-0.0854023907409	86	-0.0829438538274	86	-0.037465171335	68	-0.0242894031625	4	0.01644478279	6	0	0	-0.25668325541	-0.25668325541	-0.257415316962	-0.24023847262	-0.25668325541
M05_L_TO_L_ALL28:G808-E0235	M05_L_TO_L_ALL28	ALL28	L	L	G808-E0235	sh	ol	0	f22v	f22v	G808-P0079	f22v.14	14	3	H	A	1	2	EXACT	-0.327007100194	20	0	0	-0.034858671825	72	-1.09752917521	1	-0.108059604573	92	-0.11688889095	93	-0.0373608648807	68	0.00767736455315	4	0.0902370644522	6	-0.48502675082	2	-0.361865772019	-1.45939494723	-0.364367965075	-0.271628707567	-0.846892522839
M05_L_TO_L_ALL28:G808-E0244	M05_L_TO_L_ALL28	ALL28	L	L	G808-E0244	sh	ol	0	f23v	f23v	G808-P0084	f23v.7	7	4	H	A	1	3	EXACT	-0.226214112778	26	-0.513943871417	1	-0.0304088367568	71	-0.374094302717	2	-0.0946621976427	98	-0.0989226966071	100	-0.0284501629146	67	-0.0632174703233	4	-0.0800532099331	6	-0.3177893891	3	-0.770566820952	-1.14466112367	-0.76860814711	-0.850620030885	-1.08835621005
M05_L_TO_L_ALL28:G808-E0258	M05_L_TO_L_ALL28	ALL28	L	L	G808-E0258	sh	ol	0	f24v	f24v	G808-P0087	f24v.8	8	3	H	A	1	2	EXACT	-0.327906087302	20	0	0	-0.029555731023	72	0.107381677776	1	-0.10413110414	92	-0.100009136432	93	-0.0319587229026	68	0.0112933701071	4	-0.0750278271785	6	0.105394518928	1	-0.357461818325	-0.250080140549	-0.359864810205	-0.432489645504	-0.252067299397
M05_L_TO_L_ALL28:G808-E0264	M05_L_TO_L_ALL28	ALL28	L	L	G808-E0264	sh	ol	0	f25v	f25v	G808-P0089	f25v.4	4	3	H	A	1	2	EXACT	-0.191109457393	24	-0.469751125889	1	-0.0580876415594	72	-1.07709728811	1	-0.10317174551	97	-0.111239097456	98	-0.0499823418555	68	-0.195879007393	4	0.0481312512073	6	-0.459901064505	2	-0.718948224841	-1.79604551295	-0.710842925137	-0.670816973634	-1.17884928935
M05_L_TO_L_ALL28:G808-E0282	M05_L_TO_L_ALL28	ALL28	L	L	G808-E0282	sh	ol	0	f27r	f27r	G808-P0093	f27r.2	2	3	H	A	1	3	EXACT	-0.191111430378	23	0.0765972352479	1	-0.0783343987019	72	0.111491616102	2	-0.112332134883	96	-0.106519436042	98	-0.0775236490434	68	-0.0921184539317	4	-0.0059442294869	6	0.000336906744253	2	-0.192848593832	-0.0813569777297	-0.192037844173	-0.198792823319	-0.192511687087
M05_L_TO_L_ALL28:G808-E0285	M05_L_TO_L_ALL28	ALL28	L	L	G808-E0285	sh	ol	0	f27r	f27r	G808-P0093	f27r.3	3	6	H	A	1	2	EXACT	-0.191111430378	23	-0.0564324588172	2	-0.0511770639918	72	-0.697818677477	1	-0.0932579820455	97	-0.0975508996002	98	-0.0600390537982	68	0.0994754516814	4	0.027869731809	6	-0.480242365461	3	-0.298720953187	-0.996539630663	-0.307582942993	-0.270851221378	-0.778963318648
M05_L_TO_L_ALL28:G808-E0294	M05_L_TO_L_ALL28	ALL28	L	L	G808-E0294	sh	ol	0	f28r	f28r	G808-P0095	f28r.8	8	6	H	A	1	2	EXACT	-0.292745872826	29	0.0798491980476	1	-0.0469342234728	72	0.0662906652034	2	-0.121300974414	102	-0.116417196384	104	-0.0535213463756	68	0.0650455730301	4	-0.13195538947	6	0.163961269109	2	-0.259830898251	-0.193540233048	-0.266418021154	-0.391786287721	-0.0958696291418
M05_L_TO_L_ALL28:G808-E0299	M05_L_TO_L_ALL28	ALL28	L	L	G808-E0299	sh	eol	1	f28v	f28v	G808-P0097	f28v.4	4	7	H	A	1	3	EXACT	-0.276320565452	5	-0.187361711959	3	-0.00300444637686	72	-0.476735764503	2	-0.0436714210444	80	-0.0533038525232	82	-0.008926809335	68	0.0976744622127	4	-0.171979204468	6	-0.525808190579	2	-0.466686723788	-0.943422488291	-0.472609086747	-0.638665928256	-0.992494914368
M05_L_TO_L_ALL28:G808-E0004	M05_L_TO_L_ALL28	ALL28	L	L	G808-E0004	sh	ol	0	f2r	f2r	G808-P0002	f2r.8	8	5	H	A	1	3	EXACT	-0.0431827796966	24	0	0	-0.0500254013493	72	0	0	-0.0560729472575	96	-0.0535607489633	96	-0.0463397860585	68	-0.112682200965	4	-0.0688247168153	6	-0.0399585413377	1	-0.0932081810459	-0.0932081810459	-0.0895225657551	-0.162032897861	-0.133166722384
M05_L_TO_L_ALL28:G808-E0006	M05_L_TO_L_ALL28	ALL28	L	L	G808-E0006	sh	ol	0	f2r	f2r	G808-P0002	f2r.10	10	3	H	A	1	3	EXACT	-0.0431827796966	24	0.301671022727	1	-0.058201815865	72	-0.70010040712	1	-0.0587419106692	97	-0.0634106335476	98	-0.0582492015008	68	-0.0573975997291	4	0.00579595102823	6	-0.356028009871	2	0.200286427165	-0.499813979954	0.200239041529	0.206082378194	-0.155741582706
M05_L_TO_L_ALL28:G808-E0009	M05_L_TO_L_ALL28	ALL28	L	L	G808-E0009	sh	ol	0	f2v	f2v	G808-P0003	f2v.2	2	4	H	A	1	3	EXACT	-0.0953138678477	16	-0.384635951242	2	-0.0509306061159	71	-0.0444117605885	1	-0.078718812953	89	-0.076496331432	90	-0.0484751701568	67	-0.0920594720926	4	0.0514562014168	6	-0.123381116615	1	-0.530880425205	-0.575292185794	-0.528424989246	-0.479424223789	-0.65426154182
M05_L_TO_L_ALL28:G808-E0315	M05_L_TO_L_ALL28	ALL28	L	L	G808-E0315	sh	eol	1	f31r	f31r	G808-P0108	f31r.7	7	4	H	B	2	2	EXACT	0.0699044327135	6	0	0	-0.0079907836595	72	0	0	-0.0200850604036	78	-0.017564597577	78	-0.00309355503573	68	-0.091244911772	4	0.0166222146145	6	-0.00168772828259	1	0.061913649054	0.061913649054	0.0668108776778	0.0785358636685	0.0602259207715
M05_L_TO_L_ALL28:G808-E0340	M05_L_TO_L_ALL28	ALL28	L	L	G808-E0340	sh	ol	0	f33v	f33v	G808-P0116	f33v.9	9	7	H	B	2	3	EXACT	-0.00387913386163	25	0.134578380021	8	-0.0042049874167	72	0.240587656441	2	-0.00241784361421	105	0.00347825779903	107	0.00214660690782	68	-0.112183304709	4	0.109604557673	6	0.224694226443	3	0.126494258743	0.367081915184	0.132845853067	0.236098816416	0.351188485186
M05_L_TO_L_ALL28:G808-E0356	M05_L_TO_L_ALL28	ALL28	L	L	G808-E0356	sh	ol	0	f35r	f35r	G808-P0122	f35r.14	14	7	H	A	1	2	EXACT	-0.0956783270602	28	0.00690434142078	2	-0.0417490529011	72	0.256847003601	1	-0.0619487386263	102	-0.056934297155	103	-0.037154371738	68	-0.119859911731	4	-0.112970999983	6	0.454457505209	1	-0.130523038541	0.126323965061	-0.125928357377	-0.243494038524	0.323934466669
M05_L_TO_L_ALL28:G808-E0357	M05_L_TO_L_ALL28	ALL28	L	L	G808-E0357	sh	ol	0	f35v	f35v	G808-P0123	f35v.6	6	1	H	A	1	2	EXACT	-0.277218022891	44	0	0	-0.0395100770939	72	0	0	-0.129643385652	116	-0.127117161594	116	-0.0489785619188	68	0.121452782879	4	0.107589997033	6	0	0	-0.316728099985	-0.316728099985	-0.32619658481	-0.209138102951	-0.316728099985
M05_L_TO_L_ALL28:G808-E0358	M05_L_TO_L_ALL28	ALL28	L	L	G808-E0358	sh	ol	0	f35v	f35v	G808-P0123	f35v.7	7	3	H	A	1	2	EXACT	-0.277218022891	44	-0.143789967984	1	-0.064401913478	72	-0.150374277346	1	-0.1453402069	117	-0.143388189109	118	-0.0573383257179	68	-0.184484287452	4	0.0175641934172	6	-0.0765660388344	2	-0.485409904353	-0.635784181699	-0.478346316593	-0.467845710936	-0.561975943187
M05_L_TO_L_ALL28:G808-E0374	M05_L_TO_L_ALL28	ALL28	L	L	G808-E0374	sh	ol	0	f37r	f37r	G808-P0129	f37r.6	6	2	H	A	1	2	EXACT	-0.356260832841	9	-0.473161702887	1	-0.0586360818457	72	-0.380040900762	1	-0.112190121407	82	-0.113677059345	83	-0.0609328778309	68	-0.0195918861084	4	-0.0969170970783	6	-0.382046813348	1	-0.888058617574	-1.26809951834	-0.890355413559	-0.984975714653	-1.27010543092
M05_L_TO_L_ALL28:G808-E0389	M05_L_TO_L_ALL28	ALL28	L	L	G808-E0389	sh	ol	0	f39r	f39r	G808-P0137	f39r.9	9	2	H	B	2	2	EXACT	0.0521967981741	10	0	0	0.0289631389713	72	0.225807781016	1	0.016343068862	82	0.0206423558757	83	0.0310402728764	68	-0.00634935119006	4	-0.0371211041318	6	0.243477014974	1	0.0811599371454	0.306967718162	0.0832370710505	0.0440388330137	0.32463695212
M05_L_TO_L_ALL28:G808-E0027	M05_L_TO_L_ALL28	ALL28	L	L	G808-E0027	sh	ol	0	f3v	f3v	G808-P0009	f3v.3	3	3	H	A	1	2	EXACT	-0.163941366714	23	0	0	-0.0473494022272	70	-0.0799103419137	1	-0.0839959332267	93	-0.08212085191	94	-0.0381468608861	66	-0.199190783447	4	-0.168065217632	6	-0.0814893431549	1	-0.211290768941	-0.291201110855	-0.2020882276	-0.379355986573	-0.292780112096
M05_L_TO_L_ALL28:G808-E0404	M05_L_TO_L_ALL28	ALL28	L	L	G808-E0404	sh	ol	0	f40v	f40v	G808-P0144	f40v.16	16	1	H	B	2	3	EXACT	0.00133990233228	33	0.06689210322	4	0.0128950306466	72	0	0	0.00660544497752	109	0.00911729667055	109	0.00806740755514	68	0.0949633652798	4	0.0313152673443	6	0	0	0.0811270361989	0.0811270361989	0.0762994131074	0.112442303543	0.0811270361989
M05_L_TO_L_ALL28:G808-E0418	M05_L_TO_L_ALL28	ALL28	L	L	G808-E0418	sh	ol	0	f42r	f42r	G808-P0149	f42r.8	8	5	H	A	1	2	EXACT	-0.367056956371	15	-0.263626211859	1	-0.0360842108628	72	-0.37907169603	1	-0.107837915929	88	-0.108999572949	89	-0.0443377364867	68	0.104224464016	4	-0.028753993317	6	-0.381005533542	1	-0.666767379093	-1.04583907512	-0.675020904717	-0.69552137241	-1.04777291263
M05_L_TO_L_ALL28:G808-E0424	M05_L_TO_L_ALL28	ALL28	L	L	G808-E0424	sh	ol	0	f42r	f42r	G808-P0149	f42r.12	12	3	H	A	1	2	EXACT	-0.367056956371	15	0.329938426911	2	-0.0474275241527	72	0	0	-0.105753611063	89	-0.103145274415	89	-0.0383904603156	68	-0.20105887011	4	-0.0517245455849	6	0	0	-0.0845460536129	-0.0845460536129	-0.0755089897758	-0.136270599198	-0.0845460536129
M05_L_TO_L_ALL28:G808-E0425	M05_L_TO_L_ALL28	ALL28	L	L	G808-E0425	sh	ol	0	f42r	f42r	G808-P0150	f42r.17	17	2	H	A	1	2	EXACT	-0.228344620406	17	0	0	-0.0603199451226	72	-0.719120804494	1	-0.103849555168	89	-0.108791961916	90	-0.0629208222322	68	-0.0161062949859	4	0.0648230680899	6	-0.821587691188	1	-0.288664565528	-1.00778537002	-0.291265442638	-0.223841497438	-1.11025225672
M05_L_TO_L_ALL28:G808-E0428	M05_L_TO_L_ALL28	ALL28	L	L	G808-E0428	sh	ol	0	f42r	f42r	G808-P0150	f42r.23	23	2	H	A	1	1	EXACT	-0.228344620406	17	0	0	-0.0438050413698	72	0	0	-0.0904891835925	89	-0.087880846945	89	-0.0368611016988	68	-0.161853276503	4	-0.155984597414	6	0	0	-0.272149661775	-0.272149661775	-0.265205722104	-0.42813425919	-0.272149661775
M05_L_TO_L_ALL28:G808-E0432	M05_L_TO_L_ALL28	ALL28	L	L	G808-E0432	sh	ol	0	f42v	f42v	G808-P0152	f42v.10	10	4	H	A	1	3	EXACT	-0.159231487036	30	-0.215906567771	2	-0.0888713301938	71	0	0	-0.117209495404	103	-0.114674206794	103	-0.0889949092498	67	-0.0868016956133	4	0.0188649727236	6	-0.720330461554	1	-0.464009385	-0.464009385	-0.464132964056	-0.445144412277	-1.18433984655
M05_L_TO_L_ALL28:G808-E0436	M05_L_TO_L_ALL28	ALL28	L	L	G808-E0436	sh	ol	0	f43r	f43r	G808-P0153	f43r.1	1	7	H	B	2	3	EXACT	-0.144906401495	31	0.244643522755	1	0.0248804530632	72	0.0548985393033	1	-0.0285496689969	104	-0.0258239591904	105	0.0205726465759	68	0.0981119214038	4	0.00573672544685	6	0.190402692375	1	0.124617574323	0.179516113626	0.120309767836	0.13035429977	0.315020266698
M05_L_TO_L_ALL28:G808-E0441	M05_L_TO_L_ALL28	ALL28	L	L	G808-E0441	sh	ol	0	f43r	f43r	G808-P0155	f43r.11	11	3	H	B	2	3	EXACT	0.0629197367763	12	-0.320391117151	2	0.00334230629196	72	0	0	-0.0102808066832	86	-0.00775646806203	86	0.00725721456987	68	-0.063212376377	4	0.012804358948	6	0	0	-0.254129074083	-0.254129074083	-0.250214165805	-0.241324715135	-0.254129074083
M05_L_TO_L_ALL28:G808-E0454	M05_L_TO_L_ALL28	ALL28	L	L	G808-E0454	sh	ol	0	f44r	f44r	G808-P0160	f44r.7	7	3	H	A	1	2	EXACT	-0.264194439468	13	0	0	-0.0772615231885	72	0	0	-0.119166690584	85	-0.116682766815	85	-0.0709114389276	68	-0.185214335825	4	0.105779230967	6	0	0	-0.341455962656	-0.341455962656	-0.335105878396	-0.235676731689	-0.341455962656
M05_L_TO_L_ALL28:G808-E0459	M05_L_TO_L_ALL28	ALL28	L	L	G808-E0459	sh	ol	0	f44v	f44v	G808-P0162	f44v.1	1	7	H	A	1	2	EXACT	-0.155854465403	4	0.193984269014	1	-0.0182546468652	72	0	0	-0.0414652911881	77	-0.0389683584768	77	-0.0257613121164	68	0.109357361205	4	-0.0350685779899	6	0.345003347196	1	0.019875156746	0.019875156746	0.0123684914948	-0.0151934212439	0.364878503942
M05_L_TO_L_ALL28:G808-E0463	M05_L_TO_L_ALL28	ALL28	L	L	G808-E0463	sh	ol	0	f44v	f44v	G808-P0162	f44v.2	2	7	H	A	1	2	EXACT	-0.155854465403	4	0	0	-0.0349106661968	72	0.249708852988	2	-0.0599952785861	76	-0.0511582372624	78	-0.0414254444757	68	0.0758392633447	4	-0.136681039881	6	0.268966528692	2	-0.1907651316	0.0589437213879	-0.197279909879	-0.32744617148	0.0782013970926
M05_L_TO_L_ALL28:G808-E0466	M05_L_TO_L_ALL28	ALL28	L	L	G808-E0466	sh	ol	0	f44v	f44v	G808-P0163	f44v.5	5	2	H	A	1	3	EXACT	-0.411120403059	13	-0.59109603199	1	-0.0258222448846	72	-0.158410353717	2	-0.103800177433	86	-0.10396347363	88	-0.025831080388	68	-0.0256733425265	4	0.028085381935	6	-0.160327868481	2	-1.02803867993	-1.18644903365	-1.02804751544	-0.999953297999	-1.18836654841
M05_L_TO_L_ALL28:G808-E0471	M05_L_TO_L_ALL28	ALL28	L	L	G808-E0471	sh	ol	0	f44v	f44v	G808-P0164	f44v.8	8	4	H	A	1	3	EXACT	-0.391166180518	18	-0.133241536684	1	-0.026228263666	72	0	0	-0.110092853038	91	-0.107595920327	91	-0.0225138953679	68	-0.0893738259339	4	0.0319154723476	6	-0.0750453017326	1	-0.550635980868	-0.550635980868	-0.54692161257	-0.518720508521	-0.625681282601
M05_L_TO_L_ALL28:G808-E0487	M05_L_TO_L_ALL28	ALL28	L	L	G808-E0487	sh	ol	0	f46r	f46r	G808-P0171	f46r.7	7	2	H	B	2	3	EXACT	0.0491500648339	16	0.190194750323	6	0.0168384618403	72	-0.50528220808	1	0.0201853505379	94	0.0165718441962	95	0.0188260567964	68	-0.0169516931843	4	0.00486907311837	6	-0.507354619476	1	0.256183276998	-0.249098931082	0.258170871954	0.261052350116	-0.251171342478
M05_L_TO_L_ALL28:G808-E0491	M05_L_TO_L_ALL28	ALL28	L	L	G808-E0491	sh	ol	0	f46r	f46r	G808-P0172	f46r.9	9	5	H	B	2	3	EXACT	0	0	-0.301883062029	2	-0.00729617689988	72	0	0	-0.0386698987965	74	-0.0360726433181	74	-0.00111407335472	68	-0.112392977937	4	0.00936756241368	6	0	0	-0.309179238929	-0.309179238929	-0.302997135384	-0.299811676516	-0.309179238929
M05_L_TO_L_ALL28:G808-E0492	M05_L_TO_L_ALL28	ALL28	L	L	G808-E0492	sh	eol	1	f46r	f46r	G808-P0172	f46r.10	10	9	H	B	2	3	EXACT	0	0	-0.323899286317	2	-0.0364399129255	72	0	0	-0.0676209993697	74	-0.0650237438913	74	-0.028276918879	68	-0.175211852486	4	0.0380342824672	6	0	0	-0.360339199243	-0.360339199243	-0.352176205196	-0.322304916776	-0.360339199243
M05_L_TO_L_ALL28:G808-E0493	M05_L_TO_L_ALL28	ALL28	L	L	G808-E0493	sh	ol	0	f46r	f46r	G808-P0173	f46r.13	13	3	H	B	2	3	EXACT	-0.001634708505	15	-0.139194591294	2	-0.0542482445815	72	0	0	-0.0603507933465	89	-0.0577535378681	89	-0.0536904131128	68	-0.0637324203188	4	0.0197497241133	6	-0.659126063826	1	-0.19507754438	-0.19507754438	-0.194519712911	-0.175327820267	-0.854203608207
M05_L_TO_L_ALL28:G808-E0503	M05_L_TO_L_ALL28	ALL28	L	L	G808-E0503	sh	eol	1	f46v	f46v	G808-P0175	f46v.10	10	1	H	B	2	2	EXACT	0.00417407789467	29	0.0574431178065	3	0.00787734858921	72	-0.10740251418	1	0.00207152632413	104	0.0029539668238	105	0.00274612002053	68	0.0951070078118	4	0.1100632078	6	-0.0289087292308	2	0.0694945442904	-0.0379079698894	0.0643633157217	0.179557752091	0.0405858150596
M05_L_TO_L_ALL28:G808-E0505	M05_L_TO_L_ALL28	ALL28	L	L	G808-E0505	sh	ol	0	f47r	f47r	G808-P0176	f47r.1	1	4	H	A	1	2	EXACT	-0.142297276016	14	0	0	-0.0299029862488	72	-1.10478608422	1	-0.0611441110476	86	-0.0713870998494	87	-0.03765678688	68	0.101910383315	4	0.0551007993195	6	-0.838958920808	1	-0.172200262265	-1.27698634649	-0.179954062896	-0.117099462945	-1.01115918307
M05_L_TO_L_ALL28:G808-E0511	M05_L_TO_L_ALL28	ALL28	L	L	G808-E0511	sh	ol	0	f47v	f47v	G808-P0178	f47v.3	3	1	H	A	1	2	EXACT	-0.172765838481	18	-0.638946585962	1	-0.06682614828	72	0	0	-0.10486483904	91	-0.102394779977	91	-0.0764525001343	68	0.0968205807027	4	-0.0520794471114	6	0	0	-0.878538572723	-0.878538572723	-0.888164924577	-0.930618019834	-0.878538572723
M05_L_TO_L_ALL28:G808-E0527	M05_L_TO_L_ALL28	ALL28	L	L	G808-E0527	sh	ol	0	f48r	f48r	G808-P0180	f48r.8	8	2	H	B	5	2	EXACT	-0.0563033453993	33	-0.274531526261	1	0.0137183952094	72	0	0	-0.0149315153806	106	-0.012442029005	106	0.0160374797773	68	-0.025707254979	4	-0.0138570924546	6	0	0	-0.31711647645	-0.31711647645	-0.314797391883	-0.330973568905	-0.31711647645
M05_L_TO_L_ALL28:G808-E0540	M05_L_TO_L_ALL28	ALL28	L	L	G808-E0540	sh	ol	0	f49r	f49r	G808-P0183	f49r.1	1	4	H	A	1	3	EXACT	-0.377503080883	8	0	0	-0.0313602641974	72	-0.377515909868	1	-0.0823595362843	80	-0.0842047773015	81	-0.0272001168872	68	-0.102084063176	4	0.00883138830961	6	-0.379241952949	1	-0.40886334508	-0.786379254948	-0.40470319777	-0.400031956771	-0.788105298029
M05_L_TO_L_ALL28:G808-E0546	M05_L_TO_L_ALL28	ALL28	L	L	G808-E0546	sh	ol	0	f49r	f49r	G808-P0185	f49r.21	21	4	H	A	1	2	EXACT	-0.195695216051	27	0	0	-0.0730600655676	72	0.350078472349	1	-0.112750017788	99	-0.106171973139	100	-0.0691168373463	68	-0.140096240035	4	0.0550162011933	6	0.348352429267	1	-0.268755281619	0.0813231907301	-0.264812053397	-0.213739080425	0.0795971476488
M05_L_TO_L_ALL28:G808-E0547	M05_L_TO_L_ALL28	ALL28	L	L	G808-E0547	sh	ol	0	f49v	f49v	G808-P0186	f49v.2	2	2	H	A	1	2	EXACT	-0.239916760519	28	0	0	-0.0650410323002	72	0	0	-0.1196870026	100	-0.117109653681	100	-0.0590627743332	68	-0.166672009339	4	0.0807766131553	6	-0.0655126121187	1	-0.304957792819	-0.304957792819	-0.298979534852	-0.224181179664	-0.370470404938
M05_L_TO_L_ALL28:G808-E0548	M05_L_TO_L_ALL28	ALL28	L	L	G808-E0548	sh	ol	0	f49v	f49v	G808-P0186	f49v.10	10	1	H	A	1	1	EXACT	-0.239916760519	28	0	0	-0.0225510748715	72	0	0	-0.089094233251	100	-0.0865168843322	100	-0.0284493085431	68	0.0777183059449	4	-0.0288440516176	6	0	0	-0.26246783539	-0.26246783539	-0.268366069062	-0.291311887008	-0.26246783539
M05_L_TO_L_ALL28:G808-E0554	M05_L_TO_L_ALL28	ALL28	L	L	G808-E0554	sh	ol	0	f49v	f49v	G808-P0187	f49v.28	28	2	H	A	1	2	EXACT	-0.431221063038	8	0	0	-0.0303870843837	72	0	0	-0.0863300024501	80	-0.0837526535312	80	-0.0313859313522	68	-0.0134072775179	4	-0.0791087576962	6	0	0	-0.461608147422	-0.461608147422	-0.46260699439	-0.540716905118	-0.461608147422
M05_L_TO_L_ALL28:G808-E0574	M05_L_TO_L_ALL28	ALL28	L	L	G808-E0574	sh	ol	0	f51r	f51r	G808-P0191	f51r.10	10	6	H	A	1	2	EXACT	-0.107999889735	36	0.139143415996	1	-0.0333032787175	72	0	0	-0.0594360926636	109	-0.0568570543647	109	-0.0401835373417	68	0.0836598091196	4	-0.0132938738619	6	0	0	-0.00215975245589	-0.00215975245589	-0.00904001108012	-0.0154536263178	-0.00215975245589
M05_L_TO_L_ALL28:G808-E0594	M05_L_TO_L_ALL28	ALL28	L	L	G808-E0594	sh	eol	1	f52v	f52v	G808-P0194	f52v.3	3	7	H	A	1	2	EXACT	-0.280438013781	19	-0.609869959375	1	-0.00367006196675	72	0	0	-0.0774554582897	92	-0.0749250958633	92	0.00232358943891	68	-0.105563401422	4	-0.169075471511	6	0	0	-0.893978035123	-0.893978035123	-0.887984383717	-1.06305350663	-0.893978035123
M05_L_TO_L_ALL28:G808-E0605	M05_L_TO_L_ALL28	ALL28	L	L	G808-E0605	sh	ol	0	f53v	f53v	G808-P0197	f53v.2	2	5	H	A	1	3	EXACT	-0.205910516919	30	-0.0198329086022	2	-0.00462659489415	72	-0.41209070065	1	-0.0686051656495	104	-0.0699470562161	105	-0.0110060272965	68	0.103822461387	4	0.0721099300738	6	-0.413807611032	1	-0.230370020415	-0.642460721065	-0.236749452818	-0.158260090341	-0.644177631447
M05_L_TO_L_ALL28:G808-E0627	M05_L_TO_L_ALL28	ALL28	L	L	G808-E0627	sh	ol	0	f56r	f56r	G808-P0204	f56r.9	9	3	H	A	1	1	EXACT	-0.246844658735	31	0	0	-0.0446131772435	72	0	0	-0.1101780017	103	-0.10763120453	103	-0.0341560530603	68	-0.222385522955	4	0.000361752003531	6	0	0	-0.291457835978	-0.291457835978	-0.281000711795	-0.291096083975	-0.291457835978
M05_L_TO_L_ALL28:G808-E0631	M05_L_TO_L_ALL28	ALL28	L	L	G808-E0631	sh	ol	0	f56v	f56v	G808-P0205	f56v.1	1	2	H	A	1	2	EXACT	-0.121603955642	17	0	0	-0.0180990121067	72	-0.153784380799	1	-0.0489134686562	89	-0.0482532808719	90	-0.017813148661	68	-0.0229599634983	4	0.044650438994	6	-0.167230306752	1	-0.139702967748	-0.293487348547	-0.139417104303	-0.0950525287543	-0.3069332745
M05_L_TO_L_ALL28:G808-E0632	M05_L_TO_L_ALL28	ALL28	L	L	G808-E0632	sh	ol	0	f56v	f56v	G808-P0206	f56v.7	7	3	H	A	1	1	EXACT	-0.234777693538	25	0	0	-0.0569309810626	72	0	0	-0.109898612761	97	-0.107377125601	97	-0.0471479618874	68	-0.223243579855	4	-0.0593388892699	6	0	0	-0.291708674601	-0.291708674601	-0.281925655425	-0.35104756387	-0.291708674601
M05_L_TO_L_ALL28:G808-E0636	M05_L_TO_L_ALL28	ALL28	L	L	G808-E0636	sh	ol	0	f56v	f56v	G808-P0206	f56v.13	13	5	H	A	1	2	EXACT	-0.234777693538	25	0.116583895117	1	-0.057757306217	72	-0.592950086275	2	-0.108484377991	98	-0.116905125629	100	-0.066568140168	68	0.0920255981366	4	-0.0613373885258	6	-0.495388218628	2	-0.175951104638	-0.768901190912	-0.184761938589	-0.237288493163	-0.671339323266
M05_L_TO_L_ALL28:G808-E0642	M05_L_TO_L_ALL28	ALL28	L	L	G808-E0642	sh	ol	0	f58r	f58r	G808-P0208	f58r.18	18	2	S	A	3	3	EXACT	0.0200556417899	31	0.3742777309	2	0.0333424925011	71	0	0	0.0312097608158	104	0.0337352447071	104	0.0364723548474	67	-0.0190831245313	4	0.0200693227171	6	0	0	0.427675865191	0.427675865191	0.430805727537	0.447745187908	0.427675865191
M05_L_TO_L_ALL28:G808-E0647	M05_L_TO_L_ALL28	ALL28	L	L	G808-E0647	sh	eol	1	f58r	f58r	G808-P0209	f58r.39	39	5	S	A	3	3	EXACT	-0.004217176187	56	0	0	0.0450176232463	71	0	0	0.0272153748672	127	0.0297408587584	127	0.0549056348763	67	-0.120606994288	4	0.0173267652535	6	0	0	0.0408004470593	0.0408004470593	0.0506884586893	0.0581272123129	0.0408004470593
M05_L_TO_L_ALL28:G808-E0657	M05_L_TO_L_ALL28	ALL28	L	L	G808-E0657	sh	ol	0	f58v	f58v	G808-P0212	f58v.31	31	7	S	A	3	3	EXACT	0.064131644831	24	-0.611169855938	1	0.0332842910248	71	0.230666106413	3	0.0265476387585	96	0.0333407128253	99	0.0289003253737	67	0.106715381673	4	0.0329512282117	6	0.0922653166424	4	-0.513753920082	-0.283087813669	-0.518137885733	-0.48080269187	-0.42148860344
M05_L_TO_L_ALL28:G808-E0670	M05_L_TO_L_ALL28	ALL28	L	L	G808-E0670	sh	eol	1	f66r	f66r	G808-P0216	f66r.64	64	2	T	B	5	3	EXACT	0.205338415732	3	0.424576929875	2	0.00840788821726	71	0	0	0.00953492219421	76	0.0121536033507	76	0.00886512527295	67	0.000748241754332	4	0.0369483387238	6	0	0	0.638323233825	0.638323233825	0.63878047088	0.675271572548	0.638323233825
M05_L_TO_L_ALL28:G808-E0679	M05_L_TO_L_ALL28	ALL28	L	L	G808-E0679	sh	eol	1	f66r	f66r	G808-P0218	f66r.76	76	2	T	B	5	2	EXACT	0.138071517243	30	0	0	0.0152796404077	71	0.272652687376	1	0.047407086205	101	0.0515974011554	102	0.0161471313255	67	0.000748241754332	4	0.0283021082978	6	0.467992298255	1	0.153351157651	0.426003845027	0.154218648569	0.181653265949	0.621343455906
M05_L_TO_L_ALL28:G808-E0682	M05_L_TO_L_ALL28	ALL28	L	L	G808-E0682	sh	eol	1	f66r	f66r	G808-P0218	f66r.79	79	1	T	B	5	2	EXACT	0.138071517243	30	0	0	0.0121620381864	71	1.08496140421	1	0.0452155044455	101	0.0573911164409	102	0.00617761099222	67	0.112400267908	4	0.0104896009271	6	1.09011915317	1	0.15023355543	1.23519495964	0.144249128236	0.160723156357	1.2403527086
M05_L_TO_L_ALL28:G808-E0048	M05_L_TO_L_ALL28	ALL28	L	L	G808-E0048	sh	ol	0	f6r	f6r	G808-P0018	f6r.1	1	3	H	A	1	3	EXACT	-0.277815057028	41	-0.363296091863	1	0.00452418808087	71	0	0	-0.102243852523	113	-0.0996956563839	113	0.0087524329427	67	-0.0662993522014	4	0.0353105274693	6	1.20333023339	1	-0.63658696081	-0.63658696081	-0.632358715948	-0.601276433341	0.566743272578
M05_L_TO_L_ALL28:G808-E0052	M05_L_TO_L_ALL28	ALL28	L	L	G808-E0052	sh	ol	0	f6r	f6r	G808-P0018	f6r.12	12	2	H	A	1	2	EXACT	-0.277815057028	41	-0.0982526543973	1	-0.0273741675309	71	0.116435310198	2	-0.11994066501	113	-0.114378121353	115	-0.0283522068048	67	-0.010992448539	4	-0.0516668698213	6	0.0902557898093	2	-0.403441878956	-0.287006568758	-0.40441991823	-0.455108748777	-0.313186089146
M05_L_TO_L_ALL28:G808-E0706	M05_L_TO_L_ALL28	ALL28	L	L	G808-E0706	sh	eol	1	f75r	f75r	G808-P0222	f75r.26	26	3	B	B	2	3	EXACT	0.228300287869	77	0.245504447276	1	0.00130699060187	72	0.125453937069	3	0.12776199502	150	0.129027182272	153	0.0129407257392	68	-0.196467761807	4	0.0512245709192	6	0.0536050921366	3	0.475111725746	0.600565662815	0.486745460884	0.526336296665	0.528716817883
M05_L_TO_L_ALL28:G808-E0743	M05_L_TO_L_ALL28	ALL28	L	L	G808-E0743	sh	ol	0	f76r	f76r	G808-P0231	f76r.3	3	9	T	B	2	3	EXACT	0.208068009521	88	-0.194544700649	2	0.00458918429117	70	-0.129720419703	1	0.124091413273	160	0.124638067992	161	-0.000933429594673	66	0.0957129180224	4	-0.0727319634047	6	-0.0954836657088	1	0.0181124931634	-0.11160792654	0.0125898792775	-0.0546194702414	-0.0773711725454
M05_L_TO_L_ALL28:G808-E0776	M05_L_TO_L_ALL28	ALL28	L	L	G808-E0776	sh	ol	0	f76r	f76r	G808-P0233	f76r.49	49	4	T	B	2	3	EXACT	0.063095438379	13	0.0240988845686	3	0.0172533519921	72	4.02438876428e-05	1	0.0102111282161	88	0.011907746058	89	0.0235684399038	68	-0.0901043725762	4	-0.0308768411641	6	-0.00175061037467	1	0.10444767494	0.104487918827	0.110762762851	0.0735708337756	0.102697064565
M05_L_TO_L_ALL28:G808-E0832	M05_L_TO_L_ALL28	ALL28	L	L	G808-E0832	sh	ol	0	f77r	f77r	G808-P0241	f77r.13	13	4	B	B	2	2	EXACT	0.270414752944	45	-0.000822937734656	1	0.0188179596983	72	0	0	0.114853907699	118	0.117334464469	118	0.0253582403618	68	-0.0923680836794	4	0.0232675687282	6	0	0	0.288409774907	0.288409774907	0.294950055571	0.311677343635	0.288409774907
M05_L_TO_L_ALL28:G808-E0872	M05_L_TO_L_ALL28	ALL28	L	L	G808-E0872	sh	eol	1	f77v	f77v	G808-P0245	f77v.18	18	2	B	B	2	2	EXACT	0.298068219067	22	-0.39019366706	2	0.00166941016375	72	0.434415818026	1	0.0526574879776	96	0.0584377062994	97	0.00290009374805	68	-0.0192527395247	4	0.0661765186575	6	0.432522961516	1	-0.0904560378295	0.343959780196	-0.0892253542452	-0.024279519172	0.342066923687
M05_L_TO_L_ALL28:G808-E0885	M05_L_TO_L_ALL28	ALL28	L	L	G808-E0885	sh	eol	1	f77v	f77v	G808-P0246	f77v.35	35	5	B	B	2	3	EXACT	0.19537175428	30	-0.0184280353092	2	0.0390883735949	72	0.153325404278	2	0.077699800463	104	0.0804491465899	106	0.0351839689901	68	0.105462723121	4	0.109279593864	6	0.138308314274	2	0.216032092566	0.369357496845	0.212127687961	0.325311686431	0.35434040684
M05_L_TO_L_ALL28:G808-E0960	M05_L_TO_L_ALL28	ALL28	L	L	G808-E0960	sh	ol	0	f78v	f78v	G808-P0250	f78v.30	30	2	B	B	2	3	EXACT	0.17325660593	25	0.120127299604	4	0.00696554660719	72	0	0	0.0447844615819	101	0.0473556615116	101	0.00827176693811	68	-0.0152414254636	4	-0.0954162342409	6	0	0	0.300349452141	0.300349452141	0.301655672472	0.204933217901	0.300349452141
M05_L_TO_L_ALL28:G808-E0961	M05_L_TO_L_ALL28	ALL28	L	L	G808-E0961	sh	eol	1	f78v	f78v	G808-P0250	f78v.32	32	3	B	B	2	2	EXACT	0.17325660593	25	0	0	0.00798525081183	72	-0.222727731266	2	0.0436071276281	97	0.0395118946998	99	0.0194872186296	68	-0.187549428535	4	-0.0715335656702	6	-0.215206125524	2	0.181241856742	-0.0414858745246	0.192743824559	0.109708291071	-0.0339642687826
M05_L_TO_L_ALL28:G808-E0963	M05_L_TO_L_ALL28	ALL28	L	L	G808-E0963	sh	ol	0	f79r	f79r	G808-P0251	f79r.6	6	1	B	B	2	3	EXACT	0.289651828321	21	0.380271409932	1	0.0324232035752	72	-0.227026365972	1	0.0832390957275	94	0.0818621784736	95	0.0298585312536	68	0.0760213068545	4	0.0832445560115	6	-0.186768787876	1	0.702346441828	0.475320075856	0.699781769507	0.78559099784	0.515577653952
M05_L_TO_L_ALL28:G808-E0969	M05_L_TO_L_ALL28	ALL28	L	L	G808-E0969	sh	eol	1	f79r	f79r	G808-P0253	f79r.15	15	10	B	B	2	3	EXACT	0.181375464007	39	0	0	0.0316022428898	72	0.323994226402	1	0.0823698883706	111	0.0865175766275	112	0.040036885252	68	-0.111788003457	4	0.00788715406015	6	0.184016151863	2	0.212977706896	0.536971933298	0.221412349259	0.220864860957	0.396993858759
M05_L_TO_L_ALL28:G808-E0975	M05_L_TO_L_ALL28	ALL28	L	L	G808-E0975	sh	ol	0	f79r	f79r	G808-P0255	f79r.26	26	7	B	B	2	2	EXACT	0.0857939374807	24	0	0	0.000534529622759	72	0	0	0.0133186937578	96	0.0158750716497	96	0.0071416594399	68	-0.111788003457	4	-0.00915589250469	6	0.0340262589479	1	0.0863284671034	0.0863284671034	0.0929355969206	0.0771725745987	0.120354726051
M05_L_TO_L_ALL28:G808-E0977	M05_L_TO_L_ALL28	ALL28	L	L	G808-E0977	sh	eol	1	f79r	f79r	G808-P0256	f79r.31	31	3	B	B	2	3	EXACT	0.181721357661	11	0.390319593149	2	0.0258674040392	72	0	0	0.0379881892856	85	0.0405445671775	85	0.0383175395517	68	-0.185786225862	4	0.055646418676	6	0	0	0.597908354849	0.597908354849	0.610358490362	0.653554773525	0.597908354849
M05_L_TO_L_ALL28:G808-E0984	M05_L_TO_L_ALL28	ALL28	L	L	G808-E0984	sh	eol	1	f79r	f79r	G808-P0257	f79r.38	38	3	B	B	2	2	EXACT	0.0836343893228	5	0	0	0.0306253333993	72	0.259767895554	1	0.0133478499773	77	0.0182506697721	78	0.0321254285534	68	0.00512238959122	4	-0.062307082537	6	0.260446487369	1	0.114259722722	0.374027618277	0.115759817876	0.0519526401852	0.374706210092
M05_L_TO_L_ALL28:G808-E0064	M05_L_TO_L_ALL28	ALL28	L	L	G808-E0064	sh	ol	0	f7r	f7r	G808-P0022	f7r.7	7	7	H	A	1	2	EXACT	-0.178907855556	15	0	0	-0.037846445401	72	-0.0637601041686	1	-0.0744939322482	87	-0.0725566814774	88	-0.0330743431404	68	-0.118973439827	4	-0.110588412479	6	-0.0656005542786	1	-0.216754300957	-0.280514405126	-0.211982198697	-0.327342713437	-0.282354855236
M05_L_TO_L_ALL28:G808-E0065	M05_L_TO_L_ALL28	ALL28	L	L	G808-E0065	sh	ol	0	f7r	f7r	G808-P0022	f7r.8	8	5	H	A	1	3	EXACT	-0.178907855556	15	-0.145709065107	1	-0.00608221803943	72	-0.267492609784	1	-0.0496374999848	88	-0.0502620437083	89	-0.0125484007897	68	0.103841632718	4	-0.0683881188853	6	-0.269333059894	1	-0.330699138702	-0.598191748487	-0.337165321453	-0.399087257588	-0.600032198597
M05_L_TO_L_ALL28:G808-E0068	M05_L_TO_L_ALL28	ALL28	L	L	G808-E0068	sh	ol	0	f7v	f7v	G808-P0023	f7v.4	4	7	H	A	1	3	EXACT	-0.196422129625	20	-0.128598455033	1	-0.0449791310433	71	0.0348829366123	1	-0.0885451311017	92	-0.085383061459	93	-0.0520193617189	67	0.0729444198164	4	0.0341601031902	6	0.0329176548328	1	-0.369999715702	-0.335116779089	-0.377039946377	-0.335839612512	-0.337082060869
M05_L_TO_L_ALL28:G808-E1008	M05_L_TO_L_ALL28	ALL28	L	L	G808-E1008	sh	eol	1	f80r	f80r	G808-P0266	f80r.18	18	2	B	B	2	3	EXACT	0.100041400034	72	0.0778912614642	3	0.0341719297131	72	0.520888345263	1	0.0702559152089	147	0.0741257863715	148	0.0360739760733	68	0.00185043684261	4	0.0196840665367	6	0.523826586453	1	0.212104591212	0.732992936474	0.214006637572	0.231788657748	0.735931177665
M05_L_TO_L_ALL28:G808-E1125	M05_L_TO_L_ALL28	ALL28	L	L	G808-E1125	sh	ol	0	f82v	f82v	G808-P0286	f82v.5	5	5	B	B	2	3	EXACT	0.141820900754	11	-0.300880663824	1	0.0272588517851	72	-0.0881289412865	1	0.0236068476781	84	0.0241040520704	85	0.035191780352	68	-0.107602215139	4	-0.109545596552	6	-0.0904993702961	1	-0.131800911285	-0.219929852571	-0.123867982718	-0.241346507836	-0.222300281581
M05_L_TO_L_ALL28:G808-E1130	M05_L_TO_L_ALL28	ALL28	L	L	G808-E1130	sh	eol	1	f82v	f82v	G808-P0286	f82v.8	8	2	B	B	2	2	EXACT	0.141820900754	11	0	0	-0.00185479154769	72	0	0	0.00259970360284	83	0.00515825951685	83	-0.00100624560543	68	-0.0162813538535	4	0.0489468185202	6	0	0	0.139966109207	0.139966109207	0.140814655149	0.188912927727	0.139966109207
M05_L_TO_L_ALL28:G808-E1135	M05_L_TO_L_ALL28	ALL28	L	L	G808-E1135	sh	ol	0	f82v	f82v	G808-P0287	f82v.12	12	2	B	B	2	3	EXACT	0.21738609225	12	-0.145481125621	4	0.0250187749711	72	-0.406279517924	2	0.0288816824016	88	0.0203593429667	90	0.0274481189439	68	-0.0162813538535	4	0.00319667160514	6	-0.282810964424	3	0.0969237415999	-0.309355776324	0.0993530855726	0.100120413205	-0.185887222824
M05_L_TO_L_ALL28:G808-E1145	M05_L_TO_L_ALL28	ALL28	L	L	G808-E1145	sh	eol	1	f82v	f82v	G808-P0289	f82v.25	25	2	B	B	2	3	EXACT	0.274935983272	19	-0.558907384942	1	-0.0135742049341	72	-0.0683661551226	1	0.029803029509	92	0.0306234319283	93	-0.0134150362498	68	-0.0162813538535	4	-0.0568878353936	6	-0.0707365841322	1	-0.297545606604	-0.365911761727	-0.29738643792	-0.354433441998	-0.368282190737
M05_L_TO_L_ALL28:G808-E1154	M05_L_TO_L_ALL28	ALL28	L	L	G808-E1154	sh	ol	0	f83r	f83r	G808-P0292	f83r.2	2	4	B	B	2	3	EXACT	0.217524316696	15	0.305372051896	3	0.00157770797608	72	0.15097794271	2	0.0348227004329	90	0.0385083035457	92	0.00677071875362	68	-0.0867047195813	4	-0.00987986364093	6	0.12074664328	3	0.524474076568	0.675452019279	0.529667087346	0.514594212927	0.645220719849
M05_L_TO_L_ALL28:G808-E1193	M05_L_TO_L_ALL28	ALL28	L	L	G808-E1193	sh	eol	1	f83r	f83r	G808-P0296	f83r.43	43	2	B	B	2	1	EXACT	0.0842625992072	35	0	0	0.0163449897757	72	0.270020271787	1	0.0354341621988	107	0.0395395323694	108	0.0178594163738	68	-0.00940150673239	4	0.0189678521995	6	0.467953352249	1	0.100607588983	0.37062786077	0.102122015581	0.119575441182	0.568560941232
M05_L_TO_L_ALL28:G808-E1208	M05_L_TO_L_ALL28	ALL28	L	L	G808-E1208	sh	eol	1	f83v	f83v	G808-P0300	f83v.17	17	4	B	B	2	3	EXACT	0.216247346208	36	0.238988881029	1	0.0354337313525	72	0.434135876626	1	0.0940166547429	109	0.0990286837924	110	0.042839967279	68	-0.0904733312616	4	0.0737829101815	6	0.432366659268	1	0.49066995859	0.924805835216	0.498076194517	0.564452868772	0.923036617858
M05_L_TO_L_ALL28:G808-E1211	M05_L_TO_L_ALL28	ALL28	L	L	G808-E1211	sh	eol	1	f83v	f83v	G808-P0301	f83v.23	23	4	B	B	2	2	EXACT	0.275267741403	18	0.31956955713	1	0.0185361365792	72	-0.0634611447874	3	0.0617336689199	91	0.0582537612913	94	0.0243248820212	68	-0.0798735877979	4	-0.0635086934491	6	-0.0652303621453	3	0.613373435112	0.549912290324	0.619162180554	0.549864741663	0.548143072966
M05_L_TO_L_ALL28:G808-E1216	M05_L_TO_L_ALL28	ALL28	L	L	G808-E1216	sh	ol	0	f83v	f83v	G808-P0301	f83v.28	28	2	B	B	2	2	EXACT	0.275267741403	18	-0.0342475157387	1	0.0227439873331	72	0.0610231824944	3	0.0611748577266	91	0.06168568856	94	0.0250911646742	68	-0.0171590793293	4	0.0677486540053	6	0.0592539651365	3	0.263764212997	0.324787395492	0.266111390338	0.331512867003	0.323018178134
M05_L_TO_L_ALL28:G808-E1271	M05_L_TO_L_ALL28	ALL28	L	L	G808-E1271	sh	eol	1	f86v5	f86v	G808-P0324	f86v5.23	23	6	T	B	2	3	EXACT	0.0377219875453	37	0.0348966171369	5	0.0419408828124	72	-0.0152511465443	1	0.0361922142379	114	0.0377273526431	115	0.0511007529587	68	-0.11377874214	4	-0.0343842931163	6	-0.0167240914325	1	0.114559487495	0.0993083409503	0.123719357641	0.0801751943783	0.0978353960621
M05_L_TO_L_ALL28:G808-E1287	M05_L_TO_L_ALL28	ALL28	L	L	G808-E1287	sh	eol	1	f86v6	f86v	G808-P0326	f86v6.6	6	2	T	B	2	3	EXACT	0.0300232778419	52	0.108269840584	3	0.034492661378	71	0.0653357274599	2	0.0366283358156	126	0.0386184749349	128	0.0387956230414	67	-0.0375824556994	4	-0.0249360477447	6	0.146892639846	2	0.172785779804	0.238121507264	0.177088741467	0.147849732059	0.31967841965
M05_L_TO_L_ALL28:G808-E1292	M05_L_TO_L_ALL28	ALL28	L	L	G808-E1292	sh	eol	1	f86v6	f86v	G808-P0326	f86v6.10	10	4	T	B	2	3	EXACT	0.0300232778419	52	-0.156176676946	2	0.0211893356159	72	0	0	0.0242502308931	126	0.026785971391	126	0.0271339152903	68	-0.0798703513148	4	-0.0141324107338	6	0	0	-0.104964063488	-0.104964063488	-0.099019483814	-0.119096474222	-0.104964063488
M05_L_TO_L_ALL28:G808-E1294	M05_L_TO_L_ALL28	ALL28	L	L	G808-E1294	sh	ol	0	f86v6	f86v	G808-P0327	f86v6.15	15	1	T	B	2	3	EXACT	-0.0481351786916	34	0.270021685607	5	0.0656960420353	72	0	0	0.0346612121733	111	0.0371969526712	111	0.0638742030863	68	0.0966654717035	4	0.0398727588544	6	0	0	0.287582548951	0.287582548951	0.285760710002	0.327455307805	0.287582548951
M05_L_TO_L_ALL28:G808-E1306	M05_L_TO_L_ALL28	ALL28	L	L	G808-E1306	sh	ol	0	f86v6	f86v	G808-P0328	f86v6.29	29	3	T	B	2	3	EXACT	-0.0600817186332	47	0.121136165357	2	0.0438595219617	72	-0.0378646839989	1	0.00526458841195	121	0.00692528667801	122	0.0506982229398	68	-0.072400227132	4	0.00736410514989	6	-0.0489623422614	1	0.104913968685	0.067049284686	0.111752669663	0.112278073835	0.0559516264236
M05_L_TO_L_ALL28:G808-E1317	M05_L_TO_L_ALL28	ALL28	L	L	G808-E1317	sh	ol	0	f87r	f87r	G808-P0331	f87r.11	11	5	H	A	1	2	EXACT	0.0569685890392	11	0	0	-0.0227418141048	72	0	0	-0.0354765652137	83	-0.0338885731013	83	-0.0247186300126	68	0.0108765587235	4	-0.130683513756	6	0	0	0.0342267749344	0.0342267749344	0.0322499590266	-0.0964567388212	0.0342267749344
M05_L_TO_L_ALL28:G808-E1319	M05_L_TO_L_ALL28	ALL28	L	L	G808-E1319	sh	ol	0	f87r	f87r	G808-P0331	f87r.14	14	2	H	A	1	2	EXACT	0.0569685890392	11	0	0	-0.0451774709663	72	0.271080579829	1	-0.0549388217682	83	-0.0499303364984	84	-0.0479973812231	68	0.00277350579461	4	-0.0609593546174	6	0.468987478763	1	0.0117911180729	0.282871697902	0.00897120781612	-0.0491682365445	0.480778596836
M05_L_TO_L_ALL28:G808-E1324	M05_L_TO_L_ALL28	ALL28	L	L	G808-E1324	sh	eol	1	f87v	f87v	G808-P0332	f87v.8	8	6	H	A	1	2	EXACT	0.050232688661	24	-0.183210311231	1	-0.0768781912444	72	0	0	-0.0547080729107	97	-0.0521901968902	97	-0.0718004702483	68	-0.163200674622	4	0.0359959574698	6	0	0	-0.209855813815	-0.209855813815	-0.204778092819	-0.173859856345	-0.209855813815
M05_L_TO_L_ALL28:G808-E1357	M05_L_TO_L_ALL28	ALL28	L	L	G808-E1357	sh	eol	1	f88v	f88v	G808-P0339	f88v.23	23	4	P	A	1	3	EXACT	-0.00383392229667	17	-0.0882042646012	1	-0.0195378651414	72	-1.10280437327	1	-0.0288752645862	90	-0.0388382500993	91	-0.0153107088064	68	-0.0914007492816	4	-0.0129288596652	6	-0.392349888833	2	-0.111576052039	-1.21438042531	-0.107348895704	-0.124504911704	-0.503925940873
M05_L_TO_L_ALL28:G808-E1364	M05_L_TO_L_ALL28	ALL28	L	L	G808-E1364	sh	eol	1	f89r1	f89r	G808-P0341	f89r1.15	15	3	P	A	1	2	EXACT	-0.0104955121612	15	-0.41159782602	1	-0.00642378842096	72	0.00913047850495	1	-0.0245968996295	88	-0.0224304094943	89	0.00457637077416	68	-0.193427751697	4	-0.00962712421097	6	0.0927790236904	1	-0.428517126603	-0.419386648098	-0.417516967408	-0.438144250814	-0.335738102912
M05_L_TO_L_ALL28:G808-E1379	M05_L_TO_L_ALL28	ALL28	L	L	G808-E1379	sh	ol	0	f89v1	f89v	G808-P0344	f89v1.17	17	2	P	A	1	2	EXACT	-0.044836200509	34	0	0	-0.00155550282444	72	0	0	-0.0190466075751	106	-0.0165784630924	106	-0.000709041346094	68	-0.0159466739858	4	0.0077650340749	6	0	0	-0.0463917033335	-0.0463917033335	-0.0455452418551	-0.0386266692586	-0.0463917033335
M05_L_TO_L_ALL28:G808-E0070	M05_L_TO_L_ALL28	ALL28	L	L	G808-E0070	sh	ol	0	f8r	f8r	G808-P0026	f8r.11	11	1	H	A	1	3	EXACT	0.0368756404017	10	-0.256799657268	1	-0.0411401062263	72	-0.705713032294	1	-0.0499975644978	83	-0.0561798829589	84	-0.0493050761216	68	0.0976641499563	4	0.0552549727244	6	-0.81139804269	1	-0.261064123093	-0.966777155387	-0.269229092988	-0.205809150369	-1.07246216578
M05_L_TO_L_ALL28:G808-E0071	M05_L_TO_L_ALL28	ALL28	L	L	G808-E0071	sh	ol	0	f8r	f8r	G808-P0027	f8r.14	14	3	H	A	1	3	EXACT	-0.244752588677	25	0.164302027229	1	-0.0288885446191	71	0	0	-0.0899795891787	97	-0.0876699988962	97	-0.0273087984206	67	-0.0553493587811	4	0.0395543393166	6	0	0	-0.109339106067	-0.109339106067	-0.107759359868	-0.06978476675	-0.109339106067
M05_L_TO_L_ALL28:G808-E0076	M05_L_TO_L_ALL28	ALL28	L	L	G808-E0076	sh	ol	0	f8v	f8v	G808-P0028	f8v.1	1	4	H	A	1	2	EXACT	-0.259125097436	19	0.265101809031	1	-0.049805788649	72	0	0	-0.100169526849	92	-0.0975628529344	92	-0.0474410440179	68	-0.090007717965	4	0.0635048848883	6	0	0	-0.0438290770543	-0.0438290770543	-0.0414643324232	0.019675807834	-0.0438290770543
M05_L_TO_L_ALL28:G808-E0079	M05_L_TO_L_ALL28	ALL28	L	L	G808-E0079	sh	ol	0	f8v	f8v	G808-P0028	f8v.3	3	6	H	A	1	3	EXACT	-0.259125097436	19	0	0	-0.00864246831456	72	0.181334026145	2	-0.0712401137699	91	-0.0645871584938	93	-0.0153249035251	68	0.104957659676	4	0.0516826947005	6	0.179455120117	2	-0.26776756575	-0.0864335396055	-0.274450000961	-0.21608487105	-0.0883124456329
M05_L_TO_L_ALL28:G808-E0081	M05_L_TO_L_ALL28	ALL28	L	L	G808-E0081	sh	ol	0	f8v	f8v	G808-P0028	f8v.4	4	2	H	A	1	2	EXACT	-0.259125097436	19	-0.406068488519	1	-0.021011568493	72	0	0	-0.0849302490916	92	-0.082323575177	92	-0.0214720117519	68	-0.0131853036798	4	-0.00702232466127	6	0	0	-0.686205154448	-0.686205154448	-0.686665597707	-0.693227479109	-0.686205154448
M05_L_TO_L_ALL28:G808-E0084	M05_L_TO_L_ALL28	ALL28	L	L	G808-E0084	sh	ol	0	f8v	f8v	G808-P0028	f8v.9	9	1	H	A	1	2	EXACT	-0.259125097436	19	-0.173708241353	1	-0.02490239157	72	0	0	-0.0854495862044	92	-0.0828429122898	92	-0.032008912549	68	0.0959071944847	4	0.0426235557278	6	0	0	-0.457735730359	-0.457735730359	-0.464842251338	-0.415112174631	-0.457735730359
M05_L_TO_L_ALL28:G808-E0087	M05_L_TO_L_ALL28	ALL28	L	L	G808-E0087	sh	ol	0	f8v	f8v	G808-P0029	f8v.14	14	4	H	A	1	2	EXACT	-0.0187011462004	23	-0.0287833262793	1	-0.0290432638927	72	0	0	-0.0350519347849	96	-0.0324452608704	96	-0.025457194276	68	-0.090007717965	4	-0.111580559019	6	0	0	-0.0765277363724	-0.0765277363724	-0.0729416667557	-0.188108295391	-0.0765277363724
M05_L_TO_L_ALL28:G808-E1388	M05_L_TO_L_ALL28	ALL28	L	L	G808-E1388	sh	eol	1	f90r1	f90r	G808-P0345	f90r1.8	8	2	H	A	1	3	EXACT	-0.0961838962828	26	-0.579345975698	1	-0.0404517946934	71	0	0	-0.0676614192827	98	-0.0651227255722	98	-0.0418756680971	67	-0.0166020584245	4	-0.0555124445958	6	0	0	-0.715981666674	-0.715981666674	-0.717405540078	-0.77149411127	-0.715981666674
M05_L_TO_L_ALL28:G808-E1393	M05_L_TO_L_ALL28	ALL28	L	L	G808-E1393	sh	ol	0	f93r	f93r	G808-P0346	f93r.7	7	2	H	A	1	2	EXACT	-0.042554640856	48	0.198149958503	1	-0.029739948273	72	-0.379905422135	1	-0.0318552955105	121	-0.0326795522686	122	-0.030881871227	68	-0.0103285125194	4	0.0855801171908	6	-0.38221268778	1	0.125855369374	-0.254050052761	0.12471344642	0.211435486565	-0.256357318406
M05_L_TO_L_ALL28:G808-E1400	M05_L_TO_L_ALL28	ALL28	L	L	G808-E1400	sh	ol	0	f93r	f93r	G808-P0346	f93r.19	19	2	H	A	1	2	EXACT	-0.042554640856	48	0	0	-0.0388697662623	72	0	0	-0.0390069525846	120	-0.0364642427493	120	-0.0305541285678	68	-0.180236861534	4	0.126747619381	6	0	0	-0.0814244071184	-0.0814244071184	-0.0731087694238	0.0453232122626	-0.0814244071184
M05_L_TO_L_ALL28:G808-E1402	M05_L_TO_L_ALL28	ALL28	L	L	G808-E1402	sh	ol	0	f93r	f93r	G808-P0346	f93r.21	21	2	H	A	1	1	EXACT	-0.042554640856	48	0	0	-0.0371363451767	72	-1.10215154475	1	-0.0379668999332	120	-0.0447374499541	121	-0.0287187415359	68	-0.180236861534	4	-0.161692304858	6	-0.839096712321	1	-0.0796909860327	-1.18184253079	-0.0712733823919	-0.24138329089	-0.918787698354
M05_L_TO_L_ALL28:G808-E1408	M05_L_TO_L_ALL28	ALL28	L	L	G808-E1408	sh	ol	0	f93v	f93v	G808-P0347	f93v.4	4	2	H	A	1	2	EXACT	-0.0577825654385	31	-0.0497371381207	1	-0.0458577413251	71	0	0	-0.0543967356071	103	-0.0518454019623	103	-0.0475520286964	67	-0.0174802991775	4	0.0772660871779	6	0	0	-0.153377444884	-0.153377444884	-0.155071732256	-0.0761113577064	-0.153377444884
M05_L_TO_L_ALL28:G808-E1413	M05_L_TO_L_ALL28	ALL28	L	L	G808-E1413	sh	eol	1	f93v	f93v	G808-P0347	f93v.8	8	4	H	A	1	3	EXACT	-0.0577825654385	31	-0.24453881456	1	-0.0248025458004	71	0	0	-0.0417742384632	103	-0.0392229048185	103	-0.0212080866662	67	-0.0850116076198	4	-0.0569082433941	6	0	0	-0.327123925799	-0.327123925799	-0.323529466665	-0.384032169193	-0.327123925799
M05_L_TO_L_ALL28:G808-E1433	M05_L_TO_L_ALL28	ALL28	L	L	G808-E1433	sh	ol	0	f95r2	f95r	G808-P0355	f95r2.6	6	4	H	B	3	3	EXACT	0.147455496095	16	-0.162595122487	2	0.00838832071073	72	0.263696283946	1	0.0171763122162	90	0.0216632732287	91	0.0141211737794	68	-0.0890714593167	4	0.0143038307777	6	0.233818781334	1	-0.00675130568082	0.256944978265	-0.00101845261219	0.00755252509691	0.227067475653
M05_L_TO_L_ALL28:G808-E1441	M05_L_TO_L_ALL28	ALL28	L	L	G808-E1441	sh	eol	1	f96r	f96r	G808-P0361	f96r.2	2	3	H	A	1	2	EXACT	-0.143112278719	38	0	0	-0.0566287620424	72	1.08081571828	1	-0.0881907777702	110	-0.0757624594134	111	-0.0490999693337	68	-0.1846194369	4	-0.00153234674773	6	1.08719971274	1	-0.199741040761	0.881074677518	-0.192212248053	-0.201273387509	0.88745867198
M05_L_TO_L_ALL28:G808-E1446	M05_L_TO_L_ALL28	ALL28	L	L	G808-E1446	sh	eol	1	f96r	f96r	G808-P0361	f96r.8	8	3	H	A	1	2	EXACT	-0.143112278719	38	-0.140536419955	1	-0.0592385997066	72	0	0	-0.0905914406758	111	-0.0881502067046	111	-0.0520679953585	68	-0.181140072435	4	0.0483944106433	6	0	0	-0.342887298381	-0.342887298381	-0.335716694032	-0.294492887737	-0.342887298381
M05_L_TO_L_ALL28:G808-E1458	M05_L_TO_L_ALL28	ALL28	L	L	G808-E1458	sh	eol	1	f99r	f99r	G808-P0364	f99r.28	28	8	P	A	1	3	EXACT	0.235750111658	6	-0.0917153246545	1	-0.0218607273337	72	0	0	-0.024041007126	79	-0.0213640206042	79	-0.018386181467	68	-0.0809293592991	4	-0.0423945686134	6	0	0	0.122174059669	0.122174059669	0.125648605536	0.0797794910558	0.122174059669
M05_L_TO_L_ALL28:G808-E1465	M05_L_TO_L_ALL28	ALL28	L	L	G808-E1465	sh	eol	1	f99r	f99r	G808-P0364	f99r.31	31	4	P	A	1	2	EXACT	0.235750111658	6	0	0	-0.023060629651	72	0.4364119689	1	-0.0238673663156	78	-0.0162153727565	79	-0.0199525490031	68	-0.075899352896	4	-0.0143562128661	6	-0.305475450888	2	0.212689482007	0.649101450906	0.215797562654	0.19833326914	-0.0927859688812
M05_L_TO_L_ALL28:G808-E1469	M05_L_TO_L_ALL28	ALL28	L	L	G808-E1469	sh	eol	1	f99r	f99r	G808-P0365	f99r.42	42	2	P	A	1	3	EXACT	0.0254717626539	20	-0.561771185571	1	-0.00914739446284	72	0	0	-0.0190631883768	93	-0.016386201855	93	-0.00582424959936	68	-0.0656422093738	4	0.0387239774328	6	0	0	-0.54544681738	-0.54544681738	-0.542123672516	-0.506722839947	-0.54544681738
M05_L_TO_L_ALL28:G808-E1490	M05_L_TO_L_ALL28	ALL28	L	L	G808-E1490	sh	ol	0	f99v	f99v	G808-P0370	f99v.39	39	2	P	A	1	2	EXACT	0.102403039129	12	0	0	-0.00594336644268	72	0	0	-0.00318998290959	84	-0.000425243906771	84	-0.00533605510528	68	-0.0162688330864	4	0.0480014899027	6	-0.0649950516628	1	0.0964596726867	0.0964596726867	0.0970669840241	0.144461162589	0.0314646210239
M05_L_TO_L_ALL28:G808-E0092	M05_L_TO_L_ALL28	ALL28	L	L	G808-E0092	sh	ol	0	f9r	f9r	G808-P0030	f9r.5	5	6	H	A	1	3	EXACT	-0.339618529067	24	-0.219664885614	4	-0.0383567387778	72	0	0	-0.126505129594	100	-0.123979280942	100	-0.0464038110621	68	0.098442218845	4	-0.0832237440787	6	0	0	-0.597640153459	-0.597640153459	-0.605687225744	-0.680863897538	-0.597640153459
M05_L_TO_L_ALL28:G808-E0097	M05_L_TO_L_ALL28	ALL28	L	L	G808-E0097	sh	ol	0	f9v	f9v	G808-P0032	f9v.1	1	8	H	A	1	3	EXACT	-0.292007581452	18	-0.363779253596	2	-0.0431326704476	72	-0.699262102396	1	-0.109814100844	92	-0.114353002977	93	-0.0501342354615	68	0.07589270106	4	0.0159588399888	6	-0.80258849695	1	-0.698919505495	-1.39818160789	-0.705921070509	-0.682960665507	-1.50150800245
M05_L_TO_L_ALL28:G808-E1623	M05_L_TO_L_ALL28	ALL28	L	L	G808-E1623	t	ol	0	f104r	f104r	G808-P0414	f104r.10	10	1	S	B	3	3	EXACT	0.530508531763	4	0.422456779306	1	0.0935615739678	72	0.332741658299	1	0.103066899749	77	0.107857708942	78	0.0907833965689	68	0.140791290748	4	0.0783293899158	6	0.329660191645	1	1.04652688504	1.37926854334	1.04374870764	1.12485627495	1.37618707668
M05_L_TO_L_ALL28:G808-E1679	M05_L_TO_L_ALL28	ALL28	L	L	G808-E1679	t	eol	1	f105r	f105r	G808-P0442	f105r.20	20	4	S	B	3	3	EXACT	0.103049613223	28	0.173130632025	4	0.0793825094939	72	0.171266105454	1	0.0829924370015	104	0.0857850459374	105	0.0818287299791	68	0.0377980249956	4	0.0465875726241	6	0.0519180557383	2	0.355562754743	0.526828860197	0.358008975228	0.402150327367	0.407480810481
M05_L_TO_L_ALL28:G808-E2022	M05_L_TO_L_ALL28	ALL28	L	L	G808-E2022	t	eol	1	f112v	f112v	G808-P0574	f112v.44	44	5	S	B	3	3	EXACT	-0.00490724201815	10	0	0	0.040496914264	72	0.349700958763	1	0.0146979531874	82	0.0198044242457	83	0.0508527387599	68	-0.135538944983	4	-0.0789747808422	6	0.35271500548	1	0.0355896722458	0.385290631009	0.0459454967418	-0.0433851085964	0.388304677726
M05_L_TO_L_ALL28:G808-E2043	M05_L_TO_L_ALL28	ALL28	L	L	G808-E2043	t	ol	0	f113r	f113r	G808-P0584	f113r.26	26	1	S	B	3	3	EXACT	-0.641108918596	1	-0.0144524783934	1	0.0541158583583	72	0	0	0.0237468348623	74	0.0262135681096	74	0.0498986773176	68	0.125808737866	4	0.0702964160829	6	0	0	-0.601445538631	-0.601445538631	-0.605662719671	-0.531149122548	-0.601445538631
M05_L_TO_L_ALL28:G808-E2173	M05_L_TO_L_ALL28	ALL28	L	L	G808-E2173	t	ol	0	f115v	f115v	G808-P0649	f115v.13	13	7	S	B	3	3	EXACT	0.238701780617	30	0	0	0.0649011183016	72	0	0	0.111118949526	102	0.113511580539	102	0.0639269199706	68	0.081463327752	4	0.0113050775281	6	0	0	0.303602898919	0.303602898919	0.302628700588	0.314907976447	0.303602898919
M05_L_TO_L_ALL28:G808-E0253	M05_L_TO_L_ALL28	ALL28	L	L	G808-E0253	t	ol	0	f24r	f24r	G808-P0085	f24r.12	12	3	H	A	1	2	EXACT	-0.0980099286793	49	0	0	-0.0397862727228	71	-0.289871701125	2	-0.0621958554105	120	-0.0643764386784	122	-0.029358174744	67	-0.214457405029	4	0.0716179110309	6	-0.34788200858	3	-0.137796201402	-0.427667902527	-0.127368103423	-0.0661782903712	-0.485678209982
M05_L_TO_L_ALL28:G808-E0319	M05_L_TO_L_ALL28	ALL28	L	L	G808-E0319	t	ol	0	f31r	f31r	G808-P0109	f31r.10	10	1	H	B	2	2	EXACT	-0.0548686296214	19	0.0482074899453	2	-0.000936566500567	72	0	0	-0.0207433723835	93	-0.018336689183	93	-0.00841864511747	68	0.126259500316	4	0.0551191324544	6	0	0	-0.00759770617672	-0.00759770617672	-0.0150797847936	0.0475214262777	-0.00759770617672
M05_L_TO_L_ALL28:G808-E0347	M05_L_TO_L_ALL28	ALL28	L	L	G808-E0347	t	ol	0	f34r	f34r	G808-P0118	f34r.12	12	5	H	B	2	3	EXACT	0.0966662377074	31	0.157685282568	5	-0.0289531286859	72	0.0596845499717	3	0.0104364475449	108	0.0127749159686	111	-0.024071905114	68	-0.111933229363	4	0.0503497608344	6	0.00682403091083	3	0.22539839159	0.285082941562	0.230279615162	0.275748152424	0.232222422501
M05_L_TO_L_ALL28:G808-E0350	M05_L_TO_L_ALL28	ALL28	L	L	G808-E0350	t	ol	0	f34v	f34v	G808-P0119	f34v.2	2	1	H	B	2	3	EXACT	-0.0246277357892	24	0.0269831989319	2	0.0357998640428	72	0	0	0.0132964946942	98	0.015703849807	98	0.0305191685318	68	0.125572387775	4	0.0867648742667	6	0	0	0.0381553271855	0.0381553271855	0.0328746316745	0.124920201452	0.0381553271855
M05_L_TO_L_ALL28:G808-E0460	M05_L_TO_L_ALL28	ALL28	L	L	G808-E0460	t	ol	0	f44v	f44v	G808-P0162	f44v.1	1	8	H	A	1	2	EXACT	-0.259006743867	4	-0.178160419337	2	-0.020837836328	72	0	0	-0.0544405808262	78	-0.0520809166563	78	-0.0252614125205	68	0.0543636392752	4	-0.101784707376	6	0	0	-0.458004999532	-0.458004999532	-0.462428575724	-0.559789706908	-0.458004999532
M05_L_TO_L_ALL28:G808-E0464	M05_L_TO_L_ALL28	ALL28	L	L	G808-E0464	t	ol	0	f44v	f44v	G808-P0162	f44v.3	3	1	H	A	1	2	EXACT	-0.259006743867	4	-0.408057828001	2	-0.0279247404254	72	0	0	-0.0668771438048	78	-0.064517479635	78	-0.0367284648097	68	0.121739254439	4	0.0952871548941	6	0	0	-0.694989312293	-0.694989312293	-0.703793036677	-0.599702157399	-0.694989312293
M05_L_TO_L_ALL28:G808-E0467	M05_L_TO_L_ALL28	ALL28	L	L	G808-E0467	t	ol	0	f44v	f44v	G808-P0163	f44v.6	6	1	H	A	1	3	EXACT	-0.466304700588	15	-0.152090785569	4	-0.0212608731962	72	0	0	-0.111860561111	91	-0.109500896942	91	-0.0296726053905	68	0.121739254439	4	0.0226601802784	6	0	0	-0.639656359353	-0.639656359353	-0.648068091547	-0.616996179074	-0.639656359353
M05_L_TO_L_ALL28:G808-E0472	M05_L_TO_L_ALL28	ALL28	L	L	G808-E0472	t	eol	1	f44v	f44v	G808-P0164	f44v.12	12	2	H	A	1	2	EXACT	-0.306005222241	19	0	0	-0.0585244778061	72	-0.0865471164465	1	-0.119340909393	91	-0.11718074538	92	-0.060348080876	68	-0.0275225452876	4	-0.103195032365	6	-0.0897597562276	1	-0.364529700047	-0.451076816494	-0.366353303117	-0.467724732412	-0.454289456275
M05_L_TO_L_ALL28:G808-E0522	M05_L_TO_L_ALL28	ALL28	L	L	G808-E0522	t	eol	1	f48r	f48r	G808-P0180	f48r.5	5	2	H	B	5	3	EXACT	0.0372361936999	28	0.529764677271	1	0.0282608689718	72	0	0	0.0300393019143	101	0.0324301806076	101	0.0315098101899	68	-0.0269704190868	4	-0.0360587481847	6	0	0	0.595261739943	0.595261739943	0.598510681161	0.559202991758	0.595261739943
M05_L_TO_L_ALL28:G808-E0536	M05_L_TO_L_ALL28	ALL28	L	L	G808-E0536	t	ol	0	f48v	f48v	G808-P0182	f48v.10	10	1	H	B	5	3	EXACT	0.149485634821	23	0.215180967485	5	0.0336004061642	72	0	0	0.0607480134916	100	0.0631623448995	100	0.0280075006786	68	0.128680499463	4	0.0590884937244	6	0	0	0.39826700847	0.39826700847	0.392674102984	0.457355502194	0.39826700847
M05_L_TO_L_ALL28:G808-E0572	M05_L_TO_L_ALL28	ALL28	L	L	G808-E0572	t	ol	0	f51r	f51r	G808-P0191	f51r.9	9	1	H	A	1	2	EXACT	-0.0753579485955	38	-0.292407107542	1	-0.0365306198403	72	-1.09587832484	1	-0.0543860580717	111	-0.0616857073578	112	-0.0462221677762	68	0.128226330991	4	0.103577193954	6	-0.8223111508	1	-0.404295675978	-1.50017400082	-0.413987223914	-0.300718482024	-1.22660682678
M05_L_TO_L_ALL28:G808-E0590	M05_L_TO_L_ALL28	ALL28	L	L	G808-E0590	t	ol	0	f52r	f52r	G808-P0193	f52r.5	5	6	H	A	1	3	EXACT	-0.0694552051291	32	-0.264350152681	1	-0.00289947530766	72	-0.382660311052	1	-0.0301963221331	105	-0.031508659143	106	-0.00583463176509	68	0.0469988677474	4	-0.0587970025034	6	-0.385612849603	1	-0.336704833118	-0.71936514417	-0.339639989575	-0.395501835621	-0.722317682721
M05_L_TO_L_ALL28:G808-E0613	M05_L_TO_L_ALL28	ALL28	L	L	G808-E0613	t	ol	0	f54v	f54v	G808-P0198	f54v.6	6	1	H	A	1	2	EXACT	-0.12510432702	48	0	0	-0.0115435399726	72	0	0	-0.056069842686	120	-0.0536411971451	120	-0.0199235600786	68	0.130917478433	4	0.0499729929313	6	0	0	-0.136647866992	-0.136647866992	-0.145027887098	-0.0866748740607	-0.136647866992
M05_L_TO_L_ALL28:G808-E0617	M05_L_TO_L_ALL28	ALL28	L	L	G808-E0617	t	ol	0	f54v	f54v	G808-P0198	f54v.12	12	1	H	A	1	1	EXACT	-0.12510432702	48	0.234295811314	1	0.00690678165411	72	0	0	-0.0428842821701	121	-0.0404556366292	121	-0.00132982432469	68	0.146929759897	4	-0.0247823556001	6	0	0	0.116098265949	0.116098265949	0.10786165997	0.0913159103488	0.116098265949
M05_L_TO_L_ALL28:G808-E0649	M05_L_TO_L_ALL28	ALL28	L	L	G808-E0649	t	ol	0	f58v	f58v	G808-P0210	f58v.1	1	1	S	A	3	3	EXACT	0.0384395458008	97	0	0	0.0596617486604	71	0	0	0.0573601625639	168	0.059786091549	168	0.0557499753306	67	0.125184143009	4	0.0695607608623	6	0	0	0.0981012944613	0.0981012944613	0.0941895211314	0.167662055324	0.0981012944613
M05_L_TO_L_ALL28:G808-E0729	M05_L_TO_L_ALL28	ALL28	L	L	G808-E0729	t	ol	0	f75v	f75v	G808-P0228	f75v.46	46	9	B	B	2	3	EXACT	0.266298348944	36	0	0	0.0305630018437	72	0.23088374846	2	0.106448295277	108	0.110175730093	110	0.0403798397085	68	-0.136322427819	4	-0.0257537962972	6	0.1478588938	3	0.296861350788	0.527745099248	0.306678188652	0.27110755449	0.444720244588
M05_L_TO_L_ALL28:G808-E0912	M05_L_TO_L_ALL28	ALL28	L	L	G808-E0912	t	ol	0	f78r	f78r	G808-P0247	f78r.13	13	7	B	B	2	2	EXACT	0.190653317124	58	-0.118099300536	2	0.0421108068269	72	-0.328285909479	1	0.10799531025	132	0.106722134035	133	0.0391602564593	68	0.0922708333693	4	-0.0851231318206	6	0.0796237932823	2	0.114664823415	-0.213621086064	0.111714273047	0.0295416915944	0.194288616697
M05_L_TO_L_ALL28:G808-E0981	M05_L_TO_L_ALL28	ALL28	L	L	G808-E0981	t	eol	1	f79r	f79r	G808-P0256	f79r.34	34	5	B	B	2	2	EXACT	0.159983510795	17	0	0	0.0403400445526	72	0	0	0.0520642612941	89	0.0545347554167	89	0.0387131699992	68	0.0679976087969	4	-0.00216505623159	6	0.0298546762189	1	0.200323555347	0.200323555347	0.198696680794	0.198158499116	0.230178231566
M05_L_TO_L_ALL28:G808-E1013	M05_L_TO_L_ALL28	ALL28	L	L	G808-E1013	t	eol	1	f80r	f80r	G808-P0266	f80r.21	21	7	B	B	2	2	EXACT	0.149756162588	78	-0.147988416436	1	0.0261010978618	72	0	0	0.0919843373449	151	0.0927587146144	151	0.0254678591475	68	0.0368800598038	4	-0.0175783342881	6	0	0	0.0278688440132	0.0278688440132	0.0272356052988	0.0102905097251	0.0278688440132
M05_L_TO_L_ALL28:G808-E1014	M05_L_TO_L_ALL28	ALL28	L	L	G808-E1014	t	eol	1	f80r	f80r	G808-P0266	f80r.25	25	12	B	B	2	3	EXACT	0.149756162588	78	-0.0433414147019	2	0.0271624880588	72	0	0	0.0923944471118	152	0.0931688243813	152	0.0370923226085	68	-0.141630795489	4	-0.0249440338618	6	0	0	0.133577235944	0.133577235944	0.143507070494	0.108633202083	0.133577235944
M05_L_TO_L_ALL28:G808-E1038	M05_L_TO_L_ALL28	ALL28	L	L	G808-E1038	t	ol	0	f80v	f80v	G808-P0272	f80v.9	9	3	B	B	2	3	EXACT	0.193749754505	23	0.21588165825	2	0.0262026440225	72	0.250292754178	1	0.0605855827607	97	0.0642329408381	98	0.0318435106085	68	-0.0696914627583	4	-0.021919769667	6	0.25106845655	1	0.435834056777	0.686126810955	0.441474923363	0.41391428711	0.686902513327
M05_L_TO_L_ALL28:G808-E1044	M05_L_TO_L_ALL28	ALL28	L	L	G808-E1044	t	ol	0	f80v	f80v	G808-P0273	f80v.15	15	6	B	B	2	3	EXACT	0.265168431093	16	0.466977348691	3	0.0400923334991	72	-0.117819295859	1	0.080631752799	91	0.0801541004526	92	0.0475899419933	68	-0.0873663857219	4	-0.0351583305191	6	0.0974703241649	3	0.772238113283	0.654418817424	0.779735721778	0.737079782764	0.869708437448
M05_L_TO_L_ALL28:G808-E1053	M05_L_TO_L_ALL28	ALL28	L	L	G808-E1053	t	ol	0	f80v	f80v	G808-P0277	f80v.35	35	1	B	B	2	3	EXACT	0.19317057888	30	-0.0166760814512	6	0.0557272239797	72	0	0	0.0831486304308	108	0.0853531116597	108	0.051557923556	68	0.126605956363	4	-0.00947915475128	6	0	0	0.232221721409	0.232221721409	0.228052420985	0.222742566658	0.232221721409
M05_L_TO_L_ALL28:G808-E1098	M05_L_TO_L_ALL28	ALL28	L	L	G808-E1098	t	eol	1	f81v	f81v	G808-P0282	f81v.24	24	8	B	B	2	3	EXACT	0.189011477741	54	0.210622382163	2	0.00356149829569	72	0	0	0.0870098819504	128	0.0893822141722	128	0.000572848005093	68	0.0543693821139	4	0.0456247930844	6	0	0	0.403195358199	0.403195358199	0.400206707909	0.448820151284	0.403195358199
M05_L_TO_L_ALL28:G808-E1185	M05_L_TO_L_ALL28	ALL28	L	L	G808-E1185	t	ol	0	f83r	f83r	G808-P0295	f83r.26	26	4	B	B	2	2	EXACT	0.212508953235	14	0	0	0.042748330265	72	0.0330484567502	2	0.0584392932884	86	0.05909633591	88	0.0401752310349	68	0.0864917411684	4	-0.00406060696802	6	0.0479887331082	2	0.2552572835	0.28830574025	0.25268418427	0.251196676532	0.303246016608
M05_L_TO_L_ALL28:G808-E1275	M05_L_TO_L_ALL28	ALL28	L	L	G808-E1275	t	ol	0	f86v5	f86v	G808-P0325	f86v5.31	31	1	T	B	2	3	EXACT	-0.0452998501958	64	1.14632194279	1	0.0555821415411	72	0.314293587844	1	0.0219552809118	137	0.0261682667922	138	0.0514068044815	68	0.126563171493	4	0.0691214548409	6	0.330883454604	1	1.15660423414	1.47089782198	1.15242889708	1.22572568898	1.48748768874
M05_L_TO_L_ALL28:G808-E1338	M05_L_TO_L_ALL28	ALL28	L	L	G808-E1338	t	eol	1	f88r	f88r	G808-P0335	f88r.21	21	1	P	A	1	2	EXACT	-0.0254183094403	14	0.70516002925	1	0.0089923802891	72	-0.220177891475	1	-0.000515995672223	87	-0.00126760534354	88	0.00259813402357	68	0.117695458088	4	0.0279318716863	6	-0.242865493644	1	0.688734100099	0.468556208624	0.682339853834	0.716665971786	0.445868606455
M05_L_TO_L_ALL28:G808-E1384	M05_L_TO_L_ALL28	ALL28	L	L	G808-E1384	t	ol	0	f90r1	f90r	G808-P0345	f90r1.6	6	1	H	A	1	2	EXACT	-0.0789926712873	31	0	0	-0.0322406267024	71	0	0	-0.0507684055829	102	-0.0483519300188	102	-0.0416197181324	67	0.124859327572	4	0.0528873725772	6	0	0	-0.11123329799	-0.11123329799	-0.12061238942	-0.0583459254125	-0.11123329799
M05_L_TO_L_ALL28:G808-E1412	M05_L_TO_L_ALL28	ALL28	L	L	G808-E1412	t	eol	1	f93v	f93v	G808-P0347	f93v.8	8	3	H	A	1	3	EXACT	-0.108641860806	35	-0.247323537684	1	-0.0248634150411	71	0	0	-0.0574758563423	107	-0.0550413770663	107	-0.0223822484878	67	-0.0664240522118	4	-0.00940294892908	6	-0.0829601099931	1	-0.380828813532	-0.380828813532	-0.378347646978	-0.390231762461	-0.463788923525
M05_L_TO_L_ALL28:G808-E1443	M05_L_TO_L_ALL28	ALL28	L	L	G808-E1443	t	ol	0	f96r	f96r	G808-P0361	f96r.5	5	4	H	A	1	2	EXACT	-0.0306865014611	35	-0.378578979551	1	-0.0556856364621	72	0.26136612642	1	-0.053330183974	108	-0.0485694803113	109	-0.0548445907146	68	-0.0699826139606	4	-0.0765989895441	6	0.248308713393	1	-0.464951117474	-0.203584991054	-0.464110071727	-0.541550107018	-0.216642404081
M05_L_TO_L_ALL28:G808-E1448	M05_L_TO_L_ALL28	ALL28	L	L	G808-E1448	t	eol	1	f96r	f96r	G808-P0361	f96r.11	11	1	H	A	1	2	EXACT	-0.0306865014611	35	0.356005062961	2	-0.0387830861497	72	0	0	-0.0318572644326	109	-0.0295234272811	109	-0.0499979394853	68	0.151870220763	4	0.0652867081586	6	0	0	0.28653547535	0.28653547535	0.275320622014	0.351822183508	0.28653547535
M05_L_TO_L_ALL28:G808-E1461	M05_L_TO_L_ALL28	ALL28	L	L	G808-E1461	t	ol	0	f99r	f99r	G808-P0364	f99r.30	30	1	P	A	1	2	EXACT	-0.10837042045	9	-0.277493004599	2	-0.00730361443818	72	0	0	-0.0422981100249	83	-0.0396972492289	83	-0.0133527919742	68	0.0955330960108	4	0.0219221291829	6	0	0	-0.393167039487	-0.393167039487	-0.399216217023	-0.371244910304	-0.393167039487
M05_L_TO_L_ALL28:G808-E1764	M05_L_TO_L_ALL28	ALL28	L	L	G808-E1764	tch	eol	1	f107r	f107r	G808-P0490	f107r.9	9	3	S	B	3	3	EXACT	0.169087047103	23	0.0349536427366	2	0.035320899217	72	0.0747627075933	2	0.0584323568422	97	0.0601602663772	99	0.0423112768053	68	-0.0835151197441	4	0.000199672391034	6	0.111884638392	3	0.239361589057	0.31412429665	0.246351966645	0.239561261448	0.351246227448
M05_L_TO_L_ALL28:G808-E1770	M05_L_TO_L_ALL28	ALL28	L	L	G808-E1770	tch	eol	1	f107r	f107r	G808-P0492	f107r.20	20	1	S	B	3	1	EXACT	0.254339827938	14	0	0	0.0527175857416	72	0	0	0.0726930356707	86	0.0751344460868	86	0.0527253122785	68	0.0525866346534	4	0.106038289705	6	0	0	0.307057413679	0.307057413679	0.307065140216	0.413095703385	0.307057413679
M05_L_TO_L_ALL28:G808-E0115	M05_L_TO_L_ALL28	ALL28	L	L	G808-E0115	tch	ol	0	f11r	f11r	G808-P0039	f11r.5	5	1	H	A	1	3	EXACT	-0.32424381046	11	-0.267814661023	5	-0.0327494264172	72	-0.0974260229612	1	-0.0970792281769	88	-0.095340329866	89	-0.0379145626343	68	0.0550581573347	4	0.0479008279781	6	-0.406572174779	2	-0.624807897899	-0.722233920861	-0.629973034116	-0.576907069921	-1.03138007268
M05_L_TO_L_ALL28:G808-E0163	M05_L_TO_L_ALL28	ALL28	L	L	G808-E0163	tch	ol	0	f17v	f17v	G808-P0058	f17v.5	5	4	H	A	1	2	EXACT	-0.0726846916956	65	0	0	-0.0296285853819	72	-0.421743500421	2	-0.0446949474046	137	-0.0486017310421	139	-0.0390511092662	68	0.130554706913	4	-0.0778014854586	6	-0.465743297015	2	-0.102313277077	-0.524056777498	-0.111735800962	-0.180114762536	-0.568056574092
M05_L_TO_L_ALL28:G808-E0216	M05_L_TO_L_ALL28	ALL28	L	L	G808-E0216	tch	ol	0	f21r	f21r	G808-P0072	f21r.11	11	4	H	A	1	2	EXACT	-0.101855361748	23	-0.0696758481287	1	-0.0571048350038	72	-0.044111822988	1	-0.0765919253955	96	-0.0742405086514	97	-0.0569467614728	68	-0.0597917173091	4	-0.170410762475	6	-0.0446759593126	1	-0.22863604488	-0.272747867868	-0.228477971349	-0.399046807356	-0.273312004193
M05_L_TO_L_ALL28:G808-E0219	M05_L_TO_L_ALL28	ALL28	L	L	G808-E0219	tch	ol	0	f21v	f21v	G808-P0073	f21v.2	2	7	H	A	1	3	EXACT	-0.309344935149	24	-0.140983073954	1	-0.0376381960329	72	-0.738057049177	2	-0.113132799329	97	-0.124437488416	99	-0.0346820380065	68	-0.0878925439912	4	-0.0368355018965	6	-0.567491873677	2	-0.487966205136	-1.22602325431	-0.48501004711	-0.524801707033	-1.05545807881
M05_L_TO_L_ALL28:G808-E0476	M05_L_TO_L_ALL28	ALL28	L	L	G808-E0476	tch	ol	0	f45r	f45r	G808-P0167	f45r.8	8	1	H	A	1	3	EXACT	-0.200928017007	16	-0.150868691378	3	-0.01770439995	72	-0.0975648911521	2	-0.0664360268654	91	-0.0658021722942	93	-0.0220301420011	68	0.0558335260966	4	0.0417849810528	6	-0.0860835184398	2	-0.369501108335	-0.467065999487	-0.373826850386	-0.327716127282	-0.455584626775
M05_L_TO_L_ALL28:G808-E0510	M05_L_TO_L_ALL28	ALL28	L	L	G808-E0510	tch	ol	0	f47r	f47r	G808-P0177	f47r.10	10	7	H	A	1	3	EXACT	-0.232024322914	20	-0.135903873795	1	-0.0383494144249	72	0.239758994258	2	-0.0909651065338	93	-0.0826730441868	95	-0.0454673313082	68	0.0826555048337	4	-0.0405535185081	6	0.103082525223	3	-0.406277611134	-0.166518616876	-0.413395528017	-0.446831129642	-0.303195085911
M05_L_TO_L_ALL28:G808-E0542	M05_L_TO_L_ALL28	ALL28	L	L	G808-E0542	tch	eol	1	f49r	f49r	G808-P0185	f49r.13	13	4	H	A	1	2	EXACT	-0.191760271761	28	-0.111492723124	1	-0.0615462538365	72	-1.29197126921	1	-0.104435380547	101	-0.114108108728	102	-0.0712368544305	68	0.103194231902	4	-0.0738108734059	6	0.06786624373	2	-0.364799248721	-1.65677051793	-0.374489849315	-0.438610122127	-0.296933004991
M05_L_TO_L_ALL28:G808-E0555	M05_L_TO_L_ALL28	ALL28	L	L	G808-E0555	tch	ol	0	f49v	f49v	G808-P0187	f49v.28	28	3	H	A	1	2	EXACT	-0.335145645579	6	0	0	-0.0376031904431	72	0	0	-0.0784674307259	78	-0.0759931265527	78	-0.0305789819174	68	-0.157013782618	4	-0.152620672911	6	0	0	-0.372748836022	-0.372748836022	-0.365724627496	-0.525369508933	-0.372748836022
M05_L_TO_L_ALL28:G808-E0557	M05_L_TO_L_ALL28	ALL28	L	L	G808-E0557	tch	ol	0	f49v	f49v	G808-P0187	f49v.30	30	6	H	A	1	2	EXACT	-0.335145645579	6	-0.167785194706	1	-0.0411492839281	72	0	0	-0.0831077434944	79	-0.0806334393212	79	-0.0479198181726	68	0.0739507509906	4	-0.109522567392	6	0	0	-0.544080124212	-0.544080124212	-0.550850658457	-0.653602691604	-0.544080124212
M05_L_TO_L_ALL28:G808-E1031	M05_L_TO_L_ALL28	ALL28	L	L	G808-E1031	tch	eol	1	f80v	f80v	G808-P0271	f80v.6	6	1	B	B	2	2	EXACT	0.286122046443	23	-0.450865414816	1	0.0155101942739	72	0	0	0.0657184733198	96	0.0679664581696	96	0.0127991056715	68	0.0615989229725	4	0.0715184576322	6	0	0	-0.149233174099	-0.149233174099	-0.151944262701	-0.0777147164666	-0.149233174099
M05_L_TO_L_ALL28:G808-E1109	M05_L_TO_L_ALL28	ALL28	L	L	G808-E1109	tch	eol	1	f82r	f82r	G808-P0284	f82r.13	13	1	B	B	2	2	EXACT	0.136890824249	36	0.0758486495863	2	0.041169931077	72	-0.136719332504	1	0.0697936886956	110	0.0699400332186	111	0.0403993056695	68	0.0542709666999	4	0.00497407399117	6	-0.135073362005	1	0.253909404913	0.117190072409	0.253138779505	0.258883478904	0.118836042907
M05_L_TO_L_ALL28:G808-E1253	M05_L_TO_L_ALL28	ALL28	L	L	G808-E1253	tch	ol	0	f86v3	f86v	G808-P0316	f86v3.9	9	1	C	B	2	3	EXACT	0.104302733908	28	0.0183770684039	4	0.0301338922965	70	0	0	0.042666694956	102	0.0450481535301	102	0.0289237950311	66	0.0501005406276	4	0.0197584852542	6	0	0	0.152813694608	0.152813694608	0.151603597343	0.172572179863	0.152813694608
M05_L_TO_L_ALL28:G808-E1363	M05_L_TO_L_ALL28	ALL28	L	L	G808-E1363	tch	eol	1	f89r1	f89r	G808-P0341	f89r1.15	15	1	P	A	1	2	EXACT	-0.0113304131064	15	0.73121044197	1	0.00995584944166	72	0	0	0.00193354482347	88	0.00432653036946	88	0.0075333680917	68	0.0511383785854	4	0.0238272980135	6	0	0	0.729835878305	0.729835878305	0.727413396955	0.753663176319	0.729835878305
M05_L_TO_L_ALL28:G808-E0095	M05_L_TO_L_ALL28	ALL28	L	L	G808-E0095	tch	ol	0	f9r	f9r	G808-P0031	f9r.7	7	5	H	A	1	3	EXACT	-0.048258140802	17	0.351437315896	2	-0.0456482043571	72	0	0	-0.0491507785138	91	-0.046752392066	91	-0.0435294852997	68	-0.0816661260269	4	0.0200261062047	6	-0.00556938100876	1	0.257530970737	0.257530970737	0.259649689794	0.277557076942	0.251961589728
M05_L_TO_L_ALL28:G808-E1522	M05_L_TO_L_ALL28	ALL28	L	L	G808-E1522	ych	eol	1	f102r1	f102r	G808-P0375	f102r1.10	10	1	P	A	1	2	EXACT	-0.147853225628	8	0.768598513582	1	-0.0127948603622	72	0	0	-0.0374750453887	81	-0.0346169682924	81	-0.0195331723816	68	0.10175683006	4	0.0745019495286	6	0	0	0.607950427591	0.607950427591	0.601212115572	0.68245237712	0.607950427591
M05_L_TO_L_ALL28:G808-E1644	M05_L_TO_L_ALL28	ALL28	L	L	G808-E1644	ych	eol	1	f104v	f104v	G808-P0428	f104v.13	13	1	S	B	3	3	EXACT	0.165583478229	12	0.271439170366	2	0.0655611822127	72	0	0	0.0672914170113	86	0.0700564188039	86	0.0642443343732	68	0.0879485588662	4	0.0272094032265	6	0	0	0.502583830808	0.502583830808	0.501266982968	0.529793234034	0.502583830808
M05_L_TO_L_ALL28:G808-E1656	M05_L_TO_L_ALL28	ALL28	L	L	G808-E1656	ych	eol	1	f104v	f104v	G808-P0433	f104v.30	30	1	S	B	3	3	EXACT	0.24295714186	12	0.471345743296	2	0.088270816172	72	0.0391751860236	1	0.10174944904	86	0.103123990271	87	0.0882898291537	68	0.0879485588662	4	0.00251691230823	6	0.0591031229065	1	0.802573701328	0.841748887352	0.80259271431	0.805090613636	0.861676824235
M05_L_TO_L_ALL28:G808-E1720	M05_L_TO_L_ALL28	ALL28	L	L	G808-E1720	ych	ol	0	f106r	f106r	G808-P0462	f106r.14	14	1	S	B	3	2	EXACT	-0.0229882025238	6	0	0	0.0473207522104	72	0	0	0.0207718609408	78	0.023592185325	78	0.0442891830205	68	0.0988579783642	4	0.0861208177802	6	0.310369534601	1	0.0243325496865	0.0243325496865	0.0213009804966	0.110453367467	0.334702084288
M05_L_TO_L_ALL28:G808-E1736	M05_L_TO_L_ALL28	ALL28	L	L	G808-E1736	ych	eol	1	f106r	f106r	G808-P0468	f106r.33	33	1	S	B	3	3	EXACT	0.265148723462	5	0.769760675782	1	0.0459327045425	72	0	0	0.0471024201251	78	0.0499227445093	78	0.0428194854898	68	0.0988579783642	4	-0.0787513705621	6	0	0	1.08084210379	1.08084210379	1.07772888473	1.00209073322	1.08084210379
M05_L_TO_L_ALL28:G808-E1859	M05_L_TO_L_ALL28	ALL28	L	L	G808-E1859	ych	eol	1	f108r	f108r	G808-P0525	f108r.34	34	1	S	B	3	1	EXACT	0.284984330771	8	0	0	0.0209717545813	72	0	0	0.0244511206063	80	0.0275174131707	80	0.0176838958286	68	0.0768671717518	4	-0.108010687571	6	0	0	0.305956085352	0.305956085352	0.302668226599	0.197945397781	0.305956085352
M05_L_TO_L_ALL28:G808-E0133	M05_L_TO_L_ALL28	ALL28	L	L	G808-E0133	ych	ol	0	f14r	f14r	G808-P0045	f14r.6	6	1	H	A	1	2	EXACT	-0.234022261536	18	0	0	-0.0380647339002	72	0	0	-0.0892555237171	90	-0.0864807411637	90	-0.0458524333764	68	0.0943264740094	4	-0.0254012306102	6	0	0	-0.272086995437	-0.272086995437	-0.279874694913	-0.297488226047	-0.272086995437
M05_L_TO_L_ALL28:G808-E0161	M05_L_TO_L_ALL28	ALL28	L	L	G808-E0161	ych	ol	0	f17v	f17v	G808-P0058	f17v.5	5	1	H	A	1	2	EXACT	-0.0628388139989	65	0.0367399216635	2	-0.0303627836316	72	0	0	-0.0377380839703	139	-0.0351241488821	139	-0.0319810215077	68	-0.00285235347691	4	-0.0873853135112	6	0	0	-0.056461675967	-0.056461675967	-0.0580799138431	-0.143846989478	-0.056461675967
M05_L_TO_L_ALL28:G808-E0164	M05_L_TO_L_ALL28	ALL28	L	L	G808-E0164	ych	eol	1	f17v	f17v	G808-P0058	f17v.9	9	1	H	A	1	1	EXACT	-0.0628388139989	65	-0.341162649383	1	-0.0246444489202	72	0	0	-0.037772588111	138	-0.0351586530227	138	-0.0259263141662	68	-0.00285235347691	4	-0.135318655436	6	0	0	-0.428645912302	-0.428645912302	-0.429927777548	-0.563964567738	-0.428645912302
M05_L_TO_L_ALL28:G808-E0186	M05_L_TO_L_ALL28	ALL28	L	L	G808-E0186	ych	ol	0	f18v	f18v	G808-P0061	f18v.7	7	1	H	A	1	2	EXACT	-0.346566481971	37	-0.346802526017	3	-0.0601579544757	72	-0.0766192584947	1	-0.166011817181	112	-0.162935402511	113	-0.0688922734352	68	0.0883256830418	4	-0.0773708824237	6	-0.1297823714	1	-0.753526962464	-0.830146220958	-0.762261281423	-0.830897844887	-0.883309333863
M05_L_TO_L_ALL28:G808-E0257	M05_L_TO_L_ALL28	ALL28	L	L	G808-E0257	ych	eol	1	f24v	f24v	G808-P0087	f24v.7	7	1	H	A	1	2	EXACT	-0.243302514608	19	0	0	-0.0223761241377	72	-0.363308305617	1	-0.0800923047931	91	-0.0810201077487	92	-0.0296742084757	68	0.101691167781	4	-0.0221528477616	6	-0.367389271923	1	-0.265678638746	-0.628986944363	-0.272976723084	-0.287831486508	-0.633067910669
M05_L_TO_L_ALL28:G808-E0259	M05_L_TO_L_ALL28	ALL28	L	L	G808-E0259	ych	ol	0	f24v	f24v	G808-P0087	f24v.9	9	1	H	A	1	2	EXACT	-0.243302514608	19	-0.212246652909	1	-0.0134932143119	72	0.0445980823044	1	-0.0749482368021	92	-0.0715053936355	93	-0.0200526288057	68	0.0980166902545	4	0.0233156694471	6	-0.00741517918117	1	-0.469042381829	-0.424444299525	-0.475601796323	-0.445726712382	-0.47645756101
M05_L_TO_L_ALL28:G808-E0051	M05_L_TO_L_ALL28	ALL28	L	L	G808-E0051	ych	ol	0	f6r	f6r	G808-P0018	f6r.8	8	1	H	A	1	2	EXACT	-0.294174465061	42	0	0	-0.0215836135863	71	0	0	-0.1233696687	113	-0.120565687246	113	-0.0284873163785	67	0.0940533986326	4	-0.0268267294623	6	0	0	-0.315758078647	-0.315758078647	-0.32266178144	-0.34258480811	-0.315758078647
M05_L_TO_L_ALL28:G808-E0055	M05_L_TO_L_ALL28	ALL28	L	L	G808-E0055	ych	ol	0	f6v	f6v	G808-P0020	f6v.7	7	2	H	A	1	1	EXACT	-0.130368444103	35	0	0	-0.00346553392455	72	-1.05396916193	1	-0.0484685204729	107	-0.0555292145543	108	-0.00347800105061	68	-0.0032532542915	4	-0.0893841346646	6	-0.784667396344	1	-0.133833978027	-1.18780313995	-0.133846445153	-0.223218112692	-0.918501374371
M05_L_TO_L_ALL28:G808-E1039	M05_L_TO_L_ALL28	ALL28	L	L	G808-E1039	ych	eol	1	f80v	f80v	G808-P0272	f80v.12	12	1	B	B	2	2	EXACT	0.302386333237	30	0.167061983003	1	0.0476284377415	72	0.344932414336	1	0.115977895867	103	0.120222949278	104	0.0449158876819	68	0.0937420112133	4	0.00877122077974	6	0.113591058909	2	0.517076753981	0.862009168317	0.514364203922	0.525847974761	0.63066781289
M05_L_TO_L_ALL28:G808-E1415	M05_L_TO_L_ALL28	ALL28	L	L	G808-E1415	ych	ol	0	f93v	f93v	G808-P0347	f93v.10	10	1	H	A	1	2	EXACT	-0.102699009853	35	0.356664957863	1	-0.0131761864654	71	-0.32765111691	1	-0.0426069234945	107	-0.0429873529379	108	-0.0196867329343	67	0.0958742826892	4	0.0745205534357	6	-0.385813933351	1	0.240789761545	-0.0868613553652	0.234279215076	0.31531031498	-0.145024171806
M05_L_TO_L_ALL28:G808-E1495	M05_L_TO_L_ALL28	ALL28	L	L	G808-E1495	ych	ol	0	f99v	f99v	G808-P0370	f99v.43	43	1	P	A	1	1	EXACT	0.0372314423928	16	0	0	0.0188448437577	72	0	0	0.00979493465394	88	0.012800109782	88	0.0147201849396	68	0.0889644347922	4	-0.0118724169034	6	0	0	0.0560762861505	0.0560762861505	0.0519516273324	0.0442038692471	0.0560762861505
M05_L_TO_L_ALL28:G808-E1850	M05_L_TO_L_ALL28	ALL28	L	L	G808-E1850	yk	eol	1	f108r	f108r	G808-P0524	f108r.30	30	1	S	B	3	2	EXACT	0.532078954121	2	-0.0822098750211	2	0.0372221165481	72	-0.0782844520808	1	0.0226178602263	76	0.0232976088993	77	0.0364286654504	68	0.0507136313953	4	0.0139918243102	6	-0.0851202678181	1	0.487091195648	0.408806743567	0.48629774455	0.501083019958	0.401970927829
M05_L_TO_L_ALL28:G808-E0130	M05_L_TO_L_ALL28	ALL28	L	L	G808-E0130	yk	ol	0	f13v	f13v	G808-P0044	f13v.8	8	5	H	A	1	3	EXACT	-0.288260570322	17	-0.287896997042	5	-0.0528456202935	72	0	0	-0.11925982571	94	-0.116820878065	94	-0.050120814514	68	-0.0991659789091	4	0.0813285209979	6	0.00293602779888	3	-0.629003187658	-0.629003187658	-0.626278381878	-0.54767466666	-0.626067159859
M05_L_TO_L_ALL28:G808-E0188	M05_L_TO_L_ALL28	ALL28	L	L	G808-E0188	yk	ol	0	f18v	f18v	G808-P0061	f18v.10	10	4	H	A	1	2	EXACT	-0.33776532244	37	0	0	-0.0333211274007	72	0.0339245094873	1	-0.139021030789	109	-0.135443383275	110	-0.0424296696208	68	0.121525462046	4	0.0620478474301	6	0.0283144427962	1	-0.371086449841	-0.337161940354	-0.380194992061	-0.309038602411	-0.342772007045
M05_L_TO_L_ALL28:G808-E0360	M05_L_TO_L_ALL28	ALL28	L	L	G808-E0360	yk	ol	0	f35v	f35v	G808-P0123	f35v.15	15	1	H	A	1	1	EXACT	-0.284569922113	46	0	0	-0.0483439815107	72	0	0	-0.139770180022	118	-0.137288534262	118	-0.0558373053659	68	0.0790438736244	4	-0.0801807806343	6	-0.0474819334964	1	-0.332913903624	-0.332913903624	-0.340407227479	-0.413094684258	-0.38039583712
M05_L_TO_L_ALL28:G808-E0380	M05_L_TO_L_ALL28	ALL28	L	L	G808-E0380	yk	ol	0	f37v	f37v	G808-P0133	f37v.20	20	3	H	A	1	2	EXACT	-0.363068792721	8	0	0	-0.071253746189	72	-0.496748041876	2	-0.116177664716	80	-0.124261193092	82	-0.0635345820784	68	-0.202478208248	4	0.075832313165	6	-0.235174120557	3	-0.43432253891	-0.931070580786	-0.426603374799	-0.358490225745	-0.669496659467
M05_L_TO_L_ALL28:G808-E0456	M05_L_TO_L_ALL28	ALL28	L	L	G808-E0456	yk	ol	0	f44r	f44r	G808-P0161	f44r.10	10	4	H	A	1	2	EXACT	-0.323286537122	9	-0.120355637863	1	-0.0429702465924	72	-0.100996507391	2	-0.0902415722159	82	-0.0892534403591	84	-0.0403997956318	68	-0.0866665586655	4	-0.0159910522788	6	-0.107052437651	2	-0.486612421577	-0.587608928969	-0.484041970617	-0.502603473856	-0.593664859229
M05_L_TO_L_ALL28:G808-E0539	M05_L_TO_L_ALL28	ALL28	L	L	G808-E0539	yk	eol	1	f48v	f48v	G808-P0182	f48v.10	10	4	H	B	5	3	EXACT	0.056645681305	19	0.210426635688	4	0.0357763075725	72	-0.0959291575589	1	0.0367764335487	95	0.0373406602779	96	0.0362471166787	68	0.027773910265	4	-0.130786249374	6	-0.126194882586	1	0.302848624566	0.206919467007	0.303319433672	0.172062375192	0.17665374198
M05_L_TO_L_ALL28:G808-E0582	M05_L_TO_L_ALL28	ALL28	L	L	G808-E0582	yk	ol	0	f51v	f51v	G808-P0192	f51v.5	5	6	H	A	1	3	EXACT	-0.0220315613361	35	-0.108444321485	1	-0.0240803230833	72	-0.0180064713155	2	-0.0274679556284	108	-0.0257341881762	110	-0.0323358954741	68	0.116265628551	4	0.0150450285284	6	-0.0239660866542	2	-0.154556205905	-0.17256267722	-0.162811778296	-0.139511177376	-0.178522292559
M05_L_TO_L_ALL28:G808-E0586	M05_L_TO_L_ALL28	ALL28	L	L	G808-E0586	yk	eol	1	f51v	f51v	G808-P0192	f51v.10	10	1	H	A	1	2	EXACT	-0.0220315613361	35	0	0	-0.0516619344997	72	0	0	-0.0449981986428	107	-0.0424665030326	107	-0.0592226458002	68	0.0768713785986	4	-0.0462580851305	6	0	0	-0.0736934958358	-0.0736934958358	-0.0812542071362	-0.119951580966	-0.0736934958358
M05_L_TO_L_ALL28:G808-E0639	M05_L_TO_L_ALL28	ALL28	L	L	G808-E0639	yk	eol	1	f58r	f58r	G808-P0207	f58r.13	13	4	S	A	3	3	EXACT	-0.117212389802	60	0.219132954579	2	0.0451845304023	71	0	0	-0.020892796785	133	-0.0182392609555	133	0.0528169281653	67	-0.0826579023142	4	-0.104283412402	6	0	0	0.14710509518	0.14710509518	0.154737492943	0.0428216827775	0.14710509518
M05_L_TO_L_ALL28:G808-E0667	M05_L_TO_L_ALL28	ALL28	L	L	G808-E0667	yk	ol	0	f66r	f66r	G808-P0215	f66r.58	58	10	T	B	5	3	EXACT	-0.117252522545	25	0.0743068877507	3	0.0236377159958	71	0	0	-0.0168137771062	99	-0.0142996796545	99	0.0295283708422	67	-0.0750312798786	4	0.0963656888604	6	0.449959321973	1	-0.019307918799	-0.019307918799	-0.0134172639525	0.0770577700614	0.430651403174
M05_L_TO_L_ALL28:G808-E1424	M05_L_TO_L_ALL28	ALL28	L	L	G808-E1424	yk	ol	0	f94v	f94v	G808-P0351	f94v.11	11	6	H	B	3	3	EXACT	-0.0213261318627	26	0.043714188106	1	-0.00307636222323	72	0.0424315230246	2	-0.0143541973005	99	-0.0117927948399	101	-0.00952005914026	68	0.106468630822	4	-0.0178325400589	6	-0.0482776714597	3	0.01931169402	0.0617432170447	0.012867997103	0.00147915396116	-0.0289659774396
M05_L_TO_L_ALL28:G808-E1455	M05_L_TO_L_ALL28	ALL28	L	L	G808-E1455	yk	ol	0	f99r	f99r	G808-P0363	f99r.18	18	3	P	A	1	3	EXACT	-0.0701362616784	15	-0.467348311634	3	-0.00332789548326	72	-0.154288124656	1	-0.0444918351035	90	-0.0436288725851	91	0.000740594536644	68	-0.0724907472281	4	-0.193444158588	6	-0.163404120552	1	-0.540812468795	-0.695100593452	-0.536743978776	-0.734256627383	-0.704216589347
M05_L_TO_L_ALL28:G808-E1494	M05_L_TO_L_ALL28	ALL28	L	L	G808-E1494	yk	eol	1	f99v	f99v	G808-P0370	f99v.42	42	7	P	A	1	2	EXACT	0.0317635555472	15	-0.111208449443	1	0.0123472678756	72	0.114117876296	2	0.00403765541763	88	0.00785949310539	90	0.00817407182362	68	0.0832930198859	4	-0.0399391600229	6	0.15604319074	2	-0.0670976260203	0.0470202502756	-0.0712708220722	-0.107036786043	0.0889455647197
M05_L_TO_L_ALL28:G808-E1515	M05_L_TO_L_ALL28	ALL28	L	L	G808-E1515	yt	ol	0	f102r1	f102r	G808-P0374	f102r1.5	5	1	P	A	1	2	EXACT	0.125502336043	5	0.0229802126046	1	-0.0136618521248	72	0	0	-0.0268472985223	78	-0.0243338499249	78	-0.020802396842	68	0.10772779416	4	0.0572314545699	6	0	0	0.134820696523	0.134820696523	0.127680151805	0.192052151092	0.134820696523
M05_L_TO_L_ALL28:G808-E0139	M05_L_TO_L_ALL28	ALL28	L	L	G808-E0139	yt	ol	0	f15r	f15r	G808-P0048	f15r.14	14	6	H	A	1	2	EXACT	-0.259136836456	47	0	0	-0.0621472970862	72	-0.169208637332	2	-0.139329893408	119	-0.13824594823	121	-0.0712170793113	68	0.092039339232	4	0.00291742514228	6	-0.295224939636	3	-0.321284133542	-0.490492770874	-0.330353915768	-0.3183667084	-0.616509073178
M05_L_TO_L_ALL28:G808-E0182	M05_L_TO_L_ALL28	ALL28	L	L	G808-E0182	yt	ol	0	f18r	f18r	G808-P0060	f18r.6	6	4	H	A	1	3	EXACT	-0.387584342849	26	0.145222987437	2	-0.0366317341822	72	-0.0212169252338	3	-0.13194394327	100	-0.127771028987	103	-0.0348564130332	68	-0.0668118938305	4	-0.0832311927496	6	-0.0212238365646	3	-0.278993089594	-0.300210014827	-0.277217768445	-0.362224282343	-0.300216926158
M05_L_TO_L_ALL28:G808-E0187	M05_L_TO_L_ALL28	ALL28	L	L	G808-E0187	yt	ol	0	f18v	f18v	G808-P0061	f18v.9	9	4	H	A	1	2	EXACT	-0.347214065374	39	0	0	-0.0209934251434	72	-0.262016581808	3	-0.137727529304	111	-0.139878933122	114	-0.0302117794421	68	0.13571881314	4	-0.0817236154868	6	-0.266941607951	3	-0.368207490517	-0.630224072325	-0.377425844816	-0.449931106004	-0.635149098468
M05_L_TO_L_ALL28:G808-E0194	M05_L_TO_L_ALL28	ALL28	L	L	G808-E0194	yt	ol	0	f19v	f19v	G808-P0063	f19v.3	3	5	H	A	1	2	EXACT	-0.334924409437	17	-0.407659534415	1	-0.0564010958073	72	0	0	-0.124589116327	90	-0.122150250317	90	-0.0630894436544	68	0.0573010988988	4	-0.0059425436075	6	-0.314142244401	2	-0.798985039659	-0.798985039659	-0.805673387506	-0.804927583266	-1.11312728406
M05_L_TO_L_ALL28:G808-E0217	M05_L_TO_L_ALL28	ALL28	L	L	G808-E0217	yt	eol	1	f21r	f21r	G808-P0072	f21r.11	11	8	H	A	1	2	EXACT	-0.115070373812	23	0	0	-0.060540403132	72	0.461675835559	1	-0.0824503420276	95	-0.0748640877268	96	-0.0534893354588	68	-0.180408185855	4	-0.159352603682	6	0.461930212605	1	-0.175610776944	0.286065058615	-0.168559709271	-0.334963380626	0.286319435661
M05_L_TO_L_ALL28:G808-E0295	M05_L_TO_L_ALL28	ALL28	L	L	G808-E0295	yt	eol	1	f28r	f28r	G808-P0095	f28r.9	9	3	H	A	1	2	EXACT	-0.300429494685	30	0	0	-0.0459795504852	72	0	0	-0.126626178856	102	-0.124122531383	102	-0.0452821787387	68	-0.0578345855328	4	-0.106936699023	6	0	0	-0.346409045171	-0.346409045171	-0.345711673424	-0.453345744193	-0.346409045171
M05_L_TO_L_ALL28:G808-E0371	M05_L_TO_L_ALL28	ALL28	L	L	G808-E0371	yt	ol	0	f36v	f36v	G808-P0127	f36v.12	12	1	H	A	1	2	EXACT	-0.289350475727	20	0	0	-0.0322888429186	72	-0.248226330354	1	-0.0985337548214	92	-0.0982484744213	93	-0.0422082840393	68	0.136341997345	4	-0.038923849274	6	-0.247627698718	1	-0.321639318646	-0.569865648999	-0.331558759767	-0.36056316792	-0.569267017364
M05_L_TO_L_ALL28:G808-E0442	M05_L_TO_L_ALL28	ALL28	L	L	G808-E0442	yt	ol	0	f43r	f43r	G808-P0155	f43r.11	11	11	H	B	2	3	EXACT	0.0786991584912	20	-0.282328774729	1	0.00919379977161	72	0.285449624796	1	0.010478573011	93	0.0152924254073	94	0.00205930576821	68	0.130480525618	4	0.0106826497958	6	0.285637709766	1	-0.194435816466	0.0910138083296	-0.201570310469	-0.18375316667	0.0912018933
M05_L_TO_L_ALL28:G808-E0593	M05_L_TO_L_ALL28	ALL28	L	L	G808-E0593	yt	ol	0	f52v	f52v	G808-P0194	f52v.3	3	6	H	A	1	2	EXACT	-0.236815972306	19	-0.182035910957	1	0.00292281395018	72	0	0	-0.0592918421	92	-0.0568709624388	92	-0.00438838775921	68	0.12721357946	4	-0.121041717179	6	0	0	-0.415929069312	-0.415929069312	-0.423240271022	-0.536970786491	-0.415929069312
M05_L_TO_L_ALL28:G808-E0634	M05_L_TO_L_ALL28	ALL28	L	L	G808-E0634	yt	ol	0	f56v	f56v	G808-P0206	f56v.10	10	5	H	A	1	3	EXACT	-0.201269243219	22	-0.074577644527	2	-0.0439723985679	72	0	0	-0.0900789631102	96	-0.0876217905335	96	-0.0542835659654	68	0.131317745023	4	0.0304384625378	6	0	0	-0.319819286314	-0.319819286314	-0.330130453711	-0.289380823776	-0.319819286314
M05_L_TO_L_ALL28:G808-E1237	M05_L_TO_L_ALL28	ALL28	L	L	G808-E1237	yt	eol	1	f85r1	f85r	G808-P0309	f85r1.28	28	2	T	B	2	3	EXACT	0.154928088717	16	0.647009982081	2	0.037404096376	72	0	0	0.0587763019862	90	0.0612171216948	90	0.0420618251158	68	-0.0417827389688	4	-0.0310143785474	6	0	0	0.839342167175	0.839342167175	0.843999895914	0.808327788627	0.839342167175
M05_L_TO_L_ALL28:G808-E1440	M05_L_TO_L_ALL28	ALL28	L	L	G808-E1440	yt	ol	0	f96r	f96r	G808-P0361	f96r.2	2	1	H	A	1	2	EXACT	-0.148712047594	40	0.205624811354	1	-0.0418507318732	72	0	0	-0.0790523032986	113	-0.0767756447331	113	-0.0512502108861	68	0.117940841159	4	0.0407886962383	6	0	0	0.0150620318864	0.0150620318864	0.00566255287352	0.0558507281247	0.0150620318864
M05_L_TO_L_ALL28:G808-E0091	M05_L_TO_L_ALL28	ALL28	L	L	G808-E0091	yt	ol	0	f9r	f9r	G808-P0030	f9r.4	4	8	H	A	1	3	EXACT	-0.343893586353	25	-0.160728179665	1	-0.0606788957072	72	-0.08377452833	2	-0.141993779447	98	-0.139398504098	100	-0.0538132407576	68	-0.177394727545	4	-0.110359554642	6	-0.0824299507373	2	-0.565300661726	-0.649075190056	-0.558435006776	-0.675660216367	-0.647730612463
M06_DY_TO_DY_ALL28:G808-E1538	M06_DY_TO_DY_ALL28	ALL28	DY	DY	G808-E1538	ch	eody	1	f102v1	f102v	G808-P0378	f102v1.21	21	7	P	A	1	2	EXACT	0.184433998559	13	0	0	0.0992428208468	72	0	0	0.144777289166	85	0.14383800971	85	0.109798210773	68	-0.0802102585519	4	-0.0858690677867	6	0	0	0.283676819406	0.283676819406	0.294232209332	0.197807751619	0.283676819406
M06_DY_TO_DY_ALL28:G808-E1559	M06_DY_TO_DY_ALL28	ALL28	DY	DY	G808-E1559	ch	edy	0	f103r	f103r	G808-P0384	f103r.13	13	8	S	B	3	3	EXACT	-0.823052000194	2	-0.0204471205669	2	-0.017204699173	72	-0.101613149021	1	0.0124075110403	76	0.010373054006	77	-0.0110450959271	68	-0.121927311946	4	-0.11890217399	6	-0.103631364633	1	-0.860703819934	-0.962316968955	-0.854544216688	-0.979605993924	-0.964335184567
M06_DY_TO_DY_ALL28:G808-E1563	M06_DY_TO_DY_ALL28	ALL28	DY	DY	G808-E1563	ch	edy	0	f103r	f103r	G808-P0386	f103r.19	19	6	S	B	3	3	EXACT	-0.81592231421	8	-0.182604637152	1	-0.0373386746884	72	-0.188789091832	3	-0.0750727948935	81	-0.0791851480317	84	-0.0317480761268	68	-0.132388207828	4	-0.165551571778	6	-0.194238903466	3	-1.03586562605	-1.22465471788	-1.03027502749	-1.20141719783	-1.23010452952
M06_DY_TO_DY_ALL28:G808-E1570	M06_DY_TO_DY_ALL28	ALL28	DY	DY	G808-E1570	ch	edy	0	f103r	f103r	G808-P0389	f103r.28	28	5	S	B	3	3	EXACT	0.147518381592	7	-0.245979939968	2	-0.0478528396936	72	0.257985342538	3	0.00640905491272	81	0.0153428655089	84	-0.0428807214264	68	-0.132388207828	4	0.173239551917	6	0.252153804602	3	-0.14631439807	0.111670944468	-0.141342279803	0.0269251538474	0.105839406532
M06_DY_TO_DY_ALL28:G808-E1571	M06_DY_TO_DY_ALL28	ALL28	DY	DY	G808-E1571	ch	edy	0	f103r	f103r	G808-P0389	f103r.29	29	6	S	B	3	2	EXACT	0.147518381592	7	0	0	-0.0320660156251	72	0.131878706431	1	0.0267453726337	79	0.0274950997987	80	-0.0313660241276	68	-0.043975228674	4	0.209602032448	6	0.103149137501	1	0.115452365966	0.247331072397	0.116152357464	0.325054398414	0.218601503468
M06_DY_TO_DY_ALL28:G808-E1575	M06_DY_TO_DY_ALL28	ALL28	DY	DY	G808-E1575	ch	edy	0	f103r	f103r	G808-P0392	f103r.36	36	2	S	B	3	3	EXACT	-0.414935039156	7	-0.0749419572132	4	0.00928655210374	72	-0.104899657387	2	0.0111210600714	83	0.0080706361816	85	-0.00249652708059	68	0.209589540645	4	0.322047014337	6	-0.226748135327	2	-0.480590444265	-0.585490101653	-0.49237352345	-0.158543429928	-0.707338579592
M06_DY_TO_DY_ALL28:G808-E1582	M06_DY_TO_DY_ALL28	ALL28	DY	DY	G808-E1582	ch	edy	0	f103r	f103r	G808-P0398	f103r.53	53	6	S	B	3	3	EXACT	-0.329161823615	10	-0.173553017728	1	-0.0183558365362	72	-0.237822877989	3	-0.0198464513856	83	-0.0275197049355	86	-0.0122639472529	68	-0.121927311946	4	-0.166782013791	6	-0.194263680942	4	-0.521070677879	-0.758893555868	-0.514978788596	-0.68785269167	-0.715334358821
M06_DY_TO_DY_ALL28:G808-E1584	M06_DY_TO_DY_ALL28	ALL28	DY	DY	G808-E1584	ch	edy	0	f103v	f103v	G808-P0399	f103v.3	3	3	S	B	3	3	EXACT	-0.528495885061	20	0.00651563272405	5	-0.0440951429554	72	0.0970402203769	2	-0.118886759302	97	-0.115358265187	99	-0.0555302351119	68	0.150304253702	4	0.115307454149	6	0.0408501337428	2	-0.566075395293	-0.469035174916	-0.577510487449	-0.450767941143	-0.52522526155
M06_DY_TO_DY_ALL28:G808-E1594	M06_DY_TO_DY_ALL28	ALL28	DY	DY	G808-E1594	ch	edy	0	f103v	f103v	G808-P0404	f103v.17	17	2	S	B	3	2	EXACT	0.0363354247264	5	-0.19309053866	2	-0.0310619274027	72	-0.210655946606	3	0.0118455465311	79	0.003626113819	82	-0.0449182880006	68	0.20449903276	4	-0.0406090167957	6	-0.237878342335	3	-0.187817041336	-0.398472987942	-0.201673401934	-0.228426058132	-0.425695383671
M06_DY_TO_DY_ALL28:G808-E1597	M06_DY_TO_DY_ALL28	ALL28	DY	DY	G808-E1597	ch	edy	0	f103v	f103v	G808-P0404	f103v.18	18	6	S	B	3	3	EXACT	0.0363354247264	5	-0.23598647717	1	-0.0561467154863	72	0.103818417483	1	-0.0095928373082	78	-0.00933834729525	79	-0.049860186869	68	-0.163014871983	4	-0.115834248037	6	0.0355623305237	1	-0.25579776793	-0.151979350447	-0.249511239312	-0.371632015967	-0.220235437406
M06_DY_TO_DY_ALL28:G808-E1606	M06_DY_TO_DY_ALL28	ALL28	DY	DY	G808-E1606	ch	edy	0	f103v	f103v	G808-P0407	f103v.31	31	7	S	B	3	3	EXACT	-0.892463356823	2	-0.0196860987678	6	-0.00543287865689	72	0.357286731398	1	0.018140783262	80	0.0211322803883	81	0.00383681683276	68	-0.163014871983	4	0.221225687126	6	0.063287271833	3	-0.917582334247	-0.560295602849	-0.908312638758	-0.696356647121	-0.854295062414
M06_DY_TO_DY_ALL28:G808-E1607	M06_DY_TO_DY_ALL28	ALL28	DY	DY	G808-E1607	ch	edy	0	f103v	f103v	G808-P0407	f103v.32	32	6	S	B	3	2	EXACT	-0.892463356823	2	-0.160788680044	1	-0.0274009691466	72	0	0	-0.00418344883127	75	-0.00594751740109	75	-0.0237958450718	68	-0.08868524842	4	0.278095536671	6	0	0	-1.08065300601	-1.08065300601	-1.07704788194	-0.802557469343	-1.08065300601
M06_DY_TO_DY_ALL28:G808-E1608	M06_DY_TO_DY_ALL28	ALL28	DY	DY	G808-E1608	ch	eody	1	f103v	f103v	G808-P0408	f103v.33	33	6	S	B	3	3	EXACT	-0.485424625489	19	-0.202274061451	2	-0.0372323894285	72	0.244626224265	2	-0.108894232078	93	-0.102246188446	95	-0.029833253396	68	-0.163014871983	4	0.238843303008	6	0.248385262701	2	-0.724931076369	-0.480304852104	-0.717531940336	-0.486087773361	-0.476545813668
M06_DY_TO_DY_ALL28:G808-E1616	M06_DY_TO_DY_ALL28	ALL28	DY	DY	G808-E1616	ch	edy	0	f104r	f104r	G808-P0412	f104r.1	1	2	S	B	3	2	EXACT	-0.000802823855881	22	0	0	-0.0156638641543	72	0	0	0.00885798376913	94	0.00786032526467	94	-0.0280563585095	68	0.194997812094	4	-0.0941930340165	6	0	0	-0.0164666880102	-0.0164666880102	-0.0288591823654	-0.110659722027	-0.0164666880102
M06_DY_TO_DY_ALL28:G808-E1620	M06_DY_TO_DY_ALL28	ALL28	DY	DY	G808-E1620	ch	edy	0	f104r	f104r	G808-P0413	f104r.7	7	7	S	B	3	3	EXACT	-0.229976743823	30	0.159150796176	1	-0.0114313711695	72	-0.209567300309	1	-0.060698793334	103	-0.0628799905044	104	-0.0051784191714	68	-0.117742282927	4	-0.143092083423	6	-0.208978818817	1	-0.0822573188166	-0.291824619125	-0.0760043668185	-0.225349402239	-0.291236137633
M06_DY_TO_DY_ALL28:G808-E1625	M06_DY_TO_DY_ALL28	ALL28	DY	DY	G808-E1625	ch	eody	1	f104r	f104r	G808-P0415	f104r.13	13	7	S	B	3	3	EXACT	0.204506599112	20	-0.209512368271	1	-0.0356934411381	72	0.150880455784	1	0.0373590042936	93	0.0378432812914	94	-0.0296768552247	68	-0.137986129455	4	-0.0217586718761	6	0.105395363686	1	-0.0406992102968	0.110181245487	-0.0346826243835	-0.0624578821729	0.0646961533893
M06_DY_TO_DY_ALL28:G808-E1626	M06_DY_TO_DY_ALL28	ALL28	DY	DY	G808-E1626	ch	edy	0	f104r	f104r	G808-P0416	f104r.17	17	5	S	B	3	3	EXACT	0.122377368739	8	0.134971192421	1	-0.034694954076	72	-0.133999646748	1	0.0222543483665	81	0.0196655495036	82	-0.031389079024	68	-0.0909055577507	4	-0.206903940074	6	-0.172865296728	1	0.222653607084	0.0886539603357	0.225959482136	0.0157496670099	0.0497883103557
M06_DY_TO_DY_ALL28:G808-E1639	M06_DY_TO_DY_ALL28	ALL28	DY	DY	G808-E1639	ch	edy	0	f104v	f104v	G808-P0426	f104v.6	6	7	S	B	3	3	EXACT	0	0	0.169211740616	1	0.00256123821645	72	0	0	0.0577743376181	73	0.0568718344049	73	0.0104139001773	68	-0.130944946152	4	-0.173345267426	6	-0.17407396147	2	0.171772978832	0.171772978832	0.179625640793	-0.00157228859409	-0.00230098263783
M06_DY_TO_DY_ALL28:G808-E1640	M06_DY_TO_DY_ALL28	ALL28	DY	DY	G808-E1640	ch	edy	0	f104v	f104v	G808-P0427	f104v.8	8	9	S	B	3	3	EXACT	-0.35570225194	13	0	0	-0.00766052832005	72	0	0	-0.0286522644687	85	-0.0295547676819	85	-0.000187376473745	68	-0.134715040742	4	0.075433169068	6	0	0	-0.36336278026	-0.36336278026	-0.355889628414	-0.287929611192	-0.36336278026
M06_DY_TO_DY_ALL28:G808-E1645	M06_DY_TO_DY_ALL28	ALL28	DY	DY	G808-E1645	ch	eody	1	f104v	f104v	G808-P0428	f104v.13	13	2	S	B	3	3	EXACT	-0.132507162134	4	0.0961378296398	3	0.0346071816193	72	0	0	0.073447397363	79	0.0725448941498	79	0.0238608182342	68	0.21728442813	4	-0.21431145987	6	0	0	-0.00176215087509	-0.00176215087509	-0.0125085142602	-0.216073610745	-0.00176215087509
M06_DY_TO_DY_ALL28:G808-E1647	M06_DY_TO_DY_ALL28	ALL28	DY	DY	G808-E1647	ch	edy	0	f104v	f104v	G808-P0429	f104v.15	15	8	S	B	3	3	EXACT	-0.434460598889	11	0	0	-0.0104379709907	72	0	0	-0.0315633332146	83	-0.0324658364277	83	-0.00312819812506	68	-0.134715040742	4	0.183234241503	6	0	0	-0.44489856988	-0.44489856988	-0.437588797014	-0.261664328377	-0.44489856988
M06_DY_TO_DY_ALL28:G808-E1654	M06_DY_TO_DY_ALL28	ALL28	DY	DY	G808-E1654	ch	edy	0	f104v	f104v	G808-P0431	f104v.25	25	12	S	B	3	3	EXACT	0.0731940337289	29	-0.152770651424	2	-0.0685496049189	72	0.0492169753881	2	-0.0166359065139	103	-0.0158378570054	105	-0.070132171142	68	-0.0416569101608	4	-0.0343318997739	6	0.371394016963	2	-0.148126222614	-0.0989092472263	-0.149708788838	-0.182458122388	0.223267794348
M06_DY_TO_DY_ALL28:G808-E1655	M06_DY_TO_DY_ALL28	ALL28	DY	DY	G808-E1655	ch	eody	1	f104v	f104v	G808-P0432	f104v.28	28	9	S	B	3	3	EXACT	0.425138949612	7	0.571625999876	1	-0.0281945116584	72	0	0	0.0598050379262	80	0.0589025347131	80	-0.0274032488662	68	-0.0416569101608	4	0.219789397804	6	0	0	0.96857043783	0.96857043783	0.969361700622	1.18835983563	0.96857043783
M06_DY_TO_DY_ALL28:G808-E1660	M06_DY_TO_DY_ALL28	ALL28	DY	DY	G808-E1660	ch	edy	0	f104v	f104v	G808-P0436	f104v.37	37	3	S	B	3	3	EXACT	-0.16254417044	15	-0.0421713701436	3	-0.00629573578186	72	0	0	-0.00448913013278	90	-0.00539163334596	90	-0.0160417901702	68	0.159376257785	4	0.100052827523	6	0	0	-0.211011276365	-0.211011276365	-0.220757330753	-0.110958448842	-0.211011276365
M06_DY_TO_DY_ALL28:G808-E1661	M06_DY_TO_DY_ALL28	ALL28	DY	DY	G808-E1661	ch	edy	0	f104v	f104v	G808-P0436	f104v.38	38	2	S	B	3	3	EXACT	-0.16254417044	15	-0.0654078429958	6	-0.0157614123126	72	-0.0814901023538	1	-0.0140557125257	93	-0.015426388652	94	-0.0294706341642	68	0.21728442813	4	0.181818470897	6	-0.0822149690044	1	-0.243713425748	-0.325203528102	-0.2574226476	-0.0618949548507	-0.325928394752
M06_DY_TO_DY_ALL28:G808-E1664	M06_DY_TO_DY_ALL28	ALL28	DY	DY	G808-E1664	ch	edy	0	f104v	f104v	G808-P0437	f104v.42	42	11	S	B	3	3	EXACT	-0.375639179085	22	-0.0185675455165	2	0.0301674418602	72	0	0	-0.0429901789736	96	-0.0438926821868	96	0.0343917607417	68	-0.0416569101608	4	0.0989549289461	6	0	0	-0.364039282742	-0.364039282742	-0.35981496386	-0.265084353796	-0.364039282742
M06_DY_TO_DY_ALL28:G808-E1670	M06_DY_TO_DY_ALL28	ALL28	DY	DY	G808-E1670	ch	eody	1	f105r	f105r	G808-P0441	f105r.14	14	8	S	B	3	3	EXACT	-0.0305595036755	13	0	0	-0.0110319245156	72	-1.08572411683	1	0.0207711929083	85	0.00723400212289	86	-0.00413333294999	68	-0.128323683816	4	0.132064461864	6	-1.09241731266	1	-0.0415914281911	-1.12731554502	-0.0346928366255	0.0904730336724	-1.13400874085
M06_DY_TO_DY_ALL28:G808-E1676	M06_DY_TO_DY_ALL28	ALL28	DY	DY	G808-E1676	ch	edy	0	f105r	f105r	G808-P0442	f105r.18	18	5	S	B	3	3	EXACT	0.0851871209352	19	0.108137890503	3	-0.0440561716318	71	-0.283738578949	2	0.0130349417076	93	0.00635347204697	95	-0.0389417866341	67	-0.129726524058	4	-0.0520827750601	6	-0.376311988306	2	0.149268839806	-0.134469739143	0.154383224804	0.0971860647463	-0.227043148499
M06_DY_TO_DY_ALL28:G808-E1683	M06_DY_TO_DY_ALL28	ALL28	DY	DY	G808-E1683	ch	edy	0	f105r	f105r	G808-P0443	f105r.25	25	3	S	B	3	2	EXACT	0.207213077838	11	0	0	-0.00533523228465	72	0	0	0.0606802642851	83	0.0597164510492	83	-0.00943197068576	68	0.0642936178495	4	0.134374237214	6	0	0	0.201877845554	0.201877845554	0.197781107152	0.336252082767	0.201877845554
M06_DY_TO_DY_ALL28:G808-E1687	M06_DY_TO_DY_ALL28	ALL28	DY	DY	G808-E1687	ch	eody	1	f105r	f105r	G808-P0445	f105r.30	30	8	S	B	3	3	EXACT	-0.116299183651	6	-0.267819853131	2	0.00864180250504	72	0	0	0.0377980858888	80	0.036834272653	80	0.0221056564642	68	-0.220259417485	4	0.250712520658	6	0	0	-0.375477234276	-0.375477234276	-0.362013380317	-0.124764713618	-0.375477234276
M06_DY_TO_DY_ALL28:G808-E1690	M06_DY_TO_DY_ALL28	ALL28	DY	DY	G808-E1690	ch	edy	0	f105r	f105r	G808-P0447	f105r.36	36	5	S	B	3	3	EXACT	-0.509815034824	11	0.0223923198066	2	-0.0420483123891	72	-0.0974670456178	3	-0.0637166537777	85	-0.0649724744462	88	-0.0368916942135	68	-0.129726524058	4	0.0410777326579	6	-0.117788314356	3	-0.529471027406	-0.626938073024	-0.52431440923	-0.488393294748	-0.647259341762
M06_DY_TO_DY_ALL28:G808-E1693	M06_DY_TO_DY_ALL28	ALL28	DY	DY	G808-E1693	ch	edy	0	f105v	f105v	G808-P0449	f105v.5	5	4	S	B	3	3	EXACT	0.025861251615	13	0.409902231781	1	0.00642424229051	72	-0.15292035876	2	0.0473797549888	86	0.0424721146822	88	0.00660732568585	68	0.00330048359925	4	0.189618158747	6	-0.114529312941	2	0.442187725686	0.289267366926	0.442370809082	0.631805884434	0.327658412745
M06_DY_TO_DY_ALL28:G808-E1697	M06_DY_TO_DY_ALL28	ALL28	DY	DY	G808-E1697	ch	edy	0	f105v	f105v	G808-P0450	f105v.10	10	10	S	B	3	4	EXACT	-0.0567164814161	33	0.00507385750444	4	-0.0214407550245	71	0	0	-0.0211636601281	108	-0.0220255475359	108	-0.0158031350053	67	-0.115874027879	4	0.199614739041	6	0.0738379006988	2	-0.0730833789361	-0.0730833789361	-0.067445758917	0.126531360105	0.000754521762688
M06_DY_TO_DY_ALL28:G808-E1703	M06_DY_TO_DY_ALL28	ALL28	DY	DY	G808-E1703	ch	edy	0	f105v	f105v	G808-P0457	f105v.35	35	9	S	B	3	3	EXACT	-0.0196277864536	38	0.673304737556	1	-0.0385929436344	72	0.2651617739	3	-0.019828010893	111	-0.0126036674852	114	-0.0335999209289	68	-0.123485670598	4	0.130074943911	6	0.2069045892	3	0.615084007468	0.880245781368	0.620077030173	0.745158951379	0.821988596668
M06_DY_TO_DY_ALL28:G808-E1705	M06_DY_TO_DY_ALL28	ALL28	DY	DY	G808-E1705	ch	eody	1	f105v	f105v	G808-P0457	f105v.38	38	1	S	B	3	2	EXACT	-0.0196277864536	38	0	0	-0.0146871805951	72	0	0	-0.0106335447858	110	-0.0114954321936	110	-0.0205067630327	68	0.0842343798735	4	0.12769533957	6	0	0	-0.0343149670487	-0.0343149670487	-0.0401345494863	0.0933803725217	-0.0343149670487
M06_DY_TO_DY_ALL28:G808-E1721	M06_DY_TO_DY_ALL28	ALL28	DY	DY	G808-E1721	ch	edy	0	f106r	f106r	G808-P0462	f106r.14	14	7	S	B	3	2	EXACT	0.193111164847	7	0	0	-0.0413462467068	72	0.562393963105	1	0.022201656066	79	0.0283542238743	80	-0.0344418666735	68	-0.158730460805	4	-0.142882188585	6	0.561371497452	1	0.151764918141	0.714158881246	0.158669298174	0.00888272955538	0.713136415593
M06_DY_TO_DY_ALL28:G808-E1729	M06_DY_TO_DY_ALL28	ALL28	DY	DY	G808-E1729	ch	edy	0	f106r	f106r	G808-P0464	f106r.20	20	7	S	B	3	3	EXACT	-0.460001415991	14	-0.0464922919836	3	-0.0451953179687	72	-0.0799680675936	1	-0.0788677146343	89	-0.079512152729	90	-0.0410279365741	68	-0.116050555209	4	0.209746297859	6	-1.00329344717	1	-0.551689025943	-0.631657093537	-0.547521644549	-0.341942728084	-1.55498247311
M06_DY_TO_DY_ALL28:G808-E1742	M06_DY_TO_DY_ALL28	ALL28	DY	DY	G808-E1742	ch	eody	1	f106r	f106r	G808-P0471	f106r.39	39	5	S	B	3	3	EXACT	-0.0549378453582	14	-0.262343054144	1	-0.0602156050219	72	0.0505331216045	2	-0.0297655021086	87	-0.0283284228464	89	-0.0562782171965	68	-0.127160951586	4	0.0164283456138	6	0.377900424146	2	-0.377496504524	-0.32696338292	-0.373559116699	-0.361068158911	0.000403919621564
M06_DY_TO_DY_ALL28:G808-E1755	M06_DY_TO_DY_ALL28	ALL28	DY	DY	G808-E1755	ch	edy	0	f106v	f106v	G808-P0484	f106v.35	35	9	S	B	3	3	EXACT	-0.0196576457844	11	-0.274011947581	3	-0.0250029592763	72	0.319823187279	1	0.00214011475151	86	0.0051954555172	87	-0.0156700286	68	-0.183673763939	4	-0.239192868027	6	0.162271333696	2	-0.318672552642	0.00115063463715	-0.309339621966	-0.557865420669	-0.156401218946
M06_DY_TO_DY_ALL28:G808-E1763	M06_DY_TO_DY_ALL28	ALL28	DY	DY	G808-E1763	ch	edy	0	f107r	f107r	G808-P0489	f107r.5	5	7	S	B	3	3	EXACT	-0.568359952558	17	0.154693021657	1	-0.0110036134376	72	-0.157979583224	1	-0.0870435271937	90	-0.088463014156	91	-0.00391482354882	68	-0.131523899402	4	-0.141510522764	6	-0.0929436252028	2	-0.424670544339	-0.582650127563	-0.41758175445	-0.566181067103	-0.517614169542
M06_DY_TO_DY_ALL28:G808-E1765	M06_DY_TO_DY_ALL28	ALL28	DY	DY	G808-E1765	ch	edy	0	f107r	f107r	G808-P0490	f107r.9	9	6	S	B	3	3	EXACT	-0.267566129516	24	-0.149345998572	2	-0.0522511118506	72	-0.158858098201	1	-0.087869155165	98	-0.0892468306067	99	-0.0474264131577	68	-0.134281847485	4	-0.0465767015887	6	-0.176121601275	2	-0.469163239939	-0.62802133814	-0.464338541246	-0.515739941527	-0.645284841214
M06_DY_TO_DY_ALL28:G808-E1772	M06_DY_TO_DY_ALL28	ALL28	DY	DY	G808-E1772	ch	eody	1	f107r	f107r	G808-P0494	f107r.26	26	9	S	B	3	3	EXACT	0	0	0.00705848722532	3	-0.0439289282297	72	-0.193055931294	1	0.0112791651507	75	0.00800100099023	76	-0.0452572802941	68	-0.0213578009902	4	0.1070212256	6	-0.194247845079	1	-0.0368704410044	-0.229926372299	-0.0381987930688	0.0701507845955	-0.231118286083
M06_DY_TO_DY_ALL28:G808-E1775	M06_DY_TO_DY_ALL28	ALL28	DY	DY	G808-E1775	ch	edy	0	f107r	f107r	G808-P0497	f107r.35	35	7	S	B	3	3	EXACT	-0.222873251054	17	-0.198672066657	2	-0.0431578725572	72	0.0712293779434	2	-0.0528593598895	91	-0.0505862548488	93	-0.0383125765128	68	-0.125538763166	4	-0.130737582064	6	0.070037464159	2	-0.464703190268	-0.393473812325	-0.459857894224	-0.595440772333	-0.394665726109
M06_DY_TO_DY_ALL28:G808-E1778	M06_DY_TO_DY_ALL28	ALL28	DY	DY	G808-E1778	ch	edy	0	f107r	f107r	G808-P0500	f107r.45	45	2	S	B	3	3	EXACT	-0.302969470304	10	-0.181796335367	2	-0.014392355822	72	-0.0137695968194	1	-0.0158810713659	84	-0.0164781658586	85	-0.0271722771017	68	0.202855448079	4	0.190276248259	6	-0.254459060827	1	-0.499158161493	-0.512927758312	-0.511938082773	-0.308881913234	-0.75361722232
M06_DY_TO_DY_ALL28:G808-E1782	M06_DY_TO_DY_ALL28	ALL28	DY	DY	G808-E1782	ch	edy	0	f107v	f107v	G808-P0502	f107v.2	2	8	S	B	3	3	EXACT	-0.16919853669	21	-0.239609465849	5	-0.0495023849729	72	-0.362742925807	1	-0.063313936543	98	-0.0669004390477	99	-0.0464028468298	68	-0.102205258592	4	-0.196560067779	6	-0.231141948517	1	-0.458310387512	-0.821053313319	-0.455210849368	-0.654870455291	-0.689452336029
M06_DY_TO_DY_ALL28:G808-E1795	M06_DY_TO_DY_ALL28	ALL28	DY	DY	G808-E1795	ch	eody	1	f107v	f107v	G808-P0505	f107v.14	14	7	S	B	3	3	EXACT	-0.306547088125	20	-0.0202396582997	2	-0.0398873423861	72	-0.0585325733778	3	-0.0732491042469	94	-0.072940803198	97	-0.0359719357758	68	-0.106459979948	4	0.0196630380682	6	-0.0748522973374	3	-0.366674088811	-0.425206662189	-0.3627586822	-0.347011050743	-0.441526386148
M06_DY_TO_DY_ALL28:G808-E1801	M06_DY_TO_DY_ALL28	ALL28	DY	DY	G808-E1801	ch	eody	1	f107v	f107v	G808-P0507	f107v.20	20	7	S	B	3	3	EXACT	0	0	-0.663169625057	1	-0.0315262468977	71	0	0	0.0119157087046	72	0.0111524092783	72	-0.0270527624514	67	-0.106459979948	4	-0.155825874304	6	-0.119061969261	1	-0.694695871954	-0.694695871954	-0.690222387508	-0.850521746258	-0.813757841215
M06_DY_TO_DY_ALL28:G808-E1810	M06_DY_TO_DY_ALL28	ALL28	DY	DY	G808-E1810	ch	eody	1	f107v	f107v	G808-P0510	f107v.29	29	3	S	B	3	3	EXACT	0	0	0	0	-0.0301639866146	72	-0.634522153486	1	0.022616978627	72	0.013124812795	73	-0.0384236396977	68	0.11023939061	4	-0.113319615201	6	-0.231478292065	2	-0.0301639866146	-0.6646861401	-0.0384236396977	-0.143483601816	-0.261642278679
M06_DY_TO_DY_ALL28:G808-E1816	M06_DY_TO_DY_ALL28	ALL28	DY	DY	G808-E1816	ch	edy	0	f107v	f107v	G808-P0512	f107v.35	35	8	S	B	3	3	EXACT	-0.408505334756	7	-0.191883691529	1	0.0066464784786	72	0	0	0.00820177699809	80	0.00743847757188	80	0.0151497015699	68	-0.137919039259	4	-0.116533306837	6	-0.259503947463	1	-0.593742547807	-0.593742547807	-0.585239324715	-0.710275854644	-0.85324649527
M06_DY_TO_DY_ALL28:G808-E1818	M06_DY_TO_DY_ALL28	ALL28	DY	DY	G808-E1818	ch	edy	0	f107v	f107v	G808-P0513	f107v.37	37	4	S	B	3	3	EXACT	-0.074239807804	19	-0.196897576202	3	-0.0152950869977	72	0	0	-0.00903475974924	94	-0.00979805917545	94	-0.0145260523715	68	-0.0283794008293	4	0.023101700435	6	-0.033564381313	1	-0.286432471003	-0.286432471003	-0.285663436377	-0.263330770568	-0.319996852316
M06_DY_TO_DY_ALL28:G808-E1821	M06_DY_TO_DY_ALL28	ALL28	DY	DY	G808-E1821	ch	edy	0	f107v	f107v	G808-P0516	f107v.46	46	6	S	B	3	3	EXACT	-0.144701437056	22	-0.169151243336	3	-0.0694351286616	72	0.12276927517	2	-0.0689375434459	97	-0.0654253135164	99	-0.0675081048531	68	-0.102205258592	4	-0.0814674737441	6	0.0971873755243	2	-0.383287809054	-0.260518533884	-0.381360785245	-0.464755282798	-0.286100433529
M06_DY_TO_DY_ALL28:G808-E1833	M06_DY_TO_DY_ALL28	ALL28	DY	DY	G808-E1833	ch	edy	0	f108r	f108r	G808-P0519	f108r.9	9	3	S	B	3	3	EXACT	-0.0952402801878	29	-0.11446234147	3	-0.0242952674097	72	0	0	-0.0312243500519	104	-0.0319998587843	104	-0.0379976599525	68	0.208633414573	4	-0.237220497133	6	0	0	-0.233997889068	-0.233997889068	-0.24770028161	-0.4712183862	-0.233997889068
M06_DY_TO_DY_ALL28:G808-E1837	M06_DY_TO_DY_ALL28	ALL28	DY	DY	G808-E1837	ch	edy	0	f108r	f108r	G808-P0521	f108r.18	18	6	S	B	3	3	EXACT	-0.555110853872	7	0.0110323978064	4	0.017231853528	72	0	0	0.013868261435	83	0.0130927527026	83	0.0249413308128	68	-0.113841251557	4	-0.412616403148	6	0	0	-0.526846602537	-0.526846602537	-0.519137125252	-0.939463005685	-0.526846602537
M06_DY_TO_DY_ALL28:G808-E1856	M06_DY_TO_DY_ALL28	ALL28	DY	DY	G808-E1856	ch	edy	0	f108r	f108r	G808-P0525	f108r.32	32	2	S	B	3	2	EXACT	-0.803097578981	7	0.665386973234	1	-0.0168474199961	72	0.138486995621	1	-0.0310267875675	80	-0.0294440415073	81	-0.0302423243239	68	0.210853962331	4	0.0239062833236	6	0.0563932421896	2	-0.154558025743	-0.0160710301219	-0.167952930071	-0.130651742419	-0.0981647835532
M06_DY_TO_DY_ALL28:G808-E1863	M06_DY_TO_DY_ALL28	ALL28	DY	DY	G808-E1863	ch	edy	0	f108r	f108r	G808-P0526	f108r.36	36	9	S	B	3	2	EXACT	-0.272415888099	4	-0.203866882425	1	0.0285615540315	72	-0.0319699289064	1	0.0615530528387	77	0.0598542347892	78	0.0330746232075	68	-0.048172613204	4	0.0107281885727	6	-0.0358017167241	1	-0.447721216492	-0.479691145399	-0.443208147316	-0.43699302792	-0.483522933216
M06_DY_TO_DY_ALL28:G808-E1865	M06_DY_TO_DY_ALL28	ALL28	DY	DY	G808-E1865	ch	edy	0	f108r	f108r	G808-P0527	f108r.37	37	5	S	B	3	3	EXACT	-0.71392022667	3	-0.0264496155394	2	-0.0544491018512	72	-0.129973189024	1	-0.0262362219807	77	-0.0280659885596	78	-0.0509561513535	68	-0.113841251557	4	-0.144923507249	6	0.13414571439	2	-0.79481894406	-0.924792133085	-0.791325993562	-0.93974245131	-0.66067322967
M06_DY_TO_DY_ALL28:G808-E1869	M06_DY_TO_DY_ALL28	ALL28	DY	DY	G808-E1869	ch	edy	0	f108r	f108r	G808-P0528	f108r.41	41	7	S	B	3	3	EXACT	-0.0437968760554	12	0.0147818679193	1	-0.0111259488018	72	0.0145208282622	1	0.0222681316491	85	0.0216525944472	86	-0.00339936957858	68	-0.14248978684	4	-0.0784224297781	6	0.0905615654143	1	-0.0401409569379	-0.0256201286757	-0.0324143777147	-0.118563386716	0.0504206084764
M06_DY_TO_DY_ALL28:G808-E1870	M06_DY_TO_DY_ALL28	ALL28	DY	DY	G808-E1870	ch	eody	1	f108r	f108r	G808-P0528	f108r.44	44	6	S	B	3	2	EXACT	-0.0437968760554	12	-0.244778810148	2	-0.0260507536776	72	0	0	0.00390096344846	86	0.00312545471609	86	-0.0247501731904	68	-0.048172613204	4	0.223305420251	6	-0.27872016248	1	-0.314626439881	-0.314626439881	-0.313325859394	-0.0913210196299	-0.593346602361
M06_DY_TO_DY_ALL28:G808-E1872	M06_DY_TO_DY_ALL28	ALL28	DY	DY	G808-E1872	ch	edy	0	f108r	f108r	G808-P0529	f108r.45	45	8	S	B	3	3	EXACT	-0.219408973392	14	-0.0999957918428	4	-0.0334620104008	72	0	0	-0.0311610327131	90	-0.0319365414455	90	-0.027049317154	68	-0.14248978684	4	-0.319487831569	6	0.402096405622	1	-0.352866775635	-0.352866775635	-0.346454082388	-0.672354607204	0.0492296299867
M06_DY_TO_DY_ALL28:G808-E1895	M06_DY_TO_DY_ALL28	ALL28	DY	DY	G808-E1895	ch	edy	0	f108v	f108v	G808-P0535	f108v.16	16	9	S	B	3	3	EXACT	-0.374373393864	17	-0.155632621912	3	-0.0319660949639	71	0.208006841028	1	-0.0742717698361	91	-0.0717944593548	92	-0.021961711605	67	-0.199542631389	4	-0.226545728634	6	0.207514112022	1	-0.56197211074	-0.353965269712	-0.551967727381	-0.788517839374	-0.354457998717
M06_DY_TO_DY_ALL28:G808-E1896	M06_DY_TO_DY_ALL28	ALL28	DY	DY	G808-E1896	ch	edy	0	f108v	f108v	G808-P0535	f108v.17	17	3	S	B	3	3	EXACT	-0.374373393864	17	0	0	-0.0185780971681	72	0.127245551155	1	-0.0601084433851	89	-0.0586123212103	90	-0.029114447151	68	0.160528226721	4	-0.0912310395231	6	0.0992927133502	1	-0.392951491032	-0.265705939877	-0.403487841015	-0.484182530555	-0.293658777682
M06_DY_TO_DY_ALL28:G808-E1900	M06_DY_TO_DY_ALL28	ALL28	DY	DY	G808-E1900	ch	eody	1	f108v	f108v	G808-P0536	f108v.21	21	11	S	B	3	3	EXACT	-0.121850203572	39	-0.160716595028	2	-0.0385826894121	72	0	0	-0.0648539211264	113	-0.0656854450106	113	-0.0356946127029	68	-0.0876916192875	4	-0.0939157260197	6	0	0	-0.321149488012	-0.321149488012	-0.318261411302	-0.415065214031	-0.321149488012
M06_DY_TO_DY_ALL28:G808-E1910	M06_DY_TO_DY_ALL28	ALL28	DY	DY	G808-E1910	ch	edy	0	f108v	f108v	G808-P0537	f108v.32	32	8	S	B	3	3	EXACT	-0.35441143007	66	-0.101353695352	2	-0.0374789427555	72	0	0	-0.200349933959	140	-0.201181457844	140	-0.0279464684723	68	-0.199542631389	4	-0.138116165874	6	0	0	-0.493244068177	-0.493244068177	-0.483711593894	-0.631360234051	-0.493244068177
M06_DY_TO_DY_ALL28:G808-E1914	M06_DY_TO_DY_ALL28	ALL28	DY	DY	G808-E1914	ch	edy	0	f108v	f108v	G808-P0537	f108v.36	36	8	S	B	3	3	EXACT	-0.35441143007	66	-0.193332658652	3	-0.0357023664253	72	0	0	-0.200597420314	141	-0.201428944198	141	-0.0306584531955	68	-0.121460517151	4	-0.121259088228	6	0	0	-0.583446455147	-0.583446455147	-0.578402541917	-0.704705543375	-0.583446455147
M06_DY_TO_DY_ALL28:G808-E1918	M06_DY_TO_DY_ALL28	ALL28	DY	DY	G808-E1918	ch	edy	0	f108v	f108v	G808-P0537	f108v.39	39	12	S	B	3	3	EXACT	-0.35441143007	66	-0.0757962129272	4	-0.0332781367564	72	0	0	-0.195906669185	142	-0.196738193069	142	-0.030078027538	68	-0.0876916192875	4	0.225750491376	6	0	0	-0.463485779754	-0.463485779754	-0.460285670535	-0.237735288377	-0.463485779754
M06_DY_TO_DY_ALL28:G808-E1930	M06_DY_TO_DY_ALL28	ALL28	DY	DY	G808-E1930	ch	edy	0	f111r	f111r	G808-P0539	f111r.6	6	4	S	B	3	3	EXACT	-0.160071568043	103	-0.220406393783	6	-0.000767685981322	69	-0.117239834803	1	-0.132353097177	178	-0.133238061516	179	-0.00681783011952	65	0.0975635891969	4	-0.0916810122241	6	-0.117439065461	1	-0.381245647807	-0.498485482611	-0.387295791946	-0.472926660031	-0.498684713268
M06_DY_TO_DY_ALL28:G808-E1936	M06_DY_TO_DY_ALL28	ALL28	DY	DY	G808-E1936	ch	edy	0	f111r	f111r	G808-P0539	f111r.14	14	11	S	B	3	3	EXACT	-0.160071568043	103	0.304263838717	2	-0.0100260918661	69	0	0	-0.12830781363	174	-0.129440656413	174	-0.00588051821508	65	-0.0773752307636	4	-0.192133522699	6	0	0	0.134166178808	0.134166178808	0.138311752459	-0.0579673438911	0.134166178808
M06_DY_TO_DY_ALL28:G808-E1940	M06_DY_TO_DY_ALL28	ALL28	DY	DY	G808-E1940	ch	edy	0	f111r	f111r	G808-P0539	f111r.28	28	10	S	B	3	3	EXACT	-0.160071568043	103	0	0	-0.0436336454825	69	-0.120627014398	1	-0.146990875597	172	-0.147802210634	173	-0.0333780491223	65	-0.210270653404	4	-0.118910139592	6	-0.0611144915068	2	-0.203705213525	-0.324332227923	-0.193449617165	-0.322615353117	-0.264819705032
M06_DY_TO_DY_ALL28:G808-E1941	M06_DY_TO_DY_ALL28	ALL28	DY	DY	G808-E1941	ch	edy	0	f111r	f111r	G808-P0539	f111r.30	30	9	S	B	3	3	EXACT	-0.160071568043	103	-0.399463799407	1	-0.0428632700923	69	-0.218287180206	2	-0.148057961984	173	-0.149659058929	175	-0.0333435166046	65	-0.197542831336	4	0.181826216358	6	-0.0928291967227	2	-0.602398637542	-0.820685817748	-0.592878884055	-0.420572421184	-0.695227834265
M06_DY_TO_DY_ALL28:G808-E1944	M06_DY_TO_DY_ALL28	ALL28	DY	DY	G808-E1944	ch	eody	1	f111r	f111r	G808-P0540	f111r.41	41	3	S	B	3	3	EXACT	-0.0915564171775	14	0.252187158075	1	-0.018672731831	72	-0.263225643919	1	0.00643252769582	87	0.00256785317852	88	-0.0284107772174	68	0.146859145677	4	-0.0470207975657	6	-0.263424874576	1	0.141958009067	-0.121267634852	0.13221996368	0.0949372115009	-0.12146686551
M06_DY_TO_DY_ALL28:G808-E1950	M06_DY_TO_DY_ALL28	ALL28	DY	DY	G808-E1950	ch	edy	0	f111v	f111v	G808-P0544	f111v.4	4	11	S	B	3	3	EXACT	-0.2822834219	75	-0.0958935167419	2	0.00180733757322	72	0	0	-0.158809720736	149	-0.159554987064	149	0.00645452472411	68	-0.0772065724043	4	-0.209806193388	6	0	0	-0.376369601069	-0.376369601069	-0.371722413918	-0.586175794457	-0.376369601069
M06_DY_TO_DY_ALL28:G808-E1952	M06_DY_TO_DY_ALL28	ALL28	DY	DY	G808-E1952	ch	edy	0	f111v	f111v	G808-P0544	f111v.5	5	6	S	B	3	3	EXACT	-0.2822834219	75	-0.229024220646	3	-0.000598641745041	72	-0.330871940171	2	-0.16211838652	150	-0.16482826839	152	0.00688063556773	68	-0.127758084475	4	-0.190080196828	6	-0.452069414631	2	-0.511906284291	-0.842778224462	-0.504427006979	-0.70198648112	-0.963975698923
M06_DY_TO_DY_ALL28:G808-E1967	M06_DY_TO_DY_ALL28	ALL28	DY	DY	G808-E1967	ch	edy	0	f111v	f111v	G808-P0547	f111v.32	32	8	S	B	3	3	EXACT	-0.385684495798	12	0.00144287834292	3	-0.0325626344595	71	0.232281157072	3	-0.0493617059265	86	-0.0399580182489	89	-0.0277629816444	67	-0.11296006782	4	0.118992271546	6	0.198499837213	3	-0.416804251914	-0.184523094843	-0.412004599099	-0.297811980369	-0.218304414701
M06_DY_TO_DY_ALL28:G808-E1975	M06_DY_TO_DY_ALL28	ALL28	DY	DY	G808-E1975	ch	edy	0	f112r	f112r	G808-P0552	f112r.10	10	3	S	B	3	2	EXACT	-0.140080891597	28	0	0	-0.0313800958008	72	-0.113698696047	1	-0.0460370474551	100	-0.047534061765	101	-0.0323764070761	68	-0.0144537938814	4	0.317869587879	6	0.397276031732	2	-0.171460987398	-0.285159683445	-0.172457298673	0.146408600481	0.225815044334
M06_DY_TO_DY_ALL28:G808-E1979	M06_DY_TO_DY_ALL28	ALL28	DY	DY	G808-E1979	ch	edy	0	f112r	f112r	G808-P0554	f112r.18	18	9	S	B	3	3	EXACT	-0.0807808115545	15	-0.0692298890694	4	-0.0548770383377	72	0	0	-0.028797181582	91	-0.0299180723204	91	-0.0530484431483	68	-0.0859741463168	4	0.237794519686	6	0	0	-0.204887738962	-0.204887738962	-0.203059143772	0.0329067807246	-0.204887738962
M06_DY_TO_DY_ALL28:G808-E1985	M06_DY_TO_DY_ALL28	ALL28	DY	DY	G808-E1985	ch	edy	0	f112r	f112r	G808-P0556	f112r.26	26	2	S	B	3	1	EXACT	-0.197296449612	18	0	0	0.0149278653475	72	0	0	8.37724275268e-05	90	-0.00103711831085	90	0.00577179203918	68	0.17057012183	4	0.353532207416	6	0	0	-0.182368584264	-0.182368584264	-0.191524657573	0.171163623152	-0.182368584264
M06_DY_TO_DY_ALL28:G808-E1989	M06_DY_TO_DY_ALL28	ALL28	DY	DY	G808-E1989	ch	edy	0	f112r	f112r	G808-P0558	f112r.33	33	6	S	B	3	2	EXACT	-0.0779821334159	13	0	0	-0.0518184391277	72	0	0	-0.0212653523569	85	-0.0223862430952	85	-0.050719503203	68	-0.0705113396068	4	0.0307472738994	6	0	0	-0.129800572544	-0.129800572544	-0.128701636619	-0.0990532986443	-0.129800572544
M06_DY_TO_DY_ALL28:G808-E1991	M06_DY_TO_DY_ALL28	ALL28	DY	DY	G808-E1991	ch	edy	0	f112r	f112r	G808-P0559	f112r.35	35	6	S	B	3	3	EXACT	-0.458874304732	13	-0.0712931035918	5	-0.0513381239613	72	-0.138124912972	1	-0.0777986916686	90	-0.079256429148	91	-0.0472997595055	68	-0.12000130947	4	-0.0504678852952	6	-0.137850975528	1	-0.581505532285	-0.719630445257	-0.577467167829	-0.63197341758	-0.719356507813
M06_DY_TO_DY_ALL28:G808-E2003	M06_DY_TO_DY_ALL28	ALL28	DY	DY	G808-E2003	ch	edy	0	f112v	f112v	G808-P0566	f112v.16	16	6	S	B	3	3	EXACT	-0.208333494636	22	-0.15875861305	2	-0.0217760085895	72	-0.265844885551	4	-0.0406002596132	96	-0.0496081781024	100	-0.0170288461461	68	-0.102503609226	4	0.184875713418	6	-0.277445086838	4	-0.388868116275	-0.654713001827	-0.384120953832	-0.203992402858	-0.666313203113
M06_DY_TO_DY_ALL28:G808-E2024	M06_DY_TO_DY_ALL28	ALL28	DY	DY	G808-E2024	ch	edy	0	f113r	f113r	G808-P0576	f113r.1	1	12	S	B	3	3	EXACT	-0.282194064681	9	0.512122534266	1	-0.0266455325947	72	0	0	-0.00996292846923	82	-0.0109166003697	82	-0.0248566720587	68	-0.0570671403514	4	0.15429468123	6	0	0	0.203282936991	0.203282936991	0.205071797527	0.357577618221	0.203282936991
M06_DY_TO_DY_ALL28:G808-E2033	M06_DY_TO_DY_ALL28	ALL28	DY	DY	G808-E2033	ch	eody	1	f113r	f113r	G808-P0580	f113r.13	13	2	S	B	3	3	EXACT	0	0	0	0	-0.0116957639243	72	0	0	0.0422532086515	72	0.041299536751	72	-0.0239909449276	68	0.197311334487	4	-0.195163874464	6	0	0	-0.0116957639243	-0.0116957639243	-0.0239909449276	-0.206859638389	-0.0116957639243
M06_DY_TO_DY_ALL28:G808-E2037	M06_DY_TO_DY_ALL28	ALL28	DY	DY	G808-E2037	ch	edy	0	f113r	f113r	G808-P0581	f113r.16	16	7	S	B	3	3	EXACT	-0.425262584537	7	-0.143407982011	3	0.000627617246333	72	0	0	-0.000447434413506	82	-0.00140110631399	82	0.00890672488555	68	-0.140128191265	4	0.17974915478	6	0	0	-0.568042949301	-0.568042949301	-0.559763841662	-0.388293794521	-0.568042949301
M06_DY_TO_DY_ALL28:G808-E2055	M06_DY_TO_DY_ALL28	ALL28	DY	DY	G808-E2055	ch	edy	0	f113r	f113r	G808-P0590	f113r.43	43	10	S	B	3	3	EXACT	0	0	0.00903150146958	4	-0.0172785928729	72	-0.0808701548474	1	0.03588414373	76	0.0337345451991	77	-0.0100527917113	68	-0.140128191265	4	0.061354416112	6	-0.0771128544914	1	-0.00824709140334	-0.0891172462508	-0.00102129024173	0.0531073247086	-0.0853599458948
M06_DY_TO_DY_ALL28:G808-E2071	M06_DY_TO_DY_ALL28	ALL28	DY	DY	G808-E2071	ch	eody	1	f113v	f113v	G808-P0598	f113v.22	22	7	S	B	3	3	EXACT	-0.225611724141	3	0.0198747667822	1	-0.0496552907549	72	0.19021500557	2	-0.0172974853982	76	-0.0125668552682	78	-0.0438989470428	68	-0.14751003404	4	0.167314761642	6	0.2249923849	3	-0.255392248114	-0.0651772425435	-0.249635904402	-0.0880774864719	-0.0303998632139
M06_DY_TO_DY_ALL28:G808-E2072	M06_DY_TO_DY_ALL28	ALL28	DY	DY	G808-E2072	ch	eody	1	f113v	f113v	G808-P0598	f113v.23	23	9	S	B	3	3	EXACT	-0.225611724141	3	0.119997118409	4	-0.0619076394689	72	-0.102995402037	1	-0.020625048809	79	-0.0228219611468	80	-0.0568720221518	68	-0.14751003404	4	-0.176580924939	6	-0.13833841162	2	-0.167522245202	-0.270517647238	-0.162486627884	-0.344103170141	-0.305860656821
M06_DY_TO_DY_ALL28:G808-E2079	M06_DY_TO_DY_ALL28	ALL28	DY	DY	G808-E2079	ch	edy	0	f113v	f113v	G808-P0600	f113v.29	29	2	S	B	3	3	EXACT	0.0712772123019	22	-0.260895733742	6	-0.0360534256783	72	-0.632958944664	1	-0.00877968717571	100	-0.0162410966465	101	-0.0513716975845	68	0.224360296547	4	0.243388318332	6	-0.638462084743	1	-0.225671947118	-0.858630891782	-0.240990219024	0.0177163712138	-0.864134031861
M06_DY_TO_DY_ALL28:G808-E2084	M06_DY_TO_DY_ALL28	ALL28	DY	DY	G808-E2084	ch	eody	1	f113v	f113v	G808-P0603	f113v.41	41	7	S	B	3	2	EXACT	-0.131560672653	13	-0.415279683581	3	-0.029854352311	72	0.17783302229	1	-0.0323127961316	88	-0.0311743998289	89	-0.0281882339801	68	-0.0581752641164	4	0.228298116624	6	0.203372902991	2	-0.576694708544	-0.398861686254	-0.575028590214	-0.34839659192	-0.373321805553
M06_DY_TO_DY_ALL28:G808-E2087	M06_DY_TO_DY_ALL28	ALL28	DY	DY	G808-E2087	ch	edy	0	f114r	f114r	G808-P0608	f114r.4	4	5	S	B	3	3	EXACT	0	0	0	0	-0.0196731704663	72	0	0	0.0353871405086	72	0.0344956390433	72	-0.0132843175821	68	-0.128295199116	4	0.0130945685248	6	0	0	-0.0196731704663	-0.0196731704663	-0.0132843175821	-0.00657860194148	-0.0196731704663
M06_DY_TO_DY_ALL28:G808-E2091	M06_DY_TO_DY_ALL28	ALL28	DY	DY	G808-E2091	ch	edy	0	f114r	f114r	G808-P0608	f114r.6	6	4	S	B	3	3	EXACT	0	0	0	0	-0.0214988609935	72	-0.266663052555	1	0.0335614499813	72	0.0288761842365	73	-0.0231461652214	68	0.00649378126186	4	-0.177739302638	6	-0.26731498281	1	-0.0214988609935	-0.288161913548	-0.0231461652214	-0.199238163631	-0.288813843804
M06_DY_TO_DY_ALL28:G808-E2097	M06_DY_TO_DY_ALL28	ALL28	DY	DY	G808-E2097	ch	edy	0	f114r	f114r	G808-P0611	f114r.16	16	14	S	B	3	3	EXACT	-0.0687510236743	24	0.251002305486	2	-0.00118583718884	72	0	0	0.00662424137653	98	0.00573273991122	98	0.000927630432237	68	-0.0371263163652	4	-0.0630868026282	6	0	0	0.181065444623	0.181065444623	0.183178912244	0.117978641995	0.181065444623
M06_DY_TO_DY_ALL28:G808-E2101	M06_DY_TO_DY_ALL28	ALL28	DY	DY	G808-E2101	ch	edy	0	f114r	f114r	G808-P0614	f114r.25	25	4	S	B	3	3	EXACT	0.0576582086586	12	0.248114354503	2	-0.0110104623463	72	0.129702581854	2	0.0387744333266	86	0.0404785650127	88	-0.0171654891539	68	0.0936134637651	4	-0.012247207785	6	0.118529415896	2	0.294762100815	0.42446468267	0.288607074008	0.28251489303	0.413291516712
M06_DY_TO_DY_ALL28:G808-E2103	M06_DY_TO_DY_ALL28	ALL28	DY	DY	G808-E2103	ch	eody	1	f114r	f114r	G808-P0614	f114r.26	26	8	S	B	3	3	EXACT	0.0576582086586	12	-0.14435102175	2	-0.045154374798	72	0.355293117932	1	0.00106173043091	86	0.00450943698439	87	-0.036607594581	68	-0.190461168104	4	0.198592854109	6	0.343393830708	1	-0.131847187889	0.223445930043	-0.123300407672	0.0667456662201	0.211546642819
M06_DY_TO_DY_ALL28:G808-E2112	M06_DY_TO_DY_ALL28	ALL28	DY	DY	G808-E2112	ch	eody	1	f114r	f114r	G808-P0619	f114r.42	42	10	S	B	3	3	EXACT	-0.386348056728	8	0.36334363549	2	-0.0345586923255	72	0	0	-0.0190351041143	82	-0.0199266055796	82	-0.0344083338301	68	-0.0371263163652	4	-0.014642471269	6	0	0	-0.0575631135633	-0.0575631135633	-0.0574127550679	-0.0722055848323	-0.0575631135633
M06_DY_TO_DY_ALL28:G808-E2113	M06_DY_TO_DY_ALL28	ALL28	DY	DY	G808-E2113	ch	edy	0	f114r	f114r	G808-P0619	f114r.45	45	6	S	B	3	2	EXACT	-0.386348056728	8	-0.00508068905918	1	-0.0468626435476	72	-0.0781096366804	1	-0.039435792439	81	-0.0405150272471	82	-0.0467569310196	68	-0.0486712861415	4	0.230181957877	6	-0.078761566936	1	-0.438291389335	-0.516401026015	-0.438185676807	-0.208109431458	-0.517052956271
M06_DY_TO_DY_ALL28:G808-E2116	M06_DY_TO_DY_ALL28	ALL28	DY	DY	G808-E2116	ch	edy	0	f114v	f114v	G808-P0620	f114v.5	5	1	S	B	3	2	EXACT	-0.259782594692	22	0	0	-0.0435007822312	72	-0.15033530867	1	-0.0770771096624	94	-0.0787191961355	95	-0.0508916334474	68	0.0821461775295	4	0.103856470368	6	-0.276484627219	1	-0.303283376924	-0.453618685594	-0.31067422814	-0.199426906556	-0.579768004142
M06_DY_TO_DY_ALL28:G808-E2122	M06_DY_TO_DY_ALL28	ALL28	DY	DY	G808-E2122	ch	edy	0	f114v	f114v	G808-P0622	f114v.9	9	11	S	B	3	3	EXACT	-0.645505103754	10	-0.0645685668121	2	0.00452306885469	72	0	0	-0.0439238346907	84	-0.0451289354939	84	0.00486041638938	68	-0.00120935014936	4	-0.139647295451	6	-0.0873049753626	1	-0.705550601712	-0.705550601712	-0.705213254177	-0.845197897163	-0.792855577074
M06_DY_TO_DY_ALL28:G808-E2138	M06_DY_TO_DY_ALL28	ALL28	DY	DY	G808-E2138	ch	eody	1	f115r	f115r	G808-P0632	f115r.2	2	6	S	B	@	3	EXACT	-0.105410533677	3	-0.19357714122	1	-0.0112009173377	70	0	0	0.0324325805624	74	0.0314503569615	74	-0.00385500663084	66	-0.132407888243	4	-0.162012215034	6	0	0	-0.310188592235	-0.310188592235	-0.302842681528	-0.472200807269	-0.310188592235
M06_DY_TO_DY_ALL28:G808-E2141	M06_DY_TO_DY_ALL28	ALL28	DY	DY	G808-E2141	ch	eody	1	f115r	f115r	G808-P0634	f115r.9	9	10	S	B	@	3	EXACT	0	0	-0.189189733505	2	-0.0231314621989	70	0.641258154351	1	0.0275489545562	72	0.0353256718591	73	-0.0224463956096	66	-0.0344345051647	4	0.111308991556	6	1.18884787868	1	-0.212321195704	0.428936958647	-0.211636129115	-0.101012204148	0.976526682972
M06_DY_TO_DY_ALL28:G808-E2147	M06_DY_TO_DY_ALL28	ALL28	DY	DY	G808-E2147	ch	edy	0	f115r	f115r	G808-P0637	f115r.20	20	4	S	B	@	3	EXACT	0	0	0.0137421346395	6	-0.0217240085666	70	-0.1892939476	2	0.0343564142303	76	0.028298373305	78	-0.0289123260325	66	0.0968837853781	4	0.0725009244383	6	-0.195436615607	2	-0.00798187392711	-0.197275821527	-0.015170191393	0.0645190505112	-0.203418489535
M06_DY_TO_DY_ALL28:G808-E2148	M06_DY_TO_DY_ALL28	ALL28	DY	DY	G808-E2148	ch	edy	0	f115r	f115r	G808-P0638	f115r.22	22	5	S	B	@	3	EXACT	-0.0335115462408	13	-0.0684655724209	3	0.00439450459409	70	0	0	0.0289998676155	86	0.0280176440146	86	0.0126855923877	66	-0.132407888243	4	0.150717468022	6	0	0	-0.0975826140676	-0.0975826140676	-0.089291526274	0.0531348539544	-0.0975826140676
M06_DY_TO_DY_ALL28:G808-E2158	M06_DY_TO_DY_ALL28	ALL28	DY	DY	G808-E2158	ch	eody	1	f115r	f115r	G808-P0642	f115r.39	39	5	S	B	@	2	EXACT	0.512372038333	5	0.255844906906	2	-0.024024663789	69	0	0	0.0643458542568	76	0.0633636306559	76	-0.0218891104147	65	-0.0587259748422	4	0.179334122961	6	0	0	0.74419228145	0.74419228145	0.746327834824	0.923526404411	0.74419228145
M06_DY_TO_DY_ALL28:G808-E2171	M06_DY_TO_DY_ALL28	ALL28	DY	DY	G808-E2171	ch	edy	0	f115v	f115v	G808-P0647	f115v.10	10	7	S	B	3	2	EXACT	0.0256579215327	12	-0.101497609057	2	0.0316047439929	72	0	0	0.0610527699591	86	0.0602105194685	86	0.0333280655644	68	0.00229673445758	4	0.055167847877	6	0	0	-0.0442349435313	-0.0442349435313	-0.0425116219597	0.0109329043456	-0.0442349435313
M06_DY_TO_DY_ALL28:G808-E2182	M06_DY_TO_DY_ALL28	ALL28	DY	DY	G808-E2182	ch	eody	1	f115v	f115v	G808-P0652	f115v.27	27	6	S	B	3	3	EXACT	-0.0331763719058	16	0	0	-0.0216956835249	72	-0.370428290843	1	0.00458671221208	88	-0.000221029008857	89	-0.0139243968555	68	-0.153819099723	4	0.14362426191	6	-0.221892841046	1	-0.0548720554307	-0.425300346274	-0.0471007687613	0.0887522064795	-0.276764896476
M06_DY_TO_DY_ALL28:G808-E2187	M06_DY_TO_DY_ALL28	ALL28	DY	DY	G808-E2187	ch	edy	0	f116r	f116r	G808-P0659	f116r.5	5	5	S	B	3	3	EXACT	0	0	-0.0142928210551	7	-0.0194947171873	72	0	0	0.0284514553608	79	0.0277553508055	79	-0.0130976252937	68	-0.128256195403	4	-0.298318932392	6	0.0761537212794	1	-0.0337875382424	-0.0337875382424	-0.0273904463488	-0.332106470635	0.0423661830369
M06_DY_TO_DY_ALL28:G808-E2192	M06_DY_TO_DY_ALL28	ALL28	DY	DY	G808-E2192	ch	edy	0	f116r	f116r	G808-P0660	f116r.8	8	3	S	B	3	3	EXACT	-0.494939600522	7	-0.120105584825	1	0.00921919631706	72	-0.255679652072	3	0.00225697997022	80	-0.00709313834189	83	0.000861103652993	68	0.151295855582	4	-0.0190206347711	6	-0.284504737289	3	-0.605825989029	-0.861505641101	-0.614184081693	-0.6248466238	-0.890330726318
M06_DY_TO_DY_ALL28:G808-E2197	M06_DY_TO_DY_ALL28	ALL28	DY	DY	G808-E2197	ch	edy	0	f116r	f116r	G808-P0661	f116r.11	11	8	S	B	3	3	EXACT	-0.364562621369	20	-0.0928144642389	3	-0.0404630744395	72	0	0	-0.0885309718392	95	-0.0892270763945	95	-0.0356515786405	68	-0.122269419046	4	-0.170778992405	6	0	0	-0.497840160048	-0.497840160048	-0.493028664249	-0.668619152453	-0.497840160048
M06_DY_TO_DY_ALL28:G808-E2198	M06_DY_TO_DY_ALL28	ALL28	DY	DY	G808-E2198	ch	edy	0	f116r	f116r	G808-P0661	f116r.13	13	7	S	B	3	3	EXACT	-0.364562621369	20	-0.118285889025	1	-0.0381522544209	72	-0.0790570763723	2	-0.0872150527079	93	-0.0873497489592	95	-0.0337618505671	68	-0.112800035958	4	0.232252398899	6	-0.102511313975	3	-0.521000764815	-0.600057841187	-0.516610360961	-0.288748365916	-0.62351207879
M06_DY_TO_DY_ALL28:G808-E2199	M06_DY_TO_DY_ALL28	ALL28	DY	DY	G808-E2199	ch	edy	0	f116r	f116r	G808-P0662	f116r.17	17	8	S	B	3	3	EXACT	-0.366742960316	9	-0.17662936361	4	-0.0304456505845	72	-0.119418223957	1	-0.0378781862445	85	-0.0393072107953	86	-0.0299796145287	68	-0.0383791795572	4	0.244757100417	6	0.388762645709	1	-0.573817974511	-0.693236198468	-0.573351938455	-0.329060874093	-0.185055328801
M06_DY_TO_DY_ALL28:G808-E0203	M06_DY_TO_DY_ALL28	ALL28	DY	DY	G808-E0203	ch	eody	1	f20r	f20r	G808-P0066	f20r.8	8	4	H	A	1	2	EXACT	-0.0587667779274	6	0	0	0.191159868176	72	0.317694768537	1	0.215231248011	78	0.215916534555	79	0.196587517823	68	0.098878963377	4	0.242000055327	6	0.316643343851	1	0.132393090248	0.450087858785	0.137820739896	0.374393145576	0.449036434099
M06_DY_TO_DY_ALL28:G808-E0204	M06_DY_TO_DY_ALL28	ALL28	DY	DY	G808-E0204	ch	eody	1	f20r	f20r	G808-P0067	f20r.12	12	2	H	A	1	3	EXACT	0.700403036845	8	0.1568064562	2	0.143000929795	72	0	0	0.237172867791	82	0.236263604484	82	0.139242214712	68	0.206888225407	4	0.319609203291	6	0	0	1.00021042284	1.00021042284	0.996451707757	1.31981962613	1.00021042284
M06_DY_TO_DY_ALL28:G808-E0271	M06_DY_TO_DY_ALL28	ALL28	DY	DY	G808-E0271	ch	eody	1	f26r	f26r	G808-P0091	f26r.10	10	4	H	B	2	2	EXACT	-0.335197971091	15	0	0	-0.0344776256133	72	0.0717098056071	1	-0.0556076032623	87	-0.0548794205258	88	-0.040931066438	68	0.0752199632084	4	-0.119496459663	6	-0.101437095336	1	-0.369675596704	-0.297965791097	-0.376129037529	-0.489172056367	-0.47111269204
M06_DY_TO_DY_ALL28:G808-E0274	M06_DY_TO_DY_ALL28	ALL28	DY	DY	G808-E0274	ch	edy	0	f26v	f26v	G808-P0092	f26v.2	2	12	H	B	2	3	EXACT	0.150723144285	25	-0.228358492722	2	-0.0514627439138	72	0	0	0.0140425008856	99	0.0130912877385	99	-0.052635171213	68	-0.0315424182106	4	0.123495691577	6	0	0	-0.12909809235	-0.12909809235	-0.130270519649	-0.00560240077353	-0.12909809235
M06_DY_TO_DY_ALL28:G808-E0275	M06_DY_TO_DY_ALL28	ALL28	DY	DY	G808-E0275	ch	edy	0	f26v	f26v	G808-P0092	f26v.3	3	9	H	B	2	3	EXACT	0.150723144285	25	-0.171416623292	1	-0.0633238941673	72	0	0	0.00823161055157	98	0.0072803974045	98	-0.0597391457648	68	-0.124275555393	4	-0.12731655063	6	-0.14444488341	1	-0.0840173731741	-0.0840173731741	-0.0804326247716	-0.211333923805	-0.228462256584
M06_DY_TO_DY_ALL28:G808-E0279	M06_DY_TO_DY_ALL28	ALL28	DY	DY	G808-E0279	ch	edy	0	f26v	f26v	G808-P0092	f26v.6	6	5	H	B	2	3	EXACT	0.150723144285	25	-0.0309960783473	3	-0.0556263499332	72	0.214375839537	1	0.014689640022	100	0.0159599499892	101	-0.0508462040048	68	-0.1368997691	4	-0.178657330828	6	0.711391286601	1	0.0641007160049	0.278476555541	0.0688808619333	-0.114556614823	0.775492002606
M06_DY_TO_DY_ALL28:G808-E0317	M06_DY_TO_DY_ALL28	ALL28	DY	DY	G808-E0317	ch	edy	0	f31r	f31r	G808-P0108	f31r.7	7	7	H	B	2	2	EXACT	-0.017819466309	6	-0.229729534832	1	-0.0400831399228	72	-0.219063010824	1	0.00362920101335	79	0.000224036422717	80	-0.0382948715344	68	-0.0704946258983	4	-0.150378785746	6	-0.219816526574	1	-0.287632141064	-0.506695151888	-0.285843872675	-0.43801092681	-0.507448667638
M06_DY_TO_DY_ALL28:G808-E0323	M06_DY_TO_DY_ALL28	ALL28	DY	DY	G808-E0323	ch	edy	0	f31r	f31r	G808-P0109	f31r.14	14	3	H	B	2	2	EXACT	-0.108252688976	16	0	0	-0.0206707311334	72	-0.322767313916	1	-0.00694889685813	88	-0.0111493675705	89	-0.0210141350217	68	-0.0148437884058	4	0.313149908897	6	-0.179975933754	2	-0.12892342011	-0.451690734026	-0.129266823998	0.184226488787	-0.308899353864
M06_DY_TO_DY_ALL28:G808-E0342	M06_DY_TO_DY_ALL28	ALL28	DY	DY	G808-E0342	ch	edy	0	f34r	f34r	G808-P0117	f34r.5	5	9	H	B	2	3	EXACT	-0.0918042938707	44	-0.249417699356	3	-0.0498345896861	72	0.23363279445	2	-0.0691192668429	119	-0.0646317558097	121	-0.0413050796558	68	-0.194847081795	4	-0.0129368293343	6	0.0946666421755	3	-0.391056582912	-0.157423788462	-0.382527072882	-0.403993412247	-0.296389940737
M06_DY_TO_DY_ALL28:G808-E0348	M06_DY_TO_DY_ALL28	ALL28	DY	DY	G808-E0348	ch	edy	0	f34r	f34r	G808-P0118	f34r.14	14	10	H	B	2	3	EXACT	0.0270263815053	28	-0.354811346341	5	-0.0300487851169	72	-0.152774769285	1	-0.0154967806257	105	-0.0174742706163	106	-0.024768401279	68	-0.119826131957	4	0.144065569041	6	-0.188278067311	1	-0.357833749952	-0.510608519237	-0.352553366114	-0.213768180912	-0.546111817264
M06_DY_TO_DY_ALL28:G808-E0394	M06_DY_TO_DY_ALL28	ALL28	DY	DY	G808-E0394	ch	edy	0	f39v	f39v	G808-P0140	f39v.11	11	2	H	B	2	3	EXACT	-0.0109162380546	32	-0.0969920966988	2	-0.0613147924057	72	-0.0342571166852	1	-0.035662962684	106	-0.0363394057692	107	-0.0770920793829	68	0.206888225407	4	0.319609203291	6	-0.147040934435	1	-0.169223127159	-0.203480243844	-0.185000414136	0.150386076131	-0.316264061595
M06_DY_TO_DY_ALL28:G808-E0021	M06_DY_TO_DY_ALL28	ALL28	DY	DY	G808-E0021	ch	eody	1	f3r	f3r	G808-P0006	f3r.13	13	6	H	A	1	2	EXACT	0.0918060619484	6	-0.469366230024	2	0.13585798732	72	0	0	0.158922057618	80	0.158026179541	80	0.145950418422	68	-0.0357238916196	4	0.112505003581	6	0	0	-0.241702180756	-0.241702180756	-0.231609749654	-0.129197177176	-0.241702180756
M06_DY_TO_DY_ALL28:G808-E0395	M06_DY_TO_DY_ALL28	ALL28	DY	DY	G808-E0395	ch	edy	0	f40r	f40r	G808-P0141	f40r.2	2	8	H	B	2	3	EXACT	-0.254145390837	30	-0.157557106436	2	-0.0257953282855	72	0	0	-0.0812267314659	104	-0.0821359947735	104	-0.0199039776261	68	-0.125959150294	4	-0.13935376161	6	-0.01705356615	1	-0.437497825558	-0.437497825558	-0.431606474899	-0.576851587168	-0.454551391708
M06_DY_TO_DY_ALL28:G808-E0398	M06_DY_TO_DY_ALL28	ALL28	DY	DY	G808-E0398	ch	edy	0	f40r	f40r	G808-P0141	f40r.5	5	6	H	B	2	3	EXACT	-0.254145390837	30	0.017214571624	3	-0.0469682284207	72	0.520985578577	2	-0.0913377796377	105	-0.0803623835807	107	-0.0420439935018	68	-0.13069108284	4	-0.0264699700887	6	0.506467553126	2	-0.283899047633	0.237086530944	-0.278974812715	-0.310369017722	0.222568505493
M06_DY_TO_DY_ALL28:G808-E0401	M06_DY_TO_DY_ALL28	ALL28	DY	DY	G808-E0401	ch	edy	0	f40v	f40v	G808-P0144	f40v.13	13	2	H	B	2	2	EXACT	-0.184634983467	36	-0.151424688925	1	0.00214496979214	72	0	0	-0.0533972423933	109	-0.0542864704921	109	-0.00985068895708	68	0.206060299866	4	-0.130564980275	6	0	0	-0.3339147026	-0.3339147026	-0.34591036135	-0.464479682875	-0.3339147026
M06_DY_TO_DY_ALL28:G808-E0408	M06_DY_TO_DY_ALL28	ALL28	DY	DY	G808-E0408	ch	edy	0	f41r	f41r	G808-P0146	f41r.7	7	8	H	B	5	2	EXACT	-0.314936291486	8	-0.0842750184157	1	0.0155626791007	72	0	0	0.0222102653206	81	0.0212992719721	81	0.0211738550756	68	-0.0798382383837	4	-0.227234133537	6	0	0	-0.383648630801	-0.383648630801	-0.378037454826	-0.610882764338	-0.383648630801
M06_DY_TO_DY_ALL28:G808-E0448	M06_DY_TO_DY_ALL28	ALL28	DY	DY	G808-E0448	ch	eody	1	f43v	f43v	G808-P0158	f43v.11	11	5	H	B	2	3	EXACT	-0.0231724608874	17	-0.491179088345	2	-0.0561122669626	72	-0.142423209129	1	-0.0326245097077	91	-0.0344509006713	92	-0.0515754758652	68	-0.133247439196	4	0.0795146688943	6	-0.143242029315	1	-0.570463816195	-0.712887025325	-0.565927025098	-0.490949147301	-0.713705845511
M06_DY_TO_DY_ALL28:G808-E0489	M06_DY_TO_DY_ALL28	ALL28	DY	DY	G808-E0489	ch	edy	0	f46r	f46r	G808-P0171	f46r.7	7	11	H	B	2	3	EXACT	-0.16250405039	16	-0.195725090917	5	-0.0529907785023	72	0.0225089437765	1	-0.0513925235882	93	-0.0512673769515	94	-0.048569860906	68	-0.128157126624	4	-0.284697769026	6	-0.00608160972603	1	-0.41121991981	-0.388710976033	-0.406799002213	-0.695917688836	-0.417301529536
M06_DY_TO_DY_ALL28:G808-E0501	M06_DY_TO_DY_ALL28	ALL28	DY	DY	G808-E0501	ch	edy	0	f46v	f46v	G808-P0175	f46v.5	5	8	H	B	2	3	EXACT	-0.0741588219118	40	0.170026187667	1	-0.063549270099	72	0.0348758517228	1	-0.0610939977034	113	-0.0609582463339	114	-0.060279867346	68	-0.119140102622	4	-0.130273496773	6	-0.026231260467	3	0.0323180956564	0.0671939473792	0.0355874984093	-0.0979554011164	0.0060868351894
M06_DY_TO_DY_ALL28:G808-E0532	M06_DY_TO_DY_ALL28	ALL28	DY	DY	G808-E0532	ch	edy	0	f48v	f48v	G808-P0181	f48v.3	3	7	H	B	5	3	EXACT	-0.186856433676	26	0.172636674265	5	-0.00112343118351	72	0	0	-0.0231039952807	103	-0.0239659558229	103	0.0072866246411	68	-0.14410543332	4	0.00177157921415	6	0.245274507725	1	-0.0153431905939	-0.0153431905939	-0.00693313476929	-0.0135716113798	0.229931317131
M06_DY_TO_DY_ALL28:G808-E0537	M06_DY_TO_DY_ALL28	ALL28	DY	DY	G808-E0537	ch	edy	0	f48v	f48v	G808-P0182	f48v.10	10	2	H	B	5	3	EXACT	-0.18780010727	23	-0.0113661614626	5	0.0152613797888	72	0	0	-0.0132608340082	100	-0.0141227945505	100	0.00255646336531	68	0.231233905871	4	-0.358943200502	6	0	0	-0.183904888943	-0.183904888943	-0.196609805367	-0.542848089446	-0.183904888943
M06_DY_TO_DY_ALL28:G808-E0562	M06_DY_TO_DY_ALL28	ALL28	DY	DY	G808-E0562	ch	edy	0	f50r	f50r	G808-P0189	f50r.4	4	3	H	B	2	3	EXACT	-0.0897304104045	48	0.209641791577	2	-0.0544561455379	72	0.167354994418	1	-0.0655954199417	122	-0.0644196724187	123	-0.0667264079507	68	0.154127454682	4	0.100764950214	6	-0.1929139501	2	0.0654552356341	0.232810230053	0.0531849732213	0.166220185848	-0.127458714466
M06_DY_TO_DY_ALL28:G808-E0569	M06_DY_TO_DY_ALL28	ALL28	DY	DY	G808-E0569	ch	eody	1	f51r	f51r	G808-P0191	f51r.4	4	4	H	A	1	2	EXACT	0.248334723416	34	0.570036163864	1	0.125051401368	72	0	0	0.17761147367	107	0.176626866871	107	0.137993986252	68	-0.0949820917058	4	-0.00855899962078	6	0	0	0.943422288648	0.943422288648	0.956364873532	0.934863289027	0.943422288648
M06_DY_TO_DY_ALL28:G808-E0640	M06_DY_TO_DY_ALL28	ALL28	DY	DY	G808-E0640	ch	eody	1	f58r	f58r	G808-P0207	f58r.13	13	6	S	A	3	3	EXACT	-0.15946410076	53	-0.364169377928	1	-0.0121380100373	71	0	0	-0.0832267685761	125	-0.0841630146608	125	-0.00567443326321	67	-0.120405062184	4	-0.00227981920003	6	0	0	-0.535771488725	-0.535771488725	-0.529307911951	-0.538051307925	-0.535771488725
M06_DY_TO_DY_ALL28:G808-E0662	M06_DY_TO_DY_ALL28	ALL28	DY	DY	G808-E0662	ch	edy	0	f66r	f66r	G808-P0214	f66r.53	53	4	T	B	5	3	EXACT	-0.243778395349	13	-0.0068643713179	2	-0.0163651382118	71	0	0	-0.0185852902593	86	-0.0194441085741	86	-0.0166735701771	67	-0.0112024127919	4	-0.178028894108	6	0	0	-0.267007904878	-0.267007904878	-0.267316336844	-0.445036798986	-0.267007904878
M06_DY_TO_DY_ALL28:G808-E0668	M06_DY_TO_DY_ALL28	ALL28	DY	DY	G808-E0668	ch	edy	0	f66r	f66r	G808-P0215	f66r.61	61	8	T	B	5	3	EXACT	-0.0386821410675	27	0.570634342238	1	-0.0614345642721	71	-0.322674486928	1	-0.0334311583134	99	-0.0369593144382	100	-0.0579942572081	67	-0.119063217593	4	-0.0754810866011	6	-0.0691803557475	2	0.470517636898	0.147843149971	0.473957943962	0.395036550297	0.401337281151
M06_DY_TO_DY_ALL28:G808-E0669	M06_DY_TO_DY_ALL28	ALL28	DY	DY	G808-E0669	ch	edy	0	f66r	f66r	G808-P0216	f66r.63	63	6	T	B	5	3	EXACT	-0.00644520530785	17	-0.235007680484	1	-0.0282727682006	71	-0.180144821256	1	0.000394769054477	89	-0.0022221608459	90	-0.0228526524159	67	-0.119063217593	4	0.018612575184	6	-0.180208911783	1	-0.269725653992	-0.449870475248	-0.264305538208	-0.251113078808	-0.449934565776
M06_DY_TO_DY_ALL28:G808-E0672	M06_DY_TO_DY_ALL28	ALL28	DY	DY	G808-E0672	ch	eody	1	f66r	f66r	G808-P0217	f66r.68	68	7	T	B	5	3	EXACT	-0.172177099783	9	0.00727695218544	4	-0.0688397609639	71	0	0	-0.0391357137786	84	-0.0399945320934	84	-0.0658724907259	67	-0.118545047449	4	-0.0892648773269	6	0.20771562435	1	-0.233739908562	-0.233739908562	-0.230772638324	-0.323004785888	-0.0260242842111
M06_DY_TO_DY_ALL28:G808-E0690	M06_DY_TO_DY_ALL28	ALL28	DY	DY	G808-E0690	ch	eody	1	f66v	f66v	G808-P0220	f66v.8	8	2	H	B	5	2	EXACT	0.569351776553	6	-0.200166888833	1	0.0240002514877	72	0	0	0.104763202614	79	0.10392908968	79	0.01317119163	68	0.208083391234	4	-0.078724603442	6	-0.552402415961	1	0.393185139207	0.393185139207	0.38235607935	0.314460535765	-0.159217276753
M06_DY_TO_DY_ALL28:G808-E0693	M06_DY_TO_DY_ALL28	ALL28	DY	DY	G808-E0693	ch	edy	0	f66v	f66v	G808-P0221	f66v.11	11	8	H	B	5	3	EXACT	-0.353889272992	17	0.0200932954165	2	0.00280970055669	72	-0.026175976824	1	-0.0368846971745	91	-0.037366583997	92	0.00760329599229	68	-0.078692299684	4	0.17066795154	6	-0.0745936363797	2	-0.330986277019	-0.357162253843	-0.326192681583	-0.160318325479	-0.405579913399
M06_DY_TO_DY_ALL28:G808-E0700	M06_DY_TO_DY_ALL28	ALL28	DY	DY	G808-E0700	ch	edy	0	f75r	f75r	G808-P0222	f75r.15	15	5	B	B	2	3	EXACT	-0.438267423224	81	-0.1348669665	2	-0.119661256169	72	0.19120186205	1	-0.304621073557	155	-0.302310926776	156	-0.118755971465	68	-0.13506270062	4	0.119600083687	6	0.689704886076	1	-0.692795645893	-0.501593783842	-0.691890361189	-0.573195562205	-0.00309075981684
M06_DY_TO_DY_ALL28:G808-E0703	M06_DY_TO_DY_ALL28	ALL28	DY	DY	G808-E0703	ch	edy	0	f75r	f75r	G808-P0222	f75r.16	16	9	B	B	2	3	EXACT	-0.438267423224	81	0.152837592615	3	-0.0912818477371	72	-0.110808578235	1	-0.284827405622	156	-0.284588355548	157	-0.0946662353627	68	-0.03375886259	4	0.162348383694	6	-0.109396181271	1	-0.376711678345	-0.487520256581	-0.380096065971	-0.214363294651	-0.486107859616
M06_DY_TO_DY_ALL28:G808-E0710	M06_DY_TO_DY_ALL28	ALL28	DY	DY	G808-E0710	ch	edy	0	f75r	f75r	G808-P0223	f75r.29	29	11	B	B	2	3	EXACT	-0.437693526685	20	-0.00879457564503	3	-0.0817097345131	72	-0.328731026903	2	-0.132723838698	95	-0.137235075252	97	-0.0820618946077	68	-0.0757346173927	4	0.145586934761	6	-0.337991388056	2	-0.528197836843	-0.856928863746	-0.528549996938	-0.382610902082	-0.866189224899
M06_DY_TO_DY_ALL28:G808-E0711	M06_DY_TO_DY_ALL28	ALL28	DY	DY	G808-E0711	ch	edy	0	f75r	f75r	G808-P0223	f75r.30	30	9	B	B	2	3	EXACT	-0.437693526685	20	-0.0198714639852	5	-0.104707179769	72	-0.231077717855	1	-0.147570106342	97	-0.149184063781	98	-0.103514901468	68	-0.124987515376	4	-0.139404463717	6	-0.239327039386	1	-0.562272170439	-0.793349888294	-0.561079892138	-0.701676634156	-0.801599209825
M06_DY_TO_DY_ALL28:G808-E0725	M06_DY_TO_DY_ALL28	ALL28	DY	DY	G808-E0725	ch	edy	0	f75v	f75v	G808-P0226	f75v.14	14	7	B	B	2	3	EXACT	-0.404411869208	50	-0.182905933008	1	-0.116035269076	72	-0.0519716139894	1	-0.236567780621	123	-0.235700245231	124	-0.115597033935	68	-0.123496292044	4	-0.165666157718	6	-0.0537837373355	1	-0.703353071291	-0.755324685281	-0.702914836151	-0.869019229009	-0.757136808627
M06_DY_TO_DY_ALL28:G808-E0726	M06_DY_TO_DY_ALL28	ALL28	DY	DY	G808-E0726	ch	edy	0	f75v	f75v	G808-P0226	f75v.15	15	8	B	B	2	3	EXACT	-0.404411869208	50	-0.257420545759	1	-0.10650311077	72	0.0344086241981	2	-0.231593790496	123	-0.227797062797	125	-0.105893381474	68	-0.116879534381	4	0.121119739692	6	0.0128246157959	2	-0.768335525736	-0.733926901538	-0.76772579644	-0.647215786045	-0.755510909941
M06_DY_TO_DY_ALL28:G808-E0732	M06_DY_TO_DY_ALL28	ALL28	DY	DY	G808-E0732	ch	edy	0	f75v	f75v	G808-P0228	f75v.48	48	2	B	B	2	3	EXACT	-0.516238976944	27	0.0846897459804	6	-0.0990244491332	72	0	0	-0.180594899359	105	-0.181380506593	105	-0.116787111187	68	0.20292978021	4	-0.0959519601794	6	0	0	-0.530573680097	-0.530573680097	-0.548336342151	-0.626525640276	-0.530573680097
M06_DY_TO_DY_ALL28:G808-E0733	M06_DY_TO_DY_ALL28	ALL28	DY	DY	G808-E0733	ch	edy	0	f75v	f75v	G808-P0228	f75v.49	49	4	B	B	2	2	EXACT	-0.516238976944	27	0	0	-0.142110120941	72	-0.0408066088711	1	-0.228550035222	99	-0.227254273006	100	-0.146827162627	68	-0.0619314378601	4	0.228637025092	6	-0.0786038318509	2	-0.658349097885	-0.699155706756	-0.66306613957	-0.429712072793	-0.736952929736
M06_DY_TO_DY_ALL28:G808-E0749	M06_DY_TO_DY_ALL28	ALL28	DY	DY	G808-E0749	ch	edy	0	f76r	f76r	G808-P0231	f76r.9	9	13	T	B	2	3	EXACT	-0.297839568391	83	-0.0331847841785	5	-0.0352032456105	69	0	0	-0.191409171789	157	-0.191921699629	157	-0.0239271192466	65	-0.218431153739	4	0.272626171018	6	-0.220444035242	1	-0.36622759818	-0.36622759818	-0.354951471816	-0.093601427162	-0.586671633422
M06_DY_TO_DY_ALL28:G808-E0750	M06_DY_TO_DY_ALL28	ALL28	DY	DY	G808-E0750	ch	edy	0	f76r	f76r	G808-P0231	f76r.11	11	4	T	B	2	3	EXACT	-0.297839568391	83	-0.0894052505592	4	-0.0235191201342	69	-0.284713810472	3	-0.188751131996	156	-0.190816517002	159	-0.0255560170935	65	0.00958960073893	4	0.182899528944	6	-0.127749529078	3	-0.410763939084	-0.695477749556	-0.412800836043	-0.22786441014	-0.538513468162
M06_DY_TO_DY_ALL28:G808-E0752	M06_DY_TO_DY_ALL28	ALL28	DY	DY	G808-E0752	ch	edy	0	f76r	f76r	G808-P0231	f76r.13	13	12	T	B	2	3	EXACT	-0.297839568391	83	-0.049688234959	5	-0.00707272167767	69	0	0	-0.179571662888	157	-0.180084190728	157	-0.00224465881232	65	-0.085519597955	4	0.228727473381	6	-0.230446513279	1	-0.354600525027	-0.354600525027	-0.349772462162	-0.125873051646	-0.585047038307
M06_DY_TO_DY_ALL28:G808-E0754	M06_DY_TO_DY_ALL28	ALL28	DY	DY	G808-E0754	ch	edy	0	f76r	f76r	G808-P0231	f76r.15	15	13	T	B	2	3	EXACT	-0.297839568391	83	0.0133454431491	4	-0.000817850555848	69	0	0	-0.176075552664	156	-0.176588080505	156	0.00200764791479	65	-0.0467230554193	4	-0.0867976533383	6	0	0	-0.285311975797	-0.285311975797	-0.282486477327	-0.372109629136	-0.285311975797
M06_DY_TO_DY_ALL28:G808-E0755	M06_DY_TO_DY_ALL28	ALL28	DY	DY	G808-E0755	ch	edy	0	f76r	f76r	G808-P0231	f76r.16	16	2	T	B	2	3	EXACT	-0.297839568391	83	0.176857176947	2	0.0040044061716	69	-0.123480644112	1	-0.174361079962	154	-0.174457209837	155	-0.0084566027396	65	0.206504946263	4	0.172790461304	6	-0.123001286646	1	-0.116977985272	-0.240458629384	-0.129438994183	0.055812476032	-0.239979271918
M06_DY_TO_DY_ALL28:G808-E0757	M06_DY_TO_DY_ALL28	ALL28	DY	DY	G808-E0757	ch	edy	0	f76r	f76r	G808-P0231	f76r.19	19	5	T	B	2	3	EXACT	-0.297839568391	83	0	0	-0.016188812006	69	0.0707826561205	2	-0.188260138923	152	-0.185231055805	154	-0.00953863986306	65	-0.124244964045	4	-0.245831816445	6	-0.00855231245009	3	-0.314028380397	-0.243245724276	-0.307378208254	-0.559860196841	-0.322580692847
M06_DY_TO_DY_ALL28:G808-E0762	M06_DY_TO_DY_ALL28	ALL28	DY	DY	G808-E0762	ch	edy	0	f76r	f76r	G808-P0231	f76r.24	24	9	T	B	2	3	EXACT	-0.297839568391	83	-0.0855818647135	1	-0.0308890563126	69	0	0	-0.194163370203	153	-0.194675898044	153	-0.0247280889904	65	-0.130995630014	4	0.0705579819514	6	0.49071299053	1	-0.414310489417	-0.414310489417	-0.408149522095	-0.343752507465	0.0764025011138
M06_DY_TO_DY_ALL28:G808-E0763	M06_DY_TO_DY_ALL28	ALL28	DY	DY	G808-E0763	ch	edy	0	f76r	f76r	G808-P0231	f76r.30	30	4	T	B	2	3	EXACT	-0.297839568391	83	-0.268971396026	2	-0.0221168386979	69	0.490233633065	1	-0.191854736078	154	-0.187878556707	155	-0.024067441415	65	0.00958960073893	4	0.137380389892	6	0.202922044915	2	-0.588927803115	-0.0986941700501	-0.590878405832	-0.451547413223	-0.386005758199
M06_DY_TO_DY_ALL28:G808-E0768	M06_DY_TO_DY_ALL28	ALL28	DY	DY	G808-E0768	ch	edy	0	f76r	f76r	G808-P0232	f76r.41	41	12	T	B	2	3	EXACT	-0.291997408634	18	-0.0197400871365	5	-0.0432337776522	72	0	0	-0.0689355879668	95	-0.0694481158069	95	-0.0407468468761	68	-0.085519597955	4	-0.0144216160755	6	0	0	-0.354971273423	-0.354971273423	-0.352484342647	-0.369392889499	-0.354971273423
M06_DY_TO_DY_ALL28:G808-E0777	M06_DY_TO_DY_ALL28	ALL28	DY	DY	G808-E0777	ch	edy	0	f76r	f76r	G808-P0233	f76r.49	49	9	T	B	2	3	EXACT	-0.28335809456	32	-0.227229157587	1	-0.0888541088515	72	0.0819300751765	1	-0.140778283102	105	-0.13906090899	106	-0.0863756662602	68	-0.130995630014	4	0.0148489017608	6	0.032067838154	2	-0.599441360998	-0.517511285822	-0.596962918407	-0.584592459238	-0.567373522844
M06_DY_TO_DY_ALL28:G808-E0778	M06_DY_TO_DY_ALL28	ALL28	DY	DY	G808-E0778	ch	edy	0	f76r	f76r	G808-P0234	f76r.51	51	9	T	B	2	3	EXACT	-0.519779188049	23	0.15805821999	2	-0.050609485487	72	0	0	-0.141622707139	97	-0.142135234979	97	-0.0417026661253	68	-0.202033411745	4	-0.303233749016	6	0	0	-0.412330453546	-0.412330453546	-0.403423634184	-0.715564202561	-0.412330453546
M06_DY_TO_DY_ALL28:G808-E0781	M06_DY_TO_DY_ALL28	ALL28	DY	DY	G808-E0781	ch	edy	0	f76r	f76r	G808-P0234	f76r.54	54	3	T	B	2	3	EXACT	-0.519779188049	23	-0.208979435582	3	-0.0627447305953	72	0.183651826107	1	-0.158630110102	98	-0.155547252236	99	-0.0759591721466	68	0.161892778668	4	0.0705579819514	6	0.314573630342	1	-0.791503354227	-0.607851528119	-0.804717795778	-0.720945372275	-0.476929723885
M06_DY_TO_DY_ALL28:G808-E0783	M06_DY_TO_DY_ALL28	ALL28	DY	DY	G808-E0783	ch	edy	0	f76v	f76v	G808-P0235	f76v.2	2	7	B	B	2	3	EXACT	-0.237827790494	35	-0.344561392345	1	-0.129163161117	72	0	0	-0.157997111272	108	-0.158878009516	108	-0.129527028265	68	-0.122989389904	4	-0.170127617976	6	-0.247979686937	1	-0.711552343955	-0.711552343955	-0.711916211104	-0.881679961932	-0.959532030893
M06_DY_TO_DY_ALL28:G808-E0785	M06_DY_TO_DY_ALL28	ALL28	DY	DY	G808-E0785	ch	edy	0	f76v	f76v	G808-P0235	f76v.5	5	9	B	B	2	3	EXACT	-0.237827790494	35	-0.112042919401	3	-0.130548589464	72	0	0	-0.155678559236	110	-0.15655945748	110	-0.126308568962	68	-0.202640908305	4	-0.389468223888	6	0	0	-0.480419299358	-0.480419299358	-0.476179278857	-0.869887523246	-0.480419299358
M06_DY_TO_DY_ALL28:G808-E0792	M06_DY_TO_DY_ALL28	ALL28	DY	DY	G808-E0792	ch	edy	0	f76v	f76v	G808-P0236	f76v.13	13	7	B	B	2	3	EXACT	-0.440924868997	14	-0.130002283199	4	-0.107912708539	72	-0.28278695776	1	-0.129673097641	90	-0.131982873583	91	-0.107026549065	68	-0.122989389904	4	-0.26966997792	6	-0.281991230396	1	-0.678839860734	-0.961626818494	-0.677953701261	-0.948509838654	-0.960831091131
M06_DY_TO_DY_ALL28:G808-E0809	M06_DY_TO_DY_ALL28	ALL28	DY	DY	G808-E0809	ch	edy	0	f76v	f76v	G808-P0237	f76v.23	23	7	B	B	2	2	EXACT	-0.572118090911	26	-0.0763193556224	1	-0.104754737051	72	0	0	-0.210098270632	99	-0.210979168876	99	-0.103208436976	68	-0.131053808641	4	-0.221458631638	6	0	0	-0.753192183584	-0.753192183584	-0.751645883509	-0.974650815222	-0.753192183584
M06_DY_TO_DY_ALL28:G808-E0817	M06_DY_TO_DY_ALL28	ALL28	DY	DY	G808-E0817	ch	edy	0	f76v	f76v	G808-P0238	f76v.31	31	10	B	B	2	3	EXACT	-0.359552167043	36	-0.00235059789103	3	-0.12558970074	72	0	0	-0.190505783321	111	-0.191386681565	111	-0.130286806989	68	-0.0457508648135	4	0.00168555746864	6	0	0	-0.487492465674	-0.487492465674	-0.492189571923	-0.485806908205	-0.487492465674
M06_DY_TO_DY_ALL28:G808-E0819	M06_DY_TO_DY_ALL28	ALL28	DY	DY	G808-E0819	ch	edy	0	f76v	f76v	G808-P0239	f76v.34	34	3	B	B	2	3	EXACT	-0.55882140101	4	-0.0989510631207	2	-0.0915847767899	72	-0.120646409905	1	-0.0690825955229	78	-0.0703239725613	79	-0.105757792621	68	0.149344522038	4	0.0660545240305	6	-0.0598355445527	2	-0.74935724092	-0.870003650825	-0.763530256752	-0.68330271689	-0.809192785473
M06_DY_TO_DY_ALL28:G808-E0823	M06_DY_TO_DY_ALL28	ALL28	DY	DY	G808-E0823	ch	edy	0	f76v	f76v	G808-P0240	f76v.38	38	2	B	B	2	3	EXACT	-0.176069311715	19	-0.202905344316	5	-0.126945715814	72	-0.0227155283331	1	-0.115950203107	96	-0.115631919244	97	-0.146393873631	68	0.203660996765	4	-0.10372276347	6	-0.264862390657	1	-0.505920371846	-0.528635900179	-0.525368529663	-0.609643135316	-0.770782762503
M06_DY_TO_DY_ALL28:G808-E0839	M06_DY_TO_DY_ALL28	ALL28	DY	DY	G808-E0839	ch	edy	0	f77r	f77r	G808-P0241	f77r.21	21	6	B	B	2	2	EXACT	-0.34145341615	49	-0.307762839147	1	-0.13625789319	72	-0.0688162652021	1	-0.222419444609	122	-0.221848711886	123	-0.132276775302	68	-0.203948008601	4	-0.0342657376219	6	-0.129900597179	1	-0.785474148487	-0.854290413689	-0.781493030599	-0.819739886109	-0.915374745666
M06_DY_TO_DY_ALL28:G808-E0844	M06_DY_TO_DY_ALL28	ALL28	DY	DY	G808-E0844	ch	edy	0	f77r	f77r	G808-P0242	f77r.25	25	7	B	B	2	2	EXACT	-0.591397417333	23	-0.142561079075	2	-0.116452794265	72	-0.364702892761	1	-0.210042426311	97	-0.212252244377	98	-0.118967088808	68	-0.0737208983487	4	-0.0196682060547	6	-0.521738369809	1	-0.850411290673	-1.21511418343	-0.852925585216	-0.870079496728	-1.37214966048
M06_DY_TO_DY_ALL28:G808-E0848	M06_DY_TO_DY_ALL28	ALL28	DY	DY	G808-E0848	ch	edy	0	f77r	f77r	G808-P0242	f77r.33	33	2	B	B	2	3	EXACT	-0.591397417333	23	-0.109901458758	3	-0.125496568915	72	-0.169822785996	2	-0.214885730187	98	-0.214396853529	100	-0.145164722137	68	0.20885092454	4	0.126623742519	6	-0.137614759786	3	-0.826795445005	-0.996618231001	-0.846463598227	-0.700171702486	-0.964410204791
M06_DY_TO_DY_ALL28:G808-E0850	M06_DY_TO_DY_ALL28	ALL28	DY	DY	G808-E0850	ch	edy	0	f77r	f77r	G808-P0242	f77r.35	35	3	B	B	2	3	EXACT	-0.591397417333	23	-0.270317215848	1	-0.119695567997	72	0.0883776340911	3	-0.214623311514	96	-0.205623228104	99	-0.130403477096	68	0.0623277753661	4	0.0557713618811	6	0.0695674267267	3	-0.981410201178	-0.893032567087	-0.992118110277	-0.925638839297	-0.911842774451
M06_DY_TO_DY_ALL28:G808-E0853	M06_DY_TO_DY_ALL28	ALL28	DY	DY	G808-E0853	ch	edy	0	f77r	f77r	G808-P0242	f77r.36	36	4	B	B	2	2	EXACT	-0.591397417333	23	0	0	-0.109570170042	72	-0.0205681543213	1	-0.206479366563	95	-0.205169683061	96	-0.116419276233	68	0.00685352389257	4	-0.0342657376219	6	-0.265740893257	1	-0.700967587375	-0.721535741696	-0.707816693566	-0.735233324997	-0.966708480632
M06_DY_TO_DY_ALL28:G808-E0859	M06_DY_TO_DY_ALL28	ALL28	DY	DY	G808-E0859	ch	edy	0	f77v	f77v	G808-P0244	f77v.7	7	10	B	B	2	3	EXACT	-0.350497102048	17	0	0	-0.1352416664	72	0	0	-0.149690590918	89	-0.150848947074	89	-0.138424634076	68	-0.0811422592501	4	0.0512646147639	6	0	0	-0.485738768448	-0.485738768448	-0.488921736124	-0.434474153684	-0.485738768448
M06_DY_TO_DY_ALL28:G808-E0862	M06_DY_TO_DY_ALL28	ALL28	DY	DY	G808-E0862	ch	edy	0	f77v	f77v	G808-P0244	f77v.10	10	7	B	B	2	3	EXACT	-0.350497102048	17	-0.07376309337	1	-0.120124971362	72	-0.134943108535	2	-0.136611113111	90	-0.137071167399	92	-0.119953165493	68	-0.123056714475	4	-0.33323548952	6	-0.133938177032	2	-0.54438516678	-0.679328275315	-0.544213360912	-0.8776206563	-0.678323343812
M06_DY_TO_DY_ALL28:G808-E0864	M06_DY_TO_DY_ALL28	ALL28	DY	DY	G808-E0864	ch	edy	0	f77v	f77v	G808-P0244	f77v.11	11	6	B	B	2	3	EXACT	-0.350497102048	17	-0.228970197183	3	-0.146794942398	72	-0.152725689834	2	-0.160899333349	92	-0.161235827274	94	-0.147736887845	68	-0.130792913129	4	-0.198732069415	6	-0.151720758331	2	-0.726262241629	-0.878987931463	-0.727204187077	-0.924994311044	-0.87798299996
M06_DY_TO_DY_ALL28:G808-E0874	M06_DY_TO_DY_ALL28	ALL28	DY	DY	G808-E0874	ch	edy	0	f77v	f77v	G808-P0245	f77v.22	22	3	B	B	2	3	EXACT	-0.467296259361	31	-0.10199731475	2	-0.117110762634	72	0	0	-0.208566336184	105	-0.20972469234	105	-0.127356478299	68	0.0570553603205	4	0.308528156704	6	0	0	-0.686404336746	-0.686404336746	-0.69665005241	-0.377876180042	-0.686404336746
M06_DY_TO_DY_ALL28:G808-E0877	M06_DY_TO_DY_ALL28	ALL28	DY	DY	G808-E0877	ch	edy	0	f77v	f77v	G808-P0245	f77v.27	27	7	B	B	2	3	EXACT	-0.467296259361	31	-0.0914653205801	2	-0.146599374461	72	-0.0450339255708	3	-0.228586489167	105	-0.223800221852	108	-0.143380016788	68	-0.201339498235	4	0.025685189335	6	-0.0521934968298	3	-0.705360954402	-0.750394879973	-0.702141596729	-0.679675765067	-0.757554451232
M06_DY_TO_DY_ALL28:G808-E0880	M06_DY_TO_DY_ALL28	ALL28	DY	DY	G808-E0880	ch	edy	0	f77v	f77v	G808-P0246	f77v.30	30	9	B	B	2	2	EXACT	-0.246234697101	37	0.0903849109399	4	-0.139704715637	72	0.00139395360084	1	-0.159855726418	113	-0.159332472387	114	-0.145326842955	68	-0.0441395945647	4	0.00370798519333	6	0.194843969749	2	-0.295554501798	-0.294160548197	-0.301176629116	-0.291846516604	-0.100710532049
M06_DY_TO_DY_ALL28:G808-E0883	M06_DY_TO_DY_ALL28	ALL28	DY	DY	G808-E0883	ch	edy	0	f77v	f77v	G808-P0246	f77v.33	33	4	B	B	2	3	EXACT	-0.246234697101	37	-0.107153838655	4	-0.126433457337	72	-0.366605125259	2	-0.158392225541	113	-0.162642042885	115	-0.135331961578	68	0.0248300714022	4	-0.162035182532	6	-0.246522272485	3	-0.479821993094	-0.846427118352	-0.488720497334	-0.641857175625	-0.726344265579
M06_DY_TO_DY_ALL28:G808-E0892	M06_DY_TO_DY_ALL28	ALL28	DY	DY	G808-E0892	ch	edy	0	f77v	f77v	G808-P0246	f77v.41	41	1	B	B	2	3	EXACT	-0.246234697101	37	-0.219000830962	4	-0.137261315433	72	0	0	-0.169250577329	113	-0.170408933485	113	-0.150743617616	68	0.0919267783461	4	-0.181578601007	6	0	0	-0.602496843496	-0.602496843496	-0.615979145679	-0.784075444503	-0.602496843496
M06_DY_TO_DY_ALL28:G808-E0905	M06_DY_TO_DY_ALL28	ALL28	DY	DY	G808-E0905	ch	edy	0	f78r	f78r	G808-P0247	f78r.9	9	6	B	B	2	2	EXACT	-0.272857367048	60	0	0	-0.145112199452	72	-0.102808324024	1	-0.211425497352	132	-0.211166638165	133	-0.142292674788	68	-0.193055403382	4	-0.170118408114	6	-0.093644173236	2	-0.4179695665	-0.520777890524	-0.415150041836	-0.588087974614	-0.511613739736
M06_DY_TO_DY_ALL28:G808-E0916	M06_DY_TO_DY_ALL28	ALL28	DY	DY	G808-E0916	ch	edy	0	f78r	f78r	G808-P0247	f78r.18	18	3	B	B	2	2	EXACT	-0.272857367048	60	0.155563114883	1	-0.124510689305	72	0.154532528417	2	-0.197460455711	133	-0.192671237363	135	-0.135380577319	68	0.0602661222829	4	0.148066123771	6	0.0134673571418	4	-0.24180494147	-0.0872724130534	-0.252674829484	-0.0937388176988	-0.228337584328
M06_DY_TO_DY_ALL28:G808-E0920	M06_DY_TO_DY_ALL28	ALL28	DY	DY	G808-E0920	ch	edy	0	f78r	f78r	G808-P0248	f78r.30	30	6	B	B	2	3	EXACT	-0.421909014302	41	0.104762168445	3	-0.137083775026	72	0	0	-0.228398706315	116	-0.229092876631	116	-0.137923690366	68	-0.122816498882	4	-0.178703582469	6	-0.520592623492	1	-0.454230620882	-0.454230620882	-0.455070536223	-0.632934203352	-0.974823244375
M06_DY_TO_DY_ALL28:G808-E0923	M06_DY_TO_DY_ALL28	ALL28	DY	DY	G808-E0923	ch	edy	0	f78r	f78r	G808-P0248	f78r.32	32	4	B	B	2	3	EXACT	-0.421909014302	41	-0.163744757635	1	-0.128337479037	72	-0.102808324024	1	-0.231198721714	114	-0.230618751609	115	-0.135920178308	68	0.000557123930899	4	0.115950146439	6	-0.103012053997	1	-0.713991250974	-0.816799574998	-0.721573950245	-0.598041104535	-0.817003304971
M06_DY_TO_DY_ALL28:G808-E0925	M06_DY_TO_DY_ALL28	ALL28	DY	DY	G808-E0925	ch	edy	0	f78r	f78r	G808-P0248	f78r.38	38	6	B	B	2	2	EXACT	-0.421909014302	41	-0.1331786488	1	-0.135066166552	72	0.0508917683659	2	-0.23518029533	114	-0.23062950333	116	-0.139570792353	68	-0.0584988125683	4	0.194212602735	6	0.373513101032	2	-0.690153829653	-0.639262061287	-0.694658455454	-0.495941226918	-0.316640728621
M06_DY_TO_DY_ALL28:G808-E0943	M06_DY_TO_DY_ALL28	ALL28	DY	DY	G808-E0943	ch	edy	0	f78v	f78v	G808-P0249	f78v.11	11	2	B	B	2	3	EXACT	-0.404681287642	63	-0.29719425814	4	-0.119857969868	72	-0.150791000311	2	-0.263996882933	139	-0.26283004249	141	-0.138902296124	68	0.203884328512	4	0.173360365606	6	0.0243941689493	2	-0.82173351565	-0.972524515961	-0.840777841906	-0.648373150044	-0.7973393467
M06_DY_TO_DY_ALL28:G808-E0946	M06_DY_TO_DY_ALL28	ALL28	DY	DY	G808-E0946	ch	edy	0	f78v	f78v	G808-P0249	f78v.14	14	6	B	B	2	2	EXACT	-0.404681287642	63	-0.0113186543679	1	-0.100119914899	72	0.463095525441	2	-0.25098627181	136	-0.241070613858	138	-0.0944797758061	68	-0.196013527449	4	-0.30344099877	6	0.462456134824	2	-0.516119856909	-0.0530243314673	-0.510479717816	-0.819560855678	-0.0536637220849
M06_DY_TO_DY_ALL28:G808-E0951	M06_DY_TO_DY_ALL28	ALL28	DY	DY	G808-E0951	ch	edy	0	f78v	f78v	G808-P0249	f78v.18	18	1	B	B	2	3	EXACT	-0.404681287642	63	0.0525255181753	3	-0.0979759298899	72	0	0	-0.244826771404	138	-0.245521593273	138	-0.109301033782	68	0.0945395883067	4	0.0429310000831	6	0	0	-0.450131699356	-0.450131699356	-0.461456803249	-0.407200699273	-0.450131699356
M06_DY_TO_DY_ALL28:G808-E0954	M06_DY_TO_DY_ALL28	ALL28	DY	DY	G808-E0954	ch	edy	0	f78v	f78v	G808-P0250	f78v.21	21	1	B	B	2	2	EXACT	-0.192176061201	31	-0.119108982902	4	-0.112079008886	72	0	0	-0.124564764539	107	-0.125259586407	107	-0.124233705661	68	0.0945395883067	4	-0.200909915495	6	0	0	-0.423364052989	-0.423364052989	-0.435518749764	-0.624273968484	-0.423364052989
M06_DY_TO_DY_ALL28:G808-E0957	M06_DY_TO_DY_ALL28	ALL28	DY	DY	G808-E0957	ch	edy	0	f78v	f78v	G808-P0250	f78v.23	23	2	B	B	2	2	EXACT	-0.192176061201	31	-0.194635559417	3	-0.0942062719489	72	-0.217397990432	1	-0.114730676267	106	-0.116216395367	107	-0.111741674798	68	0.203884328512	4	0.00765610241639	6	-0.21803738105	1	-0.481017892567	-0.698415882999	-0.498553295416	-0.47336179015	-0.699055273616
M06_DY_TO_DY_ALL28:G808-E0967	M06_DY_TO_DY_ALL28	ALL28	DY	DY	G808-E0967	ch	edy	0	f79r	f79r	G808-P0253	f79r.14	14	9	B	B	2	3	EXACT	-0.278807024818	31	-0.214521905371	2	-0.136638594119	72	0.208727676795	2	-0.166069456577	105	-0.159052951653	107	-0.138259646439	68	-0.10910677078	4	0.0425525630517	6	0.203049420221	2	-0.629967524308	-0.421239847513	-0.631588576628	-0.587414961257	-0.426918104087
M06_DY_TO_DY_ALL28:G808-E0987	M06_DY_TO_DY_ALL28	ALL28	DY	DY	G808-E0987	ch	edy	0	f79r	f79r	G808-P0258	f79r.41	41	8	B	B	2	3	EXACT	-0.371787679006	11	-0.124855583475	2	-0.11060091685	72	0.00390448395563	3	-0.106567326337	85	-0.10279887611	88	-0.110690341094	68	-0.10910677078	4	0.0425525630517	6	0.12961394931	3	-0.607244179331	-0.603339695375	-0.607333603575	-0.564691616279	-0.477630230021
M06_DY_TO_DY_ALL28:G808-E0988	M06_DY_TO_DY_ALL28	ALL28	DY	DY	G808-E0988	ch	edy	0	f79r	f79r	G808-P0258	f79r.42	42	3	B	B	2	3	EXACT	-0.371787679006	11	0.0413913518262	1	-0.0916634747524	72	0.461712982942	2	-0.0880606991333	84	-0.0752668582294	86	-0.102331122631	68	0.0896604730884	4	-0.00255759124416	6	0.52280042268	2	-0.422059801932	0.0396531810097	-0.432727449811	-0.424617393176	0.100740620748
M06_DY_TO_DY_ALL28:G808-E0990	M06_DY_TO_DY_ALL28	ALL28	DY	DY	G808-E0990	ch	edy	0	f79v	f79v	G808-P0259	f79v.4	4	5	B	B	2	2	EXACT	-0.444504468361	26	-0.403499566661	2	-0.123657563218	72	-0.216857084123	1	-0.195885492194	100	-0.196744065662	101	-0.123378961576	68	-0.128404898584	4	-0.10188021798	6	-0.218692523862	1	-0.971661598239	-1.18851868236	-0.971382996598	-1.07354181622	-1.1903541221
M06_DY_TO_DY_ALL28:G808-E1003	M06_DY_TO_DY_ALL28	ALL28	DY	DY	G808-E1003	ch	edy	0	f79v	f79v	G808-P0265	f79v.41	41	7	B	B	2	3	EXACT	-0.384033446157	23	-0.465215966848	3	-0.149944927803	72	0.169131799866	1	-0.194603172826	98	-0.191575461138	99	-0.14681997017	68	-0.203080315013	4	0.00693404236528	6	0.167296360127	1	-0.999194340807	-0.830062540941	-0.996069383175	-0.992260298442	-0.83189798068
M06_DY_TO_DY_ALL28:G808-E0060	M06_DY_TO_DY_ALL28	ALL28	DY	DY	G808-E0060	ch	eody	1	f7r	f7r	G808-P0021	f7r.2	2	9	H	A	1	3	EXACT	0.784365348663	10	-0.151184077096	1	0.162651811233	72	-0.0625507682392	1	0.270510868073	83	0.26591641764	84	0.174388359012	68	-0.0368803618162	4	0.158979003989	6	0.341862915183	1	0.7958330828	0.733282314561	0.807569630579	0.954812086789	1.13769599798
M06_DY_TO_DY_ALL28:G808-E1016	M06_DY_TO_DY_ALL28	ALL28	DY	DY	G808-E1016	ch	edy	0	f80r	f80r	G808-P0267	f80r.29	29	3	B	B	2	3	EXACT	-0.516813288277	25	-0.00963091885927	5	-0.115865373351	72	0.0647895259081	2	-0.191658253618	102	-0.187144096136	104	-0.131709131261	68	0.153467532824	4	-0.16474151406	6	0.0627773007308	2	-0.642309580487	-0.577520054579	-0.658153338397	-0.807051094547	-0.579532279756
M06_DY_TO_DY_ALL28:G808-E1020	M06_DY_TO_DY_ALL28	ALL28	DY	DY	G808-E1020	ch	edy	0	f80r	f80r	G808-P0269	f80r.41	41	3	B	B	2	2	EXACT	-0.484513602203	19	0.357589046557	2	-0.120439203639	72	-0.0994445049691	2	-0.160622881999	93	-0.159712505514	95	-0.136552010389	68	0.153467532824	4	-0.290185793963	6	-0.126593348251	2	-0.247363759285	-0.346808264254	-0.263476566035	-0.537549553248	-0.373957107536
M06_DY_TO_DY_ALL28:G808-E1022	M06_DY_TO_DY_ALL28	ALL28	DY	DY	G808-E1022	ch	edy	0	f80r	f80r	G808-P0269	f80r.44	44	4	B	B	2	2	EXACT	-0.484513602203	19	-0.233340538269	1	-0.130766372458	72	-0.420267124202	2	-0.180913410041	92	-0.18637872157	94	-0.138345189207	68	-0.00193746601053	4	0.131773026369	6	-0.42227934938	2	-0.848620512929	-1.26888763713	-0.856199329678	-0.71684748656	-1.27089986231
M06_DY_TO_DY_ALL28:G808-E1024	M06_DY_TO_DY_ALL28	ALL28	DY	DY	G808-E1024	ch	edy	0	f80r	f80r	G808-P0269	f80r.45	45	4	B	B	2	2	EXACT	-0.484513602203	19	0.0298867798972	1	-0.135298053211	72	-0.121530289709	1	-0.181598776302	92	-0.181556276714	93	-0.143471423839	68	0.00363826918666	4	-0.00288862901556	6	-0.123542514887	1	-0.589924875516	-0.711455165226	-0.598098246145	-0.592813504532	-0.713467390403
M06_DY_TO_DY_ALL28:G808-E1029	M06_DY_TO_DY_ALL28	ALL28	DY	DY	G808-E1029	ch	edy	0	f80v	f80v	G808-P0271	f80v.4	4	4	B	B	2	2	EXACT	-0.742395964688	14	0	0	-0.125929129584	72	-0.137536817276	4	-0.194329230394	86	-0.191646102463	90	-0.133615548065	68	0.00472877091735	4	-0.00596484746399	6	-0.167370692845	4	-0.868325094272	-1.00586191155	-0.876011512753	-0.874289941736	-1.03569578712
M06_DY_TO_DY_ALL28:G808-E1030	M06_DY_TO_DY_ALL28	ALL28	DY	DY	G808-E1030	ch	edy	0	f80v	f80v	G808-P0271	f80v.5	5	2	B	B	2	3	EXACT	-0.742395964688	14	-0.498595966771	2	-0.104809090913	72	0	0	-0.183609240784	88	-0.184503453476	88	-0.123323618254	68	0.209926660194	4	0.0810138167769	6	-0.00159994686074	1	-1.34580102237	-1.34580102237	-1.36431554971	-1.2647872056	-1.34740096923
M06_DY_TO_DY_ALL28:G808-E1035	M06_DY_TO_DY_ALL28	ALL28	DY	DY	G808-E1035	ch	edy	0	f80v	f80v	G808-P0271	f80v.6	6	9	B	B	2	2	EXACT	-0.742395964688	14	-0.179946470785	1	-0.109420509875	72	-0.149331021337	1	-0.180322008949	87	-0.180594758703	88	-0.11347458016	68	-0.0405125287203	4	-0.135188518769	6	-0.151013083962	1	-1.03176294535	-1.18109396669	-1.03581701563	-1.16695146412	-1.18277602931
M06_DY_TO_DY_ALL28:G808-E1051	M06_DY_TO_DY_ALL28	ALL28	DY	DY	G808-E1051	ch	edy	0	f80v	f80v	G808-P0275	f80v.24	24	8	B	B	2	3	EXACT	-0.506454585503	14	-0.140655025584	2	-0.129059525312	72	0.064730881245	3	-0.157779355395	88	-0.150556821245	91	-0.124848473945	68	-0.200658612234	4	-0.0250377554472	6	0.00549602783207	4	-0.776169136399	-0.711438255154	-0.771958085032	-0.801206891846	-0.770673108567
M06_DY_TO_DY_ALL28:G808-E1055	M06_DY_TO_DY_ALL28	ALL28	DY	DY	G808-E1055	ch	edy	0	f80v	f80v	G808-P0278	f80v.40	40	8	B	B	2	3	EXACT	-0.394099014495	26	-0.265678204339	3	-0.131843728228	72	0	0	-0.186118440521	101	-0.187012653213	101	-0.127796453504	68	-0.200658612234	4	-0.205817434432	6	-0.0837710719125	1	-0.791620947062	-0.791620947062	-0.787573672337	-0.997438381494	-0.875392018975
M06_DY_TO_DY_ALL28:G808-E1058	M06_DY_TO_DY_ALL28	ALL28	DY	DY	G808-E1058	ch	edy	0	f80v	f80v	G808-P0278	f80v.41	41	7	B	B	2	3	EXACT	-0.394099014495	26	-0.0471562455385	2	-0.144373708148	72	0.0279569398088	2	-0.19013023812	100	-0.186283569854	102	-0.145055924424	68	-0.132787245147	4	-0.307984743458	6	0.026274877184	2	-0.585628968181	-0.557672028373	-0.586311184457	-0.89361371164	-0.559354090998
M06_DY_TO_DY_ALL28:G808-E1062	M06_DY_TO_DY_ALL28	ALL28	DY	DY	G808-E1062	ch	edy	0	f81r	f81r	G808-P0279	f81r.3	3	6	B	B	2	2	EXACT	-0.42424075526	26	-0.07784166377	1	-0.144643018938	72	-0.0528490748217	2	-0.200743898214	99	-0.198243210437	101	-0.141012265329	68	-0.206377278772	4	-0.111054245397	6	-0.0533734938963	2	-0.646725437968	-0.69957451279	-0.64309468436	-0.757779683365	-0.700098931865
M06_DY_TO_DY_ALL28:G808-E1072	M06_DY_TO_DY_ALL28	ALL28	DY	DY	G808-E1072	ch	edy	0	f81r	f81r	G808-P0280	f81r.19	19	3	B	B	2	2	EXACT	-0.452302816567	33	0	0	-0.124172680384	72	-0.00133202885619	1	-0.217289510581	105	-0.215917648486	106	-0.129985036732	68	-0.0253740709361	4	-0.24044223794	6	0.00642145615631	2	-0.576475496951	-0.577807525807	-0.5822878533	-0.816917734891	-0.570054040795
M06_DY_TO_DY_ALL28:G808-E1074	M06_DY_TO_DY_ALL28	ALL28	DY	DY	G808-E1074	ch	edy	0	f81r	f81r	G808-P0280	f81r.20	20	3	B	B	2	2	EXACT	-0.452302816567	33	0	0	-0.120511053502	72	-0.645192370525	1	-0.214778680719	105	-0.219504659865	106	-0.130872662731	68	0.0556248549039	4	-0.0269463133048	6	-0.645716789599	1	-0.572813870069	-1.21800624059	-0.583175479298	-0.599760183374	-1.21853065967
M06_DY_TO_DY_ALL28:G808-E1076	M06_DY_TO_DY_ALL28	ALL28	DY	DY	G808-E1076	ch	edy	0	f81r	f81r	G808-P0280	f81r.22	22	2	B	B	2	3	EXACT	-0.452302816567	33	-0.394438207706	4	-0.0992988142501	72	-0.128863812624	2	-0.206934618552	109	-0.205996733753	111	-0.117862957929	68	0.216280179805	4	0.024744212837	6	-0.144120386542	2	-0.946039838524	-1.07490365115	-0.964603982202	-0.921295625687	-1.09016022507
M06_DY_TO_DY_ALL28:G808-E1080	M06_DY_TO_DY_ALL28	ALL28	DY	DY	G808-E1080	ch	edy	0	f81r	f81r	G808-P0280	f81r.25	25	7	B	B	2	2	EXACT	-0.452302816567	33	-0.00569298254458	1	-0.142103169178	72	-0.141073031425	2	-0.22736317804	106	-0.226222541378	108	-0.145381017593	68	-0.0863911946094	4	0.0284170405294	6	-0.157463059398	3	-0.60009896829	-0.741171999715	-0.603376816705	-0.571681927761	-0.757562027688
M06_DY_TO_DY_ALL28:G808-E1084	M06_DY_TO_DY_ALL28	ALL28	DY	DY	G808-E1084	ch	edy	0	f81r	f81r	G808-P0280	f81r.28	28	2	B	B	2	2	EXACT	-0.452302816567	33	0	0	-0.108211256688	72	-0.0492963660782	2	-0.206344534332	105	-0.203862418215	107	-0.127299661687	68	0.216280179805	4	0.339766040853	6	-0.109949024588	2	-0.560514073256	-0.609810439334	-0.579602478254	-0.220748032403	-0.670463097843
M06_DY_TO_DY_ALL28:G808-E1093	M06_DY_TO_DY_ALL28	ALL28	DY	DY	G808-E1093	ch	edy	0	f81v	f81v	G808-P0282	f81v.17	17	2	B	B	2	3	EXACT	-0.410127825796	49	-0.418360900575	1	-0.10284320615	72	-0.263494133346	1	-0.231069431155	122	-0.231999663567	123	-0.120794187877	68	0.202312309666	4	0.0681537349349	6	-0.279253705041	1	-0.931331932521	-1.19482606587	-0.949282914248	-0.863178197587	-1.21058563756
M06_DY_TO_DY_ALL28:G808-E1096	M06_DY_TO_DY_ALL28	ALL28	DY	DY	G808-E1096	ch	edy	0	f81v	f81v	G808-P0282	f81v.21	21	5	B	B	2	2	EXACT	-0.410127825796	49	0.0312732136811	3	-0.122500316841	72	0	0	-0.234472640942	124	-0.235320613811	124	-0.121946945383	68	-0.13191880516	4	-0.186081488571	6	0	0	-0.501354928956	-0.501354928956	-0.500801557498	-0.687436417527	-0.501354928956
M06_DY_TO_DY_ALL28:G808-E1108	M06_DY_TO_DY_ALL28	ALL28	DY	DY	G808-E1108	ch	edy	0	f82r	f82r	G808-P0284	f82r.11	11	7	B	B	2	2	EXACT	-0.332461264404	32	0	0	-0.128846055247	72	0	0	-0.180616941643	104	-0.181546593534	104	-0.131433366655	68	-0.0848730290798	4	-0.239213003895	6	0	0	-0.461307319651	-0.461307319651	-0.463894631059	-0.700520323546	-0.461307319651
M06_DY_TO_DY_ALL28:G808-E1117	M06_DY_TO_DY_ALL28	ALL28	DY	DY	G808-E1117	ch	edy	0	f82r	f82r	G808-P0285	f82r.21	21	8	B	B	2	3	EXACT	-0.323501648519	47	0.267145573472	2	-0.140707652429	72	0.259033814481	3	-0.20596225972	121	-0.19505155339	124	-0.137190680591	68	-0.200507441455	4	-0.00906310089648	6	0.257993690326	3	-0.197063727476	0.0619700870052	-0.193546755638	-0.206126828373	0.0609299628503
M06_DY_TO_DY_ALL28:G808-E1128	M06_DY_TO_DY_ALL28	ALL28	DY	DY	G808-E1128	ch	edy	0	f82v	f82v	G808-P0286	f82v.7	7	4	B	B	2	3	EXACT	-0.304739893873	11	0.572789525566	2	-0.128950238306	72	0	0	-0.099707533485	85	-0.100716825894	85	-0.136606586706	68	0.00119630125208	4	-0.264716991654	6	-0.10945210352	2	0.139099393386	0.139099393386	0.131443044987	-0.125617598267	0.0296472898663
M06_DY_TO_DY_ALL28:G808-E1136	M06_DY_TO_DY_ALL28	ALL28	DY	DY	G808-E1136	ch	edy	0	f82v	f82v	G808-P0287	f82v.12	12	7	B	B	2	3	EXACT	-0.527357621561	18	-0.0795471775149	3	-0.134087201822	72	0.0186139278461	1	-0.182426916939	93	-0.181014750386	94	-0.135189888576	68	-0.115352910237	4	-0.0100220775291	6	-0.00842275489872	1	-0.740992000898	-0.722378073052	-0.742094687652	-0.751014078427	-0.749414755797
M06_DY_TO_DY_ALL28:G808-E1143	M06_DY_TO_DY_ALL28	ALL28	DY	DY	G808-E1143	ch	edy	0	f82v	f82v	G808-P0289	f82v.22	22	2	B	B	2	3	EXACT	-0.42638462157	28	-0.56972265356	2	-0.12229599237	72	-0.103119222748	1	-0.199586346628	102	-0.199401042711	103	-0.141343011081	68	0.20149194249	4	-0.0460301645262	6	-0.103185395086	1	-1.1184032675	-1.22152249025	-1.13745028621	-1.16443343203	-1.22158866259
M06_DY_TO_DY_ALL28:G808-E1155	M06_DY_TO_DY_ALL28	ALL28	DY	DY	G808-E1155	ch	edy	0	f83r	f83r	G808-P0292	f83r.2	2	10	B	B	2	3	EXACT	-0.455909370891	20	-0.0962586272563	4	-0.119059650644	72	0	0	-0.164566979815	96	-0.165486534916	96	-0.121445892031	68	-0.0785051559199	4	0.118266506956	6	-0.0165349072365	2	-0.671227648791	-0.671227648791	-0.673613890178	-0.552961141834	-0.687762556027
M06_DY_TO_DY_ALL28:G808-E1159	M06_DY_TO_DY_ALL28	ALL28	DY	DY	G808-E1159	ch	edy	0	f83r	f83r	G808-P0292	f83r.6	6	6	B	B	2	3	EXACT	-0.455909370891	20	-0.114579756625	2	-0.101917083658	72	-0.273322647609	3	-0.153517089225	94	-0.157394079203	97	-0.100256571484	68	-0.130157399491	4	-0.0253692952871	6	-0.320894177716	3	-0.672406211174	-0.945728858783	-0.670745698999	-0.697775506461	-0.99330038889
M06_DY_TO_DY_ALL28:G808-E1163	M06_DY_TO_DY_ALL28	ALL28	DY	DY	G808-E1163	ch	edy	0	f83r	f83r	G808-P0292	f83r.8	8	5	B	B	2	2	EXACT	-0.455909370891	20	0	0	-0.109850266501	72	-0.117079186917	1	-0.160814697632	92	-0.16100395874	93	-0.112512085212	68	-0.0646109572795	4	0.03946198462	6	-0.118445553518	1	-0.565759637391	-0.682838824308	-0.568421456102	-0.526297652771	-0.684205190909
M06_DY_TO_DY_ALL28:G808-E1177	M06_DY_TO_DY_ALL28	ALL28	DY	DY	G808-E1177	ch	edy	0	f83r	f83r	G808-P0294	f83r.22	22	5	B	B	2	2	EXACT	-0.293841361822	18	0	0	-0.116849212518	72	-0.0883068423245	2	-0.125506748668	90	-0.125091918182	92	-0.11573215888	68	-0.135850733239	4	-0.140028974649	6	-0.546704980479	2	-0.41069057434	-0.498997416664	-0.409573520701	-0.550719548989	-0.957395554819
M06_DY_TO_DY_ALL28:G808-E1184	M06_DY_TO_DY_ALL28	ALL28	DY	DY	G808-E1184	ch	edy	0	f83r	f83r	G808-P0295	f83r.25	25	5	B	B	2	2	EXACT	-0.331700681585	12	-0.474648549949	1	-0.108266956754	72	0.12396942047	1	-0.109526600923	85	-0.10744990193	86	-0.110835639597	68	-0.0646109572795	4	-0.266775623817	6	0.0935344895677	1	-0.914616188288	-0.790646767818	-0.917184871132	-1.18139181211	-0.821081698721
M06_DY_TO_DY_ALL28:G808-E1186	M06_DY_TO_DY_ALL28	ALL28	DY	DY	G808-E1186	ch	edy	0	f83r	f83r	G808-P0295	f83r.27	27	2	B	B	2	2	EXACT	-0.331700681585	12	0	0	-0.0814004429759	72	-0.0945771027247	1	-0.0822843048609	84	-0.0830639889881	85	-0.0982936958729	68	0.205773247407	4	0.319372353065	6	-0.228289346832	1	-0.413101124561	-0.507678227286	-0.429994377458	-0.0937287714966	-0.641390471393
M06_DY_TO_DY_ALL28:G808-E1194	M06_DY_TO_DY_ALL28	ALL28	DY	DY	G808-E1194	ch	edy	0	f83r	f83r	G808-P0296	f83r.43	43	3	B	B	2	1	EXACT	-0.229418505122	31	0	0	-0.0903461479792	72	-0.454687073669	1	-0.119831892683	103	-0.123738691538	104	-0.0945272085073	68	-0.0192797278682	4	-0.490359401768	6	-0.53308648963	1	-0.319764653102	-0.774451726771	-0.32394571363	-0.81012405487	-0.852851142731
M06_DY_TO_DY_ALL28:G808-E1197	M06_DY_TO_DY_ALL28	ALL28	DY	DY	G808-E1197	ch	edy	0	f83r	f83r	G808-P0297	f83r.49	49	3	B	B	2	1	EXACT	-0.789217812287	3	0	0	-0.0581868141038	72	0.150646029479	1	-0.0379163805454	75	-0.0360366693218	76	-0.072461046284	68	0.184463524094	4	0.244925079554	6	0.149279662877	1	-0.84740462639	-0.696758596912	-0.861678858571	-0.602479546837	-0.698124963513
M06_DY_TO_DY_ALL28:G808-E1200	M06_DY_TO_DY_ALL28	ALL28	DY	DY	G808-E1200	ch	edy	0	f83v	f83v	G808-P0299	f83v.5	5	4	B	B	2	3	EXACT	-0.45177377301	19	-0.0556357664405	4	-0.117191605493	72	0	0	-0.157025454129	95	-0.157929332853	95	-0.124398404947	68	0.00531309295377	4	-0.226361477463	6	0.306108220208	1	-0.624601144944	-0.624601144944	-0.631807944398	-0.850962622406	-0.318492924736
M06_DY_TO_DY_ALL28:G808-E1203	M06_DY_TO_DY_ALL28	ALL28	DY	DY	G808-E1203	ch	edy	0	f83v	f83v	G808-P0299	f83v.7	7	4	B	B	2	3	EXACT	-0.45177377301	19	0.21334393562	4	-0.141697997759	72	-0.0869337707202	1	-0.164273258707	95	-0.164128489627	96	-0.150346349699	68	0.00531309295377	4	-0.166001961727	6	-0.139414294896	1	-0.380127835149	-0.467061605869	-0.38877618709	-0.546129796876	-0.519542130045
M06_DY_TO_DY_ALL28:G808-E1207	M06_DY_TO_DY_ALL28	ALL28	DY	DY	G808-E1207	ch	edy	0	f83v	f83v	G808-P0300	f83v.16	16	8	B	B	2	3	EXACT	-0.491696462105	24	-0.0551777334011	3	-0.151106088839	72	-0.155491795126	3	-0.211776325133	99	-0.210338579411	102	-0.148324601589	68	-0.198402264369	4	0.201198182308	6	-0.167325595306	3	-0.697980284346	-0.853472079472	-0.695198797096	-0.496782102038	-0.865305879652
M06_DY_TO_DY_ALL28:G808-E1209	M06_DY_TO_DY_ALL28	ALL28	DY	DY	G808-E1209	ch	edy	0	f83v	f83v	G808-P0300	f83v.18	18	7	B	B	2	3	EXACT	-0.491696462105	24	-0.202513160737	4	-0.127365214635	72	0.0913305218321	2	-0.198861775035	100	-0.193618143994	102	-0.123187205373	68	-0.198402264369	4	0.0604647265551	6	0.0255033742757	2	-0.821574837478	-0.730244315646	-0.817396828215	-0.761110110922	-0.796071463202
M06_DY_TO_DY_ALL28:G808-E1217	M06_DY_TO_DY_ALL28	ALL28	DY	DY	G808-E1217	ch	edy	0	f83v	f83v	G808-P0301	f83v.31	31	4	B	B	2	2	EXACT	-0.403562404736	37	0	0	-0.117864648519	72	0.0440251520161	2	-0.208303795247	109	-0.204240833459	111	-0.128957243164	68	0.0706985681702	4	0.205629076068	6	0.0171275226974	3	-0.521427053255	-0.477401901238	-0.5325196479	-0.315797977187	-0.504299530557
M06_DY_TO_DY_ALL28:G808-E1247	M06_DY_TO_DY_ALL28	ALL28	DY	DY	G808-E1247	ch	edy	0	f85r2	f85r	G808-P0313	f85r2.15	15	3	C	B	2	2	EXACT	-0.0966417348823	10	0	0	-0.0151432702516	70	0.234090284461	1	0.0128013870962	80	0.0148395323603	81	-0.0161840456354	66	0.00202542427567	4	0.312263555442	6	0.233584627279	1	-0.111785005134	0.122305279327	-0.112825780518	0.200478550308	0.121799622145
M06_DY_TO_DY_ALL28:G808-E1248	M06_DY_TO_DY_ALL28	ALL28	DY	DY	G808-E1248	ch	edy	0	f85r2	f85r	G808-P0314	f85r2.19	19	5	C	B	2	2	EXACT	-0.167967586999	13	0	0	-0.00361774848011	70	-0.267321058531	1	0.00416956610933	83	0.000231656839792	84	-0.00516412591942	66	0.0218933799632	4	0.244749444842	6	-0.2888387631	1	-0.171585335479	-0.43890639401	-0.173131712919	0.0731641093625	-0.460424098579
M06_DY_TO_DY_ALL28:G808-E1261	M06_DY_TO_DY_ALL28	ALL28	DY	DY	G808-E1261	ch	edy	0	f86v3	f86v	G808-P0320	f86v3.34	34	3	C	B	2	2	EXACT	-0.218530778734	22	0.283648689084	1	-0.0495589001516	69	-0.543886280725	1	-0.0650915422554	92	-0.070663905912	93	-0.0556922013984	65	0.0501195113968	4	0.219432065468	6	-0.190308859787	2	0.0155590101985	-0.528327270526	0.00942570895168	0.234991075667	-0.174749849588
M06_DY_TO_DY_ALL28:G808-E1282	M06_DY_TO_DY_ALL28	ALL28	DY	DY	G808-E1282	ch	edy	0	f86v5	f86v	G808-P0325	f86v5.39	39	2	T	B	2	2	EXACT	0.00335964575555	58	-0.184035218963	1	-0.0555147650163	72	-0.226393911162	1	-0.0405582158377	131	-0.0424386803698	132	-0.0723743369474	68	0.231086815436	4	-0.0503427611311	6	-0.228519048396	1	-0.236190338224	-0.462584249386	-0.253049910155	-0.286533099355	-0.46470938662
M06_DY_TO_DY_ALL28:G808-E1283	M06_DY_TO_DY_ALL28	ALL28	DY	DY	G808-E1283	ch	edy	0	f86v6	f86v	G808-P0326	f86v6.1	1	6	T	B	2	3	EXACT	-0.290702023404	36	0	0	-0.0469648766317	72	0.0928687535835	1	-0.121021403353	108	-0.119507279788	109	-0.0439964250605	68	-0.0974396957182	4	0.124000435092	6	-0.0805173369131	1	-0.337666900036	-0.244798146452	-0.334698448464	-0.213666464944	-0.418184236949
M06_DY_TO_DY_ALL28:G808-E1285	M06_DY_TO_DY_ALL28	ALL28	DY	DY	G808-E1285	ch	edy	0	f86v6	f86v	G808-P0326	f86v6.3	3	4	T	B	2	3	EXACT	-0.290702023404	36	-0.109421822843	3	-0.049165750425	72	1.16016937625	1	-0.121859369827	111	-0.110864614189	112	-0.0523964662524	68	0.00574527626205	4	0.0889500984644	6	1.13112264617	1	-0.449289596672	0.710879779575	-0.452520312499	-0.360339498207	0.681833049502
M06_DY_TO_DY_ALL28:G808-E1288	M06_DY_TO_DY_ALL28	ALL28	DY	DY	G808-E1288	ch	edy	0	f86v6	f86v	G808-P0326	f86v6.6	6	5	T	B	2	3	EXACT	-0.290702023404	36	0.0889282770321	4	-0.0301847860439	71	0	0	-0.103551345266	111	-0.104139820684	111	-0.0246319754914	67	-0.123197702287	4	-0.0866788321287	6	-0.122376593671	1	-0.231958532416	-0.231958532416	-0.226405721863	-0.318637364544	-0.354335126087
M06_DY_TO_DY_ALL28:G808-E1298	M06_DY_TO_DY_ALL28	ALL28	DY	DY	G808-E1298	ch	edy	0	f86v6	f86v	G808-P0328	f86v6.23	23	4	T	B	2	3	EXACT	-0.274257925166	39	-0.261524423749	5	-0.0616737353957	72	-0.198486573531	1	-0.137111069938	116	-0.138093411777	117	-0.0699502623061	68	0.0790160797043	4	-0.22887978551	6	-0.108539244117	2	-0.597456084311	-0.795942657841	-0.605732611221	-0.826335869821	-0.705995328428
M06_DY_TO_DY_ALL28:G808-E1302	M06_DY_TO_DY_ALL28	ALL28	DY	DY	G808-E1302	ch	edy	0	f86v6	f86v	G808-P0328	f86v6.26	26	4	T	B	2	3	EXACT	-0.274257925166	39	0.481154901775	2	-0.100859968304	72	0	0	-0.14590275091	113	-0.146491226329	113	-0.107131520477	68	0.00574527626205	4	0.0945949562482	6	0	0	0.106037008305	0.106037008305	0.0997654561317	0.200631964553	0.106037008305
M06_DY_TO_DY_ALL28:G808-E1307	M06_DY_TO_DY_ALL28	ALL28	DY	DY	G808-E1307	ch	edy	0	f86v6	f86v	G808-P0328	f86v6.29	29	7	T	B	2	3	EXACT	-0.274257925166	39	0	0	-0.101347596944	72	-0.121725107486	2	-0.157701470095	111	-0.157382520824	113	-0.104551414513	68	-0.0468938406574	4	-0.0923813136867	6	-0.149373734596	2	-0.37560552211	-0.497330629597	-0.378809339679	-0.467986835797	-0.524979256706
M06_DY_TO_DY_ALL28:G808-E1309	M06_DY_TO_DY_ALL28	ALL28	DY	DY	G808-E1309	ch	eody	1	f86v6	f86v	G808-P0329	f86v6.35	35	4	T	B	2	3	EXACT	-0.167512783405	70	-0.199374300941	4	-0.0407803337245	72	0.0865068306098	4	-0.122661997763	146	-0.117264820896	150	-0.0435177897459	68	0.00574527626205	4	0.0889500984644	6	0.0415664550608	4	-0.407667418071	-0.321160587461	-0.410404874092	-0.318717319607	-0.36610096301
M06_DY_TO_DY_ALL28:G808-E1330	M06_DY_TO_DY_ALL28	ALL28	DY	DY	G808-E1330	ch	eody	1	f88r	f88r	G808-P0334	f88r.9	9	11	P	A	1	3	EXACT	0.122569427599	14	-0.771321769532	1	0.138021903534	71	-0.404266892399	1	0.155582352171	86	0.148540199852	87	0.148514097608	67	-0.0377248039569	4	0.0458191782241	6	-0.490596987985	1	-0.510730438399	-0.914997330798	-0.500238244325	-0.464911260175	-1.00132742638
M06_DY_TO_DY_ALL28:G808-E1347	M06_DY_TO_DY_ALL28	ALL28	DY	DY	G808-E1347	ch	eody	1	f88v	f88v	G808-P0338	f88v.16	16	7	P	A	1	2	EXACT	0.202966747248	7	-0.0936250453599	1	0.13116018399	72	0.635697168779	1	0.168483477005	80	0.17289443849	81	0.14941181707	68	-0.179114147879	4	-0.149821736117	6	0.645239478694	1	0.240501885878	0.876199054657	0.258753518958	0.0906801497613	0.885741364572
M06_DY_TO_DY_ALL28:G808-E1351	M06_DY_TO_DY_ALL28	ALL28	DY	DY	G808-E1351	ch	eody	1	f88v	f88v	G808-P0338	f88v.18	18	5	P	A	1	2	EXACT	0.202966747248	7	0	0	0.121619870194	72	0	0	0.162633509797	79	0.160650953558	79	0.134446610631	68	-0.0964312867483	4	0.00738783223715	6	0	0	0.324586617442	0.324586617442	0.337413357879	0.331974449679	0.324586617442
M06_DY_TO_DY_ALL28:G808-E1352	M06_DY_TO_DY_ALL28	ALL28	DY	DY	G808-E1352	ch	eody	1	f88v	f88v	G808-P0338	f88v.19	19	6	P	A	1	3	EXACT	0.202966747248	7	-0.0731732493922	2	0.143632348871	72	0.144219521058	1	0.177300073047	81	0.17553191549	82	0.157753940995	68	-0.0964312867483	4	-0.199858819034	6	0.127391945038	1	0.273425846727	0.417645367784	0.287547438851	0.0735670276925	0.400817791765
M06_DY_TO_DY_ALL28:G808-E1354	M06_DY_TO_DY_ALL28	ALL28	DY	DY	G808-E1354	ch	eody	1	f88v	f88v	G808-P0338	f88v.20	20	2	P	A	1	2	EXACT	0.202966747248	7	0	0	0.141725295873	72	0	0	0.180957442062	79	0.178974885823	79	0.136308354266	68	0.233816733689	4	-0.0514112394984	6	0	0	0.344692043121	0.344692043121	0.339275101513	0.293280803623	0.344692043121
M06_DY_TO_DY_ALL28:G808-E1358	M06_DY_TO_DY_ALL28	ALL28	DY	DY	G808-E1358	ch	edy	0	f89r1	f89r	G808-P0340	f89r1.7	7	5	P	A	1	3	EXACT	0.0311575487857	11	-0.0627857105968	1	0.130933841926	72	-0.364367187007	1	0.149864571999	84	0.143188431701	85	0.146446671891	68	-0.132794949819	4	-0.16338157281	6	-0.520255386308	1	0.0993056801147	-0.265061506892	0.11481851008	-0.0640758926951	-0.420949706193
M06_DY_TO_DY_ALL28:G808-E1366	M06_DY_TO_DY_ALL28	ALL28	DY	DY	G808-E1366	ch	eody	1	f89r1	f89r	G808-P0342	f89r1.20	20	5	P	A	1	3	EXACT	0.0238606739559	16	0	0	0.142029161563	72	0.635439042338	1	0.148422655582	88	0.153256037615	89	0.15819465739	68	-0.132794949819	4	0.1984533314	6	0.635495020874	1	0.165889835519	0.801328877857	0.182055331346	0.364343166919	0.801384856393
M06_DY_TO_DY_ALL28:G808-E1368	M06_DY_TO_DY_ALL28	ALL28	DY	DY	G808-E1368	ch	eody	1	f89r1	f89r	G808-P0342	f89r1.23	23	3	P	A	1	2	EXACT	0.0238606739559	16	0	0	0.134598930096	72	0.348331059162	1	0.14234337529	88	0.144019131448	89	0.139550175555	68	0.0504170749592	4	0.0331577074678	6	0.305609074147	1	0.158459604052	0.506790663213	0.163410849511	0.191617311519	0.464068678199
M06_DY_TO_DY_ALL28:G808-E1376	M06_DY_TO_DY_ALL28	ALL28	DY	DY	G808-E1376	ch	eody	1	f89v1	f89v	G808-P0344	f89v1.13	13	9	P	A	1	3	EXACT	0.0814980218016	30	-0.662725161211	1	0.110056178712	72	0	0	0.107399482215	103	0.106154783432	103	0.121215440046	68	-0.0796619463002	4	-0.191810111595	6	0	0	-0.471170960698	-0.471170960698	-0.460011699364	-0.662981072293	-0.471170960698
M06_DY_TO_DY_ALL28:G808-E1417	M06_DY_TO_DY_ALL28	ALL28	DY	DY	G808-E1417	ch	eody	1	f94r	f94r	G808-P0348	f94r.2	2	2	H	B	3	3	EXACT	-0.360847613692	30	0.36383574082	5	-0.0200662653468	72	0.0217408335784	1	-0.0847411868135	107	-0.0844385471809	108	-0.0334185655713	68	0.206911904494	4	0.130518935659	6	0.0204400042044	1	-0.0170781382187	0.00466269535965	-0.0304304384432	0.11344079744	0.00336186598564
M06_DY_TO_DY_ALL28:G808-E1420	M06_DY_TO_DY_ALL28	ALL28	DY	DY	G808-E1420	ch	edy	0	f94v	f94v	G808-P0350	f94v.5	5	2	H	B	3	3	EXACT	-0.103157198623	10	0.228460052439	1	0.00697717728728	72	0	0	0.0335691186653	83	0.0325755784837	83	-0.00506732049535	68	0.211722746737	4	0.255535010815	6	0	0	0.132280031103	0.132280031103	0.12023553332	0.387815041918	0.132280031103
M06_DY_TO_DY_ALL28:G808-E1432	M06_DY_TO_DY_ALL28	ALL28	DY	DY	G808-E1432	ch	edy	0	f95r2	f95r	G808-P0355	f95r2.5	5	6	H	B	3	3	EXACT	-0.577744008977	13	0	0	-0.0426802701921	72	-0.193756249742	1	-0.0914585829007	85	-0.0932986292661	86	-0.0387118735738	68	-0.110153968358	4	0.18036778662	6	-0.19541693036	1	-0.620424279169	-0.814180528911	-0.616455882551	-0.440056492549	-0.815841209529
M06_DY_TO_DY_ALL28:G808-E1462	M06_DY_TO_DY_ALL28	ALL28	DY	DY	G808-E1462	ch	eody	1	f99r	f99r	G808-P0364	f99r.30	30	2	P	A	1	2	EXACT	0.0753591332302	8	0.348631282966	1	0.130837667325	72	0	0	0.167263694919	81	0.166411162742	81	0.126696257812	68	0.201230831161	4	-0.340809841348	6	0	0	0.554828083521	0.554828083521	0.550686674007	0.214018242173	0.554828083521
M06_DY_TO_DY_ALL28:G808-E1790	M06_DY_TO_DY_ALL28	ALL28	DY	DY	G808-E1790	chok	edy	0	f107v	f107v	G808-P0504	f107v.10	10	5	S	B	3	2	EXACT	-0.279047968075	12	0.0568414970987	1	-0.00139146960723	72	-0.0352096888356	1	-0.00287270209163	85	-0.0042660294946	86	0.00716495606441	68	-0.146860762419	4	0.0434668106338	6	-0.0508712788893	1	-0.223597940583	-0.258807629419	-0.215041514912	-0.18013112995	-0.274469219473
M06_DY_TO_DY_ALL28:G808-E1851	M06_DY_TO_DY_ALL28	ALL28	DY	DY	G808-E1851	chok	edy	0	f108r	f108r	G808-P0524	f108r.30	30	3	S	B	3	2	EXACT	-0.359428720445	5	0	0	0.0439176304141	72	0	0	0.0712160932891	77	0.0697801424545	77	0.038891040879	68	0.129358459461	4	-0.13726741609	6	0	0	-0.315511090031	-0.315511090031	-0.320537679566	-0.452778506121	-0.315511090031
M06_DY_TO_DY_ALL28:G808-E0037	M06_DY_TO_DY_ALL28	ALL28	DY	DY	G808-E0037	chok	eody	1	f4v	f4v	G808-P0014	f4v.10	10	5	H	A	1	1	EXACT	0.360014075024	19	-0.00649014837752	1	0.16768340716	72	0	0	0.232975810342	92	0.231479016431	92	0.198262085202	68	-0.352164185261	4	-0.401626250795	6	0	0	0.521207333806	0.521207333806	0.551786011849	0.119581083011	0.521207333806
M06_DY_TO_DY_ALL28:G808-E2005	M06_DY_TO_DY_ALL28	ALL28	DY	DY	G808-E2005	ckh	edy	0	f112v	f112v	G808-P0568	f112v.24	24	7	S	B	3	3	EXACT	-0.235462487921	21	0.0512983143756	2	-0.0248464073239	72	0	0	-0.044225051574	95	-0.0455326584546	95	-0.0195649245371	68	-0.114643874972	4	0.0886723856615	6	-0.0953516203635	1	-0.20901058087	-0.20901058087	-0.203729098083	-0.120338195208	-0.304362201233
M06_DY_TO_DY_ALL28:G808-E0567	M06_DY_TO_DY_ALL28	ALL28	DY	DY	G808-E0567	ckh	eody	1	f51r	f51r	G808-P0191	f51r.2	2	2	H	A	1	2	EXACT	0.146171818825	32	0	0	0.136821511308	72	0	0	0.151294926134	104	0.149982630245	104	0.143029109693	68	0.0312803430406	4	0.255668335831	6	0	0	0.282993330133	0.282993330133	0.289200928518	0.538661665964	0.282993330133
M06_DY_TO_DY_ALL28:G808-E0571	M06_DY_TO_DY_ALL28	ALL28	DY	DY	G808-E0571	ckh	eody	1	f51r	f51r	G808-P0191	f51r.8	8	4	H	A	1	2	EXACT	0.146171818825	32	0	0	0.13474229309	72	-0.277458567094	1	0.149855467368	104	0.144735720955	105	0.145001748403	68	-0.0396804429503	4	0.142344609491	6	-0.308738117643	1	0.280914111915	0.00345554482141	0.291173567228	0.423258721407	-0.0278240057282
M06_DY_TO_DY_ALL28:G808-E1403	M06_DY_TO_DY_ALL28	ALL28	DY	DY	G808-E1403	ckh	eody	1	f93r	f93r	G808-P0346	f93r.27	27	4	H	A	1	2	EXACT	0.31285470298	49	0	0	0.090033719321	72	0.0270787054059	1	0.172231520767	121	0.168555835051	122	0.0912155708956	68	0.0699441202517	4	0.177461077259	6	0.0170077613201	1	0.402888422301	0.429967127707	0.404070273876	0.58034949956	0.419896183621
M06_DY_TO_DY_ALL28:G808-E1411	M06_DY_TO_DY_ALL28	ALL28	DY	DY	G808-E1411	ckh	eody	1	f93v	f93v	G808-P0347	f93v.7	7	2	H	A	1	3	EXACT	0.214150185971	28	0	0	0.108802315157	71	0	0	0.154057586052	99	0.152865393305	99	0.104955790275	67	0.173228384969	4	0.144871730945	6	0	0	0.322952501129	0.322952501129	0.319105976247	0.467824232073	0.322952501129
M06_DY_TO_DY_ALL28:G808-E1442	M06_DY_TO_DY_ALL28	ALL28	DY	DY	G808-E1442	ckh	eody	1	f96r	f96r	G808-P0361	f96r.3	3	4	H	A	1	2	EXACT	0.402170624292	31	0	0	0.112459544792	72	0	0	0.212271652592	103	0.211079459845	103	0.123093554544	68	-0.0683306530191	4	-0.143249431066	6	0	0	0.514630169083	0.514630169083	0.525264178836	0.371380738017	0.514630169083
M06_DY_TO_DY_ALL28:G808-E1684	M06_DY_TO_DY_ALL28	ALL28	DY	DY	G808-E1684	cph	edy	0	f105r	f105r	G808-P0444	f105r.27	27	7	S	B	3	2	EXACT	-0.169239304931	3	0.093475613018	3	-0.0186371669561	72	0	0	0.0298379153799	78	0.0286790000357	78	-0.0294726984941	68	0.165551617472	4	0.357625366615	6	0	0	-0.0944008588688	-0.0944008588688	-0.105236390407	0.263224507746	-0.0944008588688
M06_DY_TO_DY_ALL28:G808-E2076	M06_DY_TO_DY_ALL28	ALL28	DY	DY	G808-E2076	cph	edy	0	f113v	f113v	G808-P0600	f113v.28	28	8	S	B	3	3	EXACT	0.0999160603332	31	-0.225913420607	4	-0.0283201625069	72	0	0	0.0108304473315	107	0.00862980473061	107	-0.0213010850419	68	-0.147640341976	4	-0.265060209405	6	0	0	-0.154317522781	-0.154317522781	-0.147298445316	-0.419377732185	-0.154317522781
M06_DY_TO_DY_ALL28:G808-E1087	M06_DY_TO_DY_ALL28	ALL28	DY	DY	G808-E1087	cph	edy	0	f81v	f81v	G808-P0281	f81v.8	8	8	B	B	2	2	EXACT	-0.396685190432	47	-0.509017188234	1	-0.152322574964	72	0	0	-0.251825869756	120	-0.252982587408	120	-0.160766445727	68	-0.00878715972923	4	0.107924286347	6	-0.317805304832	1	-1.05802495363	-1.05802495363	-1.06646882439	-0.950100667283	-1.37583025846
M06_DY_TO_DY_ALL28:G808-E1238	M06_DY_TO_DY_ALL28	ALL28	DY	DY	G808-E1238	cph	edy	0	f85r1	f85r	G808-P0309	f85r1.28	28	11	T	B	2	3	EXACT	-0.177360473217	16	-0.136232248589	1	-0.0490432822439	72	-0.0655329328216	1	-0.0434273238406	89	-0.0445906696864	90	-0.0621794078352	68	0.174282476351	4	-0.000662367105453	6	-0.272955617802	1	-0.36263600405	-0.428168936872	-0.375772129641	-0.363298371156	-0.635591621852
M06_DY_TO_DY_ALL28:G808-E1356	M06_DY_TO_DY_ALL28	ALL28	DY	DY	G808-E1356	cph	eody	1	f88v	f88v	G808-P0339	f88v.21	21	3	P	A	1	3	EXACT	-0.136378029345	23	0	0	0.139732454324	72	0	0	0.0928389644618	95	0.0917137133157	95	0.151440600528	68	-0.0593156038571	4	0.146128140897	6	-0.143277094036	1	0.00335442497926	0.00335442497926	0.0150625711832	0.149482565876	-0.139922669056
M06_DY_TO_DY_ALL28:G808-E1422	M06_DY_TO_DY_ALL28	ALL28	DY	DY	G808-E1422	cph	edy	0	f94v	f94v	G808-P0351	f94v.8	8	4	H	B	3	3	EXACT	-0.248859881605	26	0.0252808963847	1	-0.0358402900179	72	0.234971291069	1	-0.0736596115289	99	-0.0715307956188	100	-0.0363008415298	68	-0.028021016417	4	0.0626832649996	6	0.277093652053	1	-0.259419275238	-0.0244479841684	-0.25987982675	-0.196736010238	0.0176743768149
M06_DY_TO_DY_ALL28:G808-E1523	M06_DY_TO_DY_ALL28	ALL28	DY	DY	G808-E1523	cth	edy	0	f102r1	f102r	G808-P0375	f102r1.10	10	9	P	A	1	2	EXACT	0.218752444822	9	0	0	0.149212662513	72	0	0	0.195849783502	81	0.194532480593	81	0.156263891953	68	0.0293319154571	4	0.0461296979806	6	-0.387023116821	1	0.367965107335	0.367965107335	0.375016336775	0.414094805316	-0.0190580094855
M06_DY_TO_DY_ALL28:G808-E1768	M06_DY_TO_DY_ALL28	ALL28	DY	DY	G808-E1768	cth	edy	0	f107r	f107r	G808-P0491	f107r.14	14	1	S	B	3	3	EXACT	-0.269012432189	13	0.289118697505	4	-0.0471510707591	72	0	0	-0.031367048011	89	-0.0324580128379	89	-0.0573581064428	68	0.126358492294	4	-0.155415058938	6	0	0	-0.0270448054431	-0.0270448054431	-0.0372518411267	-0.182459864382	-0.0270448054431
M06_DY_TO_DY_ALL28:G808-E2118	M06_DY_TO_DY_ALL28	ALL28	DY	DY	G808-E2118	cth	edy	0	f114v	f114v	G808-P0621	f114v.6	6	3	S	B	3	3	EXACT	-0.248582903982	7	0	0	0.05100219775	72	0	0	0.0595443686024	79	0.0579470726955	79	0.0501332532724	68	0.0657776518277	4	-0.0946103307832	6	0	0	-0.197580706232	-0.197580706232	-0.198449650709	-0.292191037015	-0.197580706232
M06_DY_TO_DY_ALL28:G808-E2205	M06_DY_TO_DY_ALL28	ALL28	DY	DY	G808-E2205	cth	edy	0	f116r	f116r	G808-P0663	f116r.28	28	7	S	B	3	3	EXACT	-0.374412923787	74	-0.088249844598	2	-0.0230494134656	72	0	0	-0.216429715361	148	-0.217401178408	148	-0.0171332523093	68	-0.12363429596	4	0.0183199162423	6	0.676224847591	1	-0.485712181851	-0.485712181851	-0.479796020694	-0.467392265608	0.19051266574
M06_DY_TO_DY_ALL28:G808-E0268	M06_DY_TO_DY_ALL28	ALL28	DY	DY	G808-E0268	cth	edy	0	f26r	f26r	G808-P0090	f26r.5	5	8	H	B	2	2	EXACT	0.0705979127022	14	-0.0788143099093	1	-0.0236768992879	72	-0.11106250664	2	0.023327996318	87	0.0197056630026	89	-0.0185215645536	68	-0.111327663494	4	0.00635422552206	6	-0.281741234423	2	-0.031893296495	-0.142955803135	-0.0267379617607	-0.0255390709729	-0.313634530918
M06_DY_TO_DY_ALL28:G808-E0583	M06_DY_TO_DY_ALL28	ALL28	DY	DY	G808-E0583	cth	eody	1	f51v	f51v	G808-P0192	f51v.6	6	2	H	A	1	2	EXACT	0.298331562574	39	-0.0258167636569	2	0.129767004773	72	0	0	0.190476603319	113	0.189354288407	113	0.126045582517	68	0.193021117429	4	-0.0127761800665	6	-0.208430621522	1	0.40228180369	0.40228180369	0.398560381433	0.389505623623	0.193851182167
M06_DY_TO_DY_ALL28:G808-E0610	M06_DY_TO_DY_ALL28	ALL28	DY	DY	G808-E0610	cth	eody	1	f53v	f53v	G808-P0197	f53v.5	5	5	H	A	1	2	EXACT	0.255763301205	28	0	0	0.118819140669	72	-0.185405442185	1	0.172502497288	100	0.168041222999	101	0.133007425313	68	-0.122391744507	4	-0.000907359887698	6	-0.383839107416	1	0.374582441873	0.189176999689	0.388770726518	0.373675081986	-0.00925666554298
M06_DY_TO_DY_ALL28:G808-E0719	M06_DY_TO_DY_ALL28	ALL28	DY	DY	G808-E0719	cth	edy	0	f75v	f75v	G808-P0226	f75v.5	5	10	B	B	2	3	EXACT	-0.319471477325	53	-0.2376877149	1	-0.115486449642	72	-0.0115137839904	1	-0.207325879921	126	-0.206637961706	127	-0.115225351993	68	-0.119935357854	4	-0.0766829861827	6	-0.0145459387406	1	-0.672645641867	-0.684159425857	-0.672384544219	-0.74932862805	-0.687191580608
M06_DY_TO_DY_ALL28:G808-E0793	M06_DY_TO_DY_ALL28	ALL28	DY	DY	G808-E0793	cth	edy	0	f76v	f76v	G808-P0236	f76v.14	14	5	B	B	2	3	EXACT	-0.393794762475	21	-0.233173468276	2	-0.11644020757	72	-0.00999193081008	1	-0.156832523447	95	-0.156187347428	96	-0.115801629751	68	-0.127306824215	4	-0.404597397774	6	-0.0110804681192	1	-0.743408438321	-0.753400369131	-0.742769860502	-1.14800583609	-0.75448890644
M06_DY_TO_DY_ALL28:G808-E0804	M06_DY_TO_DY_ALL28	ALL28	DY	DY	G808-E0804	cth	edy	0	f76v	f76v	G808-P0237	f76v.21	21	1	B	B	2	3	EXACT	-0.395756122082	32	-0.0185150039867	3	-0.106791127587	72	0	0	-0.179070946721	107	-0.180210406448	107	-0.120410761093	68	0.124731848293	4	-0.174992478392	6	0	0	-0.521062253656	-0.521062253656	-0.534681887162	-0.696054732048	-0.521062253656
M06_DY_TO_DY_ALL28:G808-E1316	M06_DY_TO_DY_ALL28	ALL28	DY	DY	G808-E1316	cth	eody	1	f87r	f87r	G808-P0330	f87r.10	10	4	H	A	1	2	EXACT	0.395839112597	26	0	0	0.130816288452	72	-0.144227259683	1	0.21861449316	98	0.214010819337	99	0.138694845273	68	-0.00312918002051	4	0.195156248594	6	-0.146229537246	1	0.526655401049	0.382428141366	0.534533957871	0.721811649644	0.380425863803
M06_DY_TO_DY_ALL28:G808-E1361	M06_DY_TO_DY_ALL28	ALL28	DY	DY	G808-E1361	cth	eody	1	f89r1	f89r	G808-P0340	f89r1.8	8	8	P	A	1	2	EXACT	0.181619764106	19	-0.0577703266494	1	0.138594598806	72	0	0	0.170740586983	92	0.16964022531	92	0.153931113985	68	-0.12213597532	4	-0.103383909948	6	-0.393005226617	1	0.262444036263	0.262444036263	0.277780551442	0.159060126315	-0.130561190355
M06_DY_TO_DY_ALL28:G808-E1702	M06_DY_TO_DY_ALL28	ALL28	DY	DY	G808-E1702	dch	edy	0	f105v	f105v	G808-P0456	f105v.30	30	1	S	B	3	3	EXACT	0.259177755101	9	-0.0982366884298	6	-0.0242991245658	72	0	0	0.0349683884401	87	0.0339704965407	87	-0.0336093568646	68	0.133965825629	4	0.194245088056	6	0	0	0.136641942106	0.136641942106	0.127331709807	0.330887030161	0.136641942106
M06_DY_TO_DY_ALL28:G808-E1838	M06_DY_TO_DY_ALL28	ALL28	DY	DY	G808-E1838	dch	edy	0	f108r	f108r	G808-P0521	f108r.19	19	1	S	B	3	2	EXACT	-0.478431252385	14	-0.000896303539988	3	-0.0067339712131	72	0	0	-0.049124730916	89	-0.0501201869214	89	-0.0157340534677	68	0.146257681483	4	0.0184984993492	6	0	0	-0.486061527138	-0.486061527138	-0.495061609392	-0.467563027789	-0.486061527138
M06_DY_TO_DY_ALL28:G808-E1883	M06_DY_TO_DY_ALL28	ALL28	DY	DY	G808-E1883	dch	edy	0	f108v	f108v	G808-P0531	f108v.4	4	1	S	B	3	2	EXACT	-0.376332047148	20	-0.107601224019	4	-0.0450965167935	72	0	0	-0.0959954952749	96	-0.0969006885162	96	-0.056065110788	68	0.141360259307	4	-0.105174445379	6	0	0	-0.52902978796	-0.52902978796	-0.539998381955	-0.634204233339	-0.52902978796
M06_DY_TO_DY_ALL28:G808-E2098	M06_DY_TO_DY_ALL28	ALL28	DY	DY	G808-E2098	dch	edy	0	f114r	f114r	G808-P0612	f114r.19	19	4	S	B	3	3	EXACT	-0.355359550825	11	-0.0329946166736	3	0.00476077901889	72	0	0	-0.0102777791887	86	-0.0112898009061	86	0.00493965343881	68	0.00171067635186	4	-0.345023020759	6	-0.116907744137	1	-0.38359338848	-0.38359338848	-0.38341451406	-0.728616409239	-0.500501132616
M06_DY_TO_DY_ALL28:G808-E2161	M06_DY_TO_DY_ALL28	ALL28	DY	DY	G808-E2161	dch	edy	0	f115r	f115r	G808-P0644	f115r.45	45	2	S	B	@	2	EXACT	0.101434883444	20	0	0	-0.0263608137812	70	0	0	0.023891541902	90	0.022836591699	90	-0.0387471870761	66	0.178015005098	4	0.236300013346	6	-0.204407598759	1	0.0750740696632	0.0750740696632	0.0626876963684	0.311374083009	-0.129333529096
M06_DY_TO_DY_ALL28:G808-E2166	M06_DY_TO_DY_ALL28	ALL28	DY	DY	G808-E2166	dch	edy	0	f115v	f115v	G808-P0646	f115v.7	7	1	S	B	3	3	EXACT	0.0801680516889	7	-0.198641879891	1	0.00937453041792	72	-0.00148921343582	1	0.0501587921429	80	0.0489214891324	81	0.000390602422247	68	0.162092035387	4	-0.153727256469	6	-2.139337637e-05	1	-0.109099297784	-0.11058851122	-0.11808322578	-0.262826554253	-0.10912069116
M06_DY_TO_DY_ALL28:G808-E0502	M06_DY_TO_DY_ALL28	ALL28	DY	DY	G808-E0502	dch	edy	0	f46v	f46v	G808-P0175	f46v.7	7	1	H	B	2	2	EXACT	-0.0611081366062	51	0	0	-0.0369131813841	72	0	0	-0.0500491382603	123	-0.0510779052359	123	-0.0473922206462	68	0.141221734437	4	-0.0456194428406	6	1.06654356266	1	-0.0980213179903	-0.0980213179903	-0.108500357252	-0.143640760831	0.968522244674
M06_DY_TO_DY_ALL28:G808-E0533	M06_DY_TO_DY_ALL28	ALL28	DY	DY	G808-E0533	dch	edy	0	f48v	f48v	G808-P0181	f48v.4	4	1	H	B	5	3	EXACT	-0.169229292379	36	0.391628378446	4	0.00500675897098	72	0	0	-0.0299458980607	112	-0.0308903656032	112	-0.00343734983247	68	0.148547785397	4	0.0625021517218	6	0	0	0.227405845038	0.227405845038	0.218961736235	0.28990799676	0.227405845038
M06_DY_TO_DY_ALL28:G808-E0716	M06_DY_TO_DY_ALL28	ALL28	DY	DY	G808-E0716	dch	edy	0	f75r	f75r	G808-P0224	f75r.44	44	1	B	B	2	3	EXACT	-0.360168515495	44	0.451086020877	5	-0.128194161983	72	0	0	-0.186824383537	121	-0.187712337097	121	-0.144972294851	68	0.157024714228	4	-0.0142836571326	6	0	0	-0.037276656601	-0.037276656601	-0.0540547894698	-0.0515603137337	-0.037276656601
M06_DY_TO_DY_ALL28:G808-E0723	M06_DY_TO_DY_ALL28	ALL28	DY	DY	G808-E0723	dch	edy	0	f75v	f75v	G808-P0226	f75v.10	10	8	B	B	2	3	EXACT	-0.371961339372	56	0.0907158941562	3	-0.125389455381	72	0.00481579456632	2	-0.230935702481	131	-0.227968052872	133	-0.124820259415	68	-0.135074591259	4	-0.142574467335	6	-0.0444198676069	3	-0.406634900598	-0.401819106031	-0.406065704632	-0.549209367933	-0.451054768205
M06_DY_TO_DY_ALL28:G808-E0807	M06_DY_TO_DY_ALL28	ALL28	DY	DY	G808-E0807	dch	edy	0	f76v	f76v	G808-P0237	f76v.23	23	1	B	B	2	2	EXACT	-0.505395010271	35	-0.046475064168	1	-0.0909648867624	72	-0.144934689102	1	-0.216776576558	108	-0.216888944696	109	-0.10498631347	68	0.147390019283	4	-0.0466627160318	6	-0.273263640491	1	-0.642834961202	-0.787769650303	-0.656856387909	-0.689497677233	-0.916098601692
M06_DY_TO_DY_ALL28:G808-E1047	M06_DY_TO_DY_ALL28	ALL28	DY	DY	G808-E1047	dch	edy	0	f80v	f80v	G808-P0274	f80v.22	22	1	B	B	2	2	EXACT	-0.211546353516	17	0.199885732726	3	-0.116822101042	72	-0.335587089705	2	-0.0987364682009	92	-0.104354532559	94	-0.13264868798	68	0.152220875706	4	0.0879777779444	6	-0.354894393949	2	-0.128482721832	-0.464069811536	-0.14430930877	-0.0405049438872	-0.483377115781
M06_DY_TO_DY_ALL28:G808-E1063	M06_DY_TO_DY_ALL28	ALL28	DY	DY	G808-E1063	dch	edy	0	f81r	f81r	G808-P0279	f81r.4	4	1	B	B	2	2	EXACT	-0.377283042337	38	0.113896277831	3	-0.0881519335113	72	0.175605855568	2	-0.174055681817	113	-0.168584508746	115	-0.103349179048	68	0.170192004939	4	0.335753024658	6	0.158978003804	2	-0.351538698018	-0.17593284245	-0.366735943555	-0.0157856733595	-0.192560694214
M06_DY_TO_DY_ALL28:G808-E1097	M06_DY_TO_DY_ALL28	ALL28	DY	DY	G808-E1097	dch	edy	0	f81v	f81v	G808-P0282	f81v.23	23	7	B	B	2	2	EXACT	-0.339962271774	63	0	0	-0.118512681931	72	-0.0264862963222	1	-0.230777940948	135	-0.230052664256	136	-0.112880320482	68	-0.214271770037	4	-0.176079216558	6	-0.0279236132728	1	-0.458474953705	-0.484961250027	-0.452842592256	-0.634554170263	-0.486398566978
M06_DY_TO_DY_ALL28:G808-E1256	M06_DY_TO_DY_ALL28	ALL28	DY	DY	G808-E1256	dch	eody	1	f86v3	f86v	G808-P0317	f86v3.16	16	1	C	B	2	2	EXACT	-0.0619498804023	7	0.524932568004	1	-0.0356186169586	70	0	0	0.0112908092132	78	0.0104848971764	78	-0.0458373832372	66	0.132994674046	4	0.236574698481	6	0	0	0.427364070643	0.427364070643	0.417145304365	0.663938769124	0.427364070643
M06_DY_TO_DY_ALL28:G808-E1305	M06_DY_TO_DY_ALL28	ALL28	DY	DY	G808-E1305	dch	edy	0	f86v6	f86v	G808-P0328	f86v6.29	29	1	T	B	2	3	EXACT	-0.183516894238	50	0.410689369855	3	-0.0898541407637	72	0	0	-0.118692176862	125	-0.119498088898	125	-0.102963433727	68	0.132994674046	4	0.0610372871456	6	0	0	0.137318334853	0.137318334853	0.12420904189	0.198355621999	0.137318334853
M06_DY_TO_DY_ALL28:G808-E1323	M06_DY_TO_DY_ALL28	ALL28	DY	DY	G808-E1323	dch	eody	1	f87v	f87v	G808-P0332	f87v.1	1	5	H	A	1	3	EXACT	0.430591676142	16	-0.00801338201319	1	0.125507529201	72	0	0	0.205044350461	89	0.204049179603	89	0.143303461173	68	-0.177032032994	4	0.160249135294	6	0	0	0.54808582333	0.54808582333	0.565881755302	0.708334958624	0.54808582333
M06_DY_TO_DY_ALL28:G808-E1514	M06_DY_TO_DY_ALL28	ALL28	DY	DY	G808-E1514	dsh	eody	1	f102r1	f102r	G808-P0374	f102r1.4	4	1	P	A	1	2	EXACT	0.00143378032852	9	0	0	0.143735236004	72	0	0	0.160162348995	81	0.159654998999	81	0.147671809532	68	0.0768052341033	4	0.0787689727802	6	0	0	0.145169016332	0.145169016332	0.149105589861	0.223937989112	0.145169016332
M06_DY_TO_DY_ALL28:G808-E1743	M06_DY_TO_DY_ALL28	ALL28	DY	DY	G808-E1743	dsh	edy	0	f106r	f106r	G808-P0472	f106r.44	44	1	S	B	3	3	EXACT	-0.164418018816	25	-0.148968484896	4	-0.0482608589417	72	-0.027002331966	2	-0.0653652196331	101	-0.0649183628575	103	-0.0557654034297	68	0.0793073091438	4	0.280207120042	6	-0.0303392811708	2	-0.361647362653	-0.388649694619	-0.369151907141	-0.081440242611	-0.391986643824
M06_DY_TO_DY_ALL28:G808-E2144	M06_DY_TO_DY_ALL28	ALL28	DY	DY	G808-E2144	dsh	edy	0	f115r	f115r	G808-P0636	f115r.16	16	1	S	B	@	3	EXACT	-0.0665824678974	28	-0.356135710551	2	-0.0209165752956	70	0.184928416977	1	-0.027815096432	100	-0.0261752649723	101	-0.0263902750151	66	0.0693998737109	4	0.141968692556	6	0.0714170396906	1	-0.443634753744	-0.258706336767	-0.449108453464	-0.301666061188	-0.372217714054
M06_DY_TO_DY_ALL28:G808-E0414	M06_DY_TO_DY_ALL28	ALL28	DY	DY	G808-E0414	dsh	edy	0	f41v	f41v	G808-P0147	f41v.3	3	1	H	B	5	3	EXACT	-0.202964415479	22	0.0907272446902	4	0.00456703462014	72	0	0	-0.0203981947861	98	-0.021002383401	98	0.0014280705585	68	0.0579211717502	4	-0.0721480395429	6	0.0589629773816	1	-0.107670136168	-0.107670136168	-0.11080910023	-0.179818175711	-0.0487071587866
M06_DY_TO_DY_ALL28:G808-E0529	M06_DY_TO_DY_ALL28	ALL28	DY	DY	G808-E0529	dsh	edy	0	f48v	f48v	G808-P0181	f48v.1	1	2	H	B	5	3	EXACT	-0.170857052342	35	0.185920462934	4	0.0369063146198	72	0	0	-0.0159610260762	111	-0.0164474472263	111	0.0255572320423	68	0.229832135321	4	-0.072847595719	6	0	0	0.0519697252115	0.0519697252115	0.0406206426341	-0.0208778705075	0.0519697252115
M06_DY_TO_DY_ALL28:G808-E0702	M06_DY_TO_DY_ALL28	ALL28	DY	DY	G808-E0702	dsh	edy	0	f75r	f75r	G808-P0222	f75r.16	16	1	B	B	2	3	EXACT	-0.399136166083	90	-0.136914539469	2	-0.0843643362072	72	-0.0702116855127	2	-0.274589173547	164	-0.272438138027	166	-0.0950204607688	68	0.0967808495259	4	0.096318426432	6	-0.111087207326	2	-0.620415041759	-0.690626727272	-0.631071166321	-0.524096615327	-0.731502249085
M06_DY_TO_DY_ALL28:G808-E0712	M06_DY_TO_DY_ALL28	ALL28	DY	DY	G808-E0712	dsh	edy	0	f75r	f75r	G808-P0223	f75r.31	31	1	B	B	2	2	EXACT	-0.424867380021	28	0.34225924333	3	-0.0921200257542	72	0.0255655071156	2	-0.15818540043	103	-0.154933162197	105	-0.103232367348	68	0.0967808495259	4	-0.0649321103449	6	0.0086975714034	2	-0.174728162444	-0.149162655329	-0.185840504038	-0.239660272789	-0.166030591041
M06_DY_TO_DY_ALL28:G808-E0714	M06_DY_TO_DY_ALL28	ALL28	DY	DY	G808-E0714	dsh	edy	0	f75r	f75r	G808-P0224	f75r.42	42	1	B	B	2	2	EXACT	-0.365202798864	45	-0.160913003226	1	-0.134690402197	72	0	0	-0.221934352582	118	-0.222355111256	118	-0.148306883582	68	0.0967808495259	4	-0.154099326513	6	-0.229218819727	1	-0.660806204287	-0.660806204287	-0.674422685672	-0.8149055308	-0.890025024014
M06_DY_TO_DY_ALL28:G808-E0738	M06_DY_TO_DY_ALL28	ALL28	DY	DY	G808-E0738	dsh	edy	0	f76r	f76r	G808-P0231	f76r.2	2	1	T	B	2	3	EXACT	-0.299492237617	127	-0.164451191478	4	0.00302719985461	69	0	0	-0.214449499065	200	-0.21455781039	200	-0.00192707470475	65	0.0835409085389	4	0.0913983550172	6	0	0	-0.460916229241	-0.460916229241	-0.4658705038	-0.369517874224	-0.460916229241
M06_DY_TO_DY_ALL28:G808-E0788	M06_DY_TO_DY_ALL28	ALL28	DY	DY	G808-E0788	dsh	edy	0	f76v	f76v	G808-P0236	f76v.10	10	4	B	B	2	3	EXACT	-0.382659347092	19	0.14660477701	2	-0.11902126281	72	0	0	-0.146242487309	93	-0.146745979119	93	-0.126488397993	68	0.00791092777359	4	-0.317661380547	6	-0.145135873061	1	-0.355075832892	-0.355075832892	-0.362542968076	-0.672737213439	-0.500211705953
M06_DY_TO_DY_ALL28:G808-E0851	M06_DY_TO_DY_ALL28	ALL28	DY	DY	G808-E0851	dsh	edy	0	f77r	f77r	G808-P0242	f77r.36	36	1	B	B	2	2	EXACT	-0.513907876673	43	0.422675300312	1	-0.108549170702	72	0.0101428438757	1	-0.251997271252	116	-0.250168548313	117	-0.119858145432	68	0.0836947453673	4	-0.0642786733401	6	0.00671771480375	1	-0.199781747064	-0.189638903188	-0.211090721794	-0.264060420404	-0.19306403226
M06_DY_TO_DY_ALL28:G808-E0903	M06_DY_TO_DY_ALL28	ALL28	DY	DY	G808-E0903	dsh	edy	0	f78r	f78r	G808-P0247	f78r.8	8	1	B	B	2	1	EXACT	-0.321905767137	64	0.0594346348119	1	-0.0924889047978	72	-0.126012626053	1	-0.205718041962	137	-0.20536929222	138	-0.103450051501	68	0.0938417618344	4	-0.180803079626	6	-0.128892048337	1	-0.354960037123	-0.480972663176	-0.365921183826	-0.535763116749	-0.483852085461
M06_DY_TO_DY_ALL28:G808-E0937	M06_DY_TO_DY_ALL28	ALL28	DY	DY	G808-E0937	dsh	edy	0	f78v	f78v	G808-P0249	f78v.10	10	1	B	B	2	2	EXACT	-0.397945005149	70	-0.0677982660252	1	-0.0968180287188	72	0.289332500326	1	-0.254264770026	143	-0.250746411323	144	-0.107463319697	68	0.0841431271734	4	-0.195213146048	6	0.783190383311	1	-0.562561299893	-0.273228799568	-0.573206590871	-0.757774445941	0.220629083417
M06_DY_TO_DY_ALL28:G808-E1075	M06_DY_TO_DY_ALL28	ALL28	DY	DY	G808-E1075	dsh	edy	0	f81r	f81r	G808-P0280	f81r.21	21	1	B	B	2	2	EXACT	-0.292946777687	48	-0.194298038338	3	-0.121126146781	72	-0.576395825961	1	-0.190429524398	123	-0.193996951666	124	-0.134927524929	68	0.113488286425	4	0.299379841888	6	-0.589312455152	1	-0.608370962806	-1.18476678877	-0.622172340954	-0.308991120917	-1.19768341796
M06_DY_TO_DY_ALL28:G808-E1089	M06_DY_TO_DY_ALL28	ALL28	DY	DY	G808-E1089	dsh	edy	0	f81v	f81v	G808-P0282	f81v.14	14	1	B	B	2	2	EXACT	-0.325146135225	59	-0.451610566126	1	-0.0940048519812	72	0	0	-0.205781191875	132	-0.20626793893	132	-0.103531243545	68	0.0679351013116	4	-0.00718039378932	6	0	0	-0.870761553331	-0.870761553331	-0.880287944895	-0.877941947121	-0.870761553331
M06_DY_TO_DY_ALL28:G808-E1105	M06_DY_TO_DY_ALL28	ALL28	DY	DY	G808-E1105	dsh	edy	0	f82r	f82r	G808-P0283	f82r.7	7	1	B	B	2	3	EXACT	-0.437059472621	39	0.0795126470239	3	-0.134045082052	72	0.0444596431696	1	-0.227278718977	114	-0.225372064654	115	-0.146961106607	68	0.0855186369296	4	0.0936867733128	6	-0.0865177016076	1	-0.491591907649	-0.447132264479	-0.504507932204	-0.397905134336	-0.578109609256
M06_DY_TO_DY_ALL28:G808-E1114	M06_DY_TO_DY_ALL28	ALL28	DY	DY	G808-E1114	dsh	edy	0	f82r	f82r	G808-P0284	f82r.17	17	1	B	B	2	2	EXACT	-0.331769386975	34	0.424643648869	1	-0.107925407064	72	-0.0662581834066	1	-0.165963213779	107	-0.165489544664	108	-0.119304980149	68	0.0855186369296	4	-0.105261474536	6	-0.0694471583935	1	-0.0150511451692	-0.0813093285758	-0.0264307182543	-0.120312619705	-0.0844983035626
M06_DY_TO_DY_ALL28:G808-E1218	M06_DY_TO_DY_ALL28	ALL28	DY	DY	G808-E1218	dsh	edy	0	f85r1	f85r	G808-P0302	f85r1.1	1	5	T	B	2	3	EXACT	-0.11547202335	25	0.661772321978	1	-0.0443495126074	72	-0.0182264975135	1	-0.0392886334064	98	-0.0395901387267	99	-0.0392761636612	68	-0.130592568074	4	6.5328230218e-05	6	-0.040297273809	1	0.50195078602	0.483724288506	0.507024134966	0.50201611425	0.461653512211
M06_DY_TO_DY_ALL28:G808-E1257	M06_DY_TO_DY_ALL28	ALL28	DY	DY	G808-E1257	dsh	eody	1	f86v3	f86v	G808-P0317	f86v3.17	17	1	C	B	2	2	EXACT	-0.173776379792	7	0.143347620462	2	-0.0715135784707	70	-0.0597034938104	2	-0.0387835828812	79	-0.0395295722294	81	-0.0753348646804	66	-0.00845880517229	4	0.240500686412	6	-0.0634847768298	2	-0.1019423378	-0.161645831611	-0.10576362401	0.138558348611	-0.16542711463
M06_DY_TO_DY_ALL28:G808-E1259	M06_DY_TO_DY_ALL28	ALL28	DY	DY	G808-E1259	dsh	edy	0	f86v3	f86v	G808-P0318	f86v3.21	21	1	C	B	2	3	EXACT	-0.0656777609307	16	0.885405016417	1	-0.057836569231	70	0	0	-0.0236895846643	87	-0.0241759751802	87	-0.0608289457897	66	-0.00845880517229	4	0.0860913696765	6	0	0	0.761890686255	0.761890686255	0.758898309697	0.847982055932	0.761890686255
M06_DY_TO_DY_ALL28:G808-E1434	M06_DY_TO_DY_ALL28	ALL28	DY	DY	G808-E1434	dsh	edy	0	f95r2	f95r	G808-P0355	f95r2.7	7	1	H	B	3	2	EXACT	-0.471668835201	16	0.236879464494	3	-0.0464178584412	72	-0.118288235682	1	-0.0879361309148	91	-0.0887036506887	92	-0.0539452033352	68	0.0815385232021	4	-0.136541478247	6	0.283518412345	1	-0.281207229148	-0.39949546483	-0.288734574042	-0.417748707395	0.00231118319691
M06_DY_TO_DY_ALL28:G808-E1603	M06_DY_TO_DY_ALL28	ALL28	DY	DY	G808-E1603	fch	edy	0	f103v	f103v	G808-P0407	f103v.30	30	5	S	B	3	2	EXACT	-0.248181167112	13	0.435894764258	1	-0.0100220759349	72	0	0	-0.00930140706674	86	-0.0117411334399	86	-0.00262690366837	68	-0.135736238856	4	-0.281226739748	6	0	0	0.17769152121	0.17769152121	0.185086693477	-0.103535218538	0.17769152121
M06_DY_TO_DY_ALL28:G808-E1701	M06_DY_TO_DY_ALL28	ALL28	DY	DY	G808-E1701	fch	edy	0	f105v	f105v	G808-P0455	f105v.25	25	6	S	B	3	3	EXACT	7.79644616278e-05	14	-0.0541111108899	1	-0.0211972497682	72	0	0	0.0150884785622	87	0.0137985164588	87	-0.0157687506094	68	-0.11349219715	4	0.192848423351	6	0	0	-0.0752303961965	-0.0752303961965	-0.0698018970376	0.117618027155	-0.0752303961965
M06_DY_TO_DY_ALL28:G808-E0309	M06_DY_TO_DY_ALL28	ALL28	DY	DY	G808-E0309	fch	eody	1	f30r	f30r	G808-P0104	f30r.1	1	4	H	A	1	3	EXACT	0.0978383379741	26	-0.0221741514574	2	0.139147873302	72	0.187408735141	1	0.143157846546	100	0.142596941146	101	0.147932361396	68	-0.0101984899954	4	0.051016980281	6	0.189532251611	1	0.214812059819	0.402220794959	0.223596547912	0.265829040099	0.40434431143
M06_DY_TO_DY_ALL28:G808-E0530	M06_DY_TO_DY_ALL28	ALL28	DY	DY	G808-E0530	fch	edy	0	f48v	f48v	G808-P0181	f48v.1	1	3	H	B	5	3	EXACT	-0.160529744642	35	-0.395621809181	3	0.0231418897263	72	-0.0700301437549	1	-0.037694342391	110	-0.0389893703471	111	0.0139521459362	68	0.179357267117	4	-0.177226221062	6	0.0618149801631	1	-0.533009664096	-0.603039807851	-0.542199407886	-0.710235885158	-0.471194683933
M06_DY_TO_DY_ALL28:G808-E0876	M06_DY_TO_DY_ALL28	ALL28	DY	DY	G808-E0876	fch	edy	0	f77v	f77v	G808-P0245	f77v.27	27	4	B	B	2	3	EXACT	-0.460174107446	35	-0.293269341165	2	-0.133566603925	72	-0.258844493015	1	-0.232446919016	109	-0.233678935073	110	-0.140806994372	68	-0.0104902503819	4	0.0391835947769	6	-0.255476939331	1	-0.887010052535	-1.14585454555	-0.894250442982	-0.847826457759	-1.14248699187
M06_DY_TO_DY_ALL28:G808-E1374	M06_DY_TO_DY_ALL28	ALL28	DY	DY	G808-E1374	fch	eody	1	f89v1	f89v	G808-P0344	f89v1.13	13	2	P	A	1	3	EXACT	0.122685580765	35	-0.152808037593	1	0.124506759768	72	0	0	0.13027510735	108	0.12897541279	108	0.121780939339	68	0.170835857127	4	-0.089088578221	6	0.203507248128	1	0.0943843029402	0.0943843029402	0.0916584825112	0.00529572471923	0.297891551068
M06_DY_TO_DY_ALL28:G808-E1836	M06_DY_TO_DY_ALL28	ALL28	DY	DY	G808-E1836	k	edy	0	f108r	f108r	G808-P0519	f108r.9	9	9	S	B	3	3	EXACT	-0.0826860456415	30	0	0	-0.0420900485503	72	0.0377425520044	1	-0.039284251091	102	-0.039389409155	103	-0.0376450532756	68	-0.117666161269	4	-0.0016862935635	6	-0.0759064222916	2	-0.124776094192	-0.0870335421874	-0.120331098917	-0.126462387755	-0.200682516483
M06_DY_TO_DY_ALL28:G808-E1840	M06_DY_TO_DY_ALL28	ALL28	DY	DY	G808-E1840	k	edy	0	f108r	f108r	G808-P0521	f108r.19	19	5	S	B	3	2	EXACT	-0.491908046663	14	0.0184702260828	2	-0.0256822225877	72	-0.0852124170317	1	-0.0639712883416	88	-0.0650248913301	89	-0.0199363764207	68	-0.123372800476	4	-0.260713993763	6	-0.107930898325	1	-0.499120043168	-0.5843324602	-0.493374197001	-0.759834036931	-0.607050941493
M06_DY_TO_DY_ALL28:G808-E1984	M06_DY_TO_DY_ALL28	ALL28	DY	DY	G808-E1984	k	edy	0	f112r	f112r	G808-P0556	f112r.25	25	6	S	B	3	3	EXACT	-0.30960433001	12	0.610483927181	1	-0.00948347562315	72	-0.283507010716	1	-0.00831281725005	85	-0.0124611608405	86	-0.00239080637991	68	-0.130070049549	4	-0.120971195517	6	-0.284875072107	1	0.291396121548	0.0078891108326	0.298488790792	0.170424926032	0.00652104944159
M06_DY_TO_DY_ALL28:G808-E2001	M06_DY_TO_DY_ALL28	ALL28	DY	DY	G808-E2001	k	edy	0	f112v	f112v	G808-P0564	f112v.8	8	8	S	B	3	3	EXACT	-0.414466123181	11	-0.000833444694281	2	0.00126520460715	72	0	0	-0.00880584958623	85	-0.0088405894957	85	0.00397432972948	68	-0.044815036447	4	0.075742822057	6	0.0426263037436	1	-0.414034363268	-0.414034363268	-0.411325238146	-0.338291541211	-0.371408059525
M06_DY_TO_DY_ALL28:G808-E2016	M06_DY_TO_DY_ALL28	ALL28	DY	DY	G808-E2016	k	edy	0	f112v	f112v	G808-P0572	f112v.37	37	10	S	B	3	3	EXACT	-0.432226587064	14	0.00793846420649	4	-0.0368323953227	72	-0.224555833337	1	-0.0583219971395	90	-0.0601751731855	91	-0.0363643054904	68	-0.044815036447	4	-0.11631025492	6	-0.256804181719	1	-0.46112051818	-0.685676351517	-0.460652428348	-0.5774307731	-0.717924699899
M06_DY_TO_DY_ALL28:G808-E2186	M06_DY_TO_DY_ALL28	ALL28	DY	DY	G808-E2186	k	eody	1	f115v	f115v	G808-P0657	f115v.42	42	5	S	B	3	3	EXACT	0.13361135705	17	-0.0407017520317	1	-0.0791922059605	72	0.0895746408492	1	-0.0104887755848	90	-0.0101334863339	91	-0.0745786555412	68	-0.157633279947	4	0.112469602518	6	0.0905566487275	1	0.013717399058	0.103292039907	0.0183309494773	0.126187001576	0.104274047786
M06_DY_TO_DY_ALL28:G808-E2202	M06_DY_TO_DY_ALL28	ALL28	DY	DY	G808-E2202	k	edy	0	f116r	f116r	G808-P0663	f116r.24	24	9	S	B	3	3	EXACT	-0.405065486224	78	-0.041236437759	2	-0.00567377469642	72	-0.0238402583277	2	-0.228160866512	152	-0.226130262945	154	0.00496549418106	68	-0.18655148845	4	-0.217875457911	6	-0.0274112928542	2	-0.451975698679	-0.475815957007	-0.441336429802	-0.66985115659	-0.479386991533
M06_DY_TO_DY_ALL28:G808-E0208	M06_DY_TO_DY_ALL28	ALL28	DY	DY	G808-E0208	k	eody	1	f20v	f20v	G808-P0069	f20v.9	9	2	H	A	1	2	EXACT	0.416529814613	27	0.627211496889	1	0.145365778572	72	0	0	0.240065606554	100	0.238949549702	100	0.143606113002	68	0.175270027567	4	0.111905114741	6	0	0	1.18910709007	1.18910709007	1.1873474245	1.30101220481	1.18910709007
M06_DY_TO_DY_ALL28:G808-E0278	M06_DY_TO_DY_ALL28	ALL28	DY	DY	G808-E0278	k	eody	1	f26v	f26v	G808-P0092	f26v.6	6	2	H	B	2	3	EXACT	0.0348804555027	36	0.0661208146257	5	-0.0449521407648	72	-0.0978643179178	1	-0.00625551232187	113	-0.0079411867797	114	-0.0577363810282	68	0.172369787309	4	-0.220965692679	6	-0.199510063119	1	0.0560491293637	-0.0418151885541	0.0432648891002	-0.164916563316	-0.143460933756
M06_DY_TO_DY_ALL28:G808-E0281	M06_DY_TO_DY_ALL28	ALL28	DY	DY	G808-E0281	k	eody	1	f26v	f26v	G808-P0092	f26v.8	8	6	H	B	2	3	EXACT	0.0348804555027	36	0	0	-0.058903609845	72	0	0	-0.0194737066181	108	-0.0205637230182	108	-0.0540634167885	68	-0.141197048211	4	-0.116824039099	6	-0.147656258887	2	-0.0240231543422	-0.0240231543422	-0.0191829612857	-0.140847193441	-0.171679413229
M06_DY_TO_DY_ALL28:G808-E0402	M06_DY_TO_DY_ALL28	ALL28	DY	DY	G808-E0402	k	edy	0	f40v	f40v	G808-P0144	f40v.13	13	3	H	B	2	2	EXACT	-0.2254301415	31	-0.414980430765	1	-0.0151791500289	72	0	0	-0.0689340428696	104	-0.0700476168021	104	-0.0185981703426	68	0.0429341174479	4	-0.154528655691	6	0	0	-0.655589722294	-0.655589722294	-0.659008742608	-0.810118377985	-0.655589722294
M06_DY_TO_DY_ALL28:G808-E0449	M06_DY_TO_DY_ALL28	ALL28	DY	DY	G808-E0449	k	edy	0	f43v	f43v	G808-P0158	f43v.12	12	2	H	B	2	3	EXACT	0.0516041117319	24	0.100074129583	3	-0.0811098388615	72	-0.0593187756207	2	-0.0238168977764	99	-0.0251056762392	101	-0.0933121328147	68	0.126320086451	4	-0.0904683471731	6	-0.116784855966	2	0.0705684024533	0.0112496268326	0.0583661085001	-0.0198999447198	-0.0462164535126
M06_DY_TO_DY_ALL28:G808-E0452	M06_DY_TO_DY_ALL28	ALL28	DY	DY	G808-E0452	k	eody	1	f43v	f43v	G808-P0158	f43v.13	13	6	H	B	2	2	EXACT	0.0516041117319	24	0	0	-0.0743733257235	72	0	0	-0.0229461463243	96	-0.0239779584625	96	-0.0710312877412	68	-0.131197043314	4	-0.281118822785	6	-0.0451887251423	1	-0.0227692139916	-0.0227692139916	-0.0194271760093	-0.303888036776	-0.0679579391339
M06_DY_TO_DY_ALL28:G808-E0498	M06_DY_TO_DY_ALL28	ALL28	DY	DY	G808-E0498	k	eody	1	f46v	f46v	G808-P0175	f46v.3	3	2	H	B	2	3	EXACT	-0.0700296246721	41	-0.166474501732	4	-0.0539277918886	72	0	0	-0.0591500998224	117	-0.0602082587181	117	-0.0675664475226	68	0.17791915871	4	-0.0125231785072	6	0	0	-0.290431918292	-0.290431918292	-0.304070573926	-0.302955096799	-0.290431918292
M06_DY_TO_DY_ALL28:G808-E0520	M06_DY_TO_DY_ALL28	ALL28	DY	DY	G808-E0520	k	edy	0	f48r	f48r	G808-P0180	f48r.3	3	8	H	B	5	3	EXACT	0.0227197711274	37	-0.0759985688716	1	-0.0313145216091	72	-0.0610450099073	1	-0.00601595254768	110	-0.00743036381299	111	-0.0260745427448	68	-0.120403997271	4	-0.202062718046	6	-0.0765670328698	2	-0.0845933193534	-0.145638329261	-0.079353340489	-0.2866560374	-0.161160352223
M06_DY_TO_DY_ALL28:G808-E0688	M06_DY_TO_DY_ALL28	ALL28	DY	DY	G808-E0688	k	eody	1	f66v	f66v	G808-P0220	f66v.6	6	7	H	B	5	3	EXACT	-0.34720632221	9	0	0	0.0230074664476	72	0	0	0.0210979404998	81	0.0199580709687	81	0.0354283914824	68	-0.188158309564	4	-0.196042958117	6	0	0	-0.324198855763	-0.324198855763	-0.311777930728	-0.520241813879	-0.324198855763
M06_DY_TO_DY_ALL28:G808-E0913	M06_DY_TO_DY_ALL28	ALL28	DY	DY	G808-E0913	k	edy	0	f78r	f78r	G808-P0247	f78r.14	14	6	B	B	2	3	EXACT	-0.311094672434	56	-0.109288553927	3	-0.140971488626	72	0	0	-0.218242277198	131	-0.219094211992	131	-0.143165902719	68	-0.103676961346	4	-0.0273876108082	6	0	0	-0.561354714988	-0.561354714988	-0.563549129081	-0.588742325796	-0.561354714988
M06_DY_TO_DY_ALL28:G808-E0917	M06_DY_TO_DY_ALL28	ALL28	DY	DY	G808-E0917	k	edy	0	f78r	f78r	G808-P0247	f78r.24	24	2	B	B	2	2	EXACT	-0.311094672434	56	0	0	-0.13480273995	72	-0.502381032738	2	-0.217460881349	128	-0.222413167921	130	-0.154602684553	68	0.201785806007	4	0.0578647944155	6	-0.516431993897	2	-0.445897412384	-0.948278445122	-0.465697356988	-0.388032617968	-0.962329406281
M06_DY_TO_DY_ALL28:G808-E0958	M06_DY_TO_DY_ALL28	ALL28	DY	DY	G808-E0958	k	edy	0	f78v	f78v	G808-P0250	f78v.24	24	9	B	B	2	2	EXACT	-0.262294308387	49	-0.230303700092	3	-0.113280683672	72	0	0	-0.176403256596	124	-0.177293965918	124	-0.12200571082	68	0.0350343022981	4	-0.0825566335414	6	0	0	-0.605878692151	-0.605878692151	-0.614603719299	-0.688435325693	-0.605878692151
M06_DY_TO_DY_ALL28:G808-E1223	M06_DY_TO_DY_ALL28	ALL28	DY	DY	G808-E1223	k	edy	0	f85r1	f85r	G808-P0302	f85r1.5	5	8	T	B	2	2	EXACT	-0.195779789187	22	0.475983166593	1	-0.0501803371904	72	0	0	-0.0557904550217	95	-0.0570480829817	95	-0.0431868410521	68	-0.169058147999	4	-0.356993432064	6	0	0	0.230023040215	0.230023040215	0.237016536354	-0.126970391848	0.230023040215
M06_DY_TO_DY_ALL28:G808-E1227	M06_DY_TO_DY_ALL28	ALL28	DY	DY	G808-E1227	k	eody	1	f85r1	f85r	G808-P0304	f85r1.14	14	3	T	B	2	3	EXACT	-0.094372616201	29	-0.136391900686	6	-0.0510142446984	72	-0.0169859435344	1	-0.0525970990586	107	-0.0532675261612	108	-0.0614984310518	68	0.127228546852	4	-0.161703653882	6	-0.176891692513	2	-0.281778761585	-0.29876470512	-0.292262947939	-0.443482415467	-0.458670454098
M06_DY_TO_DY_ALL28:G808-E1300	M06_DY_TO_DY_ALL28	ALL28	DY	DY	G808-E1300	k	eody	1	f86v6	f86v	G808-P0328	f86v6.24	24	2	T	B	2	3	EXACT	-0.182559264646	48	-0.157320364111	4	-0.0650540559733	72	-0.113755291853	2	-0.115501419017	124	-0.115987268913	126	-0.077932272349	68	0.153864944024	4	-0.0441248830932	6	-0.129007161786	2	-0.404933684731	-0.518688976584	-0.417811901107	-0.449058567824	-0.533940846517
M06_DY_TO_DY_ALL28:G808-E1419	M06_DY_TO_DY_ALL28	ALL28	DY	DY	G808-E1419	k	edy	0	f94v	f94v	G808-P0349	f94v.4	4	4	H	B	3	2	EXACT	-0.404039668352	15	0	0	-0.0271967537147	72	-0.0872014604884	2	-0.0612319011899	87	-0.0624198496453	89	-0.0312594048482	68	0.0418582134519	4	0.215753005409	6	-0.219424162064	3	-0.431236422066	-0.518437882555	-0.4352990732	-0.215483416657	-0.650660584131
M06_DY_TO_DY_ALL28:G808-E1470	M06_DY_TO_DY_ALL28	ALL28	DY	DY	G808-E1470	k	eody	1	f99r	f99r	G808-P0365	f99r.43	43	7	P	A	1	3	EXACT	0.315809966891	16	-0.110093523246	2	0.0952125466676	72	-0.023680699336	2	0.158774435296	90	0.154218532701	92	0.107504702342	68	-0.11376406582	4	0.176230540971	6	-0.103164287402	2	0.300928990312	0.277248290976	0.313221145987	0.477159531284	0.19776470291
M06_DY_TO_DY_ALL28:G808-E1631	M06_DY_TO_DY_ALL28	ALL28	DY	DY	G808-E1631	kch	eody	1	f104r	f104r	G808-P0422	f104r.38	38	4	S	B	3	2	EXACT	-0.225421149001	10	-0.481146851093	1	-0.0126198960875	72	0	0	-0.00585987987241	83	-0.00687832641065	83	-0.0137890928402	68	0.00724906304612	4	0.188732004164	6	0	0	-0.719187896181	-0.719187896181	-0.720357092934	-0.530455892017	-0.719187896181
M06_DY_TO_DY_ALL28:G808-E1665	M06_DY_TO_DY_ALL28	ALL28	DY	DY	G808-E1665	kch	eody	1	f105r	f105r	G808-P0438	f105r.3	3	4	S	B	3	3	EXACT	-0.234434293136	29	-0.162179018259	3	-0.0140827539701	72	0.881341237454	1	-0.0647650041428	104	-0.0564871189123	105	-0.0117977503408	68	-0.0529401122113	4	-0.0362243413878	6	0.847268536536	1	-0.410696065365	0.47064517209	-0.408411061735	-0.446920406752	0.436572471171
M06_DY_TO_DY_ALL28:G808-E1667	M06_DY_TO_DY_ALL28	ALL28	DY	DY	G808-E1667	kch	edy	0	f105r	f105r	G808-P0440	f105r.12	12	6	S	B	3	3	EXACT	-0.31099239368	10	-0.175020499221	2	-0.0223434214415	72	0	0	-0.0221981558635	84	-0.0231216130658	84	-0.0146822763776	68	-0.152595184071	4	-0.115104672412	6	-0.139676366631	1	-0.508356314342	-0.508356314342	-0.500695169278	-0.623460986754	-0.648032680973
M06_DY_TO_DY_ALL28:G808-E2047	M06_DY_TO_DY_ALL28	ALL28	DY	DY	G808-E2047	kch	eody	1	f113r	f113r	G808-P0585	f113r.29	29	5	S	B	3	3	EXACT	0.10009974005	14	0.147051082366	4	-0.0506834298469	72	0.441612392292	2	0.0128744612004	90	0.021598372344	92	-0.0440137643555	68	-0.164075379019	4	0.203947786095	6	0.463810036534	2	0.19646739257	0.638079784862	0.203137058061	0.400415178665	0.660277429103
M06_DY_TO_DY_ALL28:G808-E2089	M06_DY_TO_DY_ALL28	ALL28	DY	DY	G808-E2089	kch	edy	0	f114r	f114r	G808-P0608	f114r.5	5	9	S	B	3	3	EXACT	0.115652087079	15	0.0413484329379	3	-0.00564154639766	72	0	0	0.0466915354932	90	0.0456968554094	90	0.000311312926708	68	-0.106847952076	4	-0.0831204878389	6	0	0	0.151358973619	0.151358973619	0.157311832944	0.0682384857805	0.151358973619
M06_DY_TO_DY_ALL28:G808-E2127	M06_DY_TO_DY_ALL28	ALL28	DY	DY	G808-E2127	kch	edy	0	f114v	f114v	G808-P0624	f114v.15	15	10	S	B	3	3	EXACT	0.000179661540269	19	0.205081161018	1	-0.0195511353396	72	0.00544743848393	1	0.00755496021729	92	0.00638615409993	93	-0.0172100609948	68	-0.0593431160755	4	-0.133593577	6	-0.00297606065133	1	0.185709687219	0.191157125703	0.188050761564	0.0521161102185	0.182733626567
M06_DY_TO_DY_ALL28:G808-E2157	M06_DY_TO_DY_ALL28	ALL28	DY	DY	G808-E2157	kch	edy	0	f115r	f115r	G808-P0642	f115r.38	38	9	S	B	@	3	EXACT	0.401281122791	10	-0.0122204634109	2	-0.0204956385289	69	-0.0229954628095	2	0.0694241273566	81	0.0667236739169	83	-0.0153808360181	65	-0.103609477633	4	-0.175371809253	6	-0.0278763679217	2	0.368565020852	0.345569558042	0.373679823362	0.193193211599	0.34068865293
M06_DY_TO_DY_ALL28:G808-E2181	M06_DY_TO_DY_ALL28	ALL28	DY	DY	G808-E2181	kch	edy	0	f115v	f115v	G808-P0652	f115v.26	26	2	S	B	3	3	EXACT	-0.10443291939	23	-0.0535355775603	3	-0.00594008977009	72	0	0	-0.00987856983598	98	-0.0107276230635	98	-0.0219251777765	68	0.265798575962	4	-0.0223193156335	6	0	0	-0.16390858672	-0.16390858672	-0.179893674727	-0.186227902354	-0.16390858672
M06_DY_TO_DY_ALL28:G808-E0437	M06_DY_TO_DY_ALL28	ALL28	DY	DY	G808-E0437	kch	edy	0	f43r	f43r	G808-P0153	f43r.6	6	1	H	B	2	1	EXACT	0.0330197769211	31	0	0	-0.0154770060602	72	0	0	0.0117858626749	103	0.0107842053031	103	-0.0234192310587	68	0.119533222108	4	-0.177220226272	6	0	0	0.0175427708609	0.0175427708609	0.00960054586233	-0.159677455411	0.0175427708609
M06_DY_TO_DY_ALL28:G808-E0980	M06_DY_TO_DY_ALL28	ALL28	DY	DY	G808-E0980	kch	edy	0	f79r	f79r	G808-P0256	f79r.34	34	2	B	B	2	2	EXACT	-0.159745658244	17	-0.221014665676	1	-0.126208046169	72	0	0	-0.102084842269	90	-0.101938047638	90	-0.147913358714	68	0.242760013493	4	-0.182925083379	6	0.0248755915291	1	-0.506968370089	-0.506968370089	-0.528673682634	-0.689893453467	-0.48209277856
M06_DY_TO_DY_ALL28:G808-E1222	M06_DY_TO_DY_ALL28	ALL28	DY	DY	G808-E1222	kch	edy	0	f85r1	f85r	G808-P0302	f85r1.5	5	2	T	B	2	2	EXACT	-0.183767473405	22	0	0	-0.0249813243097	72	0	0	-0.0393718738941	94	-0.0405145883062	94	-0.0393034627605	68	0.218509641625	4	-0.131914810126	6	0	0	-0.208748797715	-0.208748797715	-0.223070936166	-0.340663607842	-0.208748797715
M06_DY_TO_DY_ALL28:G808-E1541	M06_DY_TO_DY_ALL28	ALL28	DY	DY	G808-E1541	ksh	eody	1	f102v1	f102v	G808-P0378	f102v1.23	23	1	P	A	1	2	EXACT	0.209445097163	21	0	0	0.110355219772	72	-0.0254017743129	1	0.153051170712	93	0.150569401439	94	0.114474287261	68	0.0403204506512	4	-0.0803391130609	6	-0.0376346110479	1	0.319800316935	0.294398542622	0.323919384424	0.239461203874	0.282165705887
M06_DY_TO_DY_ALL28:G808-E1752	M06_DY_TO_DY_ALL28	ALL28	DY	DY	G808-E1752	ksh	eody	1	f106v	f106v	G808-P0482	f106v.30	30	7	S	B	3	3	EXACT	0.31793610097	15	-0.0617553827242	1	0.0112340704435	72	-0.66569884092	1	0.0904364702885	88	0.0814717669821	89	0.0262944682556	68	-0.244802884793	4	0.13791373285	6	-0.39535861028	3	0.26741478869	-0.398284052231	0.282475186502	0.405328521539	-0.127943821591
M06_DY_TO_DY_ALL28:G808-E0970	M06_DY_TO_DY_ALL28	ALL28	DY	DY	G808-E0970	ksh	edy	0	f79r	f79r	G808-P0253	f79r.16	16	4	B	B	2	3	EXACT	-0.345529926748	40	-0.16641560763	3	-0.107878446095	72	0.0125158214961	1	-0.187863446688	115	-0.186710034559	116	-0.120224050727	68	0.101986314016	4	-0.184725213156	6	0.0206468803423	2	-0.619823980474	-0.607308158978	-0.632169585105	-0.80454919363	-0.599177100132
M06_DY_TO_DY_ALL28:G808-E0101	M06_DY_TO_DY_ALL28	ALL28	DY	DY	G808-E0101	ksh	eody	1	f9v	f9v	G808-P0033	f9v.6	6	3	H	A	1	3	EXACT	0.186237285954	22	0	0	0.154877174917	72	0.271854190657	1	0.181786397809	94	0.182178111909	95	0.160470490019	68	0.0597807524763	4	0.15514583332	6	0.0366356686285	2	0.341114460871	0.612968651527	0.346707775973	0.49626029419	0.377750129499
M06_DY_TO_DY_ALL28:G808-E1566	M06_DY_TO_DY_ALL28	ALL28	DY	DY	G808-E1566	lch	edy	0	f103r	f103r	G808-P0387	f103r.23	23	3	S	B	3	2	EXACT	-0.443990760113	14	0	0	-0.00989030403368	72	-0.250585631875	2	-0.0508435200351	86	-0.0555875414259	88	-0.0102720413091	68	-0.00340891753743	4	-0.0165980042775	6	-0.296487388455	2	-0.453881064146	-0.704466696021	-0.454262801422	-0.470479068424	-0.750368452601
M06_DY_TO_DY_ALL28:G808-E1591	M06_DY_TO_DY_ALL28	ALL28	DY	DY	G808-E1591	lch	eody	1	f103v	f103v	G808-P0403	f103v.15	15	8	S	B	3	3	EXACT	-0.394293797071	13	-0.137154071405	2	-0.0601201245546	72	0.00592595414406	1	-0.077813258927	87	-0.0773672940697	88	-0.0544472126032	68	-0.156569466615	4	-0.21343141726	6	0.259464233893	2	-0.591567993031	-0.585642038887	-0.58589508108	-0.804999410291	-0.332103759138
M06_DY_TO_DY_ALL28:G808-E1596	M06_DY_TO_DY_ALL28	ALL28	DY	DY	G808-E1596	lch	edy	0	f103v	f103v	G808-P0404	f103v.18	18	5	S	B	3	3	EXACT	-0.206814340625	11	0.0854630857287	2	-0.0524158961713	72	0	0	-0.0322958907692	85	-0.0329765273089	85	-0.0470962153392	68	-0.142860309204	4	-0.243629604339	6	0	0	-0.173767151068	-0.173767151068	-0.168447470236	-0.417396755407	-0.173767151068
M06_DY_TO_DY_ALL28:G808-E1605	M06_DY_TO_DY_ALL28	ALL28	DY	DY	G808-E1605	lch	edy	0	f103v	f103v	G808-P0407	f103v.30	30	8	S	B	3	2	EXACT	-0.228144360265	13	-0.161492218495	1	-0.013331487841	72	0	0	-0.0132084269299	86	-0.0138890634696	86	-0.00138101790499	68	-0.216499315639	4	0.00818378730973	6	0	0	-0.402968066601	-0.402968066601	-0.391017596665	-0.394784279291	-0.402968066601
M06_DY_TO_DY_ALL28:G808-E1612	M06_DY_TO_DY_ALL28	ALL28	DY	DY	G808-E1612	lch	edy	0	f103v	f103v	G808-P0410	f103v.40	40	9	S	B	3	3	EXACT	-0.194782848117	17	-0.159562604329	3	-0.0538759723392	72	0	0	-0.0548906145063	92	-0.055571251046	92	-0.0537369245086	68	-0.0562496243447	4	0.197360519659	6	-0.153281395867	2	-0.408221424785	-0.408221424785	-0.408082376955	-0.210860905126	-0.561502820653
M06_DY_TO_DY_ALL28:G808-E1653	M06_DY_TO_DY_ALL28	ALL28	DY	DY	G808-E1653	lch	edy	0	f104v	f104v	G808-P0431	f104v.25	25	3	S	B	3	3	EXACT	0.0605241794425	29	-0.22002424473	5	-0.0732112423753	72	0	0	-0.030594153626	106	-0.0311306909	106	-0.0867027699061	68	0.156135073265	4	-0.132501564189	6	1.107284811	1	-0.232711307663	-0.232711307663	-0.246202835193	-0.365212871851	0.874573503342
M06_DY_TO_DY_ALL28:G808-E1708	M06_DY_TO_DY_ALL28	ALL28	DY	DY	G808-E1708	lch	edy	0	f106r	f106r	G808-P0458	f106r.3	3	2	S	B	3	2	EXACT	-0.465941104499	12	0.486699195502	1	-0.0252715281871	72	1.32870034308	1	-0.0499299606132	85	-0.0342348198586	86	-0.0391198958755	68	0.210140415673	4	0.199272115049	6	1.32662393253	1	-0.00451343718452	1.3241869059	-0.0183618048729	0.194758677864	1.32211049535
M06_DY_TO_DY_ALL28:G808-E1710	M06_DY_TO_DY_ALL28	ALL28	DY	DY	G808-E1710	lch	edy	0	f106r	f106r	G808-P0459	f106r.4	4	9	S	B	3	3	EXACT	0.08338035333	21	-0.34566241879	2	-0.0150541794073	72	0	0	0.0208024485926	95	0.0203480657022	95	-0.00780729148169	68	-0.138261580985	4	0.0201387855626	6	0	0	-0.277336244868	-0.277336244868	-0.270089356942	-0.257197459305	-0.277336244868
M06_DY_TO_DY_ALL28:G808-E1716	M06_DY_TO_DY_ALL28	ALL28	DY	DY	G808-E1716	lch	edy	0	f106r	f106r	G808-P0460	f106r.9	9	5	S	B	3	2	EXACT	-0.166945938628	7	0	0	-0.00860016824177	72	-0.275649418989	2	0.0160167103054	79	0.008613255822	81	0.00102651466434	68	-0.172264084488	4	0.0160106557121	6	-0.334085551428	2	-0.175546106869	-0.451195525859	-0.165919423963	-0.159535451157	-0.509631658298
M06_DY_TO_DY_ALL28:G808-E1717	M06_DY_TO_DY_ALL28	ALL28	DY	DY	G808-E1717	lch	edy	0	f106r	f106r	G808-P0461	f106r.10	10	6	S	B	3	2	EXACT	-0.179676780717	9	-0.185245764461	1	0.0152742835748	72	0	0	0.0269199591971	82	0.0264655763067	82	0.0242824599165	68	-0.137875021076	4	-0.462584724448	6	0	0	-0.349648261603	-0.349648261603	-0.340640085261	-0.812232986051	-0.349648261603
M06_DY_TO_DY_ALL28:G808-E1739	M06_DY_TO_DY_ALL28	ALL28	DY	DY	G808-E1739	lch	edy	0	f106r	f106r	G808-P0469	f106r.35	35	5	S	B	3	2	EXACT	0.735763005094	1	0.0472720502084	1	0.00892161456625	72	0	0	0.0668723861717	74	0.0664180032812	74	0.0101037347292	68	-0.0111847350459	4	0.263232159324	6	0	0	0.791956669869	0.791956669869	0.793138790032	1.05518882919	0.791956669869
M06_DY_TO_DY_ALL28:G808-E1767	M06_DY_TO_DY_ALL28	ALL28	DY	DY	G808-E1767	lch	edy	0	f107r	f107r	G808-P0490	f107r.10	10	4	S	B	3	3	EXACT	-0.175072897346	21	0.142252887644	1	-0.0370896018536	72	-0.617561229367	1	-0.04516663435	94	-0.0515136888553	95	-0.0396135957005	68	0.00580868977144	4	-0.108547904	6	-0.810733266381	2	-0.069909611555	-0.687470840922	-0.0724336054019	-0.178457515555	-0.880642877936
M06_DY_TO_DY_ALL28:G808-E1814	M06_DY_TO_DY_ALL28	ALL28	DY	DY	G808-E1814	lch	edy	0	f107v	f107v	G808-P0511	f107v.34	34	4	S	B	3	2	EXACT	-0.0381335895523	16	0	0	0.00160079750443	72	0.510506447672	2	0.0200763349445	88	0.030829949768	90	0.00378766611707	68	-0.0355855854785	4	0.0581797532776	6	-0.0146623124253	3	-0.0365327920478	0.473973655624	-0.0343459234352	0.0216469612298	-0.0511951044731
M06_DY_TO_DY_ALL28:G808-E1871	M06_DY_TO_DY_ALL28	ALL28	DY	DY	G808-E1871	lch	edy	0	f108r	f108r	G808-P0529	f108r.45	45	5	S	B	3	3	EXACT	-0.277113286541	14	0.00938747034905	3	-0.0341843584536	72	-0.134336822915	2	-0.039584796414	89	-0.0418758018769	91	-0.0286266772442	68	-0.128675690982	4	-0.168796522117	6	0.115011859632	2	-0.301910174645	-0.43624699756	-0.296352493436	-0.470706696763	-0.186898315013
M06_DY_TO_DY_ALL28:G808-E1886	M06_DY_TO_DY_ALL28	ALL28	DY	DY	G808-E1886	lch	edy	0	f108v	f108v	G808-P0532	f108v.6	6	4	S	B	3	3	EXACT	-0.559930059797	8	-0.23222732637	3	-0.0146379065524	72	0.822780403493	1	-0.0406125329732	83	-0.0306203448686	84	-0.0159526831995	68	0.00770298258906	4	0.150345626482	6	0.292262797645	2	-0.80679529272	0.015985110773	-0.808110069367	-0.656449666238	-0.514532495075
M06_DY_TO_DY_ALL28:G808-E1890	M06_DY_TO_DY_ALL28	ALL28	DY	DY	G808-E1890	lch	edy	0	f108v	f108v	G808-P0533	f108v.9	9	7	S	B	3	3	EXACT	-0.29463107587	26	-0.192390694235	2	-0.0109994124575	72	0	0	-0.0730316246494	100	-0.0734250229035	100	-0.00196526709791	68	-0.164590197431	4	0.212661524444	6	0.182716083163	2	-0.498021182563	-0.498021182563	-0.488987037204	-0.28535965812	-0.3153050994
M06_DY_TO_DY_ALL28:G808-E1912	M06_DY_TO_DY_ALL28	ALL28	DY	DY	G808-E1912	lch	edy	0	f108v	f108v	G808-P0537	f108v.34	34	9	S	B	3	3	EXACT	-0.394765133639	89	-0.136305294688	2	-0.0279606978864	72	-0.597100263976	1	-0.24847629883	163	-0.250940597374	164	-0.0252455695265	68	-0.0741281938654	4	-0.0760677769012	6	-0.598673172398	1	-0.559031126214	-1.15613139019	-0.556315997854	-0.635098903115	-1.15770429861
M06_DY_TO_DY_ALL28:G808-E1927	M06_DY_TO_DY_ALL28	ALL28	DY	DY	G808-E1927	lch	edy	0	f111r	f111r	G808-P0538	f111r.3	3	4	S	B	3	3	EXACT	-0.111446885634	18	0.186401192977	2	-0.0458028690972	72	-0.286919549688	2	-0.0276213590924	92	-0.0335012803639	94	-0.0488371672605	68	0.0057665071754	4	0.189527965137	6	-0.233584081448	3	0.0291514382454	-0.257768111442	0.0261171400821	0.218679403383	-0.204432643202
M06_DY_TO_DY_ALL28:G808-E1931	M06_DY_TO_DY_ALL28	ALL28	DY	DY	G808-E1931	lch	edy	0	f111r	f111r	G808-P0539	f111r.7	7	5	S	B	3	3	EXACT	-0.155507678548	138	0.0767950546845	4	-0.0333252363341	69	-0.202050297972	1	-0.149419527476	211	-0.150287362722	212	-0.0264460303766	65	-0.145097304986	4	-0.218460500947	6	0.297241346247	1	-0.112037860198	-0.31408815817	-0.10515865424	-0.330498361145	0.185203486049
M06_DY_TO_DY_ALL28:G808-E1935	M06_DY_TO_DY_ALL28	ALL28	DY	DY	G808-E1935	lch	edy	0	f111r	f111r	G808-P0539	f111r.9	9	4	S	B	3	3	EXACT	-0.155507678548	138	0.159368711507	1	-0.00464643297598	69	-0.581644932909	1	-0.142951821507	208	-0.145669359177	209	-0.00528630448326	65	0.0057665071754	4	-0.161598301924	6	-0.583634227544	1	-0.000785400017366	-0.582430332926	-0.00142527152464	-0.162383701941	-0.584419627561
M06_DY_TO_DY_ALL28:G808-E1937	M06_DY_TO_DY_ALL28	ALL28	DY	DY	G808-E1937	lch	edy	0	f111r	f111r	G808-P0539	f111r.14	14	12	S	B	3	3	EXACT	-0.155507678548	138	0.258959234191	3	-0.00366646242814	69	0	0	-0.138208867846	210	-0.1389015478	210	-0.00578679398528	65	0.0308039535336	4	-0.134884730489	6	0	0	0.0997850932147	0.0997850932147	0.0976647616576	-0.0350996372747	0.0997850932147
M06_DY_TO_DY_ALL28:G808-E1945	M06_DY_TO_DY_ALL28	ALL28	DY	DY	G808-E1945	lch	edy	0	f111r	f111r	G808-P0540	f111r.41	41	7	S	B	3	3	EXACT	-0.342070283981	33	0	0	-0.0368350818564	72	0.304339115711	2	-0.122537388229	105	-0.114961388695	107	-0.0304647901538	68	-0.145143733305	4	-0.14960656605	6	0.276524442941	2	-0.378905365837	-0.0745662501259	-0.372535074135	-0.528511931887	-0.102380922896
M06_DY_TO_DY_ALL28:G808-E1946	M06_DY_TO_DY_ALL28	ALL28	DY	DY	G808-E1946	lch	edy	0	f111r	f111r	G808-P0542	f111r.49	49	5	S	B	3	3	EXACT	-0.574763431822	12	-0.259352221718	2	-0.0509458824799	72	-0.0464799236374	1	-0.0950899592965	86	-0.0950457670167	87	-0.0454083689504	68	-0.145097304986	4	0.214351439466	6	0.143968725117	2	-0.88506153602	-0.931541459657	-0.87952402249	-0.670710096554	-0.741092810903
M06_DY_TO_DY_ALL28:G808-E1960	M06_DY_TO_DY_ALL28	ALL28	DY	DY	G808-E1960	lch	edy	0	f111v	f111v	G808-P0544	f111v.16	16	5	S	B	3	3	EXACT	-0.265353308132	111	-0.119563091404	4	-0.02854146698	72	-0.146832162772	3	-0.195092447208	187	-0.194519237127	190	-0.021821801891	68	-0.142785833708	4	-0.18326889698	6	-0.151934282829	3	-0.413457866516	-0.560290029287	-0.406738201427	-0.596726763496	-0.565392149345
M06_DY_TO_DY_ALL28:G808-E1972	M06_DY_TO_DY_ALL28	ALL28	DY	DY	G808-E1972	lch	edy	0	f111v	f111v	G808-P0550	f111v.46	46	7	S	B	3	3	EXACT	-0.45547111307	12	-0.10977198022	3	-0.0113963894943	72	0	0	-0.0475804927488	87	-0.0478737297678	87	-0.00384085446406	68	-0.139850545223	4	0.180128459855	6	-0.267327476559	1	-0.576639482784	-0.576639482784	-0.569083947754	-0.396511022929	-0.843966959343
M06_DY_TO_DY_ALL28:G808-E1988	M06_DY_TO_DY_ALL28	ALL28	DY	DY	G808-E1988	lch	edy	0	f112r	f112r	G808-P0558	f112r.31	31	7	S	B	3	3	EXACT	-0.165433643434	13	0.186697736734	2	-0.0416634652246	72	-0.0599380412975	1	-0.0236944613727	87	-0.0246003176215	88	-0.0352404235761	68	-0.150865922933	4	0.190576822836	6	-0.0617136117952	1	-0.0203993719241	-0.0803374132216	-0.0139763302756	0.170177450912	-0.0821129837193
M06_DY_TO_DY_ALL28:G808-E2017	M06_DY_TO_DY_ALL28	ALL28	DY	DY	G808-E2017	lch	edy	0	f112v	f112v	G808-P0573	f112v.40	40	3	S	B	3	3	EXACT	0.252872837296	8	-0.0659914301112	3	-0.0204705887665	72	0	0	0.0488335567627	83	0.0493472765063	83	-0.0288116676481	68	0.12130311086	4	-0.145324774438	6	-0.208622512092	1	0.166410818418	0.166410818418	0.158069739537	0.02108604398	-0.0422116936742
M06_DY_TO_DY_ALL28:G808-E2081	M06_DY_TO_DY_ALL28	ALL28	DY	DY	G808-E2081	lch	edy	0	f113v	f113v	G808-P0600	f113v.31	31	5	S	B	3	3	EXACT	0.0718946258843	32	0.491899751115	2	-0.0412306458747	72	0.094410365119	1	0.0102015623811	106	0.00966431046747	107	-0.0352379358188	68	-0.143102133119	4	0.0259732073887	6	0.0908382023506	1	0.522563731125	0.616974096244	0.528556441181	0.548536938514	0.613401933476
M06_DY_TO_DY_ALL28:G808-E2082	M06_DY_TO_DY_ALL28	ALL28	DY	DY	G808-E2082	lch	edy	0	f113v	f113v	G808-P0602	f113v.37	37	5	S	B	3	3	EXACT	-0.446241376335	6	-0.182657862376	3	-0.0332934202696	72	0.428959330525	1	-0.0398248222807	81	-0.0353270930614	82	-0.0191022334414	68	-0.274539012643	4	0.0706888967977	6	0.20590468141	2	-0.662192658981	-0.233233328456	-0.648001472153	-0.591503762183	-0.456287977571
M06_DY_TO_DY_ALL28:G808-E2179	M06_DY_TO_DY_ALL28	ALL28	DY	DY	G808-E2179	lch	edy	0	f115v	f115v	G808-P0651	f115v.23	23	6	S	B	3	2	EXACT	-0.124677838127	10	-0.355765884181	1	-0.0190257185483	72	0	0	-0.00268064484696	83	-0.00300447522472	83	-0.0237580402523	68	0.0614134806569	4	0.0328478235038	6	0	0	-0.499469440857	-0.499469440857	-0.504201762561	-0.466621617353	-0.499469440857
M06_DY_TO_DY_ALL28:G808-E2184	M06_DY_TO_DY_ALL28	ALL28	DY	DY	G808-E2184	lch	edy	0	f115v	f115v	G808-P0654	f115v.33	33	5	S	B	3	2	EXACT	-0.253938077293	10	0	0	-0.0228292523195	72	-0.01337636865	1	-0.0175688896323	82	-0.0177534413825	83	-0.0277853113042	68	0.0614134806569	4	0.296355920865	6	-0.0128891019603	1	-0.276767329612	-0.290143698262	-0.281723388597	0.0195885912523	-0.289656431573
M06_DY_TO_DY_ALL28:G808-E2188	M06_DY_TO_DY_ALL28	ALL28	DY	DY	G808-E2188	lch	edy	0	f116r	f116r	G808-P0659	f116r.6	6	3	S	B	3	2	EXACT	-0.697830065905	18	0.506111887088	1	-0.0174921475974	72	-0.0234712680594	1	-0.123880639558	91	-0.122956362407	92	-0.0272743014351	68	0.148794777773	4	-0.244777663563	6	-0.0337553379911	1	-0.209210326414	-0.232681594473	-0.218992480252	-0.453987989976	-0.242965664405
M06_DY_TO_DY_ALL28:G808-E2194	M06_DY_TO_DY_ALL28	ALL28	DY	DY	G808-E2194	lch	edy	0	f116r	f116r	G808-P0660	f116r.8	8	10	S	B	3	3	EXACT	-0.562639873472	7	-0.243816312269	4	-0.0103242610372	72	0	0	-0.0340870700516	83	-0.0343089783938	83	-0.0123735251745	68	0.0245035394263	4	0.0444385310606	6	0	0	-0.816780446778	-0.816780446778	-0.818829710915	-0.772341915717	-0.816780446778
M06_DY_TO_DY_ALL28:G808-E2206	M06_DY_TO_DY_ALL28	ALL28	DY	DY	G808-E2206	lch	edy	0	f116r	f116r	G808-P0664	f116r.32	32	8	S	B	3	3	EXACT	-0.280687712624	76	-0.186998513213	3	-0.0376580089816	72	-0.0398897453971	3	-0.176305783051	151	-0.173772060259	154	-0.0306918942234	68	-0.156091649741	4	0.186541159118	6	-0.117417234498	3	-0.505344234818	-0.545233980215	-0.49837812006	-0.3188030757	-0.622761469316
M06_DY_TO_DY_ALL28:G808-E0387	M06_DY_TO_DY_ALL28	ALL28	DY	DY	G808-E0387	lch	edy	0	f39r	f39r	G808-P0137	f39r.8	8	1	H	B	2	3	EXACT	-0.0803189482679	18	-0.101015198685	4	-0.0591422822245	72	0.226103645542	1	-0.0415204621311	94	-0.0390779258468	95	-0.0683089547036	68	0.0966814365642	4	-0.22331781048	6	0.224146313435	1	-0.240476429178	-0.0143727836354	-0.249643101657	-0.463794239657	-0.0163301157427
M06_DY_TO_DY_ALL28:G808-E0652	M06_DY_TO_DY_ALL28	ALL28	DY	DY	G808-E0652	lch	edy	0	f58v	f58v	G808-P0210	f58v.7	7	5	S	A	3	3	EXACT	0.02341390027	89	0.37052800043	4	0.0318436918407	71	0.0332145043362	2	0.0150836732371	164	0.0148738295348	166	0.0421974591611	67	-0.141584526665	4	0.186627592428	6	0.0116161772571	2	0.42578559254	0.459000096876	0.436139359861	0.612413184968	0.437401769797
M06_DY_TO_DY_ALL28:G808-E0681	M06_DY_TO_DY_ALL28	ALL28	DY	DY	G808-E0681	lch	edy	0	f66r	f66r	G808-P0218	f66r.78	78	5	T	B	5	3	EXACT	-0.142499057318	47	-0.0602733410421	2	-0.0431148404166	71	0	0	-0.0827307708323	120	-0.083206715993	120	-0.0367060356948	67	-0.150465581208	4	-0.137630047464	6	0	0	-0.245887238777	-0.245887238777	-0.239478434055	-0.383517286241	-0.245887238777
M06_DY_TO_DY_ALL28:G808-E0697	M06_DY_TO_DY_ALL28	ALL28	DY	DY	G808-E0697	lch	edy	0	f75r	f75r	G808-P0222	f75r.10	10	10	B	B	2	3	EXACT	-0.415700077065	86	-0.321132922513	4	-0.104754761305	72	-0.127076493643	1	-0.291588329553	162	-0.290884322841	163	-0.112602047069	68	0.02863870886	4	-0.0341434483855	6	-0.130927731889	1	-0.841587760883	-0.968664254526	-0.849435046647	-0.875731209268	-0.972515492772
M06_DY_TO_DY_ALL28:G808-E0722	M06_DY_TO_DY_ALL28	ALL28	DY	DY	G808-E0722	lch	edy	0	f75v	f75v	G808-P0226	f75v.10	10	5	B	B	2	3	EXACT	-0.389466817282	56	0.0514927056587	2	-0.120188161198	72	-0.099165930172	1	-0.238369219791	130	-0.237586889231	131	-0.118731397368	68	-0.144962954525	4	-0.155561655916	6	-0.109013021502	1	-0.458162272821	-0.557328202993	-0.456705508992	-0.613723928737	-0.567175294323
M06_DY_TO_DY_ALL28:G808-E0758	M06_DY_TO_DY_ALL28	ALL28	DY	DY	G808-E0758	lch	edy	0	f76r	f76r	G808-P0231	f76r.20	20	4	T	B	2	3	EXACT	-0.302788865717	125	0.209849659345	2	-0.0033332760564	69	0.0983012414526	1	-0.21578422662	196	-0.214166238472	197	-0.00400632958015	65	0.0076111764263	4	-0.257035457753	6	0.0733461712503	1	-0.0962724824288	0.00202875902384	-0.0969455359525	-0.353307940181	-0.0229263111785
M06_DY_TO_DY_ALL28:G808-E0759	M06_DY_TO_DY_ALL28	ALL28	DY	DY	G808-E0759	lch	edy	0	f76r	f76r	G808-P0231	f76r.21	21	3	T	B	2	3	EXACT	-0.302788865717	125	0.0578914699959	2	-0.0111430576685	69	-0.15542779794	1	-0.220084182283	196	-0.219732331616	197	-0.0215921780739	65	0.158662481641	4	-0.00253496002062	6	-0.156443935547	1	-0.25604045339	-0.41146825133	-0.266489573795	-0.25857541341	-0.412484388937
M06_DY_TO_DY_ALL28:G808-E0769	M06_DY_TO_DY_ALL28	ALL28	DY	DY	G808-E0769	lch	edy	0	f76r	f76r	G808-P0232	f76r.42	42	6	T	B	2	3	EXACT	-0.55615602448	18	0.00514972373141	4	-0.0518767752333	72	-0.156627174179	2	-0.127881932396	94	-0.128466758607	96	-0.0466966564097	68	-0.139945234897	4	-0.0552143705502	6	-0.199189321375	2	-0.602883075982	-0.759510250161	-0.597702957159	-0.658097446533	-0.802072397358
M06_DY_TO_DY_ALL28:G808-E0773	M06_DY_TO_DY_ALL28	ALL28	DY	DY	G808-E0773	lch	edy	0	f76r	f76r	G808-P0233	f76r.46	46	6	T	B	2	2	EXACT	-0.26828988345	39	0.0257746305922	1	-0.0444615800176	72	-0.076020770087	1	-0.117461046731	112	-0.117072974922	113	-0.0375054930205	68	-0.162721498628	4	-0.453865913382	6	-0.0770369076938	1	-0.286976832875	-0.362997602962	-0.280020745878	-0.740842746257	-0.364013740569
M06_DY_TO_DY_ALL28:G808-E0786	M06_DY_TO_DY_ALL28	ALL28	DY	DY	G808-E0786	lch	edy	0	f76v	f76v	G808-P0235	f76v.6	6	10	B	B	2	3	EXACT	-0.275831198695	39	-0.100211036451	3	-0.101812273471	72	0	0	-0.15584330441	114	-0.156293486581	114	-0.10857581296	68	0.0131575717844	4	0.244646386594	6	-0.133555264658	1	-0.477854508618	-0.477854508618	-0.484618048107	-0.233208122023	-0.611409773275
M06_DY_TO_DY_ALL28:G808-E0810	M06_DY_TO_DY_ALL28	ALL28	DY	DY	G808-E0810	lch	edy	0	f76v	f76v	G808-P0237	f76v.24	24	4	B	B	2	2	EXACT	-0.408213354999	22	-0.0643660179977	1	-0.0964905543008	72	-0.329416779409	1	-0.148293611962	95	-0.150523773134	96	-0.105551999514	68	0.0575436882765	4	0.253552957108	6	-0.542264186295	1	-0.569069927297	-0.898486706706	-0.578131372511	-0.31551697019	-1.11133411359
M06_DY_TO_DY_ALL28:G808-E0814	M06_DY_TO_DY_ALL28	ALL28	DY	DY	G808-E0814	lch	edy	0	f76v	f76v	G808-P0238	f76v.28	28	9	B	B	2	3	EXACT	-0.304731782192	43	-0.171585557025	3	-0.104214800339	72	0	0	-0.176308931444	118	-0.176759113615	118	-0.111119664937	68	0.0131575717844	4	0.0332266300494	6	-0.0119336376575	1	-0.580532139555	-0.580532139555	-0.587437004154	-0.547305509506	-0.592465777213
M06_DY_TO_DY_ALL28:G808-E0820	M06_DY_TO_DY_ALL28	ALL28	DY	DY	G808-E0820	lch	edy	0	f76v	f76v	G808-P0239	f76v.35	35	6	B	B	2	3	EXACT	-0.0662001678746	8	-0.309322851891	1	-0.0990629223732	72	-0.0448851908642	2	-0.0617148347187	81	-0.0615126114152	83	-0.0958170620237	68	-0.15425287437	4	-0.185191346225	6	-0.0445998684045	2	-0.474585942139	-0.519471133003	-0.47134008179	-0.659777288364	-0.519185810544
M06_DY_TO_DY_ALL28:G808-E0822	M06_DY_TO_DY_ALL28	ALL28	DY	DY	G808-E0822	lch	edy	0	f76v	f76v	G808-P0240	f76v.37	37	2	B	B	2	3	EXACT	-0.448790272308	22	-0.0867928973083	2	-0.125280023288	72	0	0	-0.178700238101	96	-0.179150420272	96	-0.144564385623	68	0.202543810339	4	0.147376170211	6	-0.260610970198	2	-0.660863192905	-0.660863192905	-0.680147555239	-0.513487022694	-0.921474163103
M06_DY_TO_DY_ALL28:G808-E0835	M06_DY_TO_DY_ALL28	ALL28	DY	DY	G808-E0835	lch	edy	0	f77r	f77r	G808-P0241	f77r.15	15	9	B	B	2	2	EXACT	-0.401804978953	49	0.215941617368	2	-0.120840274963	72	0	0	-0.228242400714	123	-0.228682049518	123	-0.124540170031	68	-0.0579519508487	4	0.0118528102804	6	0.00711307157164	1	-0.306703636548	-0.306703636548	-0.310403531616	-0.294850826268	-0.299590564976
M06_DY_TO_DY_ALL28:G808-E0840	M06_DY_TO_DY_ALL28	ALL28	DY	DY	G808-E0840	lch	edy	0	f77r	f77r	G808-P0241	f77r.22	22	3	B	B	2	3	EXACT	-0.401804978953	49	-0.101266352901	3	-0.144978837738	72	-0.0995263414205	2	-0.246314452156	124	-0.244267327851	126	-0.162440143393	68	0.151853466359	4	-0.0273885363404	6	-0.125698533469	2	-0.648050169592	-0.747576511013	-0.665511475248	-0.675438705933	-0.773748703062
M06_DY_TO_DY_ALL28:G808-E0865	M06_DY_TO_DY_ALL28	ALL28	DY	DY	G808-E0865	lch	edy	0	f77v	f77v	G808-P0244	f77v.12	12	1	B	B	2	2	EXACT	-0.370360257294	35	-0.159819529103	4	-0.123052940675	72	0	0	-0.194232116804	111	-0.19494365829	111	-0.135672794871	68	0.091474756601	4	-0.0516375803194	6	0	0	-0.653232727072	-0.653232727072	-0.665852581268	-0.704870307391	-0.653232727072
M06_DY_TO_DY_ALL28:G808-E0887	M06_DY_TO_DY_ALL28	ALL28	DY	DY	G808-E0887	lch	edy	0	f77v	f77v	G808-P0246	f77v.36	36	5	B	B	2	2	EXACT	-0.261324833423	38	-0.0934328442144	3	-0.131413731377	72	-0.100412288027	1	-0.168077490855	113	-0.168052194461	114	-0.130604937567	68	-0.145173050221	4	-0.466403903976	6	-0.0997861257063	1	-0.486171409014	-0.586583697041	-0.485362615204	-0.95257531299	-0.585957534721
M06_DY_TO_DY_ALL28:G808-E0893	M06_DY_TO_DY_ALL28	ALL28	DY	DY	G808-E0893	lch	edy	0	f77v	f77v	G808-P0246	f77v.41	41	2	B	B	2	3	EXACT	-0.261324833423	38	-0.0539619982807	4	-0.135846447589	72	0	0	-0.168795935386	114	-0.169507476872	114	-0.155739826471	68	0.202331169347	4	-0.141419607716	6	-0.169167766465	1	-0.451133279292	-0.451133279292	-0.471026658174	-0.592552887008	-0.620301045757
M06_DY_TO_DY_ALL28:G808-E0894	M06_DY_TO_DY_ALL28	ALL28	DY	DY	G808-E0894	lch	edy	0	f77v	f77v	G808-P0246	f77v.42	42	4	B	B	2	2	EXACT	-0.261324833423	38	0	0	-0.121483968983	72	0	0	-0.163742632935	110	-0.164454174421	110	-0.125105476529	68	-0.0599281647681	4	-0.0215360246958	6	0.0319124199174	2	-0.382808802406	-0.382808802406	-0.386430309952	-0.404344827102	-0.350896382489
M06_DY_TO_DY_ALL28:G808-E0949	M06_DY_TO_DY_ALL28	ALL28	DY	DY	G808-E0949	lch	edy	0	f78v	f78v	G808-P0249	f78v.16	16	7	B	B	2	3	EXACT	-0.486447394475	56	-0.0389999019571	2	-0.107208578135	72	0.143554940393	2	-0.27406719534	130	-0.26788680132	132	-0.104260924115	68	-0.157328725336	4	-0.132657239696	6	0.114487832543	2	-0.632655874567	-0.489100934174	-0.629708220548	-0.765313114263	-0.518168042025
M06_DY_TO_DY_ALL28:G808-E0959	M06_DY_TO_DY_ALL28	ALL28	DY	DY	G808-E0959	lch	edy	0	f78v	f78v	G808-P0250	f78v.29	29	1	B	B	2	3	EXACT	-0.363145833987	45	-0.0700193197796	5	-0.102954098986	72	-0.0423216299967	1	-0.196187748964	122	-0.195119120402	123	-0.114635597573	68	0.0956213481167	4	0.0128205391639	6	-0.0436713683203	1	-0.536119252753	-0.57844088275	-0.547800751339	-0.523298713589	-0.579790621073
M06_DY_TO_DY_ALL28:G808-E0994	M06_DY_TO_DY_ALL28	ALL28	DY	DY	G808-E0994	lch	edy	0	f79v	f79v	G808-P0260	f79v.11	11	2	B	B	2	2	EXACT	-0.580444552309	3	0.0230759781346	2	-0.0698240498966	72	-0.150539428479	1	-0.0445418846467	77	-0.0461958813963	78	-0.0858354275343	68	0.202359488484	4	0.294650373063	6	-0.171375844556	1	-0.627192624071	-0.77773205255	-0.643204001708	-0.332542251007	-0.798568468627
M06_DY_TO_DY_ALL28:G808-E1042	M06_DY_TO_DY_ALL28	ALL28	DY	DY	G808-E1042	lch	edy	0	f80v	f80v	G808-P0273	f80v.14	14	8	B	B	2	2	EXACT	-0.640795696089	14	-0.0604750763669	2	-0.12034925128	72	0	0	-0.173051521087	88	-0.173673446593	88	-0.123630365692	68	-0.0645802986418	4	0.036301853626	6	0	0	-0.821620023736	-0.821620023736	-0.824901138148	-0.78531817011	-0.821620023736
M06_DY_TO_DY_ALL28:G808-E1043	M06_DY_TO_DY_ALL28	ALL28	DY	DY	G808-E1043	lch	edy	0	f80v	f80v	G808-P0273	f80v.15	15	3	B	B	2	3	EXACT	-0.640795696089	14	-0.209482307182	5	-0.124043969543	72	0	0	-0.180185884075	91	-0.180807809582	91	-0.140309959262	68	0.152467863333	4	-0.123400290662	6	0.193950334192	1	-0.974321972814	-0.974321972814	-0.990587962534	-1.09772226348	-0.780371638622
M06_DY_TO_DY_ALL28:G808-E1052	M06_DY_TO_DY_ALL28	ALL28	DY	DY	G808-E1052	lch	edy	0	f80v	f80v	G808-P0275	f80v.26	26	4	B	B	2	2	EXACT	-0.460471056309	17	0	0	-0.0993900431213	72	0.0997859308243	1	-0.142707543031	89	-0.140479096408	90	-0.100762433763	68	-0.0760693945778	4	-0.236647662309	6	0.0984461370072	1	-0.559861099431	-0.460075168606	-0.561233490072	-0.796508761739	-0.461414962423
M06_DY_TO_DY_ALL28:G808-E1111	M06_DY_TO_DY_ALL28	ALL28	DY	DY	G808-E1111	lch	edy	0	f82r	f82r	G808-P0284	f82r.15	15	2	B	B	2	3	EXACT	-0.350844767176	29	-0.19452116435	3	-0.121909262988	72	0	0	-0.174770959716	104	-0.175269807271	104	-0.141330999435	68	0.208250227787	4	-0.366664621916	6	-0.222669185421	1	-0.667275194514	-0.667275194514	-0.686696930961	-1.03393981643	-0.889944379935
M06_DY_TO_DY_ALL28:G808-E1113	M06_DY_TO_DY_ALL28	ALL28	DY	DY	G808-E1113	lch	edy	0	f82r	f82r	G808-P0284	f82r.16	16	2	B	B	2	3	EXACT	-0.350844767176	29	-0.167674677826	7	-0.0971311366598	72	-0.180927411611	3	-0.15699124759	108	-0.157833599464	111	-0.115095336264	68	0.208250227787	4	0.223995979028	6	-0.228542959365	3	-0.615650581662	-0.796577993273	-0.633614781266	-0.391654602633	-0.844193541026
M06_DY_TO_DY_ALL28:G808-E1118	M06_DY_TO_DY_ALL28	ALL28	DY	DY	G808-E1118	lch	edy	0	f82r	f82r	G808-P0285	f82r.25	25	7	B	B	2	3	EXACT	-0.361488700604	42	0	0	-0.159273589445	72	0	0	-0.230469800851	114	-0.230968648407	114	-0.15970716355	68	-0.151912858496	4	-0.0958338630237	6	-1.06819548515	1	-0.520762290049	-0.520762290049	-0.521195864154	-0.616596153073	-1.58895777519
M06_DY_TO_DY_ALL28:G808-E1156	M06_DY_TO_DY_ALL28	ALL28	DY	DY	G808-E1156	lch	edy	0	f83r	f83r	G808-P0292	f83r.3	3	7	B	B	2	3	EXACT	-0.442424543262	25	-0.0948191397634	3	-0.103629872143	72	-0.0280388838761	3	-0.171036115079	100	-0.167029785154	103	-0.10070200208	68	-0.153414031539	4	-0.0324691079356	6	-0.0934173509664	3	-0.640873555169	-0.668912439045	-0.637945685105	-0.673342663104	-0.734290906135
M06_DY_TO_DY_ALL28:G808-E1160	M06_DY_TO_DY_ALL28	ALL28	DY	DY	G808-E1160	lch	edy	0	f83r	f83r	G808-P0292	f83r.6	6	8	B	B	2	3	EXACT	-0.442424543262	25	-0.179507618708	2	-0.0917601908464	72	-0.265979826109	2	-0.164922500017	99	-0.16718076482	101	-0.0933833047426	68	-0.0641776229288	4	0.029491582869	6	-0.279858998927	2	-0.713692352817	-0.979672178926	-0.715315466713	-0.684200769948	-0.993551351744
M06_DY_TO_DY_ALL28:G808-E1167	M06_DY_TO_DY_ALL28	ALL28	DY	DY	G808-E1167	lch	edy	0	f83r	f83r	G808-P0293	f83r.11	11	9	B	B	2	3	EXACT	-0.257467505313	25	-0.115990430958	2	-0.110712295049	72	0.0484555109133	2	-0.130716350303	99	-0.127425522288	101	-0.113450238604	68	-0.0641776229288	4	0.039408197761	6	0.0272670273233	2	-0.48417023132	-0.435714720407	-0.486908174875	-0.444762033559	-0.456903203997
M06_DY_TO_DY_ALL28:G808-E1172	M06_DY_TO_DY_ALL28	ALL28	DY	DY	G808-E1172	lch	edy	0	f83r	f83r	G808-P0293	f83r.14	14	6	B	B	2	3	EXACT	-0.257467505313	25	-0.22400295831	2	-0.106850587849	72	-0.0500191906701	3	-0.130089907235	99	-0.127890507864	102	-0.103478521393	68	-0.164186085928	4	0.0806306315464	6	-0.142622595854	3	-0.588321051473	-0.638340242143	-0.584948985016	-0.507690419926	-0.730943647327
M06_DY_TO_DY_ALL28:G808-E1188	M06_DY_TO_DY_ALL28	ALL28	DY	DY	G808-E1188	lch	edy	0	f83r	f83r	G808-P0296	f83r.32	32	3	B	B	2	1	EXACT	-0.216737917065	33	0	0	-0.0817261851594	72	0.0970777752773	1	-0.113775872097	105	-0.112153333508	106	-0.093020534856	68	0.110267391366	4	-0.00372049033994	6	0.0701921746294	1	-0.298464102224	-0.201386326947	-0.309758451921	-0.302184592564	-0.228271927595
M06_DY_TO_DY_ALL28:G808-E1189	M06_DY_TO_DY_ALL28	ALL28	DY	DY	G808-E1189	lch	edy	0	f83r	f83r	G808-P0296	f83r.37	37	3	B	B	2	1	EXACT	-0.216737917065	33	0	0	-0.0774162876845	72	0.158713972052	1	-0.110820513828	105	-0.108644382424	106	-0.0815375185699	68	-0.00736573094949	4	-0.385546123295	6	0.156381356563	1	-0.294154204749	-0.135440232697	-0.298275435635	-0.679700328044	-0.137772848186
M06_DY_TO_DY_ALL28:G808-E1192	M06_DY_TO_DY_ALL28	ALL28	DY	DY	G808-E1192	lch	edy	0	f83r	f83r	G808-P0296	f83r.41	41	2	B	B	2	2	EXACT	-0.216737917065	33	0	0	-0.0868016038991	72	0.689140635219	1	-0.117256159233	105	-0.110015289068	106	-0.0951516105189	68	0.0551381403209	4	0.325242843919	6	0.686808019729	1	-0.303539520964	0.385601114255	-0.311889527584	0.0217033229546	0.383268498766
M06_DY_TO_DY_ALL28:G808-E1426	M06_DY_TO_DY_ALL28	ALL28	DY	DY	G808-E1426	lch	edy	0	f95r1	f95r	G808-P0353	f95r1.8	8	7	H	B	3	3	EXACT	-0.238161380349	30	-0.293269171839	1	-0.0322765825456	72	0	0	-0.0822540501755	103	-0.0827696099337	103	-0.0209677806909	68	-0.224535939251	4	-0.3313282481	6	0.0997694516482	1	-0.563707134733	-0.563707134733	-0.552398332878	-0.895035382833	-0.463937683085
M06_DY_TO_DY_ALL28:G808-E1621	M06_DY_TO_DY_ALL28	ALL28	DY	DY	G808-E1621	lk	eody	1	f104r	f104r	G808-P0413	f104r.8	8	4	S	B	3	3	EXACT	-0.0166602286155	25	0.209984730825	5	-0.00748559887593	72	-0.242576108633	1	0.0167742617758	102	0.0135162064869	103	-0.00567500710274	68	-0.0382735479067	4	0.16254965186	6	-0.342740019494	1	0.185838903334	-0.0567372052989	0.187649495107	0.348388555194	-0.15690111616
M06_DY_TO_DY_ALL28:G808-E1624	M06_DY_TO_DY_ALL28	ALL28	DY	DY	G808-E1624	lk	eody	1	f104r	f104r	G808-P0414	f104r.11	11	2	S	B	3	3	EXACT	0.0166245546104	6	-0.0664890613193	3	-0.0390585462281	72	-0.0136139743855	1	0.000631337230503	81	-0.000232774104747	82	-0.0528871993291	68	0.196020667602	4	0.26719741803	6	-0.0115070921186	1	-0.088923052937	-0.102537027322	-0.102751706038	0.178274365093	-0.100430145056
M06_DY_TO_DY_ALL28:G808-E1680	M06_DY_TO_DY_ALL28	ALL28	DY	DY	G808-E1680	lk	edy	0	f105r	f105r	G808-P0442	f105r.21	21	2	S	B	3	3	EXACT	-0.0107597052721	31	-0.145266542771	1	-0.0187063263319	71	0	0	-0.00588651447542	103	-0.00681235158816	103	-0.0303065472502	67	0.17559398935	4	-0.0398168545779	6	0	0	-0.174732574375	-0.174732574375	-0.186332795293	-0.214549428953	-0.174732574375
M06_DY_TO_DY_ALL28:G808-E1688	M06_DY_TO_DY_ALL28	ALL28	DY	DY	G808-E1688	lk	edy	0	f105r	f105r	G808-P0446	f105r.31	31	8	S	B	3	3	EXACT	-0.201555677776	16	-0.0956212795301	3	-0.0227569102158	72	-0.0550189251626	1	-0.0298730304409	91	-0.0308554467564	92	-0.0175174406787	68	-0.111839962453	4	-0.0554845816482	6	-0.0562703020504	1	-0.319933867522	-0.374952792684	-0.314694397985	-0.37541844917	-0.376204169572
M06_DY_TO_DY_ALL28:G808-E1811	M06_DY_TO_DY_ALL28	ALL28	DY	DY	G808-E1811	lk	eody	1	f107v	f107v	G808-P0510	f107v.30	30	4	S	B	3	3	EXACT	-0.462639195061	6	-0.381979594265	4	-0.0437330599783	72	0.222537040441	2	-0.054545470544	82	-0.048336729593	84	-0.0419323260127	68	-0.0743535746703	4	0.0555585188057	6	0.129027332003	3	-0.888351849305	-0.665814808864	-0.886551115339	-0.832793330499	-0.759324517302
M06_DY_TO_DY_ALL28:G808-E1835	M06_DY_TO_DY_ALL28	ALL28	DY	DY	G808-E1835	lk	edy	0	f108r	f108r	G808-P0519	f108r.9	9	5	S	B	3	3	EXACT	-0.0716321518234	30	-0.149677691699	2	-0.0416287299432	72	0	0	-0.0388883295229	104	-0.0397641989098	104	-0.0359211011684	68	-0.138667276672	4	-0.182096942278	6	-0.0562606513037	1	-0.262938573466	-0.262938573466	-0.257230944691	-0.445035515743	-0.319199224769
M06_DY_TO_DY_ALL28:G808-E1845	M06_DY_TO_DY_ALL28	ALL28	DY	DY	G808-E1845	lk	edy	0	f108r	f108r	G808-P0523	f108r.24	24	4	S	B	3	3	EXACT	-0.126447413659	20	0.0614803087892	3	-0.0327241435436	72	-0.0270235548099	1	-0.0258758813177	95	-0.0265599368042	96	-0.0318594315946	68	-0.0474331042356	4	-0.154750079977	6	-0.075129583979	2	-0.0976912484133	-0.124714803223	-0.0968265364642	-0.25244132839	-0.172820832392
M06_DY_TO_DY_ALL28:G808-E1882	M06_DY_TO_DY_ALL28	ALL28	DY	DY	G808-E1882	lk	edy	0	f108v	f108v	G808-P0531	f108v.3	3	3	S	B	3	3	EXACT	-0.376309468867	23	0.0860153899916	2	-0.0346464193606	72	-0.0383160534487	1	-0.0953603466098	97	-0.0953869465297	98	-0.0457140720061	68	0.153495434655	4	0.0712203637619	6	-0.0431826297633	1	-0.324940498236	-0.363256551684	-0.336008150881	-0.253720134474	-0.368123127999
M06_DY_TO_DY_ALL28:G808-E1889	M06_DY_TO_DY_ALL28	ALL28	DY	DY	G808-E1889	lk	edy	0	f108v	f108v	G808-P0533	f108v.7	7	8	S	B	3	3	EXACT	-0.396014275716	27	0.110894069509	1	-0.0557982286546	72	0.130773346118	2	-0.131707715346	100	-0.127009656433	102	-0.0531129081428	68	-0.101456918314	4	-0.120490371526	6	0.388234443494	2	-0.340918434862	-0.210145088744	-0.33823311435	-0.461408806388	0.047316008632
M06_DY_TO_DY_ALL28:G808-E1917	M06_DY_TO_DY_ALL28	ALL28	DY	DY	G808-E1917	lk	edy	0	f108v	f108v	G808-P0537	f108v.38	38	8	S	B	3	3	EXACT	-0.369063250089	90	-0.0802144829091	3	-0.0188542004035	72	-0.156701307322	2	-0.229938905933	165	-0.229640333876	167	-0.00989148744034	68	-0.171228561737	4	-0.121471794308	6	-0.113273231859	3	-0.468131933402	-0.624833240724	-0.459169220439	-0.58960372771	-0.581405165261
M06_DY_TO_DY_ALL28:G808-E2013	M06_DY_TO_DY_ALL28	ALL28	DY	DY	G808-E2013	lk	edy	0	f112v	f112v	G808-P0572	f112v.36	36	8	S	B	3	3	EXACT	-0.387879533158	12	-0.276108163521	2	-0.0410566095211	72	0.112930819378	1	-0.0568384917057	86	-0.0547310597133	87	-0.0391337478614	68	-0.0737680475264	4	-0.262530844928	6	0.00980781026823	1	-0.705044306201	-0.592113486822	-0.703121444541	-0.967575151129	-0.695236495932
M06_DY_TO_DY_ALL28:G808-E2052	M06_DY_TO_DY_ALL28	ALL28	DY	DY	G808-E2052	lk	eody	1	f113r	f113r	G808-P0589	f113r.39	39	5	S	B	3	3	EXACT	-0.118710297716	12	0	0	-0.0369048501748	72	0	0	-0.0179962983714	84	-0.0187673995922	84	-0.0290817488492	68	-0.169905712024	4	0.17224549688	6	-0.0154246391345	1	-0.155615147891	-0.155615147891	-0.147792046565	0.0166303489896	-0.171039787025
M06_DY_TO_DY_ALL28:G808-E2154	M06_DY_TO_DY_ALL28	ALL28	DY	DY	G808-E2154	lk	edy	0	f115r	f115r	G808-P0640	f115r.30	30	9	S	B	@	3	EXACT	-0.224247669677	31	0.208176593992	1	0.0120765304952	70	0	0	-0.0468976404158	102	-0.0478456731007	102	0.0156823856702	66	-0.0474197495067	4	-0.227172876907	6	0	0	-0.0039945451895	-0.0039945451895	-0.000388690014497	-0.231167422097	-0.0039945451895
M06_DY_TO_DY_ALL28:G808-E0744	M06_DY_TO_DY_ALL28	ALL28	DY	DY	G808-E0744	lk	edy	0	f76r	f76r	G808-P0231	f76r.5	5	9	T	B	2	3	EXACT	-0.291268683095	126	-0.0653024883015	4	-0.0197021833466	69	-0.0505544545249	2	-0.216411806356	199	-0.215076228373	201	-0.0145962451748	65	-0.102668321463	4	-0.260330534923	6	-0.0483816848099	3	-0.376273354743	-0.426827809268	-0.371167416572	-0.636603889666	-0.424655039553
M06_DY_TO_DY_ALL28:G808-E0779	M06_DY_TO_DY_ALL28	ALL28	DY	DY	G808-E0779	lk	edy	0	f76r	f76r	G808-P0234	f76r.52	52	5	T	B	2	2	EXACT	-0.348992119664	32	0	0	-0.0529465473835	72	-0.0144615568292	3	-0.135538765157	104	-0.132301428493	107	-0.0473775894184	68	-0.147623519137	4	-0.145113126004	6	-0.360161945857	3	-0.401938667048	-0.416400223877	-0.396369709083	-0.547051793052	-0.762100612904
M06_DY_TO_DY_ALL28:G808-E0799	M06_DY_TO_DY_ALL28	ALL28	DY	DY	G808-E0799	lk	edy	0	f76v	f76v	G808-P0237	f76v.17	17	9	B	B	2	3	EXACT	-0.458530913619	32	-0.0673946639152	1	-0.0981341166323	72	-0.057325268235	1	-0.197080327927	105	-0.196426048842	106	-0.10050797229	68	-0.0577871975525	4	-0.116639304621	6	-0.0666952065932	1	-0.624059694167	-0.681384962402	-0.626433549825	-0.740698998788	-0.69075490076
M06_DY_TO_DY_ALL28:G808-E1116	M06_DY_TO_DY_ALL28	ALL28	DY	DY	G808-E1116	lk	edy	0	f82r	f82r	G808-P0285	f82r.21	21	3	B	B	2	3	EXACT	-0.327146108753	55	0.0486739449404	4	-0.126304059945	72	0.0383335362199	2	-0.209464654538	131	-0.20634867374	133	-0.14262963761	68	0.15122244309	4	0.0303976142816	6	-0.0335111330301	2	-0.404776223757	-0.366442687537	-0.421101801423	-0.374378609476	-0.438287356787
M06_DY_TO_DY_ALL28:G808-E1141	M06_DY_TO_DY_ALL28	ALL28	DY	DY	G808-E1141	lk	edy	0	f82v	f82v	G808-P0288	f82v.18	18	6	B	B	2	3	EXACT	-0.352340638177	25	-0.341264949584	3	-0.136751113499	72	-0.218816320299	3	-0.180293799479	100	-0.181749745239	103	-0.138968396189	68	-0.0990655011052	4	-0.0141984450651	6	-0.262536613285	3	-0.83035670126	-1.04917302156	-0.83257398395	-0.844555146325	-1.09289331454
M06_DY_TO_DY_ALL28:G808-E1175	M06_DY_TO_DY_ALL28	ALL28	DY	DY	G808-E1175	lk	edy	0	f83r	f83r	G808-P0294	f83r.21	21	6	B	B	2	2	EXACT	-0.418491173847	23	0.0114899663796	1	-0.0977727206183	72	-0.0599572876075	1	-0.15445854081	96	-0.154186728277	97	-0.0973652282578	68	-0.104708774702	4	-0.142258284125	6	0.0405479988516	2	-0.504773928085	-0.564731215693	-0.504366435725	-0.647032212211	-0.464225929234
M06_DY_TO_DY_ALL28:G808-E1524	M06_DY_TO_DY_ALL28	ALL28	DY	DY	G808-E1524	ok	eody	1	f102r1	f102r	G808-P0375	f102r1.11	11	5	P	A	1	3	EXACT	0.225731783854	7	0	0	0.118186366968	72	0.0124462286646	2	0.170913317918	79	0.166368264791	81	0.133278688673	68	-0.138393295484	4	0.205068440232	6	-0.0450610312611	2	0.343918150822	0.356364379487	0.359010472527	0.548986591054	0.298857119561
M06_DY_TO_DY_ALL28:G808-E1545	M06_DY_TO_DY_ALL28	ALL28	DY	DY	G808-E1545	ok	eody	1	f102v2	f102v	G808-P0379	f102v2.22	22	13	P	A	1	3	EXACT	-0.0182526003701	32	-0.26436092328	6	0.119778849238	71	0.425074568025	1	0.0693583922098	109	0.0716613941585	110	0.138079622471	67	-0.186761808193	4	-0.071397299925	6	0.422836717135	1	-0.162834674412	0.262239893613	-0.144533901178	-0.234231974337	0.260002042723
M06_DY_TO_DY_ALL28:G808-E1552	M06_DY_TO_DY_ALL28	ALL28	DY	DY	G808-E1552	ok	edy	0	f103r	f103r	G808-P0381	f103r.4	4	3	S	B	3	2	EXACT	-0.347911364943	28	-0.335623823635	1	-0.0375625594795	71	-0.54942520724	1	-0.112105083874	100	-0.117210119111	101	-0.0489145984543	67	0.152581616785	4	-0.257846018113	6	-0.551534432939	1	-0.721097748058	-1.2705229553	-0.732449787033	-0.97894376617	-1.272632181
M06_DY_TO_DY_ALL28:G808-E1565	M06_DY_TO_DY_ALL28	ALL28	DY	DY	G808-E1565	ok	edy	0	f103r	f103r	G808-P0387	f103r.21	21	7	S	B	3	3	EXACT	-0.527153714274	12	0.0134263438339	2	-0.0191433169311	72	-0.0420661704501	2	-0.0537105982177	86	-0.0539378111263	88	-0.0126952755254	68	-0.128768961704	4	-0.140376233072	6	-0.0494973713324	2	-0.532870687371	-0.574936857821	-0.526422645965	-0.673246920444	-0.582368058704
M06_DY_TO_DY_ALL28:G808-E1610	M06_DY_TO_DY_ALL28	ALL28	DY	DY	G808-E1610	ok	edy	0	f103v	f103v	G808-P0408	f103v.35	35	9	S	B	3	3	EXACT	-0.464132443078	21	-0.148403389482	3	-0.0315404552956	72	-0.0342665816864	1	-0.108123915973	96	-0.109076030362	97	-0.0291654612056	68	-0.0719113784845	4	0.117053773332	6	-0.0301449531415	1	-0.644076287856	-0.678342869542	-0.641701293766	-0.527022514524	-0.674221240997
M06_DY_TO_DY_ALL28:G808-E1628	M06_DY_TO_DY_ALL28	ALL28	DY	DY	G808-E1628	ok	eody	1	f104r	f104r	G808-P0420	f104r.30	30	8	S	B	3	3	EXACT	-0.24954317496	16	0.173420473097	2	-6.99706726041e-05	72	0	0	-0.0113870961799	90	-0.0125940443289	90	0.00816733773127	68	-0.140114475503	4	0.00741031705402	6	0	0	-0.0761926725356	-0.0761926725356	-0.0679553641317	-0.0687823554816	-0.0761926725356
M06_DY_TO_DY_ALL28:G808-E1675	M06_DY_TO_DY_ALL28	ALL28	DY	DY	G808-E1675	ok	edy	0	f105r	f105r	G808-P0442	f105r.17	17	10	S	B	3	3	EXACT	0.158638636129	33	0	0	-0.0482125814097	70	0.000438996308966	1	0.0281194551142	103	0.0269787682992	104	-0.0377964263364	66	-0.220072706616	4	-0.0159319267738	6	-0.0124643930732	2	0.110426054719	0.110865051028	0.120842209792	0.0944941279451	0.0979616616457
M06_DY_TO_DY_ALL28:G808-E1831	M06_DY_TO_DY_ALL28	ALL28	DY	DY	G808-E1831	ok	edy	0	f108r	f108r	G808-P0518	f108r.7	7	2	S	B	3	3	EXACT	-0.197900821224	14	-0.101624503136	3	0.00970420937629	72	-0.135185180927	1	0.00790055625814	89	0.00556144954591	90	-0.00193723500899	68	0.207597611915	4	0.0495033005282	6	-0.149991914695	1	-0.289821114984	-0.42500629591	-0.301462559369	-0.240317814455	-0.439813029678
M06_DY_TO_DY_ALL28:G808-E1834	M06_DY_TO_DY_ALL28	ALL28	DY	DY	G808-E1834	ok	edy	0	f108r	f108r	G808-P0519	f108r.9	9	4	S	B	3	3	EXACT	-0.11137800754	30	0.00196038657904	3	-0.0363802932657	72	0	0	-0.0421168464185	105	-0.0431172881938	105	-0.0394115195569	68	0.0151394016739	4	-0.310367898221	6	0	0	-0.145797914227	-0.145797914227	-0.148829140518	-0.456165812447	-0.145797914227
M06_DY_TO_DY_ALL28:G808-E1842	M06_DY_TO_DY_ALL28	ALL28	DY	DY	G808-E1842	ok	edy	0	f108r	f108r	G808-P0521	f108r.20	20	6	S	B	3	2	EXACT	-0.466500386874	11	-0.221615663123	3	-0.0162211985768	72	0	0	-0.0417932102276	86	-0.0427936520029	86	-0.016421192545	68	-0.0128324531276	4	0.36160090679	6	0	0	-0.704337248574	-0.704337248574	-0.704537242542	-0.342736341784	-0.704337248574
M06_DY_TO_DY_ALL28:G808-E1848	M06_DY_TO_DY_ALL28	ALL28	DY	DY	G808-E1848	ok	edy	0	f108r	f108r	G808-P0524	f108r.29	29	2	S	B	3	2	EXACT	-0.408008108997	3	0.0873752958558	1	0.0300943228002	72	0	0	0.0674274352201	76	0.0664269934448	76	0.0196522968516	68	0.207597611915	4	-0.175466847963	6	0	0	-0.290538490341	-0.290538490341	-0.30098051629	-0.466005338304	-0.290538490341
M06_DY_TO_DY_ALL28:G808-E1876	M06_DY_TO_DY_ALL28	ALL28	DY	DY	G808-E1876	ok	edy	0	f108r	f108r	G808-P0529	f108r.47	47	5	S	B	3	3	EXACT	-0.181505577293	5	-0.101587364389	2	-0.037306133813	72	0	0	0.00163136621731	79	0.000630924441997	79	-0.0328084978607	68	-0.113777097012	4	-0.101809829101	6	0.0430836899312	1	-0.320399075495	-0.320399075495	-0.315901439543	-0.422208904596	-0.277315385564
M06_DY_TO_DY_ALL28:G808-E1880	M06_DY_TO_DY_ALL28	ALL28	DY	DY	G808-E1880	ok	edy	0	f108r	f108r	G808-P0530	f108r.50	50	6	S	B	3	3	EXACT	-0.06983207755	5	0.0849732464583	2	-0.0378801880018	72	-0.0174863788078	2	0.0128991740504	79	0.0117066419048	81	-0.0321038954549	68	-0.13608831331	4	-0.0927152055822	6	-0.0220211738396	2	-0.0227390190936	-0.0402253979014	-0.0169627265467	-0.115454224676	-0.0447601929332
M06_DY_TO_DY_ALL28:G808-E1887	M06_DY_TO_DY_ALL28	ALL28	DY	DY	G808-E1887	ok	edy	0	f108v	f108v	G808-P0533	f108v.7	7	2	S	B	3	3	EXACT	-0.363683323943	27	-0.0157862089291	3	-0.0352181831458	72	0	0	-0.105845473089	102	-0.106829278396	102	-0.0492350168986	68	0.203057081711	4	0.084985509106	6	0	0	-0.414687716018	-0.414687716018	-0.428704549771	-0.329702206912	-0.414687716018
M06_DY_TO_DY_ALL28:G808-E1970	M06_DY_TO_DY_ALL28	ALL28	DY	DY	G808-E1970	ok	edy	0	f111v	f111v	G808-P0549	f111v.41	41	7	S	B	3	3	EXACT	-0.380553116385	45	0.566090904506	2	-0.0140544067637	72	-0.136614575333	2	-0.142453667869	119	-0.142920608866	121	-0.00780699443946	68	-0.120271284783	4	-0.317173986687	6	0.112515169279	2	0.171483381358	0.0348688060248	0.177730793682	-0.145690605329	0.283998550637
M06_DY_TO_DY_ALL28:G808-E1986	M06_DY_TO_DY_ALL28	ALL28	DY	DY	G808-E1986	ok	eody	1	f112r	f112r	G808-P0557	f112r.30	30	4	S	B	3	2	EXACT	-0.30379159793	20	-0.0318426497	1	-0.0395529583259	72	0.0929771592776	2	-0.0707116473889	93	-0.0679656049867	95	-0.0424243335332	68	0.00924893885439	4	-0.156141243589	6	0.377620464617	2	-0.375187205956	-0.282210046678	-0.378058581163	-0.531328449545	0.00243325866139
M06_DY_TO_DY_ALL28:G808-E1993	M06_DY_TO_DY_ALL28	ALL28	DY	DY	G808-E1993	ok	edy	0	f112r	f112r	G808-P0560	f112r.37	37	4	S	B	3	3	EXACT	0	0	-0.0130545121076	1	0.00107951356538	72	-0.136345134335	1	0.0588690292875	73	0.0553107063577	74	0.000598283763501	68	0.00924893885439	4	-0.115838756955	6	-0.0542669771763	3	-0.0119749985422	-0.148320132877	-0.0124562283441	-0.127813755498	-0.0662419757184
M06_DY_TO_DY_ALL28:G808-E2000	M06_DY_TO_DY_ALL28	ALL28	DY	DY	G808-E2000	ok	edy	0	f112v	f112v	G808-P0563	f112v.5	5	7	S	B	3	3	EXACT	-0.0816875097911	24	0.254071152408	2	-0.0375891419112	72	0.14914944561	1	-0.0172558144733	98	-0.0156105456258	99	-0.0332542254483	68	-0.111308190953	4	-0.0446097037762	6	0.139071532619	1	0.134794500706	0.283943946316	0.139129417169	0.0901847969297	0.273866033325
M06_DY_TO_DY_ALL28:G808-E2008	M06_DY_TO_DY_ALL28	ALL28	DY	DY	G808-E2008	ok	edy	0	f112v	f112v	G808-P0570	f112v.30	30	7	S	B	3	3	EXACT	-0.00500678256705	2	-0.0967588578542	1	-0.0211265301443	72	0	0	0.0408612255351	75	0.0408155796957	75	-0.0155529439078	68	-0.115902965338	4	-0.0495723834583	6	-0.156618858131	1	-0.122892170566	-0.122892170566	-0.117318584329	-0.172464554024	-0.279511028697
M06_DY_TO_DY_ALL28:G808-E0270	M06_DY_TO_DY_ALL28	ALL28	DY	DY	G808-E0270	ok	edy	0	f26r	f26r	G808-P0091	f26r.9	9	3	H	B	2	3	EXACT	0.0387137734659	11	0.0756413421368	4	-0.0397728281613	72	0.0533968789211	1	0.0118835784401	87	0.0114711906464	88	-0.0504517488386	68	0.141758654292	4	0.181476720008	6	0.0265983599258	1	0.0745822874414	0.127979166363	0.0639033667641	0.25605900745	0.101180647367
M06_DY_TO_DY_ALL28:G808-E0321	M06_DY_TO_DY_ALL28	ALL28	DY	DY	G808-E0321	ok	edy	0	f31r	f31r	G808-P0109	f31r.12	12	3	H	B	2	2	EXACT	-0.0420247550577	14	-0.219471419935	1	-0.00239536070853	72	0	0	0.0217428770788	87	0.0206297477247	87	-0.00536418190674	68	0.0480643646162	4	0.106081417234	6	-0.0658045953731	1	-0.263891535702	-0.263891535702	-0.2668603569	-0.157810118468	-0.329696131075
M06_DY_TO_DY_ALL28:G808-E0339	M06_DY_TO_DY_ALL28	ALL28	DY	DY	G808-E0339	ok	edy	0	f33v	f33v	G808-P0116	f33v.8	8	7	H	B	2	3	EXACT	-0.116752016388	24	-0.086911456909	7	-0.0179829736574	72	0	0	-0.0260999249516	103	-0.0271826667396	103	-0.0113138271186	68	-0.131368658288	4	-0.00387532907104	6	0.268497184632	2	-0.221646446954	-0.221646446954	-0.214977300415	-0.225521776025	0.0468507376781
M06_DY_TO_DY_ALL28:G808-E0410	M06_DY_TO_DY_ALL28	ALL28	DY	DY	G808-E0410	ok	edy	0	f41r	f41r	G808-P0146	f41r.9	9	2	H	B	5	3	EXACT	-0.310813670801	14	0.135989089525	3	0.0188277395197	72	-0.503192866101	1	0.00304653528444	89	-0.00341195769307	90	0.00773815762813	68	0.207340399393	4	-0.0284097940737	6	-0.516043253819	1	-0.155996841756	-0.659189707858	-0.167086423648	-0.18440663583	-0.672040095575
M06_DY_TO_DY_ALL28:G808-E0416	M06_DY_TO_DY_ALL28	ALL28	DY	DY	G808-E0416	ok	eody	1	f41v	f41v	G808-P0147	f41v.7	7	8	H	B	5	3	EXACT	-0.213585217619	17	0	0	0.0001887371867	72	-0.0115262868126	1	-0.0119854972378	89	-0.0128436702319	90	0.00419900370171	68	-0.0679960768938	4	0.210926223106	6	0.0982609757326	2	-0.213396480432	-0.224922767245	-0.209386213917	-0.00247025732566	-0.1151355047
M06_DY_TO_DY_ALL28:G808-E0438	M06_DY_TO_DY_ALL28	ALL28	DY	DY	G808-E0438	ok	edy	0	f43r	f43r	G808-P0154	f43r.7	7	6	H	B	2	3	EXACT	-0.198228779351	8	0.0019091537837	4	-0.0108277480972	72	-0.228714348766	1	0.0117759708795	84	0.00815846004508	85	-0.00368190931985	68	-0.132317588218	4	-0.0554056054567	6	-0.239161315632	1	-0.207147373664	-0.43586172243	-0.200001534887	-0.262552979121	-0.446308689296
M06_DY_TO_DY_ALL28:G808-E0445	M06_DY_TO_DY_ALL28	ALL28	DY	DY	G808-E0445	ok	eody	1	f43v	f43v	G808-P0156	f43v.2	2	7	H	B	2	3	EXACT	-0.240937359416	16	-0.0313759440364	1	-0.0572174161281	71	-0.183547154258	1	-0.0612476659124	88	-0.0634435793452	89	-0.0526370696467	67	-0.133941044474	4	-0.220386866204	6	-0.251985978128	1	-0.32953071958	-0.513077873838	-0.324950373099	-0.549917585784	-0.581516697708
M06_DY_TO_DY_ALL28:G808-E0523	M06_DY_TO_DY_ALL28	ALL28	DY	DY	G808-E0523	ok	eody	1	f48r	f48r	G808-P0180	f48r.5	5	3	H	B	5	3	EXACT	0.0478762668118	35	-0.348619742462	1	-0.037936542401	72	0	0	-0.00423430437098	108	-0.00530004783882	108	-0.0488311333928	68	0.147261322733	4	-0.120193070551	6	0	0	-0.338680018052	-0.338680018052	-0.349574609043	-0.458873088602	-0.338680018052
M06_DY_TO_DY_ALL28:G808-E0650	M06_DY_TO_DY_ALL28	ALL28	DY	DY	G808-E0650	ok	eody	1	f58v	f58v	G808-P0210	f58v.2	2	9	S	A	3	3	EXACT	-5.82351262997e-05	88	-0.205987096927	4	0.0479997866716	71	1.03753123125	1	-0.00683925018766	163	-0.00142121711574	164	0.0583017105696	67	-0.124560363692	4	0.175157053343	6	0.608681340662	2	-0.158045545382	0.87948568587	-0.147743621484	0.017111507961	0.45063579528
M06_DY_TO_DY_ALL28:G808-E0664	M06_DY_TO_DY_ALL28	ALL28	DY	DY	G808-E0664	ok	edy	0	f66r	f66r	G808-P0214	f66r.54	54	7	T	B	5	2	EXACT	-0.383705732422	14	0	0	-0.0180584422196	71	0	0	-0.0461794173208	85	-0.0472175886786	85	-0.0147548988888	67	-0.0733960643282	4	-0.0104942298136	6	0	0	-0.401764174642	-0.401764174642	-0.398460631311	-0.412258404455	-0.401764174642
M06_DY_TO_DY_ALL28:G808-E0671	M06_DY_TO_DY_ALL28	ALL28	DY	DY	G808-E0671	ok	eody	1	f66r	f66r	G808-P0217	f66r.67	67	4	T	B	5	2	EXACT	-0.247320991784	13	-0.186132090269	1	-0.0578276838482	71	0	0	-0.0549352617735	85	-0.0559734331313	85	-0.0607942130131	67	-0.00814159165325	4	-0.0853931959764	6	0	0	-0.491280765902	-0.491280765902	-0.494247295066	-0.576673961878	-0.491280765902
M06_DY_TO_DY_ALL28:G808-E0717	M06_DY_TO_DY_ALL28	ALL28	DY	DY	G808-E0717	ok	edy	0	f75r	f75r	G808-P0224	f75r.45	45	4	B	B	2	2	EXACT	-0.348483309621	41	-0.230563992297	1	-0.143050999992	72	-0.36499855096	3	-0.214454721748	114	-0.218720701183	117	-0.151082592149	68	-0.0065248764283	4	-0.139211757801	6	-0.367958887607	3	-0.722098301909	-1.08709685287	-0.730129894066	-0.86131005971	-1.09005718952
M06_DY_TO_DY_ALL28:G808-E0740	M06_DY_TO_DY_ALL28	ALL28	DY	DY	G808-E0740	ok	edy	0	f76r	f76r	G808-P0231	f76r.3	3	5	T	B	2	3	EXACT	-0.310920431591	125	0.0275596418095	3	-0.0399393499463	69	-0.000621793731105	1	-0.240400261844	197	-0.239754400642	198	-0.034650381627	65	-0.125877100448	4	-0.0675063148603	6	0.000213105821727	1	-0.323300139728	-0.323921933459	-0.318011171408	-0.390806454588	-0.323087033906
M06_DY_TO_DY_ALL28:G808-E0784	M06_DY_TO_DY_ALL28	ALL28	DY	DY	G808-E0784	ok	edy	0	f76v	f76v	G808-P0235	f76v.5	5	8	B	B	2	3	EXACT	-0.289582598241	39	-0.170269503218	2	-0.132602390157	72	0	0	-0.182110602292	113	-0.183125276217	113	-0.131979914207	68	-0.143195391605	4	-0.274885902368	6	-0.180702231074	1	-0.592454491616	-0.592454491616	-0.591832015666	-0.867340393984	-0.77315672269
M06_DY_TO_DY_ALL28:G808-E0825	M06_DY_TO_DY_ALL28	ALL28	DY	DY	G808-E0825	ok	edy	0	f76v	f76v	G808-P0240	f76v.39	39	5	B	B	2	3	EXACT	-0.274212413788	24	-0.0557349866793	2	-0.144915107644	72	-0.333322070752	2	-0.154888558468	98	-0.159025538911	100	-0.145964081284	68	-0.127093466058	4	-0.169877275079	6	-0.347804732102	2	-0.474862508111	-0.808184578863	-0.475911481751	-0.64473978319	-0.822667240213
M06_DY_TO_DY_ALL28:G808-E0841	M06_DY_TO_DY_ALL28	ALL28	DY	DY	G808-E0841	ok	edy	0	f77r	f77r	G808-P0241	f77r.22	22	9	B	B	2	3	EXACT	-0.362837658507	54	0.266234109652	4	-0.159460140018	72	0.010377416773	1	-0.235877298511	130	-0.234865335313	131	-0.164588327202	68	-0.0722914159124	4	0.163675786532	6	0.00902198852876	1	-0.256063688873	-0.2456862721	-0.261191876057	-0.092387902341	-0.247041700344
M06_DY_TO_DY_ALL28:G808-E0858	M06_DY_TO_DY_ALL28	ALL28	DY	DY	G808-E0858	ok	edy	0	f77v	f77v	G808-P0244	f77v.7	7	6	B	B	2	3	EXACT	-0.388070411139	33	0	0	-0.142038741922	72	0	0	-0.209226072548	105	-0.210531895786	105	-0.142616070049	68	-0.132234583357	4	-0.171927226988	6	0	0	-0.530109153061	-0.530109153061	-0.530686481188	-0.702036380049	-0.530109153061
M06_DY_TO_DY_ALL28:G808-E0929	M06_DY_TO_DY_ALL28	ALL28	DY	DY	G808-E0929	ok	edy	0	f78v	f78v	G808-P0249	f78v.3	3	4	B	B	2	2	EXACT	-0.457153524257	65	-0.281106649914	2	-0.12245535785	72	0	0	-0.292644026731	139	-0.293507634016	139	-0.129265418341	68	-0.00669485835461	4	-0.22795051115	6	0	0	-0.860715532021	-0.860715532021	-0.867525592512	-1.08866604317	-0.860715532021
M06_DY_TO_DY_ALL28:G808-E0931	M06_DY_TO_DY_ALL28	ALL28	DY	DY	G808-E0931	ok	edy	0	f78v	f78v	G808-P0249	f78v.6	6	8	B	B	2	3	EXACT	-0.457153524257	65	-0.520858957861	2	-0.118851055577	72	-0.0890617813501	2	-0.29422672351	139	-0.2919127048	141	-0.113779495584	68	-0.205078104315	4	-0.0865573353911	6	-0.0893522806226	2	-1.09686353769	-1.18592531904	-1.0917919777	-1.18342087309	-1.18621581832
M06_DY_TO_DY_ALL28:G808-E0941	M06_DY_TO_DY_ALL28	ALL28	DY	DY	G808-E0941	ok	edy	0	f78v	f78v	G808-P0249	f78v.10	10	8	B	B	2	2	EXACT	-0.457153524257	65	-0.783269633259	1	-0.112794957414	72	0	0	-0.29144566506	138	-0.292309272345	138	-0.115033624808	68	-0.0747481405708	4	-0.192983255801	6	0.192568975184	1	-1.35321811493	-1.35321811493	-1.35545678232	-1.54620137073	-1.16064913975
M06_DY_TO_DY_ALL28:G808-E0992	M06_DY_TO_DY_ALL28	ALL28	DY	DY	G808-E0992	ok	edy	0	f79v	f79v	G808-P0259	f79v.8	8	3	B	B	2	2	EXACT	-0.344719385286	30	-0.333232735192	3	-0.118100630765	72	0	0	-0.17563769471	105	-0.176718210673	105	-0.128081571624	68	0.0515649357201	4	-0.146483353649	6	-0.273299821425	1	-0.796052751243	-0.796052751243	-0.806033692103	-0.942536104893	-1.06935257267
M06_DY_TO_DY_ALL28:G808-E1090	M06_DY_TO_DY_ALL28	ALL28	DY	DY	G808-E1090	ok	edy	0	f81v	f81v	G808-P0282	f81v.14	14	5	B	B	2	2	EXACT	-0.367152050257	61	0	0	-0.103460311826	72	-0.0636388157141	2	-0.233889865721	133	-0.232044613368	135	-0.102120171684	68	-0.12625318301	4	0.0690472949412	6	-0.0265578450276	2	-0.470612362083	-0.534251177797	-0.469272221941	-0.401565067142	-0.497170207111
M06_DY_TO_DY_ALL28:G808-E1168	M06_DY_TO_DY_ALL28	ALL28	DY	DY	G808-E1168	ok	edy	0	f83r	f83r	G808-P0293	f83r.12	12	7	B	B	2	2	EXACT	-0.282525487717	40	-0.143252237314	1	-0.126426645404	72	-0.0913629203313	1	-0.177107910483	113	-0.177250953621	114	-0.121773536791	68	-0.205540507333	4	-0.190769384267	6	0.109257468369	2	-0.552204370436	-0.643567290767	-0.547551261822	-0.742973754703	-0.442946902067
M06_DY_TO_DY_ALL28:G808-E1226	M06_DY_TO_DY_ALL28	ALL28	DY	DY	G808-E1226	ok	eody	1	f85r1	f85r	G808-P0304	f85r1.12	12	2	T	B	2	3	EXACT	-0.136455007166	29	0.0913343549695	3	-0.0447067802107	72	0	0	-0.0514524757952	104	-0.0526178622577	104	-0.0590362220096	68	0.198905470244	4	0.154445243731	6	0	0	-0.0898274324073	-0.0898274324073	-0.104156874206	0.0646178113234	-0.0898274324073
M06_DY_TO_DY_ALL28:G808-E1230	M06_DY_TO_DY_ALL28	ALL28	DY	DY	G808-E1230	ok	edy	0	f85r1	f85r	G808-P0306	f85r1.22	22	6	T	B	2	2	EXACT	-0.105925754691	12	0	0	-0.0297250292337	72	0	0	-0.00452260328449	84	-0.00568798974697	84	-0.0347395902026	68	0.0555342471121	4	-0.078844376281	6	0	0	-0.135650783925	-0.135650783925	-0.140665344894	-0.214495160206	-0.135650783925
M06_DY_TO_DY_ALL28:G808-E1236	M06_DY_TO_DY_ALL28	ALL28	DY	DY	G808-E1236	ok	edy	0	f85r1	f85r	G808-P0308	f85r1.27	27	4	T	B	2	3	EXACT	0.285916750644	7	-0.263967451561	1	-0.0774912255517	72	-0.319476430878	2	-0.0042082667665	80	-0.0124319440646	82	-0.0806483558781	68	-0.0238082701289	4	0.0471024302348	6	-0.325308302723	2	-0.0555419264684	-0.375018357347	-0.0586990567948	-0.00843949623354	-0.380850229191
M06_DY_TO_DY_ALL28:G808-E1423	M06_DY_TO_DY_ALL28	ALL28	DY	DY	G808-E1423	ok	edy	0	f94v	f94v	G808-P0351	f94v.9	9	2	H	B	3	3	EXACT	-0.161167156078	24	-0.285773871929	6	-0.0107260189557	72	-0.137405028788	2	-0.0424856919957	102	-0.0449933608899	104	-0.0237058311506	68	0.209920589603	4	0.150091265288	6	-0.146889323573	2	-0.457667046962	-0.59507207575	-0.470646859157	-0.307575781675	-0.604556370535
M06_DY_TO_DY_ALL28:G808-E1662	M06_DY_TO_DY_ALL28	ALL28	DY	DY	G808-E1662	okch	edy	0	f104v	f104v	G808-P0436	f104v.40	40	2	S	B	3	2	EXACT	-0.185743291767	24	0.0183870449092	1	-0.0219448266285	72	-0.420119060732	2	-0.0393158274129	97	-0.0481471673173	99	-0.0340535965844	68	0.183894170347	4	0.274553599008	6	-0.35764627804	2	-0.189301073486	-0.609420134218	-0.201409843442	0.0852525255218	-0.546947351526
M06_DY_TO_DY_ALL28:G808-E1709	M06_DY_TO_DY_ALL28	ALL28	DY	DY	G808-E1709	okch	edy	0	f106r	f106r	G808-P0459	f106r.4	4	2	S	B	3	3	EXACT	0.0660020296335	21	-1.10305953224	1	0.000226953466753	72	0.317943400356	1	0.0308523618443	94	0.0323473804689	95	-0.0103175128372	68	0.179472106079	4	0.0183278619695	6	0.811016195296	1	-1.03683054914	-0.718887148784	-1.04737501544	-1.01850268717	-0.225814353844
M06_DY_TO_DY_ALL28:G808-E1761	M06_DY_TO_DY_ALL28	ALL28	DY	DY	G808-E1761	okch	edy	0	f107r	f107r	G808-P0489	f107r.4	4	11	S	B	3	3	EXACT	-0.532323081103	11	-0.149629604569	3	0.0245328586654	72	0	0	-0.0094935144343	86	-0.0114594445622	86	0.024576844034	68	0.0237750638312	4	0.111403065383	6	0	0	-0.657419827007	-0.657419827007	-0.657375841639	-0.546016761625	-0.657419827007
M06_DY_TO_DY_ALL28:G808-E1762	M06_DY_TO_DY_ALL28	ALL28	DY	DY	G808-E1762	okch	edy	0	f107r	f107r	G808-P0489	f107r.5	5	4	S	B	3	3	EXACT	-0.532323081103	11	-0.160324303562	2	0.00693572685744	72	-0.0409479880808	1	-0.0234497725867	85	-0.0251322529654	86	0.00869787171043	68	-0.0230307792124	4	-0.152512271888	6	-0.0434175630431	1	-0.685711657808	-0.726659645889	-0.683949512955	-0.838223929697	-0.729129220851
M06_DY_TO_DY_ALL28:G808-E1995	M06_DY_TO_DY_ALL28	ALL28	DY	DY	G808-E1995	okch	edy	0	f112r	f112r	G808-P0561	f112r.40	40	5	S	B	3	3	EXACT	0.0657117200354	9	0.121080887268	3	-0.00556309774538	72	-0.118936745838	2	0.0553432975516	84	0.0502272132714	86	0.00209485263492	68	-0.135759451001	4	0.100507220834	6	-0.0905331717952	4	0.181229509558	0.0622927637196	0.188887459938	0.281736730392	0.0906963377624
M06_DY_TO_DY_ALL28:G808-E2002	M06_DY_TO_DY_ALL28	ALL28	DY	DY	G808-E2002	okch	edy	0	f112v	f112v	G808-P0564	f112v.9	9	7	S	B	3	3	EXACT	-0.277494269439	9	-0.0186815553166	3	-0.0184412638945	72	-0.0683834343454	1	0.00950510803008	84	0.00787275429069	85	-0.0127769412103	68	-0.1147598635	4	0.239423927569	6	-0.238388528392	2	-0.31461708865	-0.383000522996	-0.308952765966	-0.0751931610815	-0.553005617042
M06_DY_TO_DY_ALL28:G808-E2041	M06_DY_TO_DY_ALL28	ALL28	DY	DY	G808-E2041	okch	edy	0	f113r	f113r	G808-P0583	f113r.22	22	5	S	B	3	3	EXACT	-0.103376785284	14	0	0	-0.0147311105796	72	0.391521679865	1	0.0085087842266	86	0.0114608084607	87	-0.00532568371363	68	-0.17463352712	4	0.130894378249	6	0.2792454802	1	-0.118107895864	0.273413784002	-0.108702468998	0.0127864823848	0.161137584336
M06_DY_TO_DY_ALL28:G808-E2049	M06_DY_TO_DY_ALL28	ALL28	DY	DY	G808-E2049	okch	edy	0	f113r	f113r	G808-P0587	f113r.35	35	8	S	B	3	3	EXACT	-0.646127543126	5	-0.0264742426648	3	0.0294776152304	72	0.156725571152	3	0.0389755448842	80	0.0427864421702	83	0.0377804175218	68	-0.111680183542	4	0.126854416621	6	0.136761728481	3	-0.64312417056	-0.486398599409	-0.634821368269	-0.516269753939	-0.506362442079
M06_DY_TO_DY_ALL28:G808-E2090	M06_DY_TO_DY_ALL28	ALL28	DY	DY	G808-E2090	okch	edy	0	f114r	f114r	G808-P0608	f114r.6	6	2	S	B	3	3	EXACT	0.225786937973	12	-0.168165411064	2	0.000569451626854	72	0	0	0.069913119484	86	0.0679194549185	86	-0.00931711915623	68	0.168630471725	4	-0.0341329249797	6	-0.252206899197	1	0.058190978536	0.058190978536	0.0483044077529	0.0240580535563	-0.194015920661
M06_DY_TO_DY_ALL28:G808-E2093	M06_DY_TO_DY_ALL28	ALL28	DY	DY	G808-E2093	okch	edy	0	f114r	f114r	G808-P0609	f114r.8	8	6	S	B	3	3	EXACT	-0.0952699224104	10	0	0	-0.0350486654552	72	0.715737675135	1	0.0032675018454	82	0.0103773042943	83	-0.031969633745	68	-0.0874028877435	4	-0.117390866939	6	0.713053195138	1	-0.130318587866	0.58541908727	-0.127239556155	-0.247709454805	0.582734607272
M06_DY_TO_DY_ALL28:G808-E2178	M06_DY_TO_DY_ALL28	ALL28	DY	DY	G808-E2178	okch	edy	0	f115v	f115v	G808-P0651	f115v.21	21	8	S	B	3	3	EXACT	-0.193586118138	7	0.337722783326	1	0.0143760808041	72	0.33873299132	1	0.0507175776321	80	0.0529504408191	81	0.0261131037392	68	-0.18516402595	4	0.0988093631806	6	0.576698527435	1	0.158512745992	0.497245737311	0.170249768927	0.257322109172	0.735211273427
M06_DY_TO_DY_ALL28:G808-E1004	M06_DY_TO_DY_ALL28	ALL28	DY	DY	G808-E1004	okch	edy	0	f79v	f79v	G808-P0265	f79v.42	42	1	B	B	2	2	EXACT	-0.259452810102	27	-0.241165120344	3	-0.143069328358	72	0.258057797628	1	-0.15752946294	102	-0.155052702036	103	-0.158839959331	68	0.125021076684	4	-0.00726097438786	6	0.255513864339	1	-0.643687258804	-0.385629461176	-0.659457889777	-0.650948233192	-0.388173394465
M06_DY_TO_DY_ALL28:G808-E1219	M06_DY_TO_DY_ALL28	ALL28	DY	DY	G808-E1219	okch	edy	0	f85r1	f85r	G808-P0302	f85r1.2	2	9	T	B	2	3	EXACT	-0.0599812535286	21	-0.257791231665	2	-0.0483814314117	72	0	0	-0.027377400819	95	-0.0295020688706	95	-0.0459252603428	68	-0.0901247160408	4	-0.152521070293	6	0.193712816136	1	-0.366153916606	-0.366153916606	-0.363697745537	-0.518674986899	-0.17244110047
M06_DY_TO_DY_ALL28:G808-E1394	M06_DY_TO_DY_ALL28	ALL28	DY	DY	G808-E1394	okch	eody	1	f93r	f93r	G808-P0346	f93r.9	9	2	H	A	1	1	EXACT	0.305538968007	51	0	0	0.104098190496	72	0	0	0.181076246146	123	0.179047040524	123	0.108126486953	68	0.0356075782328	4	0.263784859442	6	0	0	0.409637158503	0.409637158503	0.41366545496	0.673422017945	0.409637158503
M06_DY_TO_DY_ALL28:G808-E1569	M06_DY_TO_DY_ALL28	ALL28	DY	DY	G808-E1569	opch	edy	0	f103r	f103r	G808-P0388	f103r.24	24	6	S	B	3	3	EXACT	-0.271194488663	14	0.282630078252	2	-0.0211513915727	72	-0.0616135766615	4	-0.0202156151008	88	-0.0220854677752	92	-0.0148200611603	68	-0.128792257947	4	0.0492322967985	6	-0.0686064164473	4	-0.00971580198392	-0.0713293786454	-0.00338447157157	0.0395164948146	-0.0783222184312
M06_DY_TO_DY_ALL28:G808-E1573	M06_DY_TO_DY_ALL28	ALL28	DY	DY	G808-E1573	opch	edy	0	f103r	f103r	G808-P0390	f103r.30	30	7	S	B	3	3	EXACT	-0.223575936602	12	-0.0767503810606	3	-0.0118800019692	72	0	0	-0.00680022651436	87	-0.00808538833978	87	0.000205683613185	68	-0.217344906234	4	0.0355693164831	6	0	0	-0.312206319631	-0.312206319631	-0.300120634049	-0.276637003148	-0.312206319631
M06_DY_TO_DY_ALL28:G808-E1601	M06_DY_TO_DY_ALL28	ALL28	DY	DY	G808-E1601	opch	edy	0	f103v	f103v	G808-P0407	f103v.30	30	3	S	B	3	2	EXACT	-0.233947273026	13	0	0	0.0086680893919	72	0.0164215654485	1	0.00436520489019	85	0.00271536690256	86	-8.68800835346e-06	68	0.156177397344	4	-0.250925076613	6	0.017258624915	1	-0.225279183634	-0.208857618185	-0.233955961034	-0.476204260247	-0.208020558719
M06_DY_TO_DY_ALL28:G808-E1635	M06_DY_TO_DY_ALL28	ALL28	DY	DY	G808-E1635	opch	edy	0	f104v	f104v	G808-P0425	f104v.1	1	5	S	B	3	3	EXACT	-0.0780383743351	22	-0.276699751421	1	-0.0611940020533	72	-0.221635499615	1	-0.0446814574858	95	-0.0475093331602	96	-0.0572822092315	68	-0.127704245881	4	0.251172277026	6	-0.239637725357	1	-0.415932127809	-0.637567627424	-0.412020334987	-0.164759850783	-0.655569853166
M06_DY_TO_DY_ALL28:G808-E1694	M06_DY_TO_DY_ALL28	ALL28	DY	DY	G808-E1694	opch	edy	0	f105v	f105v	G808-P0450	f105v.8	8	6	S	B	3	3	EXACT	-0.0445072190493	36	0	0	-0.0118920464816	72	0	0	-0.0143888364914	108	-0.0156407081094	108	-0.00563074787242	68	-0.118344253744	4	-0.107566702492	6	0	0	-0.0563992655308	-0.0563992655308	-0.0501379669217	-0.163965968023	-0.0563992655308
M06_DY_TO_DY_ALL28:G808-E1724	M06_DY_TO_DY_ALL28	ALL28	DY	DY	G808-E1724	opch	edy	0	f106r	f106r	G808-P0463	f106r.15	15	7	S	B	3	3	EXACT	-0.203457610048	12	0	0	0.000418863648938	72	-0.296390621656	1	0.00849618921943	84	0.00389218313222	85	0.0124824145833	68	-0.204671938942	4	-0.151772961719	6	-0.170410238063	1	-0.203038746399	-0.499429368055	-0.190975195465	-0.354811708118	-0.373448984462
M06_DY_TO_DY_ALL28:G808-E1730	M06_DY_TO_DY_ALL28	ALL28	DY	DY	G808-E1730	opch	edy	0	f106r	f106r	G808-P0465	f106r.22	22	9	S	B	3	3	EXACT	-0.0755124255202	6	-0.0124953145535	1	-0.0108631044694	72	0	0	0.0310317077544	79	0.0296692881585	79	-0.00325336715158	68	-0.140239075579	4	0.207166823323	6	0	0	-0.0988708445431	-0.0988708445431	-0.0912611072253	0.108295978779	-0.0988708445431
M06_DY_TO_DY_ALL28:G808-E1776	M06_DY_TO_DY_ALL28	ALL28	DY	DY	G808-E1776	opch	edy	0	f107r	f107r	G808-P0498	f107r.38	38	6	S	B	3	3	EXACT	-0.205503190563	19	0	0	-0.039277258758	72	0.216207159886	3	-0.0473559911678	91	-0.0393165153468	94	-0.0285196992125	68	-0.222165488253	4	0.240203091731	6	0.211506533909	3	-0.244780449321	-0.0285732894351	-0.234022889776	-0.0045773575904	-0.0332739154123
M06_DY_TO_DY_ALL28:G808-E1785	M06_DY_TO_DY_ALL28	ALL28	DY	DY	G808-E1785	opch	edy	0	f107v	f107v	G808-P0503	f107v.5	5	8	S	B	3	3	EXACT	-0.10356696832	14	0	0	-0.00960368413039	72	0	0	0.00766510167184	86	0.0066190208456	86	0.00185247601985	68	-0.204368136709	4	-0.192846170096	6	0	0	-0.113170652451	-0.113170652451	-0.1017144923	-0.306016822547	-0.113170652451
M06_DY_TO_DY_ALL28:G808-E1846	M06_DY_TO_DY_ALL28	ALL28	DY	DY	G808-E1846	opch	edy	0	f108r	f108r	G808-P0523	f108r.25	25	8	S	B	3	3	EXACT	-0.265634234119	21	-0.0987671801093	6	-0.0333379628571	72	0.11186264055	1	-0.0603794293619	99	-0.0596049052643	100	-0.0266391045433	68	-0.147229419942	4	-0.14699259679	6	0.10391132119	1	-0.397739377086	-0.285876736536	-0.391040518772	-0.544731973876	-0.293828055896
M06_DY_TO_DY_ALL28:G808-E1969	M06_DY_TO_DY_ALL28	ALL28	DY	DY	G808-E1969	opch	edy	0	f111v	f111v	G808-P0548	f111v.34	34	7	S	B	3	3	EXACT	-0.198337271091	13	-0.136555491957	2	-0.0189427474325	72	-0.152843696226	1	-0.0162097264063	87	-0.0185441428122	88	-0.0124245337712	68	-0.129762549042	4	-0.156420799001	6	-0.157290713192	1	-0.35383551048	-0.506679206706	-0.347317296818	-0.510256309481	-0.511126223672
M06_DY_TO_DY_ALL28:G808-E1971	M06_DY_TO_DY_ALL28	ALL28	DY	DY	G808-E1971	opch	edy	0	f111v	f111v	G808-P0550	f111v.45	45	8	S	B	3	3	EXACT	-0.595613328596	13	-0.130328289859	2	-0.0182486075695	72	0	0	-0.0748552008113	87	-0.0758898307107	87	-0.00733141858507	68	-0.203850989671	4	0.102833661645	6	0	0	-0.744190226024	-0.744190226024	-0.73327303704	-0.641356564379	-0.744190226024
M06_DY_TO_DY_ALL28:G808-E2051	M06_DY_TO_DY_ALL28	ALL28	DY	DY	G808-E2051	opch	edy	0	f113r	f113r	G808-P0588	f113r.37	37	8	S	B	3	3	EXACT	0.339613001067	5	-0.114943873318	2	-0.00626965377582	72	0	0	0.0593975958229	79	0.0583096675312	79	0.00677996016609	68	-0.228122924013	4	-0.129335486176	6	0	0	0.218399473973	0.218399473973	0.231449087915	0.0890639877976	0.218399473973
M06_DY_TO_DY_ALL28:G808-E2059	M06_DY_TO_DY_ALL28	ALL28	DY	DY	G808-E2059	opch	edy	0	f113v	f113v	G808-P0592	f113v.1	1	6	S	B	3	3	EXACT	-0.171298762859	15	-0.0559407093312	3	-0.0453474885278	72	0	0	-0.0383589071071	90	-0.0391801287806	90	-0.0408313382342	68	-0.122131636961	4	0.0839699059211	6	-0.175763664965	1	-0.272586960718	-0.272586960718	-0.268070810425	-0.188617054797	-0.448350625683
M06_DY_TO_DY_ALL28:G808-E2077	M06_DY_TO_DY_ALL28	ALL28	DY	DY	G808-E2077	opch	eody	1	f113v	f113v	G808-P0600	f113v.28	28	9	S	B	3	3	EXACT	0.0856810809317	31	-0.174171198681	3	-0.0229507244663	72	0	0	0.0164988285496	106	0.0156776068762	106	-0.0116776831957	68	-0.214602019508	4	-0.265863079506	6	0	0	-0.111440842216	-0.111440842216	-0.100167800945	-0.377303921722	-0.111440842216
M06_DY_TO_DY_ALL28:G808-E2086	M06_DY_TO_DY_ALL28	ALL28	DY	DY	G808-E2086	opch	edy	0	f113v	f113v	G808-P0605	f113v.45	45	8	S	B	3	3	EXACT	-0.383452424696	4	0	0	-0.0413652350976	72	0	0	-0.0147592743852	76	-0.0155804960586	76	-0.0311754003347	68	-0.214602019508	4	0.234429709156	6	0.389895431394	2	-0.424817659793	-0.424817659793	-0.41462782503	-0.190387950637	-0.034922228399
M06_DY_TO_DY_ALL28:G808-E2109	M06_DY_TO_DY_ALL28	ALL28	DY	DY	G808-E2109	opch	edy	0	f114r	f114r	G808-P0618	f114r.39	39	8	S	B	3	3	EXACT	-0.461660916521	13	0.0231677626574	1	0.0132186363391	72	0	0	-0.0233548579492	86	-0.0246255485296	86	0.0168244657303	68	-0.0480908196151	4	0.198047669469	6	0	0	-0.425274517524	-0.425274517524	-0.421668688133	-0.227226848055	-0.425274517524
M06_DY_TO_DY_ALL28:G808-E2119	M06_DY_TO_DY_ALL28	ALL28	DY	DY	G808-E2119	opch	edy	0	f114v	f114v	G808-P0621	f114v.6	6	6	S	B	3	3	EXACT	-0.270962705498	7	0	0	0.0424817651174	72	0.0551973689894	1	0.0517817650427	79	0.0505213121965	80	0.0523485864559	68	-0.125250472869	4	-0.194967364062	6	0.0467277359487	1	-0.228480940381	-0.173283571391	-0.218614119042	-0.423448304443	-0.181753204432
M06_DY_TO_DY_ALL28:G808-E0277	M06_DY_TO_DY_ALL28	ALL28	DY	DY	G808-E0277	opch	edy	0	f26v	f26v	G808-P0092	f26v.5	5	7	H	B	2	2	EXACT	0.0114387241478	40	0.246959779987	1	-0.0555026549313	72	0	0	-0.0241920229913	113	-0.0254865308387	113	-0.0460908648743	68	-0.21551291591	4	-0.230402653514	6	0	0	0.202895849203	0.202895849203	0.21230763926	-0.0275068043101	0.202895849203
M06_DY_TO_DY_ALL28:G808-E0496	M06_DY_TO_DY_ALL28	ALL28	DY	DY	G808-E0496	opch	edy	0	f46v	f46v	G808-P0175	f46v.1	1	5	H	B	2	3	EXACT	-0.10799590405	51	0.316008212752	1	-0.0309662722427	72	0	0	-0.063309691628	124	-0.0645700898345	124	-0.0253931459725	68	-0.125719287589	4	-0.328465198686	6	0	0	0.177046036459	0.177046036459	0.182619162729	-0.151419162227	0.177046036459
M06_DY_TO_DY_ALL28:G808-E0563	M06_DY_TO_DY_ALL28	ALL28	DY	DY	G808-E0563	opch	edy	0	f50v	f50v	G808-P0190	f50v.1	1	6	H	B	2	3	EXACT	-0.164522641942	53	0	0	-0.0607989722916	72	0	0	-0.109726216248	125	-0.110971478555	125	-0.0563508919435	68	-0.136426100144	4	-0.0869720291663	6	0	0	-0.225321614234	-0.225321614234	-0.220873533886	-0.3122936434	-0.225321614234
M06_DY_TO_DY_ALL28:G808-E0661	M06_DY_TO_DY_ALL28	ALL28	DY	DY	G808-E0661	opch	edy	0	f66r	f66r	G808-P0214	f66r.50	50	3	T	B	5	3	EXACT	-0.409926395066	22	0	0	0.0265486027904	71	-0.183594107724	1	-0.0542397304802	93	-0.056539223258	94	0.018160293542	67	0.167049440392	4	0.137021166688	6	0.313522347779	1	-0.383377792276	-0.5669719	-0.391766101524	-0.246356625588	-0.0698554444966
M06_DY_TO_DY_ALL28:G808-E0766	M06_DY_TO_DY_ALL28	ALL28	DY	DY	G808-E0766	opch	edy	0	f76r	f76r	G808-P0232	f76r.39	39	3	T	B	2	3	EXACT	-0.43204088809	25	-0.177441913102	2	-0.0266471610826	72	0	0	-0.116605671979	99	-0.117340448766	99	-0.0380163547876	68	0.166622399416	4	0.0188550196457	6	0	0	-0.636129962274	-0.636129962274	-0.647499155979	-0.617274942629	-0.636129962274
M06_DY_TO_DY_ALL28:G808-E0812	M06_DY_TO_DY_ALL28	ALL28	DY	DY	G808-E0812	opch	edy	0	f76v	f76v	G808-P0238	f76v.25	25	7	B	B	2	3	EXACT	-0.403543151788	41	0	0	-0.133623401764	72	-0.0455551162094	2	-0.227647976914	113	-0.225225041741	115	-0.128391381096	68	-0.222578219928	4	-0.134671087334	6	-0.0483724219488	2	-0.537166553552	-0.582721669762	-0.531934532884	-0.671837640886	-0.585538975501
M06_DY_TO_DY_ALL28:G808-E0942	M06_DY_TO_DY_ALL28	ALL28	DY	DY	G808-E0942	opch	edy	0	f78v	f78v	G808-P0249	f78v.10	10	9	B	B	2	2	EXACT	-0.406823137789	70	-0.560320265092	1	-0.113419086202	72	0	0	-0.274132046243	143	-0.275141137442	143	-0.121473567831	68	0.0234969634694	4	-0.161184347141	6	-0.105948186436	1	-1.08056248908	-1.08056248908	-1.08861697071	-1.24174683622	-1.18651067552
M06_DY_TO_DY_ALL28:G808-E0953	M06_DY_TO_DY_ALL28	ALL28	DY	DY	G808-E0953	opch	edy	0	f78v	f78v	G808-P0250	f78v.20	20	2	B	B	2	3	EXACT	-0.25250706527	48	-0.338943598758	2	-0.0936450166733	72	0.273356649757	1	-0.161326552119	122	-0.158625156206	123	-0.111356824603	68	0.207445580125	4	0.00440468752218	6	0.269959061666	1	-0.685095680701	-0.411739030944	-0.702807488631	-0.680690993179	-0.415136619035
M06_DY_TO_DY_ALL28:G808-E0974	M06_DY_TO_DY_ALL28	ALL28	DY	DY	G808-E0974	opch	edy	0	f79r	f79r	G808-P0255	f79r.26	26	6	B	B	2	2	EXACT	-0.305021846236	24	0	0	-0.100689919915	72	0	0	-0.127740860509	96	-0.12781562409	96	-0.0925693145745	68	-0.2387652108	4	-0.148094090537	6	0	0	-0.405711766151	-0.405711766151	-0.397591160811	-0.553805856688	-0.405711766151
M06_DY_TO_DY_ALL28:G808-E0993	M06_DY_TO_DY_ALL28	ALL28	DY	DY	G808-E0993	opch	edy	0	f79v	f79v	G808-P0260	f79v.10	10	6	B	B	2	2	EXACT	-0.502975527763	6	-0.0661564895761	1	-0.0669097292436	72	-0.284590698471	1	-0.0547335023794	79	-0.0584816248929	80	-0.0659259380673	68	-0.0836441742139	4	-0.129597514805	6	-0.309597015687	1	-0.636041746582	-0.920632445053	-0.635057955406	-0.765639261387	-0.945638762269
M06_DY_TO_DY_ALL28:G808-E1018	M06_DY_TO_DY_ALL28	ALL28	DY	DY	G808-E1018	opch	edy	0	f80r	f80r	G808-P0268	f80r.38	38	9	B	B	2	3	EXACT	-0.359176840337	28	-0.430222467547	3	-0.157473770822	72	0.25972970223	1	-0.204539006493	103	-0.20098895118	104	-0.158713702985	68	-0.136404798414	4	-0.127972010605	6	0.255641610034	1	-0.946873078706	-0.687143376476	-0.948113010869	-1.07484508931	-0.691231468671
M06_DY_TO_DY_ALL28:G808-E1148	M06_DY_TO_DY_ALL28	ALL28	DY	DY	G808-E1148	opch	edy	0	f82v	f82v	G808-P0291	f82v.33	33	7	B	B	2	3	EXACT	-0.559213983441	22	0	0	-0.116269823831	72	0.0362030441001	1	-0.196894108679	94	-0.195471948201	95	-0.110685457204	68	-0.211214087497	4	0.0594654469528	6	0.424483925006	1	-0.675483807272	-0.639280763172	-0.669899440645	-0.616018360319	-0.250999882267
M06_DY_TO_DY_ALL28:G808-E1199	M06_DY_TO_DY_ALL28	ALL28	DY	DY	G808-E1199	opch	edy	0	f83v	f83v	G808-P0299	f83v.1	1	5	B	B	2	2	EXACT	-0.463181310877	28	0	0	-0.124008406036	72	0	0	-0.20286036026	100	-0.204082950154	100	-0.123820705456	68	-0.127209108554	4	-0.282069502386	6	0	0	-0.587189716913	-0.587189716913	-0.587002016334	-0.869259219299	-0.587189716913
M06_DY_TO_DY_ALL28:G808-E1293	M06_DY_TO_DY_ALL28	ALL28	DY	DY	G808-E1293	opch	edy	0	f86v6	f86v	G808-P0327	f86v6.13	13	8	T	B	2	3	EXACT	-0.116726116999	36	0	0	-0.082937222994	72	0	0	-0.0861591243326	108	-0.0871014038668	108	-0.0836990609592	68	-0.069996302506	4	0.133683734257	6	0	0	-0.199663339993	-0.199663339993	-0.200425177958	-0.0659796057354	-0.199663339993
M06_DY_TO_DY_ALL28:G808-E1299	M06_DY_TO_DY_ALL28	ALL28	DY	DY	G808-E1299	opch	edy	0	f86v6	f86v	G808-P0328	f86v6.23	23	6	T	B	2	3	EXACT	-0.194179729355	47	-0.241957646962	4	-0.0715651503176	72	-0.129878622922	2	-0.125390963022	123	-0.126078753731	125	-0.0687432752596	68	-0.119547351225	4	-0.142293502827	6	-0.159855868682	2	-0.507702526635	-0.637581149557	-0.504880651577	-0.649996029462	-0.667558395316
M06_DY_TO_DY_ALL28:G808-E1540	M06_DY_TO_DY_ALL28	ALL28	DY	DY	G808-E1540	ot	eody	1	f102v1	f102v	G808-P0378	f102v1.22	22	7	P	A	1	2	EXACT	0.366022626658	20	0	0	0.0888539104886	72	0	0	0.172166709231	92	0.171206741338	92	0.099295486503	68	-0.0886641484535	4	-0.176832368272	6	0	0	0.454876537147	0.454876537147	0.465318113161	0.278044168874	0.454876537147
M06_DY_TO_DY_ALL28:G808-E1600	M06_DY_TO_DY_ALL28	ALL28	DY	DY	G808-E1600	ot	edy	0	f103v	f103v	G808-P0406	f103v.27	27	8	S	B	3	3	EXACT	-0.201748068438	15	-0.158130871952	2	-0.0272912491884	72	0	0	-0.0323239789404	89	-0.0342406840766	89	-0.0162126904248	68	-0.215623612028	4	-0.113627872713	6	0	0	-0.387170189578	-0.387170189578	-0.376091630814	-0.500798062291	-0.387170189578
M06_DY_TO_DY_ALL28:G808-E1604	M06_DY_TO_DY_ALL28	ALL28	DY	DY	G808-E1604	ot	edy	0	f103v	f103v	G808-P0407	f103v.30	30	6	S	B	3	2	EXACT	-0.227679426254	13	-1.00894811156	1	-0.0102231641495	72	0	0	-0.0249065866434	86	-0.0268232917796	86	-0.00203715412293	68	-0.149382198459	4	-0.127160904084	6	0	0	-1.24685070196	-1.24685070196	-1.23866469194	-1.37401160605	-1.24685070196
M06_DY_TO_DY_ALL28:G808-E1609	M06_DY_TO_DY_ALL28	ALL28	DY	DY	G808-E1609	ot	edy	0	f103v	f103v	G808-P0408	f103v.34	34	9	S	B	3	3	EXACT	-0.582365073838	19	-0.15528630712	5	-0.0752895682268	72	-0.294262262472	1	-0.156935499269	96	-0.159815179242	97	-0.0670344399949	68	-0.215623612028	4	0.0780453243507	6	-0.292466935465	1	-0.812940949185	-1.10720321166	-0.804685820954	-0.734895624835	-1.10540788465
M06_DY_TO_DY_ALL28:G808-E1617	M06_DY_TO_DY_ALL28	ALL28	DY	DY	G808-E1617	ot	edy	0	f104r	f104r	G808-P0412	f104r.3	3	6	S	B	3	3	EXACT	-0.106399348587	20	-0.286614327913	2	-0.0149412812741	72	0	0	-0.0172862177718	94	-0.0182669029774	94	-0.0109142162546	68	-0.083411875413	4	0.0142316424179	6	0	0	-0.407954957773	-0.407954957773	-0.403927892754	-0.393723315356	-0.407954957773
M06_DY_TO_DY_ALL28:G808-E1677	M06_DY_TO_DY_ALL28	ALL28	DY	DY	G808-E1677	ot	edy	0	f105r	f105r	G808-P0442	f105r.18	18	8	S	B	3	3	EXACT	0.0909291968983	20	-0.0501571474065	3	-0.0428750351401	71	0.118227397541	1	0.00941919085252	94	0.0098812447657	95	-0.0385133045612	67	-0.115938439592	4	-0.0679749054778	6	0.0584133227166	1	-0.00210298564818	0.116124411893	0.00225874493073	-0.070077891126	0.0563103370684
M06_DY_TO_DY_ALL28:G808-E1733	M06_DY_TO_DY_ALL28	ALL28	DY	DY	G808-E1733	ot	edy	0	f106r	f106r	G808-P0465	f106r.23	23	8	S	B	3	3	EXACT	-0.611431028418	4	-0.181130683363	2	-0.0497602868398	72	-0.197522700124	1	-0.0359306606722	78	-0.0385747329021	79	-0.0447498546975	68	-0.134955338226	4	0.101969308428	6	-0.207425306258	1	-0.842321998621	-1.03984469874	-0.837311566478	-0.740352690192	-1.04974730488
M06_DY_TO_DY_ALL28:G808-E1751	M06_DY_TO_DY_ALL28	ALL28	DY	DY	G808-E1751	ot	eody	1	f106v	f106v	G808-P0482	f106v.28	28	7	S	B	3	3	EXACT	0.211764643993	13	-0.145982881194	1	0.00814386268677	72	0.0812489466405	3	0.0691832260735	86	0.069401813912	89	0.0183875296201	68	-0.166009310756	4	0.0616303648065	6	0.0421158001531	3	0.0739256254856	0.155174572126	0.0841692924189	0.135555990292	0.116041425639
M06_DY_TO_DY_ALL28:G808-E1758	M06_DY_TO_DY_ALL28	ALL28	DY	DY	G808-E1758	ot	edy	0	f106v	f106v	G808-P0486	f106v.41	41	1	S	B	3	3	EXACT	-0.0748295990487	7	-0.0441292297854	3	-0.0233661397196	72	0.0269255994819	1	0.0115800003597	82	0.0111695208474	83	-0.0330402112358	68	0.14108224048	4	0.170788173238	6	0.0257540006859	1	-0.142324968554	-0.115399369072	-0.15199904007	0.0284632046845	-0.116570967868
M06_DY_TO_DY_ALL28:G808-E1797	M06_DY_TO_DY_ALL28	ALL28	DY	DY	G808-E1797	ot	edy	0	f107v	f107v	G808-P0506	f107v.16	16	6	S	B	3	3	EXACT	-0.165290779132	18	0	0	0.00162786142962	72	0	0	-0.00685504707266	90	-0.00754913085819	90	0.00692306006021	68	-0.0884011517999	4	-0.237915368176	6	0	0	-0.163662917702	-0.163662917702	-0.158367719072	-0.401578285879	-0.163662917702
M06_DY_TO_DY_ALL28:G808-E1822	M06_DY_TO_DY_ALL28	ALL28	DY	DY	G808-E1822	ot	edy	0	f108r	f108r	G808-P0517	f108r.1	1	10	S	B	3	3	EXACT	-0.532934115776	5	0	0	0.000110560240161	72	0	0	0.013166123177	77	0.0123074371775	77	0.00646158361307	68	-0.107868796876	4	0.223529022274	6	-0.14752684389	1	-0.532823555536	-0.532823555536	-0.526472532163	-0.309294533262	-0.680350399425
M06_DY_TO_DY_ALL28:G808-E1824	M06_DY_TO_DY_ALL28	ALL28	DY	DY	G808-E1824	ot	edy	0	f108r	f108r	G808-P0517	f108r.2	2	8	S	B	3	3	EXACT	-0.532934115776	5	0.0215323433021	1	-0.00867019379327	72	0	0	0.00545770362451	78	0.00459901762502	78	-0.00106862726175	68	-0.137908784606	4	-0.0319332493086	6	-0.0431862118696	1	-0.520071966267	-0.520071966267	-0.512470399735	-0.552005215576	-0.563258178137
M06_DY_TO_DY_ALL28:G808-E1825	M06_DY_TO_DY_ALL28	ALL28	DY	DY	G808-E1825	ot	edy	0	f108r	f108r	G808-P0517	f108r.3	3	7	S	B	3	3	EXACT	-0.532934115776	5	0	0	-0.0332153759059	72	0	0	-0.0179957911414	77	-0.0188544771409	77	-0.0270576436163	68	-0.137908784606	4	-0.20775474817	6	0	0	-0.566149491682	-0.566149491682	-0.559991759392	-0.773904239852	-0.566149491682
M06_DY_TO_DY_ALL28:G808-E1830	M06_DY_TO_DY_ALL28	ALL28	DY	DY	G808-E1830	ot	edy	0	f108r	f108r	G808-P0518	f108r.6	6	8	S	B	3	3	EXACT	-0.0978838781879	6	-0.12203071293	6	-0.0090111008905	72	-0.316449390443	1	0.0207962756864	84	0.0162089565008	85	-0.00262460684198	68	-0.117593459492	4	-0.0102899629305	6	-1.23507979077	1	-0.228925692008	-0.545375082451	-0.22253919796	-0.239215654939	-1.46400548278
M06_DY_TO_DY_ALL28:G808-E1841	M06_DY_TO_DY_ALL28	ALL28	DY	DY	G808-E1841	ot	edy	0	f108r	f108r	G808-P0521	f108r.19	19	9	S	B	3	2	EXACT	-0.484407705779	14	0	0	-0.0337243600208	72	0	0	-0.0739214248367	86	-0.0747801108362	86	-0.0220338524454	68	-0.232474948579	4	-0.147105663219	6	0	0	-0.518132065799	-0.518132065799	-0.506441558224	-0.665237729018	-0.518132065799
M06_DY_TO_DY_ALL28:G808-E1855	M06_DY_TO_DY_ALL28	ALL28	DY	DY	G808-E1855	ot	edy	0	f108r	f108r	G808-P0525	f108r.31	31	7	S	B	3	2	EXACT	-0.673752118301	5	0.024505328241	2	-0.0216212710163	72	0	0	-0.0146936333115	79	-0.015552319311	79	-0.0147815325567	68	-0.137908784606	4	-0.380797652014	6	0	0	-0.670868061077	-0.670868061077	-0.664028322617	-1.05166571309	-0.670868061077
M06_DY_TO_DY_ALL28:G808-E1866	M06_DY_TO_DY_ALL28	ALL28	DY	DY	G808-E1866	ot	edy	0	f108r	f108r	G808-P0528	f108r.39	39	6	S	B	3	3	EXACT	-0.13165299088	22	0.177361378534	2	-9.13087997135e-05	72	0	0	-0.00393147864552	96	-0.00479016464501	96	0.00610658768228	68	-0.10546750877	4	-0.183935362676	6	-0.131242869239	1	0.0456170788546	0.0456170788546	0.0518149753366	-0.138318283821	-0.0856257903846
M06_DY_TO_DY_ALL28:G808-E1873	M06_DY_TO_DY_ALL28	ALL28	DY	DY	G808-E1873	ot	edy	0	f108r	f108r	G808-P0529	f108r.46	46	5	S	B	3	3	EXACT	-0.252868926876	11	0.202793971492	2	-0.0520281291469	72	0.0226305266804	2	-0.0347243071509	85	-0.0337975522507	87	-0.0488853397442	68	-0.10546750877	4	-0.100348278059	6	-0.0186214284304	3	-0.102103084531	-0.0794725578511	-0.0989602951287	-0.20245136259	-0.120724512962
M06_DY_TO_DY_ALL28:G808-E1879	M06_DY_TO_DY_ALL28	ALL28	DY	DY	G808-E1879	ot	edy	0	f108r	f108r	G808-P0530	f108r.48	48	8	S	B	3	3	EXACT	-0.207214576401	10	0.231026659865	2	-0.0262115844762	72	-0.0797185890802	1	-0.00280977683684	84	-0.00433430950618	85	-0.0208368835798	68	-0.117593459492	4	-0.238775327397	6	-0.169919845066	2	-0.00239950101171	-0.0821180900919	0.00297519988471	-0.241174828409	-0.172319346077
M06_DY_TO_DY_ALL28:G808-E1881	M06_DY_TO_DY_ALL28	ALL28	DY	DY	G808-E1881	ot	edy	0	f108v	f108v	G808-P0531	f108v.1	1	3	S	B	3	3	EXACT	-0.47786819441	17	-0.120305117777	3	-0.0104208818374	72	-0.0808081872054	1	-0.0745587615294	92	-0.0752424710571	93	-0.0191930427933	68	0.138694516958	4	0.0140488171354	6	-0.203370256677	1	-0.608594194025	-0.68940238123	-0.617366354981	-0.59454537689	-0.811964450702
M06_DY_TO_DY_ALL28:G808-E1898	M06_DY_TO_DY_ALL28	ALL28	DY	DY	G808-E1898	ot	edy	0	f108v	f108v	G808-P0536	f108v.20	20	5	S	B	3	3	EXACT	-0.230013087433	51	0.0107995312649	3	-0.0357694987658	72	0.0137198696404	1	-0.116475485953	126	-0.116122256898	127	-0.0307079072788	68	-0.121827891498	4	0.0758668569595	6	0.40229928026	1	-0.254983054934	-0.241263185294	-0.249921463447	-0.179116197975	0.147316225326
M06_DY_TO_DY_ALL28:G808-E1908	M06_DY_TO_DY_ALL28	ALL28	DY	DY	G808-E1908	ot	edy	0	f108v	f108v	G808-P0537	f108v.31	31	8	S	B	3	3	EXACT	-0.372496798108	87	-0.0887826153815	4	-0.0180292090347	72	-0.199248261551	1	-0.229369360864	163	-0.229891826922	164	-0.012841976403	68	-0.106223501228	4	-0.290896459945	6	-0.202147717065	1	-0.479308622524	-0.678556884075	-0.474121389892	-0.770205082468	-0.681456339589
M06_DY_TO_DY_ALL28:G808-E1925	M06_DY_TO_DY_ALL28	ALL28	DY	DY	G808-E1925	ot	edy	0	f108v	f108v	G808-P0537	f108v.53	53	5	S	B	3	2	EXACT	-0.372496798108	87	0.0803406382745	1	-0.034751105317	72	0	0	-0.238786296784	160	-0.239609817523	160	-0.0359856770532	68	-0.0137747232553	4	-0.121977525631	6	0	0	-0.32690726515	-0.32690726515	-0.328141836886	-0.448884790781	-0.32690726515
M06_DY_TO_DY_ALL28:G808-E1934	M06_DY_TO_DY_ALL28	ALL28	DY	DY	G808-E1934	ot	edy	0	f111r	f111r	G808-P0539	f111r.7	7	10	S	B	3	3	EXACT	-0.160173280071	137	-0.457980280924	1	-0.0229336092325	69	-0.208307595419	2	-0.155064614926	207	-0.156333773616	209	-0.0170741619067	65	-0.118133150453	4	-0.0597717475307	6	-0.146406087581	2	-0.641087170228	-0.849394765647	-0.635227722903	-0.700858917759	-0.787493257809
M06_DY_TO_DY_ALL28:G808-E1938	M06_DY_TO_DY_ALL28	ALL28	DY	DY	G808-E1938	ot	eody	1	f111r	f111r	G808-P0539	f111r.18	18	3	S	B	3	3	EXACT	-0.160173280071	137	-0.106854100933	2	0.00240819472656	69	-0.289862618125	1	-0.144662026787	208	-0.146223208735	209	-0.00547234059159	65	0.13048337147	4	0.0557582909274	6	-0.490038082741	2	-0.264619186277	-0.554481804402	-0.272499721595	-0.20886089535	-0.754657269018
M06_DY_TO_DY_ALL28:G808-E1943	M06_DY_TO_DY_ALL28	ALL28	DY	DY	G808-E1943	ot	edy	0	f111r	f111r	G808-P0540	f111r.40	40	5	S	B	3	3	EXACT	-0.355713781229	27	-0.0176683308175	3	-0.0416564087111	72	-0.00157911300709	1	-0.108072260648	102	-0.107794892811	103	-0.0369556768331	68	-0.121583849898	4	0.104338415155	6	-0.250502955335	1	-0.415038520757	-0.416617633765	-0.410337788879	-0.310700105602	-0.665541476092
M06_DY_TO_DY_ALL28:G808-E1951	M06_DY_TO_DY_ALL28	ALL28	DY	DY	G808-E1951	ot	edy	0	f111v	f111v	G808-P0544	f111v.5	5	4	S	B	3	3	EXACT	-0.249633033654	110	-0.346731126985	3	0.00698876671405	72	0.239463820847	1	-0.17859776348	185	-0.176982917841	186	0.00755146844911	68	-0.00258824634913	4	-0.225366608173	6	0.218197580854	2	-0.589375393925	-0.349911573078	-0.58881269219	-0.814742002099	-0.371177813071
M06_DY_TO_DY_ALL28:G808-E1957	M06_DY_TO_DY_ALL28	ALL28	DY	DY	G808-E1957	ot	edy	0	f111v	f111v	G808-P0544	f111v.11	11	7	S	B	3	3	EXACT	-0.249633033654	110	0.192098035238	3	-0.0373160195265	72	0.0127789316582	1	-0.187102937116	185	-0.1866611007	186	-0.0337138742352	68	-0.0985635730465	4	0.199086856775	6	0.0093839208906	1	-0.0948510179431	-0.0820720862849	-0.0912488726517	0.104235838831	-0.0854670970525
M06_DY_TO_DY_ALL28:G808-E1977	M06_DY_TO_DY_ALL28	ALL28	DY	DY	G808-E1977	ot	edy	0	f112r	f112r	G808-P0554	f112r.15	15	4	S	B	3	2	EXACT	0.0196869958492	21	0	0	-0.014642632001	72	0	0	0.0162401665425	93	0.0152096830664	93	-0.0155962019255	68	0.00155621108015	4	0.0218832056884	6	-0.263043551265	1	0.00504436384822	0.00504436384822	0.00409079392372	0.0269275695366	-0.257999187417
M06_DY_TO_DY_ALL28:G808-E1992	M06_DY_TO_DY_ALL28	ALL28	DY	DY	G808-E1992	ot	edy	0	f112r	f112r	G808-P0559	f112r.35	35	8	S	B	3	3	EXACT	-0.463097306551	13	-0.158520072714	2	-0.0503476121659	72	0.311122753163	3	-0.0813125617964	87	-0.0684573016043	90	-0.0462197818992	68	-0.120532572335	4	-0.0512044158774	6	0.296041773167	3	-0.671964991431	-0.360842238268	-0.667837161164	-0.723169407308	-0.375923218264
M06_DY_TO_DY_ALL28:G808-E1997	M06_DY_TO_DY_ALL28	ALL28	DY	DY	G808-E1997	ot	eody	1	f112r	f112r	G808-P0562	f112r.42	42	9	S	B	3	3	EXACT	-0.0256393823254	20	-0.0190465489765	3	-0.041417920314	72	0	0	-0.0132052173919	95	-0.014235700868	95	-0.0385415302729	68	-0.0903283966484	4	-0.131288006952	6	0.104761390011	1	-0.0861038516158	-0.0861038516158	-0.0832274615747	-0.217391858568	0.018657538395
M06_DY_TO_DY_ALL28:G808-E2009	M06_DY_TO_DY_ALL28	ALL28	DY	DY	G808-E2009	ot	eody	1	f112v	f112v	G808-P0570	f112v.31	31	4	S	B	3	2	EXACT	0.0480437848836	4	-0.0120621676428	1	0.00276266464392	72	0.0196330803023	1	0.0614382776275	77	0.0609589070512	78	-0.00137504767249	68	0.0730780268254	4	0.197335366455	6	-0.132961315079	1	0.0387442818847	0.058377362187	0.0346065695682	0.23607964834	-0.0942170331942
M06_DY_TO_DY_ALL28:G808-E2061	M06_DY_TO_DY_ALL28	ALL28	DY	DY	G808-E2061	ot	eody	1	f113v	f113v	G808-P0593	f113v.4	4	8	S	B	3	3	EXACT	1.23108231841	1	-0.0237672212871	1	-0.0335318042465	72	0.513570632444	1	0.0239296976526	74	0.0292050723734	75	-0.0217153755619	68	-0.23440766159	4	0.208942088404	6	0.507022017584	1	1.17378329288	1.68735392533	1.18559972157	1.38272538128	1.68080531046
M06_DY_TO_DY_ALL28:G808-E2100	M06_DY_TO_DY_ALL28	ALL28	DY	DY	G808-E2100	ot	edy	0	f114r	f114r	G808-P0612	f114r.20	20	11	S	B	3	3	EXACT	-0.0227581657943	7	0.116456767271	2	-0.00688679873327	72	0.0276249405307	2	0.0353192587648	81	0.034737677983	83	0.00486912993415	68	-0.20674884599	4	0.166077779362	6	-0.0816390558332	3	0.086811802743	0.114436743274	0.0985677314105	0.252889582105	0.00517274690988
M06_DY_TO_DY_ALL28:G808-E2106	M06_DY_TO_DY_ALL28	ALL28	DY	DY	G808-E2106	ot	edy	0	f114r	f114r	G808-P0615	f114r.31	31	5	S	B	3	2	EXACT	-0.253143659424	24	-0.110186480033	1	-0.0545626481818	72	0.419178354064	1	-0.0853531637122	97	-0.0808894913756	98	-0.046920129914	68	-0.184496718645	4	0.0535526518164	6	0.405385889647	1	-0.417892787639	0.00128556642542	-0.410250269371	-0.364340135822	-0.0125068979915
M06_DY_TO_DY_ALL28:G808-E2165	M06_DY_TO_DY_ALL28	ALL28	DY	DY	G808-E2165	ot	eody	1	f115v	f115v	G808-P0646	f115v.6	6	8	S	B	3	3	EXACT	0.0562752742523	4	0	0	-0.0459743311682	72	-0.0880838410517	1	0.0052533311466	76	0.00351083276893	77	-0.0377942539434	68	-0.185047006886	4	0.19721355464	6	-0.0887250406799	1	0.010300943084	-0.0777828979677	0.0184810203088	0.207514497724	-0.0784240975959
M06_DY_TO_DY_ALL28:G808-E2189	M06_DY_TO_DY_ALL28	ALL28	DY	DY	G808-E2189	ot	edy	0	f116r	f116r	G808-P0659	f116r.6	6	8	S	B	3	2	EXACT	-0.625543355985	18	-0.263062172897	2	-0.0296095299633	72	0	0	-0.127649823211	92	-0.128244631644	92	-0.02588488311	68	-0.0929392394119	4	-0.218885946536	6	0	0	-0.918215058846	-0.918215058846	-0.914490411992	-1.13710100538	-0.918215058846
M06_DY_TO_DY_ALL28:G808-E2191	M06_DY_TO_DY_ALL28	ALL28	DY	DY	G808-E2191	ot	edy	0	f116r	f116r	G808-P0660	f116r.7	7	8	S	B	3	3	EXACT	-0.825861636113	4	-0.147005903725	1	-0.0217406313984	72	0	0	-0.0229930097	77	-0.023587818133	77	-0.0126138365377	68	-0.176906856972	4	-0.021809003124	6	0	0	-0.994608171236	-0.994608171236	-0.985481376376	-1.01641717436	-0.994608171236
M06_DY_TO_DY_ALL28:G808-E2193	M06_DY_TO_DY_ALL28	ALL28	DY	DY	G808-E2193	ot	edy	0	f116r	f116r	G808-P0660	f116r.8	8	8	S	B	3	3	EXACT	-0.825861636113	4	-0.122486421495	4	-0.0111199671872	72	-0.196129547322	1	-0.0163162044678	80	-0.0189611041459	81	-0.00136842737293	68	-0.176906856972	4	-0.0449873404519	6	-0.201169865739	1	-0.959468024795	-1.15559757212	-0.949716484981	-1.00445536525	-1.16063789053
M06_DY_TO_DY_ALL28:G808-E2200	M06_DY_TO_DY_ALL28	ALL28	DY	DY	G808-E2200	ot	edy	0	f116r	f116r	G808-P0663	f116r.18	18	5	S	B	3	3	EXACT	-0.42521355362	72	0.133671518029	4	0.0106948289674	72	0	0	-0.211457595531	148	-0.212052403964	148	0.0183861549758	68	-0.120068426117	4	0.193268618757	6	0.059113449252	1	-0.280847206623	-0.280847206623	-0.273155880615	-0.0875785878658	-0.221733757371
M06_DY_TO_DY_ALL28:G808-E0273	M06_DY_TO_DY_ALL28	ALL28	DY	DY	G808-E0273	ot	edy	0	f26v	f26v	G808-P0092	f26v.2	2	4	H	B	2	3	EXACT	0.0329490835761	33	0.604534106676	1	-0.0478260932772	72	0	0	-0.00635189025886	106	-0.00726348030347	106	-0.0502278469031	68	-0.0070070180034	4	-0.163460550459	6	-0.0110770291478	1	0.589657096975	0.589657096975	0.587255343349	0.426196546515	0.578580067827
M06_DY_TO_DY_ALL28:G808-E0341	M06_DY_TO_DY_ALL28	ALL28	DY	DY	G808-E0341	ot	edy	0	f34r	f34r	G808-P0117	f34r.3	3	6	H	B	2	3	EXACT	-0.235009126235	29	0	0	-0.0443167846659	72	0.0278663286888	1	-0.0853473977564	101	-0.084906736769	102	-0.0397632624042	68	-0.121737278125	4	-0.277344320218	6	-0.0460305216876	1	-0.279325910901	-0.251459582212	-0.274772388639	-0.556670231119	-0.325356432589
M06_DY_TO_DY_ALL28:G808-E0488	M06_DY_TO_DY_ALL28	ALL28	DY	DY	G808-E0488	ot	edy	0	f46r	f46r	G808-P0171	f46r.7	7	10	H	B	2	3	EXACT	-0.176142176654	16	-0.1608054388	4	-0.0502158017693	72	-0.10684466501	2	-0.0492903624113	92	-0.0509590153001	94	-0.0468596877925	68	-0.107280277332	4	-0.24398746925	6	-0.167193197457	2	-0.387163417223	-0.494008082233	-0.383807303246	-0.631150886473	-0.55435661468
M06_DY_TO_DY_ALL28:G808-E0497	M06_DY_TO_DY_ALL28	ALL28	DY	DY	G808-E0497	ot	edy	0	f46v	f46v	G808-P0175	f46v.2	2	10	H	B	2	3	EXACT	-0.0803450164447	46	0.0183418387772	3	-0.061379129048	72	0.697249122517	1	-0.0663349981711	121	-0.0607850366873	122	-0.0588385341053	68	-0.104580015026	4	-0.0736017606882	6	1.22495021814	1	-0.123382306716	0.573866815802	-0.120841711773	-0.196984067404	1.10156791142
M06_DY_TO_DY_ALL28:G808-E0504	M06_DY_TO_DY_ALL28	ALL28	DY	DY	G808-E0504	ot	edy	0	f46v	f46v	G808-P0175	f46v.11	11	2	H	B	2	2	EXACT	-0.0803450164447	46	0.0392891270506	1	-0.0485091187257	72	-0.0336244183409	1	-0.0600610688514	119	-0.0605469779683	120	-0.0618370395895	68	0.178054764007	4	0.284628968105	6	-0.0372670793093	1	-0.0895650081198	-0.123189426461	-0.102892928984	0.195063959985	-0.126832087429
M06_DY_TO_DY_ALL28:G808-E0534	M06_DY_TO_DY_ALL28	ALL28	DY	DY	G808-E0534	ot	edy	0	f48v	f48v	G808-P0181	f48v.5	5	6	H	B	5	3	EXACT	-0.167701582681	34	-0.0420612251878	2	-0.0165224222446	72	-0.182533956126	2	-0.0556438254969	108	-0.0584126358317	110	-0.0109912888449	68	-0.110562536992	4	-0.0665639416031	6	-0.0295454638233	3	-0.226285230114	-0.40881918624	-0.220754096714	-0.292849171717	-0.255830693937
M06_DY_TO_DY_ALL28:G808-E0678	M06_DY_TO_DY_ALL28	ALL28	DY	DY	G808-E0678	ot	eody	1	f66r	f66r	G808-P0218	f66r.75	75	3	T	B	5	3	EXACT	-0.155023065694	47	-0.304756183535	5	-0.0122611080043	71	-0.337765860385	1	-0.0793719886548	123	-0.0821240550097	124	-0.0217882615431	67	0.147315419433	4	0.0582915463512	6	-0.197054827564	2	-0.472040357233	-0.809806217618	-0.481567510772	-0.413748810882	-0.669095184797
M06_DY_TO_DY_ALL28:G808-E0720	M06_DY_TO_DY_ALL28	ALL28	DY	DY	G808-E0720	ot	edy	0	f75v	f75v	G808-P0226	f75v.7	7	9	B	B	2	3	EXACT	-0.352299405599	48	-0.138324737758	3	-0.128883991468	72	-0.172845273791	1	-0.217148996886	123	-0.217393181047	124	-0.125609313182	68	-0.184564350439	4	-0.332469121086	6	-0.176838076461	1	-0.619508134825	-0.792353408616	-0.61623345654	-0.951977255911	-0.796346211286
M06_DY_TO_DY_ALL28:G808-E0742	M06_DY_TO_DY_ALL28	ALL28	DY	DY	G808-E0742	ot	edy	0	f76r	f76r	G808-P0231	f76r.3	3	8	T	B	2	3	EXACT	-0.313365454832	125	-0.131908765182	3	-0.0343060340897	69	0	0	-0.239769428591	197	-0.240188140867	197	-0.029953533088	65	-0.105024760635	4	-0.304158222594	6	0	0	-0.479580254103	-0.479580254103	-0.475227753101	-0.783738476697	-0.479580254103
M06_DY_TO_DY_ALL28:G808-E0767	M06_DY_TO_DY_ALL28	ALL28	DY	DY	G808-E0767	ot	edy	0	f76r	f76r	G808-P0232	f76r.41	41	7	T	B	2	3	EXACT	-0.399167876741	23	-0.236043394977	3	-0.0479685239362	72	-0.210632872051	3	-0.12059352598	98	-0.123398541518	101	-0.0439123825616	68	-0.116931170688	4	-0.0371110534879	6	-0.166013300118	4	-0.683179795655	-0.893812667705	-0.67912365428	-0.720290849143	-0.849193095773
M06_DY_TO_DY_ALL28:G808-E0772	M06_DY_TO_DY_ALL28	ALL28	DY	DY	G808-E0772	ot	edy	0	f76r	f76r	G808-P0233	f76r.46	46	4	T	B	2	2	EXACT	-0.308665195811	35	0.122588200637	1	-0.032427905919	72	0	0	-0.11385975568	108	-0.114278467956	108	-0.0345150898491	68	0.00304597750701	4	-0.396978116794	6	0	0	-0.218504901092	-0.218504901092	-0.220592085022	-0.615483017887	-0.218504901092
M06_DY_TO_DY_ALL28:G808-E0774	M06_DY_TO_DY_ALL28	ALL28	DY	DY	G808-E0774	ot	edy	0	f76r	f76r	G808-P0233	f76r.47	47	9	T	B	2	3	EXACT	-0.308665195811	35	-0.121882688845	4	-0.0785010705558	72	0.282564188185	1	-0.145925859506	111	-0.142432156449	112	-0.0718086377407	68	-0.192280671797	4	0.0517528140415	6	0.281113439545	1	-0.509048955211	-0.226484767027	-0.502356522396	-0.45729614117	-0.227935515666
M06_DY_TO_DY_ALL28:G808-E0797	M06_DY_TO_DY_ALL28	ALL28	DY	DY	G808-E0797	ot	edy	0	f76v	f76v	G808-P0237	f76v.17	17	5	B	B	2	3	EXACT	-0.432974242207	27	-0.720397333502	1	-0.106635820711	72	0	0	-0.185051820323	100	-0.185907645829	100	-0.105957266312	68	-0.118182615723	4	0.0774883831726	6	0	0	-1.26000739642	-1.26000739642	-1.25932884202	-1.18251901325	-1.26000739642
M06_DY_TO_DY_ALL28:G808-E0816	M06_DY_TO_DY_ALL28	ALL28	DY	DY	G808-E0816	ot	edy	0	f76v	f76v	G808-P0238	f76v.31	31	8	B	B	2	3	EXACT	-0.372273857815	36	0.0575747473627	1	-0.133072473845	72	0.153293448001	2	-0.202744056526	109	-0.196825364991	111	-0.129537676044	68	-0.193175406681	4	-0.0581963891025	6	0.14603636862	2	-0.447771584297	-0.294478136296	-0.444236786496	-0.5059679734	-0.301735215677
M06_DY_TO_DY_ALL28:G808-E0842	M06_DY_TO_DY_ALL28	ALL28	DY	DY	G808-E0842	ot	edy	0	f77r	f77r	G808-P0242	f77r.25	25	1	B	B	2	2	EXACT	-0.539515974267	40	0.240154977388	2	-0.109923336002	72	0	0	-0.25008314083	114	-0.250914556056	114	-0.121974118923	68	0.094929055199	4	0.0438846697323	6	-0.0305968901854	1	-0.409284332881	-0.409284332881	-0.421335115802	-0.365399663149	-0.439881223067
M06_DY_TO_DY_ALL28:G808-E0870	M06_DY_TO_DY_ALL28	ALL28	DY	DY	G808-E0870	ot	edy	0	f77v	f77v	G808-P0245	f77v.16	16	7	B	B	2	2	EXACT	-0.49188331093	38	0.0551322903592	2	-0.121214483838	72	-0.131407885277	1	-0.237951652474	112	-0.237873837825	113	-0.122525032632	68	-0.098946018285	4	-0.0538130659323	6	-0.131647913269	1	-0.557965504408	-0.689373389685	-0.559276053203	-0.611778570341	-0.689613417677
M06_DY_TO_DY_ALL28:G808-E0907	M06_DY_TO_DY_ALL28	ALL28	DY	DY	G808-E0907	ot	edy	0	f78r	f78r	G808-P0247	f78r.10	10	4	B	B	2	2	EXACT	-0.329100688998	60	0	0	-0.118562913342	72	-0.428276641427	1	-0.221744160856	132	-0.22379224395	133	-0.125207767264	68	-0.00561148560111	4	-0.323281278704	6	-0.455681665758	1	-0.44766360234	-0.875940243767	-0.454308456262	-0.770944881044	-0.903345268098
M06_DY_TO_DY_ALL28:G808-E0909	M06_DY_TO_DY_ALL28	ALL28	DY	DY	G808-E0909	ot	edy	0	f78r	f78r	G808-P0247	f78r.12	12	5	B	B	2	2	EXACT	-0.329100688998	60	-0.0579169467793	1	-0.149818454654	72	-0.250044213343	1	-0.237366923437	133	-0.23795750724	134	-0.151835000718	68	-0.115548260502	4	-0.245932252784	6	-0.252999411437	1	-0.536836090431	-0.786880303774	-0.538852636495	-0.782768343215	-0.789835501868
M06_DY_TO_DY_ALL28:G808-E0927	M06_DY_TO_DY_ALL28	ALL28	DY	DY	G808-E0927	ot	edy	0	f78v	f78v	G808-P0249	f78v.2	2	5	B	B	2	3	EXACT	-0.436791123455	63	-0.00148057381503	3	-0.105619849884	72	0.683528843953	1	-0.263733490845	138	-0.257442408732	139	-0.104436576773	68	-0.125746544972	4	-0.156691007227	6	0.680969574748	1	-0.543891547154	0.139637296799	-0.542708274043	-0.700582554381	0.137078027594
M06_DY_TO_DY_ALL28:G808-E0935	M06_DY_TO_DY_ALL28	ALL28	DY	DY	G808-E0935	ot	edy	0	f78v	f78v	G808-P0249	f78v.8	8	2	B	B	2	2	EXACT	-0.436791123455	63	-0.0605006912774	3	-0.0898661192991	72	0.254725556797	1	-0.25679719918	138	-0.253640934181	139	-0.106424634918	68	0.191617594031	4	-0.217113440534	6	0.151337037568	2	-0.587157934031	-0.332432377234	-0.60371644965	-0.804271374565	-0.435820896463
M06_DY_TO_DY_ALL28:G808-E1078	M06_DY_TO_DY_ALL28	ALL28	DY	DY	G808-E1078	ot	edy	0	f81r	f81r	G808-P0280	f81r.24	24	6	B	B	2	2	EXACT	-0.413217392145	48	0.24163681016	1	-0.127458182085	72	0.202958721084	1	-0.238890045843	121	-0.235983924234	122	-0.130215221573	68	-0.0805997715107	4	-0.129268076481	6	0.200330731843	1	-0.29903876407	-0.0960800429861	-0.301795803558	-0.428306840551	-0.0987080322271
M06_DY_TO_DY_ALL28:G808-E1162	M06_DY_TO_DY_ALL28	ALL28	DY	DY	G808-E1162	ot	edy	0	f83r	f83r	G808-P0292	f83r.8	8	2	B	B	2	2	EXACT	-0.492611874076	31	0	0	-0.0939988145796	72	-0.205632333658	1	-0.201594094684	103	-0.202326490577	104	-0.111359694524	68	0.201124713932	4	0.121605727697	6	-0.208869548815	1	-0.586610688656	-0.792243022314	-0.6039715686	-0.465004960959	-0.795480237471
M06_DY_TO_DY_ALL28:G808-E1198	M06_DY_TO_DY_ALL28	ALL28	DY	DY	G808-E1198	ot	edy	0	f83v	f83v	G808-P0299	f83v.1	1	3	B	B	2	2	EXACT	-0.466685891122	28	0	0	-0.11451431409	72	0	0	-0.198455772676	100	-0.199298620166	100	-0.129094707213	68	0.13334166999	4	-0.0763882250191	6	0	0	-0.581200205213	-0.581200205213	-0.595780598336	-0.657588430232	-0.581200205213
M06_DY_TO_DY_ALL28:G808-E1228	M06_DY_TO_DY_ALL28	ALL28	DY	DY	G808-E1228	ot	edy	0	f85r1	f85r	G808-P0306	f85r1.21	21	8	T	B	2	3	EXACT	-0.250313890146	7	-0.120648793516	2	-0.0647243425655	72	-0.0802450199698	2	-0.0404903040866	81	-0.0418831511614	83	-0.0626125088629	68	-0.100614602292	4	-0.0949902223722	6	-0.0833326458852	2	-0.435687026228	-0.515932046198	-0.433575192525	-0.5306772486	-0.519019672113
M06_DY_TO_DY_ALL28:G808-E1234	M06_DY_TO_DY_ALL28	ALL28	DY	DY	G808-E1234	ot	eody	1	f85r1	f85r	G808-P0307	f85r1.25	25	2	T	B	2	2	EXACT	-0.430458605769	13	0	0	0.00552874377242	72	0.0983267724055	1	-0.0279139810145	85	-0.0271707027152	86	-0.0047757875051	68	0.180716688707	4	0.285778452533	6	0.0952391464901	1	-0.424929861997	-0.326603089591	-0.435234393274	-0.139151409464	-0.329690715507
M06_DY_TO_DY_ALL28:G808-E1242	M06_DY_TO_DY_ALL28	ALL28	DY	DY	G808-E1242	ot	edy	0	f85r1	f85r	G808-P0310	f85r1.33	33	6	T	B	2	3	EXACT	0.0809969895066	21	0.200496922459	3	-0.0561357906961	72	-0.067143604043	4	0.00468823502717	96	0.00174961838468	100	-0.0519698832288	68	-0.126945304423	4	0.113128747498	6	-0.0426495305649	4	0.22535812127	0.158214517227	0.229524028737	0.338486868768	0.182708590705
M06_DY_TO_DY_ALL28:G808-E1314	M06_DY_TO_DY_ALL28	ALL28	DY	DY	G808-E1314	ot	eody	1	f87r	f87r	G808-P0330	f87r.9	9	3	H	A	1	2	EXACT	0.478650517074	28	0	0	0.132186788001	72	0	0	0.243954531357	100	0.243065151277	100	0.142072319254	68	-0.0358778920521	4	-0.198197104579	6	0	0	0.610837305075	0.610837305075	0.620722836327	0.412640200496	0.610837305075
M06_DY_TO_DY_ALL28:G808-E1348	M06_DY_TO_DY_ALL28	ALL28	DY	DY	G808-E1348	ot	eody	1	f88v	f88v	G808-P0338	f88v.17	17	4	P	A	1	2	EXACT	0.0785060493669	6	-0.103719955967	2	0.138641243442	72	0	0	0.162293130608	80	0.160218932441	80	0.148119538486	68	-0.022486041648	4	-0.210972765047	6	0	0	0.113427336841	0.113427336841	0.122905631886	-0.097545428206	0.113427336841
M06_DY_TO_DY_ALL28:G808-E1353	M06_DY_TO_DY_ALL28	ALL28	DY	DY	G808-E1353	ot	eody	1	f88v	f88v	G808-P0338	f88v.19	19	8	P	A	1	3	EXACT	0.0785060493669	6	-0.13947336058	3	0.144325293301	72	-0.224113245186	1	0.163232502396	81	0.157005037169	82	0.156918660446	68	-0.0697582175043	4	-0.125864231023	6	-0.270439792876	1	0.0833579820874	-0.140755263099	0.0959513492328	-0.0425062489354	-0.187081810789
M06_DY_TO_DY_ALL28:G808-E1437	M06_DY_TO_DY_ALL28	ALL28	DY	DY	G808-E1437	ot	edy	0	f95v2	f95v	G808-P0360	f95v2.1	1	6	H	B	3	3	EXACT	-0.155398793715	32	0	0	-0.0400680346656	72	0	0	-0.0645686332872	104	-0.0654500804446	104	-0.0354567874571	68	-0.118469899597	4	0.0554116673862	6	0	0	-0.195466828381	-0.195466828381	-0.190855581172	-0.140055160995	-0.195466828381
M06_DY_TO_DY_ALL28:G808-E1451	M06_DY_TO_DY_ALL28	ALL28	DY	DY	G808-E1451	ot	eody	1	f99r	f99r	G808-P0363	f99r.15	15	2	P	A	1	3	EXACT	0.530229621457	14	0.276414064116	3	0.115072235574	72	-0.480575315442	1	0.215584162927	89	0.207272880775	90	0.110414856396	68	0.19423706924	4	-0.0446165501887	6	-0.484556924654	1	0.921715921147	0.441140605705	0.917058541969	0.877099370958	0.437158996493
M06_DY_TO_DY_ALL28:G808-E1618	M06_DY_TO_DY_ALL28	ALL28	DY	DY	G808-E1618	otch	edy	0	f104r	f104r	G808-P0413	f104r.7	7	4	S	B	3	3	EXACT	-0.302944582516	30	-0.133009478228	2	-0.00660433191365	72	0	0	-0.0810161881841	104	-0.0815910296452	104	-0.00876634995257	68	0.0301404527218	4	-0.159619764876	6	0	0	-0.442558392657	-0.442558392657	-0.444720410696	-0.602178157534	-0.442558392657
M06_DY_TO_DY_ALL28:G808-E1696	M06_DY_TO_DY_ALL28	ALL28	DY	DY	G808-E1696	otch	edy	0	f105v	f105v	G808-P0450	f105v.9	9	6	S	B	3	3	EXACT	-0.0579256678891	32	0.0658940769614	7	-0.0438274509197	71	-0.292053141843	1	-0.0290593356364	110	-0.0317863206399	111	-0.0396738228269	67	-0.11340345565	4	0.167223179973	6	-0.408886713827	1	-0.0358590418474	-0.32791218369	-0.0317054137546	0.131364138126	-0.444745755675
M06_DY_TO_DY_ALL28:G808-E1706	M06_DY_TO_DY_ALL28	ALL28	DY	DY	G808-E1706	otch	edy	0	f106r	f106r	G808-P0458	f106r.1	1	7	S	B	3	3	EXACT	-0.216282354289	11	0	0	-0.00856871879506	72	0	0	0.00046606400607	83	1.49241804652e-05	83	-0.00335207998944	68	-0.0972619359671	4	-0.195552552109	6	0	0	-0.224851073084	-0.224851073084	-0.219634434278	-0.420403625192	-0.224851073084
M06_DY_TO_DY_ALL28:G808-E1728	M06_DY_TO_DY_ALL28	ALL28	DY	DY	G808-E1728	otch	edy	0	f106r	f106r	G808-P0464	f106r.19	19	1	S	B	3	3	EXACT	-0.409700102759	14	-0.235754655081	2	-0.0345820221453	72	-0.573592283605	1	-0.0668611459378	88	-0.0728944903146	89	-0.0405798949734	68	0.0673714584553	4	0.108955713171	6	-0.582322228908	1	-0.680036779985	-1.25362906359	-0.686034652813	-0.571081066815	-1.26235900889
M06_DY_TO_DY_ALL28:G808-E1885	M06_DY_TO_DY_ALL28	ALL28	DY	DY	G808-E1885	otch	edy	0	f108v	f108v	G808-P0532	f108v.5	5	4	S	B	3	3	EXACT	-0.652231732337	5	0.0323575229574	4	-0.0196485285479	72	-0.0408981444311	2	-0.0138178823764	81	-0.0146200611407	83	-0.0213866253416	68	0.0098887221645	4	0.270958377107	6	-0.122828555182	2	-0.639522737928	-0.680420882359	-0.641260834721	-0.368564360821	-0.76235129311
M06_DY_TO_DY_ALL28:G808-E2031	M06_DY_TO_DY_ALL28	ALL28	DY	DY	G808-E2031	otch	edy	0	f113r	f113r	G808-P0579	f113r.10	10	11	S	B	3	3	EXACT	0.354570889482	12	0	0	0.0124293599445	72	0.448299750979	1	0.0951682997395	84	0.0989974418844	85	0.015203939601	68	-0.0347482280496	4	-0.00899830334798	6	0.151266258397	2	0.367000249426	0.815300000405	0.369774829083	0.358001946078	0.518266507823
M06_DY_TO_DY_ALL28:G808-E2053	M06_DY_TO_DY_ALL28	ALL28	DY	DY	G808-E2053	otch	edy	0	f113r	f113r	G808-P0590	f113r.42	42	5	S	B	3	3	EXACT	-0.14481376635	12	0	0	-0.0504735694341	72	0	0	-0.0300891619895	84	-0.0305261619617	84	-0.044685261296	68	-0.148884541615	4	-0.105297092297	6	1.34825165151	1	-0.195287335784	-0.195287335784	-0.189499027646	-0.300584428081	1.15296431573
M06_DY_TO_DY_ALL28:G808-E2105	M06_DY_TO_DY_ALL28	ALL28	DY	DY	G808-E2105	otch	edy	0	f114r	f114r	G808-P0615	f114r.29	29	13	S	B	3	3	EXACT	-0.229478304903	20	-0.283661434549	3	-0.043483345246	72	0.391730596746	1	-0.0659954153364	95	-0.0615854318865	96	-0.0440745847912	68	-0.0334425372227	4	-0.220541207606	6	0.383280570488	1	-0.556623084698	-0.164892487952	-0.557214324243	-0.777164292305	-0.173342514211
M06_DY_TO_DY_ALL28:G808-E2107	M06_DY_TO_DY_ALL28	ALL28	DY	DY	G808-E2107	otch	edy	0	f114r	f114r	G808-P0617	f114r.36	36	9	S	B	3	3	EXACT	0.00995128868546	25	-0.184702013472	2	-0.013946253578	72	-0.00174316269373	2	0.00736767378856	99	0.00692546281096	101	-0.0128000171427	68	-0.0334425372227	4	0.154585342105	6	-0.0299588823081	2	-0.188696978365	-0.190440141059	-0.18755074193	-0.0341116362598	-0.218655860673
M06_DY_TO_DY_ALL28:G808-E2125	M06_DY_TO_DY_ALL28	ALL28	DY	DY	G808-E2125	otch	edy	0	f114v	f114v	G808-P0623	f114v.12	12	7	S	B	3	3	EXACT	0.00035116994529	9	-0.168078858482	1	-0.023210626045	72	-0.0299106386489	3	0.0171065646899	82	0.0152999837446	85	-0.0181483142072	68	-0.109280208699	4	0.127576955848	6	0.0498596595889	4	-0.190938314581	-0.22084895323	-0.185876002743	-0.0633613587333	-0.141078654992
M06_DY_TO_DY_ALL28:G808-E2133	M06_DY_TO_DY_ALL28	ALL28	DY	DY	G808-E2133	otch	eody	1	f114v	f114v	G808-P0629	f114v.31	31	3	S	B	3	2	EXACT	0.0468731579121	13	0.173381179223	2	0.0126281388906	72	0.514076088117	1	0.0549024476263	87	0.0596350822139	88	0.00929873531026	68	0.0692177183459	4	-0.155003833512	6	0.506507487766	1	0.232882476025	0.746958564142	0.229553072445	0.0778786425135	0.739389963792
M06_DY_TO_DY_ALL28:G808-E2162	M06_DY_TO_DY_ALL28	ALL28	DY	DY	G808-E2162	otch	edy	0	f115v	f115v	G808-P0645	f115v.1	1	2	S	B	3	3	EXACT	-0.265211937732	25	-0.230758277637	5	-0.0329442318122	72	0	0	-0.081226773669	102	-0.0815521950346	102	-0.0473434894595	68	0.21183284996	4	0.258319609223	6	0	0	-0.528914447181	-0.528914447181	-0.543313704829	-0.270594837958	-0.528914447181
M06_DY_TO_DY_ALL28:G808-E2177	M06_DY_TO_DY_ALL28	ALL28	DY	DY	G808-E2177	otch	edy	0	f115v	f115v	G808-P0650	f115v.20	20	8	S	B	3	2	EXACT	0.0238366712451	6	-0.0651460257593	2	0.023375602056	72	0	0	0.0637807406783	80	0.0634553193127	80	0.0212545430879	68	0.0594233062821	4	-0.0787845425867	6	0	0	-0.0179337524581	-0.0179337524581	-0.0200548114263	-0.0967182950448	-0.0179337524581
M06_DY_TO_DY_ALL28:G808-E0346	M06_DY_TO_DY_ALL28	ALL28	DY	DY	G808-E0346	otch	edy	0	f34r	f34r	G808-P0118	f34r.11	11	6	H	B	2	3	EXACT	0.0125542417853	35	-0.110008481783	2	-0.0411687153877	72	0.000847327484466	1	-0.0160836245911	109	-0.0163077689593	110	-0.0378162849388	68	-0.0981696828947	4	0.0770649400268	6	0.155707198565	2	-0.138622955386	-0.137775627901	-0.135270524937	-0.0615580153588	0.0170842431792
M06_DY_TO_DY_ALL28:G808-E0677	M06_DY_TO_DY_ALL28	ALL28	DY	DY	G808-E0677	otch	edy	0	f66r	f66r	G808-P0218	f66r.74	74	3	T	B	5	2	EXACT	-0.151452155218	50	0.251202873262	3	-0.0381036998535	71	0	0	-0.0795115614195	124	-0.0799703871365	124	-0.0445831522947	67	0.0704235896361	4	-0.248893068477	6	0	0	0.0616470181907	0.0616470181907	0.0551675657495	-0.187246050287	0.0616470181907
M06_DY_TO_DY_ALL28:G808-E0962	M06_DY_TO_DY_ALL28	ALL28	DY	DY	G808-E0962	otch	edy	0	f79r	f79r	G808-P0251	f79r.2	2	3	B	B	2	3	EXACT	-0.361925594775	32	-0.0450746864417	2	-0.138394768789	72	-0.0590266896314	1	-0.189729462762	106	-0.187948892596	107	-0.15028755527	68	0.0637572870579	4	0.080786949844	6	-0.0714022853907	1	-0.545395050006	-0.604421739637	-0.557287836487	-0.464608100162	-0.616797335396
M06_DY_TO_DY_ALL28:G808-E1176	M06_DY_TO_DY_ALL28	ALL28	DY	DY	G808-E1176	otch	edy	0	f83r	f83r	G808-P0294	f83r.22	22	2	B	B	2	2	EXACT	-0.390268681242	22	0.0587817671225	2	-0.108056869345	72	-0.0237083438778	1	-0.14698686674	96	-0.146091186481	97	-0.125510472028	68	0.188643893864	4	-0.0534122719382	6	-0.182059345777	1	-0.439543783465	-0.463252127343	-0.456997386148	-0.492956055403	-0.621603129242
M06_DY_TO_DY_ALL28:G808-E1260	M06_DY_TO_DY_ALL28	ALL28	DY	DY	G808-E1260	otch	edy	0	f86v3	f86v	G808-P0320	f86v3.31	31	4	C	B	2	2	EXACT	-0.322383059381	23	0	0	-0.0395932517637	69	-0.537377577879	1	-0.0897816518256	92	-0.0947026318985	93	-0.0462347691491	65	0.068342398673	4	-0.121836049897	6	-0.557871359067	1	-0.361976311145	-0.899353889023	-0.36861782853	-0.483812361042	-0.919847670212
M06_DY_TO_DY_ALL28:G808-E1576	M06_DY_TO_DY_ALL28	ALL28	DY	DY	G808-E1576	pch	edy	0	f103r	f103r	G808-P0393	f103r.37	37	1	S	B	3	3	EXACT	-0.646896715766	9	0.0580938575062	2	-0.00948030182732	72	-0.493972685805	1	-0.041667023673	83	-0.0473769812151	84	-0.0144374060213	68	0.0747832565674	4	0.213456281143	6	-0.500581829598	1	-0.598283160087	-1.09225584589	-0.603240264281	-0.384826878943	-1.09886498968
M06_DY_TO_DY_ALL28:G808-E1589	M06_DY_TO_DY_ALL28	ALL28	DY	DY	G808-E1589	pch	edy	0	f103v	f103v	G808-P0401	f103v.9	9	7	S	B	3	3	EXACT	-0.588116735636	12	-0.214558330844	1	-0.0577246666366	72	0.0188456649619	1	-0.105918261128	85	-0.105661676843	86	-0.0510036153394	68	-0.171977329042	4	-0.106197364566	6	0.00782005085291	2	-0.860399733117	-0.841554068155	-0.85367868182	-0.966597097683	-0.852579682264
M06_DY_TO_DY_ALL28:G808-E1590	M06_DY_TO_DY_ALL28	ALL28	DY	DY	G808-E1590	pch	edy	0	f103v	f103v	G808-P0402	f103v.12	12	10	S	B	3	3	EXACT	-0.48114218211	9	-0.0579911166362	5	-0.0508238293991	72	-0.189795698328	1	-0.0643147669528	86	-0.066955770794	87	-0.0440941060229	68	-0.16522391715	4	-0.112278468092	6	-0.234834466884	1	-0.589957128146	-0.779752826474	-0.583227404769	-0.702235596238	-0.82479159503
M06_DY_TO_DY_ALL28:G808-E1633	M06_DY_TO_DY_ALL28	ALL28	DY	DY	G808-E1633	pch	edy	0	f104r	f104r	G808-P0424	f104r.43	43	5	S	B	3	3	EXACT	-0.106683686435	12	-0.321593071727	4	-0.0150132183854	72	-0.118328784469	1	-0.0116785350362	88	-0.0133341298411	89	-0.0108690204219	68	-0.0854731140606	4	0.239271188839	6	-0.160238754331	2	-0.443289976547	-0.561618761016	-0.439145778584	-0.204018787709	-0.603528730878
M06_DY_TO_DY_ALL28:G808-E1695	M06_DY_TO_DY_ALL28	ALL28	DY	DY	G808-E1695	pch	edy	0	f105v	f105v	G808-P0450	f105v.8	8	7	S	B	3	3	EXACT	-0.039841146107	39	0	0	-0.0175453005975	72	0	0	-0.0202854958408	111	-0.0208039521027	111	-0.0114319244763	68	-0.121481759916	4	-0.244799489843	6	0	0	-0.0573864467045	-0.0573864467045	-0.0512730705833	-0.302185936548	-0.0573864467045
M06_DY_TO_DY_ALL28:G808-E1753	M06_DY_TO_DY_ALL28	ALL28	DY	DY	G808-E1753	pch	edy	0	f106v	f106v	G808-P0483	f106v.32	32	9	S	B	3	3	EXACT	-0.0275279587714	6	-0.242096261181	1	-0.0615238548354	72	-0.00561938577814	1	-0.0222083262728	79	-0.0223785178757	80	-0.0511365269942	68	-0.238117242239	4	0.105723783228	6	-0.0587796722061	1	-0.331148074788	-0.336767460566	-0.320760746947	-0.22542429156	-0.389927746994
M06_DY_TO_DY_ALL28:G808-E1754	M06_DY_TO_DY_ALL28	ALL28	DY	DY	G808-E1754	pch	eody	1	f106v	f106v	G808-P0484	f106v.34	34	9	S	B	3	3	EXACT	0.144127400826	13	-0.0768792996647	2	-0.0271599198782	72	0.0463657060111	2	0.0267740398146	87	0.0269466968856	89	-0.0190333617531	68	-0.165320222109	4	0.177791189118	6	0.389551255476	2	0.0400881812831	0.0864538872941	0.0482147394082	0.217879370402	0.429639436759
M06_DY_TO_DY_ALL28:G808-E1826	M06_DY_TO_DY_ALL28	ALL28	DY	DY	G808-E1826	pch	edy	0	f108r	f108r	G808-P0518	f108r.5	5	10	S	B	3	3	EXACT	-0.172274281288	16	0.0315642089477	4	-0.0144552784968	72	0	0	-0.0112686778649	92	-0.0120662264513	92	-0.00245852771968	68	-0.218409853017	4	-0.302443938464	6	0	0	-0.155165350837	-0.155165350837	-0.14316860006	-0.457609289301	-0.155165350837
M06_DY_TO_DY_ALL28:G808-E1966	M06_DY_TO_DY_ALL28	ALL28	DY	DY	G808-E1966	pch	edy	0	f111v	f111v	G808-P0546	f111v.29	29	5	S	B	3	3	EXACT	-0.418155682803	6	0	0	-0.00919208027226	72	-0.0512156287677	2	-0.00438749105811	78	-0.00568742706209	80	-0.00255927767711	68	-0.121958852187	4	-0.139015162563	6	-0.0668161233072	2	-0.427347763076	-0.478563391843	-0.420714960481	-0.566362925639	-0.494163886383
M06_DY_TO_DY_ALL28:G808-E1978	M06_DY_TO_DY_ALL28	ALL28	DY	DY	G808-E1978	pch	edy	0	f112r	f112r	G808-P0554	f112r.15	15	7	S	B	3	2	EXACT	0.0134587937056	21	0	0	-0.0201454950499	72	0	0	0.00927778613714	93	0.00856772628464	93	-0.0172357870388	68	-0.0696203273904	4	-0.0160604073845	6	-0.983639516553	1	-0.00668670134426	-0.00668670134426	-0.00377699333322	-0.0227471087287	-0.990326217897
M06_DY_TO_DY_ALL28:G808-E2050	M06_DY_TO_DY_ALL28	ALL28	DY	DY	G808-E2050	pch	eody	1	f113r	f113r	G808-P0588	f113r.37	37	6	S	B	3	3	EXACT	0.329581983681	5	-0.0587981112749	2	-0.00862473531346	72	0	0	0.0520286612181	79	0.0515730142241	79	-0.00137909199094	68	-0.131809512712	4	-0.0861756831598	6	0	0	0.262159137092	0.262159137092	0.269404780415	0.175983453932	0.262159137092
M06_DY_TO_DY_ALL28:G808-E2152	M06_DY_TO_DY_ALL28	ALL28	DY	DY	G808-E2152	pch	edy	0	f115r	f115r	G808-P0639	f115r.26	26	10	S	B	@	3	EXACT	-0.121216071568	10	-0.124709840712	2	-0.0217140812399	70	-0.0765640747599	1	-0.0025686509893	82	-0.00386700776722	83	-0.0121975715177	66	-0.178736041441	4	-0.193109856535	6	-0.0831337775652	1	-0.267639993521	-0.34420406828	-0.258123483798	-0.460749850056	-0.350773771086
M06_DY_TO_DY_ALL28:G808-E0280	M06_DY_TO_DY_ALL28	ALL28	DY	DY	G808-E0280	pch	edy	0	f26v	f26v	G808-P0092	f26v.7	7	1	H	B	2	3	EXACT	0.0208014557306	39	-0.111625231224	2	-0.0328429303397	72	-0.155640235981	1	-0.0104529883128	113	-0.0121709443357	114	-0.0382891167805	68	0.0597334606592	4	0.265233669692	6	-0.167632797409	1	-0.123666705834	-0.279306941814	-0.129112892274	0.141566963858	-0.291299503242
M06_DY_TO_DY_ALL28:G808-E0413	M06_DY_TO_DY_ALL28	ALL28	DY	DY	G808-E0413	pch	eody	1	f41v	f41v	G808-P0147	f41v.2	2	1	H	B	5	3	EXACT	-0.0213572013993	25	-0.133041037765	1	-0.00189657457854	72	0	0	0.00843069578248	98	0.00793270854972	98	-0.00599409841078	68	0.0677527133018	4	0.0695572345583	6	0	0	-0.156294813743	-0.156294813743	-0.160392337575	-0.0867375791847	-0.156294813743
M06_DY_TO_DY_ALL28:G808-E0694	M06_DY_TO_DY_ALL28	ALL28	DY	DY	G808-E0694	pch	edy	0	f75r	f75r	G808-P0222	f75r.7	7	1	B	B	2	2	EXACT	-0.391478748507	87	-0.137756717557	4	-0.0799340936954	72	0	0	-0.265027284637	163	-0.265449409863	163	-0.0887907420929	68	0.0706196186572	4	0.0300341668735	6	0	0	-0.60916955976	-0.60916955976	-0.618026208157	-0.579135392886	-0.60916955976
M06_DY_TO_DY_ALL28:G808-E0699	M06_DY_TO_DY_ALL28	ALL28	DY	DY	G808-E0699	pch	edy	0	f75r	f75r	G808-P0222	f75r.13	13	1	B	B	2	2	EXACT	-0.391478748507	87	-0.21662570161	1	-0.0770722368377	72	0	0	-0.266806891739	160	-0.267229016964	160	-0.0857605407141	68	0.0706196186572	4	-0.00745676266245	6	0	0	-0.685176686955	-0.685176686955	-0.693864990832	-0.692633449618	-0.685176686955
M06_DY_TO_DY_ALL28:G808-E0709	M06_DY_TO_DY_ALL28	ALL28	DY	DY	G808-E0709	pch	edy	0	f75r	f75r	G808-P0223	f75r.28	28	2	B	B	2	3	EXACT	-0.420289587728	27	-0.0144813230993	4	-0.0749534133137	72	-0.550299692752	1	-0.149269560916	103	-0.153459463076	104	-0.0915355542297	68	0.206933671853	4	-0.0712125172212	6	-0.557960749749	1	-0.509724324141	-1.06002401689	-0.526306465057	-0.580936841362	-1.06768507389
M06_DY_TO_DY_ALL28:G808-E0765	M06_DY_TO_DY_ALL28	ALL28	DY	DY	G808-E0765	pch	edy	0	f76r	f76r	G808-P0231	f76r.33	33	8	T	B	2	3	EXACT	-0.306593456414	125	-0.214650649202	4	-0.00517916256452	69	-0.0774880809071	1	-0.223778045047	198	-0.223096663332	199	0.00180241682943	65	-0.118622846297	4	-0.00909748077833	6	-0.108479570362	2	-0.52642326818	-0.603911349088	-0.519441688786	-0.535520748959	-0.634902838542
M06_DY_TO_DY_ALL28:G808-E0852	M06_DY_TO_DY_ALL28	ALL28	DY	DY	G808-E0852	pch	edy	0	f77r	f77r	G808-P0242	f77r.36	36	2	B	B	2	2	EXACT	-0.520619527164	43	0.0626831281546	1	-0.0983253950609	72	-0.0624961955455	1	-0.251030167102	116	-0.249796227822	117	-0.116377096851	68	0.208544575344	4	-0.0850947947035	6	-0.0684780027383	1	-0.55626179407	-0.618757989615	-0.57431349586	-0.641356588773	-0.624739796808
M06_DY_TO_DY_ALL28:G808-E0926	M06_DY_TO_DY_ALL28	ALL28	DY	DY	G808-E0926	pch	edy	0	f78r	f78r	G808-P0248	f78r.43	43	2	B	B	2	1	EXACT	-0.412461246107	52	0	0	-0.0722055506471	72	0	0	-0.217391776826	124	-0.217611347806	124	-0.0806510973835	68	0.0713596107266	4	-0.0678937103112	6	0.0964073367545	2	-0.484666796754	-0.484666796754	-0.493112343491	-0.552560507066	-0.38825946
M06_DY_TO_DY_ALL28:G808-E0940	M06_DY_TO_DY_ALL28	ALL28	DY	DY	G808-E0940	pch	edy	0	f78v	f78v	G808-P0249	f78v.10	10	5	B	B	2	2	EXACT	-0.411276933135	70	0	0	-0.108531441951	72	-0.302580795843	1	-0.269156918054	142	-0.269609138873	143	-0.107398725888	68	-0.127796711555	4	-0.2689198738	6	-0.257587180778	2	-0.519808375087	-0.82238917093	-0.518675659023	-0.788728248887	-0.777395555865
M06_DY_TO_DY_ALL28:G808-E1081	M06_DY_TO_DY_ALL28	ALL28	DY	DY	G808-E1081	pch	edy	0	f81r	f81r	G808-P0280	f81r.26	26	1	B	B	2	2	EXACT	-0.377045218669	51	-0.117785609081	1	-0.116534242249	72	0.122776116046	1	-0.226017890634	124	-0.223655139493	125	-0.128586417828	68	0.0883434413267	4	-0.00268838967323	6	0.0935169027283	1	-0.611365069999	-0.488588953953	-0.623417245578	-0.614053459672	-0.517848167271
M06_DY_TO_DY_ALL28:G808-E1086	M06_DY_TO_DY_ALL28	ALL28	DY	DY	G808-E1086	pch	edy	0	f81v	f81v	G808-P0281	f81v.1	1	8	B	B	2	3	EXACT	-0.3922766273	44	0.25842536979	4	-0.144198097366	72	-0.0441982360089	1	-0.219767066389	120	-0.218671536143	121	-0.144981083136	68	-0.130896348295	4	0.265302256759	6	0.106924210824	3	-0.278049354877	-0.322247590885	-0.278832340646	-0.0127470981179	-0.171125144053
M06_DY_TO_DY_ALL28:G808-E1138	M06_DY_TO_DY_ALL28	ALL28	DY	DY	G808-E1138	pch	edy	0	f82v	f82v	G808-P0288	f82v.15	15	8	B	B	2	3	EXACT	-0.326705818704	26	-0.129356431236	4	-0.127214875468	72	0.728195840586	1	-0.162367882156	102	-0.154199352323	103	-0.123760787052	68	-0.185943357482	4	-0.132041979112	6	0.723162757059	1	-0.583277125408	0.144918715178	-0.579823036992	-0.71531910452	0.139885631651
M06_DY_TO_DY_ALL28:G808-E1225	M06_DY_TO_DY_ALL28	ALL28	DY	DY	G808-E1225	pch	edy	0	f85r1	f85r	G808-P0303	f85r1.7	7	1	T	B	2	3	EXACT	-0.0760095831471	16	-0.138885647882	2	-0.000388843607441	72	0	0	0.0099491960263	90	0.00931237593385	90	-0.0021353109598	68	0.0293141540261	4	-0.0099649667194	6	0	0	-0.215284074636	-0.215284074636	-0.217030541989	-0.225249041356	-0.215284074636
M06_DY_TO_DY_ALL28:G808-E1301	M06_DY_TO_DY_ALL28	ALL28	DY	DY	G808-E1301	pch	edy	0	f86v6	f86v	G808-P0328	f86v6.24	24	7	T	B	2	3	EXACT	-0.165971842417	48	0.00217439965699	5	-0.0710134569204	72	-0.470132433701	1	-0.106034949103	125	-0.109092400684	126	-0.0682425409921	68	-0.11812826192	4	-0.125789932215	6	-0.499703313774	1	-0.23481089968	-0.704943333381	-0.232039983752	-0.360600831895	-0.734514213454
M06_DY_TO_DY_ALL28:G808-E1450	M06_DY_TO_DY_ALL28	ALL28	DY	DY	G808-E1450	pch	eody	1	f99r	f99r	G808-P0363	f99r.15	15	1	P	A	1	3	EXACT	0.531882141758	14	0.300708498976	3	0.109357069178	72	0.0406910508412	1	0.209812157372	89	0.207606403879	90	0.112057498121	68	0.0634411289232	4	-0.0984676722353	6	-0.0148144117357	1	0.941947709911	0.982638760753	0.944648138854	0.843480037676	0.927133298176
M06_DY_TO_DY_ALL28:G808-E1536	M06_DY_TO_DY_ALL28	ALL28	DY	DY	G808-E1536	qok	eody	1	f102v1	f102v	G808-P0378	f102v1.20	20	5	P	A	1	3	EXACT	0.415263582517	20	-0.403469084576	2	0.0934626402253	72	-0.0420056687612	1	0.175786917021	94	0.172539247294	95	0.1060680831	68	-0.120841631397	4	-0.170145953499	6	-0.0651200641266	1	0.105257138166	0.0632514694052	0.117862581041	-0.0648888153328	0.0401370740398
M06_DY_TO_DY_ALL28:G808-E1551	M06_DY_TO_DY_ALL28	ALL28	DY	DY	G808-E1551	qok	edy	0	f103r	f103r	G808-P0381	f103r.4	4	2	S	B	3	2	EXACT	-0.35607226763	28	-0.60694197638	1	-0.0324523185227	71	-0.0844583629003	1	-0.113327508163	100	-0.113877312009	101	-0.0467258518402	67	0.206626806468	4	-0.276701200842	6	-0.0825609778323	1	-0.995466562532	-1.07992492543	-1.00974009585	-1.27216776337	-1.07802754036
M06_DY_TO_DY_ALL28:G808-E1672	M06_DY_TO_DY_ALL28	ALL28	DY	DY	G808-E1672	qok	edy	0	f105r	f105r	G808-P0442	f105r.17	17	4	S	B	3	3	EXACT	0.0647862724077	28	0.216578619582	1	-0.0380793978915	70	0	0	0.00907441216575	99	0.0079018054241	99	-0.0404580417676	66	0.00117524098858	4	-0.341948686273	6	0	0	0.243285494098	0.243285494098	0.240906850222	-0.098663192175	0.243285494098
M06_DY_TO_DY_ALL28:G808-E1681	M06_DY_TO_DY_ALL28	ALL28	DY	DY	G808-E1681	qok	edy	0	f105r	f105r	G808-P0442	f105r.21	21	4	S	B	3	3	EXACT	0.0647862724077	28	-0.150206127641	1	-0.0299080725723	71	-0.051025181985	1	0.0113323641875	100	0.0098155306187	101	-0.0317640606357	67	0.00117524098858	4	-0.263551146175	6	-0.0519623210463	1	-0.115327927805	-0.16635310979	-0.117183915869	-0.37887907398	-0.167290248852
M06_DY_TO_DY_ALL28:G808-E1692	M06_DY_TO_DY_ALL28	ALL28	DY	DY	G808-E1692	qok	edy	0	f105v	f105v	G808-P0448	f105v.3	3	8	S	B	3	3	EXACT	-0.127607620995	16	0.350807465252	1	-0.0552676486293	72	0.10315964845	1	-0.0331675097397	89	-0.0324888856717	90	-0.0501850393281	68	-0.141683418343	4	-0.143049527898	6	0.0282800213433	1	0.167932195628	0.271091844078	0.173014804929	0.0248826677301	0.196212216971
M06_DY_TO_DY_ALL28:G808-E1732	M06_DY_TO_DY_ALL28	ALL28	DY	DY	G808-E1732	qok	edy	0	f106r	f106r	G808-P0465	f106r.23	23	5	S	B	3	3	EXACT	-0.631529137252	4	0.0734463121957	1	-0.0458810795302	72	-0.0723398035721	1	-0.0252983546501	77	-0.0266207609005	78	-0.0407463381315	68	-0.133183394164	4	-0.0353236719822	6	-0.11699340032	1	-0.603963904587	-0.676303708159	-0.598829163188	-0.639287576569	-0.720957304907
M06_DY_TO_DY_ALL28:G808-E1781	M06_DY_TO_DY_ALL28	ALL28	DY	DY	G808-E1781	qok	edy	0	f107v	f107v	G808-P0502	f107v.2	2	6	S	B	3	3	EXACT	-0.1748278063	21	0.0622135308063	5	-0.0505075837588	72	-0.426794434468	1	-0.0486375993091	98	-0.0531767871208	99	-0.0445940735278	68	-0.15104843033	4	-0.223053826789	6	-0.504696431113	1	-0.163121859252	-0.58991629372	-0.157208349021	-0.386175686041	-0.667818290365
M06_DY_TO_DY_ALL28:G808-E1798	M06_DY_TO_DY_ALL28	ALL28	DY	DY	G808-E1798	qok	eody	1	f107v	f107v	G808-P0506	f107v.16	16	7	S	B	3	3	EXACT	-0.17334327416	18	-0.213169758608	2	0.00134680328003	72	0	0	-0.0109798581814	92	-0.0119221929461	92	0.00838970250902	68	-0.118393656258	4	-0.149562781176	6	0	0	-0.385166229488	-0.385166229488	-0.378123330259	-0.534729010664	-0.385166229488
M06_DY_TO_DY_ALL28:G808-E1832	M06_DY_TO_DY_ALL28	ALL28	DY	DY	G808-E1832	qok	edy	0	f108r	f108r	G808-P0518	f108r.7	7	5	S	B	3	3	EXACT	-0.210915506466	14	-0.119766736795	1	-0.00428717528274	72	-0.155564175195	2	-0.00325856116827	87	-0.00717130151259	89	0.00237463168312	68	-0.11754998039	4	-0.186157074858	6	-0.154310393062	3	-0.334969418544	-0.490533593739	-0.328307611578	-0.521126493401	-0.489279811606
M06_DY_TO_DY_ALL28:G808-E1847	M06_DY_TO_DY_ALL28	ALL28	DY	DY	G808-E1847	qok	edy	0	f108r	f108r	G808-P0523	f108r.27	27	8	S	B	3	3	EXACT	-0.207177134144	15	-0.0678801679819	2	-0.0457617612019	72	-0.308416936535	1	-0.0394661002579	89	-0.0432383857035	90	-0.0330375479902	68	-0.262085472488	4	-0.217181656586	6	-0.326877649155	1	-0.320819063328	-0.629235999864	-0.308094850117	-0.538000719914	-0.647696712483
M06_DY_TO_DY_ALL28:G808-E1852	M06_DY_TO_DY_ALL28	ALL28	DY	DY	G808-E1852	qok	edy	0	f108r	f108r	G808-P0524	f108r.30	30	5	S	B	3	2	EXACT	-0.522865168152	5	0	0	0.0186580966001	72	-0.0558164291752	1	0.0349940394477	77	0.0330900665255	78	0.0291258144059	68	-0.159305192786	4	-0.195008009658	6	-0.0570288585619	1	-0.504207071552	-0.560023500727	-0.493739353746	-0.699215081209	-0.561235930114
M06_DY_TO_DY_ALL28:G808-E1858	M06_DY_TO_DY_ALL28	ALL28	DY	DY	G808-E1858	qok	edy	0	f108r	f108r	G808-P0525	f108r.33	33	3	S	B	3	2	EXACT	-0.309342993315	3	-0.0035681981813	2	-0.0109325796097	72	0	0	0.0324294932142	77	0.0313582070049	77	-0.024009604164	68	0.211364751125	4	-0.193182725034	6	0	0	-0.323843771106	-0.323843771106	-0.33692079566	-0.51702649614	-0.323843771106
M06_DY_TO_DY_ALL28:G808-E1860	M06_DY_TO_DY_ALL28	ALL28	DY	DY	G808-E1860	qok	edy	0	f108r	f108r	G808-P0525	f108r.34	34	3	S	B	3	1	EXACT	-0.309342993315	3	0	0	0.0145549245438	72	0.00430698472208	2	0.0571245731453	75	0.0553531133411	77	0.00608975200885	68	0.158450770951	4	0.027951303025	6	0.00309455533535	2	-0.294788068771	-0.290481084049	-0.303253241306	-0.266836765746	-0.291693513436
M06_DY_TO_DY_ALL28:G808-E1874	M06_DY_TO_DY_ALL28	ALL28	DY	DY	G808-E1874	qok	edy	0	f108r	f108r	G808-P0529	f108r.46	46	10	S	B	3	3	EXACT	-0.296738476211	7	-0.104771242548	5	-0.0472100090202	72	0	0	-0.024954571795	84	-0.0260258580043	84	-0.0457561457715	68	-0.0719377709352	4	-0.0737530499922	6	0	0	-0.448719727778	-0.448719727778	-0.44726586453	-0.522472777771	-0.448719727778
M06_DY_TO_DY_ALL28:G808-E1891	M06_DY_TO_DY_ALL28	ALL28	DY	DY	G808-E1891	qok	edy	0	f108v	f108v	G808-P0533	f108v.11	11	6	S	B	3	3	EXACT	-0.351018156662	27	-0.272810447316	2	-0.0311258231742	72	0	0	-0.105444904508	101	-0.106504343617	101	-0.0250051933837	68	-0.135188208921	4	-0.00178014369793	6	0	0	-0.654954427152	-0.654954427152	-0.648833797361	-0.65673457085	-0.654954427152
M06_DY_TO_DY_ALL28:G808-E1892	M06_DY_TO_DY_ALL28	ALL28	DY	DY	G808-E1892	qok	edy	0	f108v	f108v	G808-P0534	f108v.12	12	6	S	B	3	3	EXACT	-0.299247245545	13	0.0190460281398	3	-0.0431250787553	72	0.108678954916	2	-0.0462418232498	88	-0.0433021124552	90	-0.0377102875284	68	-0.135188208921	4	0.20771492515	6	0.0548292782834	2	-0.323326296161	-0.214647341245	-0.317911504934	-0.115611371011	-0.268497017877
M06_DY_TO_DY_ALL28:G808-E1913	M06_DY_TO_DY_ALL28	ALL28	DY	DY	G808-E1913	qok	edy	0	f108v	f108v	G808-P0537	f108v.36	36	3	S	B	3	3	EXACT	-0.403028200352	81	0.0357895198588	3	-0.0202861499103	72	-0.183084559387	3	-0.237997154372	156	-0.237548035698	159	-0.0310205035124	68	0.162186182016	4	-0.0791552787272	6	-0.205659582514	3	-0.387524830403	-0.57060938979	-0.398259184005	-0.46668010913	-0.593184412917
M06_DY_TO_DY_ALL28:G808-E1916	M06_DY_TO_DY_ALL28	ALL28	DY	DY	G808-E1916	qok	edy	0	f108v	f108v	G808-P0537	f108v.38	38	6	S	B	3	3	EXACT	-0.403028200352	81	-0.251110047083	3	-0.0201866026596	72	0.786379407052	1	-0.243468508851	156	-0.237808910487	157	-0.0134288195957	68	-0.135080594055	4	-0.230823147507	6	0.143852664597	2	-0.674324850094	0.112054556958	-0.66756706703	-0.905147997601	-0.530472185497
M06_DY_TO_DY_ALL28:G808-E1928	M06_DY_TO_DY_ALL28	ALL28	DY	DY	G808-E1928	qok	edy	0	f111r	f111r	G808-P0538	f111r.4	4	7	S	B	3	3	EXACT	-0.333286636885	22	0.0912475091043	6	-0.0618380407555	72	0	0	-0.0902536247757	100	-0.0914636079658	100	-0.0576586079549	68	-0.132903780714	4	-0.120993623587	6	0.477164650271	1	-0.303877168536	-0.303877168536	-0.299697735735	-0.424870792123	0.173287481735
M06_DY_TO_DY_ALL28:G808-E1933	M06_DY_TO_DY_ALL28	ALL28	DY	DY	G808-E1933	qok	eody	1	f111r	f111r	G808-P0539	f111r.7	7	8	S	B	3	3	EXACT	-0.134698608467	128	-0.17713362368	5	-0.0263751701719	69	-0.0117671236342	1	-0.137267330965	202	-0.137720329624	203	-0.019820919642	65	-0.132864767582	4	-0.0851020178281	6	-0.00842634211813	1	-0.338207402319	-0.349974525954	-0.33165315179	-0.423309420148	-0.346633744438
M06_DY_TO_DY_ALL28:G808-E1981	M06_DY_TO_DY_ALL28	ALL28	DY	DY	G808-E1981	qok	edy	0	f112r	f112r	G808-P0556	f112r.24	24	6	S	B	3	2	EXACT	-0.106408540426	15	0	0	-0.00351633761336	72	0	0	0.0115029681469	87	0.0101976580918	87	0.00476085389342	68	-0.144240731467	4	-0.299757362105	6	0	0	-0.109924878039	-0.109924878039	-0.101647686532	-0.409682240145	-0.109924878039
M06_DY_TO_DY_ALL28:G808-E1987	M06_DY_TO_DY_ALL28	ALL28	DY	DY	G808-E1987	qok	edy	0	f112r	f112r	G808-P0557	f112r.30	30	8	S	B	3	2	EXACT	-0.328171364377	20	-0.288267866666	2	-0.0458241864066	72	0.0166100972731	1	-0.0852671056615	94	-0.0851753754815	95	-0.0446558459235	68	-0.065698112858	4	-0.123372416806	6	0.399866120074	1	-0.662263417449	-0.645653320176	-0.661095076966	-0.785635834254	-0.262397297375
M06_DY_TO_DY_ALL28:G808-E2004	M06_DY_TO_DY_ALL28	ALL28	DY	DY	G808-E2004	qok	edy	0	f112v	f112v	G808-P0567	f112v.20	20	5	S	B	3	3	EXACT	-0.247352325862	4	-0.305590682336	1	-0.0276239736064	72	0.100539802728	1	0.016329744485	77	0.0173067855037	78	-0.0221763895342	68	-0.120258977251	4	0.0246907913918	6	0.0942859004821	1	-0.580566981804	-0.480027179076	-0.575119397731	-0.555876190412	-0.486281081322
M06_DY_TO_DY_ALL28:G808-E2011	M06_DY_TO_DY_ALL28	ALL28	DY	DY	G808-E2011	qok	edy	0	f112v	f112v	G808-P0571	f112v.33	33	4	S	B	3	3	EXACT	-0.338334188494	17	0.447252939853	2	0.00197414844988	72	-0.122791308852	1	-0.0166212195364	91	-0.017884325826	92	0.00381436285409	68	-0.0293355708384	4	-0.0360961450075	6	-0.117133429516	3	0.110892899809	-0.011898409043	0.112733114213	0.0747967548016	-0.0062405297065
M06_DY_TO_DY_ALL28:G808-E2019	M06_DY_TO_DY_ALL28	ALL28	DY	DY	G808-E2019	qok	edy	0	f112v	f112v	G808-P0574	f112v.42	42	10	S	B	3	3	EXACT	-0.294703154988	9	0	0	-0.0299814204811	71	0	0	-0.0103745337475	80	-0.0105198787866	80	-0.0317565755321	67	-0.000254888611274	4	0.196797281681	6	0	0	-0.324684575469	-0.324684575469	-0.32645973052	-0.127887293789	-0.324684575469
M06_DY_TO_DY_ALL28:G808-E2025	M06_DY_TO_DY_ALL28	ALL28	DY	DY	G808-E2025	qok	edy	0	f113r	f113r	G808-P0576	f113r.2	2	4	S	B	3	3	EXACT	0.0651439232065	7	-0.218719309655	4	-0.0205578477508	72	0	0	0.0195246286269	83	0.0183201735948	83	-0.0288624411267	68	0.120608971298	4	0.0658275540146	6	0	0	-0.174133234199	-0.174133234199	-0.182437827575	-0.108305680185	-0.174133234199
M06_DY_TO_DY_ALL28:G808-E2026	M06_DY_TO_DY_ALL28	ALL28	DY	DY	G808-E2026	qok	edy	0	f113r	f113r	G808-P0577	f113r.4	4	7	S	B	3	3	EXACT	-0.319779103238	22	-0.0443719871657	4	-0.00183673466674	72	0	0	-0.05270839406	98	-0.0539128490921	98	0.00723988502966	68	-0.156150537847	4	0.240316804724	6	-0.112462847461	1	-0.365987825071	-0.365987825071	-0.356911205374	-0.125671020347	-0.478450672532
M06_DY_TO_DY_ALL28:G808-E2029	M06_DY_TO_DY_ALL28	ALL28	DY	DY	G808-E2029	qok	eody	1	f113r	f113r	G808-P0579	f113r.10	10	2	S	B	3	3	EXACT	0.324807421346	12	0.510359919365	2	0.0187878554329	72	-0.201457263564	1	0.108221784767	86	0.103775758939	87	0.00811977789748	68	0.200133905194	4	-0.144431672973	6	-0.198404136805	1	0.853955196143	0.652497932579	0.843287118608	0.709523523171	0.655551059339
M06_DY_TO_DY_ALL28:G808-E2139	M06_DY_TO_DY_ALL28	ALL28	DY	DY	G808-E2139	qok	edy	0	f115r	f115r	G808-P0633	f115r.6	6	4	S	B	@	3	EXACT	-0.201806084293	11	1.22941999797	1	0.000143377262477	70	0.000765261846459	1	0.0253373759879	82	0.0241934691766	83	-0.000183550137085	66	0.00553888410555	4	0.200423976793	6	-0.0238476649257	1	1.02775729094	1.02852255279	1.02743036354	1.22818126774	1.00390962602
M06_DY_TO_DY_ALL28:G808-E0269	M06_DY_TO_DY_ALL28	ALL28	DY	DY	G808-E0269	qok	edy	0	f26r	f26r	G808-P0091	f26r.7	7	2	H	B	2	3	EXACT	-0.370158730776	8	0.539988436635	2	0.00500196373715	72	-0.376342676627	1	0.0235622378321	82	0.0178390006904	83	-0.00656905620245	68	0.201698291219	4	0.233674396	6	-0.380230486387	1	0.174831669596	-0.201511007031	0.163260649656	0.408506065596	-0.205398816791
M06_DY_TO_DY_ALL28:G808-E0313	M06_DY_TO_DY_ALL28	ALL28	DY	DY	G808-E0313	qok	edy	0	f31r	f31r	G808-P0108	f31r.6	6	2	H	B	2	2	EXACT	-0.158156110063	3	-0.0528761622708	2	-0.0184284162003	72	0	0	0.0263524814731	77	0.0251817898573	77	-0.0314537944526	68	0.202991955731	4	-0.166304896831	6	0	0	-0.229460688534	-0.229460688534	-0.242486066786	-0.395765585365	-0.229460688534
M06_DY_TO_DY_ALL28:G808-E0316	M06_DY_TO_DY_ALL28	ALL28	DY	DY	G808-E0316	qok	edy	0	f31r	f31r	G808-P0108	f31r.7	7	5	H	B	2	2	EXACT	-0.158156110063	3	0.00376601568793	1	-0.0397201187751	72	0	0	0.00770348207508	76	0.00653279045922	76	-0.0335059983629	68	-0.145371224139	4	-0.320720742087	6	0	0	-0.19411021315	-0.19411021315	-0.187896092738	-0.514830955236	-0.19411021315
M06_DY_TO_DY_ALL28:G808-E0320	M06_DY_TO_DY_ALL28	ALL28	DY	DY	G808-E0320	qok	edy	0	f31r	f31r	G808-P0109	f31r.10	10	5	H	B	2	2	EXACT	-0.111988436684	18	0	0	-0.00426940062602	72	-0.121135800036	1	0.00218227295674	90	-4.75985465325e-05	91	0.00403005614786	68	-0.145371224139	4	-0.32176341994	6	-0.108560374008	2	-0.11625783731	-0.237393637346	-0.107958380536	-0.43802125725	-0.224818211318
M06_DY_TO_DY_ALL28:G808-E0336	M06_DY_TO_DY_ALL28	ALL28	DY	DY	G808-E0336	qok	edy	0	f33r	f33r	G808-P0114	f33r.3	3	4	H	B	2	3	EXACT	-0.129529228145	36	0	0	-0.0493532825699	72	0	0	-0.0683933426549	108	-0.0695413728295	108	-0.0525462454947	68	0.00491607141827	4	-0.229555944627	6	-0.200540500531	1	-0.178882510715	-0.178882510715	-0.18207547364	-0.408438455343	-0.379423011247
M06_DY_TO_DY_ALL28:G808-E0344	M06_DY_TO_DY_ALL28	ALL28	DY	DY	G808-E0344	qok	edy	0	f34r	f34r	G808-P0117	f34r.7	7	1	H	B	2	3	EXACT	-0.135443575662	43	-0.145830903544	2	-0.0342797227415	72	-0.220084562718	2	-0.0713128168176	117	-0.0745213167644	119	-0.0420321843281	68	0.0975010642254	4	0.0209449433682	6	-0.226907620272	2	-0.315554201947	-0.535638764665	-0.323306663534	-0.294609258579	-0.54246182222
M06_DY_TO_DY_ALL28:G808-E0349	M06_DY_TO_DY_ALL28	ALL28	DY	DY	G808-E0349	qok	edy	0	f34r	f34r	G808-P0118	f34r.15	15	6	H	B	2	3	EXACT	-0.00329262957311	35	0.000487941700963	1	-0.0756423046174	71	0	0	-0.0430496661384	107	-0.0442036214219	107	-0.0672901302605	67	-0.215544180617	4	0.136089274918	6	0	0	-0.0784469924896	-0.0784469924896	-0.0700948181327	0.0576422824281	-0.0784469924896
M06_DY_TO_DY_ALL28:G808-E0386	M06_DY_TO_DY_ALL28	ALL28	DY	DY	G808-E0386	qok	edy	0	f39r	f39r	G808-P0136	f39r.2	2	3	H	B	2	3	EXACT	-0.316990609295	18	-0.0831778422092	2	-0.00638994336165	72	-0.0971825686251	1	-0.0417941839614	92	-0.0432617630302	93	-0.0159376882563	68	0.155910629135	4	0.114488105376	6	-0.0944697521645	1	-0.406558394866	-0.503740963491	-0.416106139761	-0.29207028949	-0.50102814703
M06_DY_TO_DY_ALL28:G808-E0403	M06_DY_TO_DY_ALL28	ALL28	DY	DY	G808-E0403	qok	edy	0	f40v	f40v	G808-P0144	f40v.13	13	5	H	B	2	2	EXACT	-0.196521098746	36	0	0	-0.0219616746261	72	-0.330367838414	1	-0.0723851303249	108	-0.0756410693316	109	-0.0102577473624	68	-0.220939453627	4	-0.121345956088	6	-0.327788403668	1	-0.218482773372	-0.548850611786	-0.206778846108	-0.33982872946	-0.54627117704
M06_DY_TO_DY_ALL28:G808-E0405	M06_DY_TO_DY_ALL28	ALL28	DY	DY	G808-E0405	qok	edy	0	f41r	f41r	G808-P0145	f41r.2	2	11	H	B	5	3	EXACT	-0.02537552426	11	0.115382781769	2	-0.00392796524021	72	0	0	0.0332256115463	85	0.0320474349777	85	-0.000536994367232	68	-0.0615855266713	4	-0.00834184954517	6	-0.0880401155436	2	0.0860792922683	0.0860792922683	0.0894702631413	0.0777374427231	-0.00196082327533
M06_DY_TO_DY_ALL28:G808-E0409	M06_DY_TO_DY_ALL28	ALL28	DY	DY	G808-E0409	qok	edy	0	f41r	f41r	G808-P0146	f41r.8	8	6	H	B	5	3	EXACT	-0.2023389068	10	-0.114415421349	1	-0.0241286645262	72	-0.0695342341288	1	-0.00782640080198	83	-0.00941464291779	84	-0.0177006348922	68	-0.133416224893	4	-0.0967352732181	6	-0.337318597934	2	-0.340882992676	-0.410417226805	-0.334454963042	-0.437618265894	-0.67820159061
M06_DY_TO_DY_ALL28:G808-E0412	M06_DY_TO_DY_ALL28	ALL28	DY	DY	G808-E0412	qok	edy	0	f41r	f41r	G808-P0146	f41r.10	10	7	H	B	5	2	EXACT	-0.2023389068	10	0	0	-0.0173055329021	72	0	0	-0.000786803181535	82	-0.00196497975017	82	-0.0147014777739	68	-0.0615855266713	4	-0.13917972964	6	-0.469287358933	1	-0.219644439702	-0.219644439702	-0.217040384574	-0.358824169342	-0.688931798635
M06_DY_TO_DY_ALL28:G808-E0440	M06_DY_TO_DY_ALL28	ALL28	DY	DY	G808-E0440	qok	edy	0	f43r	f43r	G808-P0155	f43r.10	10	9	H	B	2	3	EXACT	-0.28047269936	14	-0.0164361304978	1	-0.0519031615466	72	-0.0317545203106	2	-0.0559315581856	87	-0.0559317094811	89	-0.0418079263968	68	-0.223533576562	4	0.00602936323802	6	0.00927448074537	2	-0.348811991405	-0.380566511715	-0.338716756255	-0.342782628167	-0.339537510659
M06_DY_TO_DY_ALL28:G808-E0500	M06_DY_TO_DY_ALL28	ALL28	DY	DY	G808-E0500	qok	edy	0	f46v	f46v	G808-P0175	f46v.5	5	3	H	B	2	3	EXACT	-0.14794766008	33	-0.185792260984	5	-0.0490920010696	72	-0.25957289565	1	-0.0741694793671	110	-0.0767514114825	111	-0.0611250057166	68	0.155457945341	4	-0.284930694452	6	-0.266344215105	1	-0.382831922134	-0.642404817784	-0.394864926781	-0.667762616586	-0.649176137239
M06_DY_TO_DY_ALL28:G808-E0524	M06_DY_TO_DY_ALL28	ALL28	DY	DY	G808-E0524	qok	edy	0	f48r	f48r	G808-P0180	f48r.6	6	4	H	B	5	3	EXACT	0.144561001004	36	0.681712219433	2	-0.0109166488454	72	0	0	0.0605880336604	110	0.0594086644813	110	-0.0121986412282	68	0.0108664478785	4	-0.0152661215302	6	-0.136182298892	1	0.815356571592	0.815356571592	0.814074579209	0.800090450062	0.6791742727
M06_DY_TO_DY_ALL28:G808-E0566	M06_DY_TO_DY_ALL28	ALL28	DY	DY	G808-E0566	qok	edy	0	f50v	f50v	G808-P0190	f50v.8	8	4	H	B	2	3	EXACT	-0.276609664335	37	-0.323869024602	2	-0.0632663685164	72	-0.113724298238	1	-0.132099601498	111	-0.132833447974	112	-0.0673042304714	68	0.00536625880536	4	0.131231081365	6	-0.0545775690828	2	-0.663745057454	-0.777469355692	-0.667782919409	-0.532513976089	-0.718322626537
M06_DY_TO_DY_ALL28:G808-E0666	M06_DY_TO_DY_ALL28	ALL28	DY	DY	G808-E0666	qok	eody	1	f66r	f66r	G808-P0215	f66r.57	57	4	T	B	5	2	EXACT	-0.107605026727	28	0	0	-0.0229816685247	71	0	0	-0.0319371109658	99	-0.0330246253764	99	-0.0241365463345	67	-0.00364057634892	4	-0.0508445048783	6	0	0	-0.130586695251	-0.130586695251	-0.131741573061	-0.18143120013	-0.130586695251
M06_DY_TO_DY_ALL28:G808-E0674	M06_DY_TO_DY_ALL28	ALL28	DY	DY	G808-E0674	qok	eody	1	f66r	f66r	G808-P0218	f66r.71	71	8	T	B	5	2	EXACT	-0.12348290028	44	0	0	-0.0617635111757	71	0.594355092524	1	-0.0849579738307	115	-0.0799717007396	116	-0.0523323790194	67	-0.219738085933	4	-0.166400426006	6	0.293442247471	2	-0.185246411456	0.409108681068	-0.175815279299	-0.351646837461	0.108195836016
M06_DY_TO_DY_ALL28:G808-E0686	M06_DY_TO_DY_ALL28	ALL28	DY	DY	G808-E0686	qok	edy	0	f66v	f66v	G808-P0219	f66v.5	5	3	H	B	5	2	EXACT	-0.139310116104	22	0	0	-0.0294830612952	72	0.691433948152	1	-0.03345799291	94	-0.0266531571813	95	-0.0296936430817	68	-0.0259141593331	4	0.162604364397	6	0.348523660604	2	-0.1687931774	0.522640770752	-0.169003759186	-0.00618881300263	0.179730483205
M06_DY_TO_DY_ALL28:G808-E0695	M06_DY_TO_DY_ALL28	ALL28	DY	DY	G808-E0695	qok	edy	0	f75r	f75r	G808-P0222	f75r.9	9	4	B	B	2	3	EXACT	-0.382607690791	84	0.161239310782	2	-0.0902557144708	72	-0.0366702268946	1	-0.262882688016	158	-0.2623388397	159	-0.0956748942367	68	0.00185858510754	4	0.194144126068	6	-0.0355908635867	1	-0.31162409448	-0.348294321374	-0.317043274246	-0.117479968412	-0.347214958066
M06_DY_TO_DY_ALL28:G808-E0715	M06_DY_TO_DY_ALL28	ALL28	DY	DY	G808-E0715	qok	edy	0	f75r	f75r	G808-P0224	f75r.42	42	2	B	B	2	2	EXACT	-0.349977406129	37	-0.119415434664	1	-0.129604744398	72	0.354366679387	1	-0.197355523714	110	-0.193198545926	111	-0.149304957128	68	0.20528711557	4	-0.0667503969577	6	0.0569162602189	2	-0.59899758519	-0.244630905803	-0.61869779792	-0.665747982148	-0.542081324971
M06_DY_TO_DY_ALL28:G808-E0718	M06_DY_TO_DY_ALL28	ALL28	DY	DY	G808-E0718	qok	edy	0	f75v	f75v	G808-P0226	f75v.1	1	3	B	B	2	2	EXACT	-0.380791809814	50	-0.180087909886	1	-0.100756551335	72	0	0	-0.218220451053	123	-0.219316968334	123	-0.11549794595	68	0.149835996156	4	-0.34775959569	6	0	0	-0.661636271035	-0.661636271035	-0.676377665651	-1.00939586673	-0.661636271035
M06_DY_TO_DY_ALL28:G808-E0724	M06_DY_TO_DY_ALL28	ALL28	DY	DY	G808-E0724	qok	edy	0	f75v	f75v	G808-P0226	f75v.12	12	1	B	B	2	3	EXACT	-0.380791809814	50	-0.0480993564129	7	-0.111308741738	72	-0.118037533668	1	-0.214423979254	129	-0.214584404062	130	-0.12270683519	68	0.0824476859698	4	0.0419673076905	6	-0.115304956284	1	-0.540199907965	-0.658237441633	-0.551598001417	-0.498232600274	-0.655504864249
M06_DY_TO_DY_ALL28:G808-E0731	M06_DY_TO_DY_ALL28	ALL28	DY	DY	G808-E0731	qok	edy	0	f75v	f75v	G808-P0228	f75v.47	47	7	B	B	2	3	EXACT	-0.474111237842	30	-0.28442568576	2	-0.1528439047	72	-0.0648929716967	2	-0.234871779794	104	-0.232283686057	106	-0.154168149402	68	-0.130342905743	4	-0.213129708576	6	0.0305926517336	3	-0.911380828302	-0.976273799999	-0.912705073004	-1.12451053688	-0.880788176568
M06_DY_TO_DY_ALL28:G808-E0735	M06_DY_TO_DY_ALL28	ALL28	DY	DY	G808-E0735	qok	edy	0	f75v	f75v	G808-P0230	f75v.60	60	2	B	B	2	2	EXACT	-0.382625184392	36	-0.0241611104144	1	-0.0959323251104	72	-0.0630569703362	1	-0.182275022549	109	-0.182057688665	110	-0.113324352936	68	0.199720986943	4	0.310546131243	6	-0.0603243929521	1	-0.502718619916	-0.565775590253	-0.520110647742	-0.192172488674	-0.563043012869
M06_DY_TO_DY_ALL28:G808-E0747	M06_DY_TO_DY_ALL28	ALL28	DY	DY	G808-E0747	qok	edy	0	f76r	f76r	G808-P0231	f76r.6	6	7	T	B	2	3	EXACT	-0.307337232585	116	-0.0727982474476	3	-0.0135883361707	69	0	0	-0.224030406087	188	-0.224737359978	188	-0.0064917592789	65	-0.128897347978	4	-0.0547084144613	6	0	0	-0.393723816203	-0.393723816203	-0.386627239311	-0.448432230664	-0.393723816203
M06_DY_TO_DY_ALL28:G808-E0760	M06_DY_TO_DY_ALL28	ALL28	DY	DY	G808-E0760	qok	edy	0	f76r	f76r	G808-P0231	f76r.23	23	2	T	B	2	3	EXACT	-0.307337232585	116	-0.217581783975	4	-0.0111226923088	69	0.181045482913	1	-0.22531990777	189	-0.223800293196	190	-0.0242971395856	65	0.202972438625	4	-0.224899767811	6	0.17565433045	1	-0.536041708869	-0.354996225956	-0.549216156145	-0.76094147668	-0.360387378418
M06_DY_TO_DY_ALL28:G808-E0764	M06_DY_TO_DY_ALL28	ALL28	DY	DY	G808-E0764	qok	edy	0	f76r	f76r	G808-P0231	f76r.33	33	1	T	B	2	3	EXACT	-0.307337232585	116	-0.121087871099	8	0.000401323115431	69	0	0	-0.216748468218	193	-0.21745542211	193	-0.0056134647806	65	0.0981519891108	4	-0.0144596244228	6	0	0	-0.428023780568	-0.428023780568	-0.434038568464	-0.442483404991	-0.428023780568
M06_DY_TO_DY_ALL28:G808-E0787	M06_DY_TO_DY_ALL28	ALL28	DY	DY	G808-E0787	qok	edy	0	f76v	f76v	G808-P0235	f76v.7	7	9	B	B	2	3	EXACT	-0.306939339261	40	0.0466604123948	2	-0.0973169648383	72	0	0	-0.163930072743	114	-0.165055363118	114	-0.0898810437124	68	-0.223739303267	4	-0.0886727986546	6	0	0	-0.357595891704	-0.357595891704	-0.350159970578	-0.446268690359	-0.357595891704
M06_DY_TO_DY_ALL28:G808-E0795	M06_DY_TO_DY_ALL28	ALL28	DY	DY	G808-E0795	qok	edy	0	f76v	f76v	G808-P0237	f76v.16	16	4	B	B	2	2	EXACT	-0.639870344479	18	0	0	-0.0927776595457	72	0	0	-0.174820823542	90	-0.175946113917	90	-0.0988762386436	68	0.0108865058302	4	-0.189255032994	6	0	0	-0.732648004025	-0.732648004025	-0.738746583122	-0.921903037018	-0.732648004025
M06_DY_TO_DY_ALL28:G808-E0798	M06_DY_TO_DY_ALL28	ALL28	DY	DY	G808-E0798	qok	edy	0	f76v	f76v	G808-P0237	f76v.17	17	8	B	B	2	3	EXACT	-0.639870344479	18	-0.070546737754	1	-0.110297801236	72	-0.317178382844	1	-0.187309106868	91	-0.189557354407	92	-0.103625458722	68	-0.223739303267	4	-0.202559231128	6	-0.330268174734	1	-0.820714883469	-1.13789326631	-0.814042540955	-1.0232741146	-1.1509830582
M06_DY_TO_DY_ALL28:G808-E0800	M06_DY_TO_DY_ALL28	ALL28	DY	DY	G808-E0800	qok	edy	0	f76v	f76v	G808-P0237	f76v.18	18	5	B	B	2	2	EXACT	-0.639870344479	18	-0.507679357819	1	-0.108127242869	72	0	0	-0.190395397172	91	-0.191520687547	91	-0.106773924947	68	-0.131145326834	4	-0.176657646926	6	0	0	-1.25567694517	-1.25567694517	-1.25432362724	-1.43233459209	-1.25567694517
M06_DY_TO_DY_ALL28:G808-E0803	M06_DY_TO_DY_ALL28	ALL28	DY	DY	G808-E0803	qok	edy	0	f76v	f76v	G808-P0237	f76v.20	20	3	B	B	2	3	EXACT	-0.639870344479	18	0.111516710162	3	-0.109407889893	72	-0.229833250775	1	-0.177790038425	93	-0.179186456411	94	-0.124746487556	68	0.151336591092	4	-0.179552250018	6	-0.225187852105	1	-0.63776152421	-0.867594774985	-0.653100121873	-0.817313774228	-0.862949376315
M06_DY_TO_DY_ALL28:G808-E0811	M06_DY_TO_DY_ALL28	ALL28	DY	DY	G808-E0811	qok	edy	0	f76v	f76v	G808-P0238	f76v.25	25	4	B	B	2	3	EXACT	-0.345354797916	38	-0.0742192899956	1	-0.108634695722	72	-0.0293961428935	1	-0.183379062201	111	-0.182892387074	112	-0.115666041653	68	0.0108865058302	4	-0.122164729003	6	-0.00633299913193	2	-0.528208783633	-0.557604926526	-0.535240129565	-0.650373512636	-0.534541782765
M06_DY_TO_DY_ALL28:G808-E0826	M06_DY_TO_DY_ALL28	ALL28	DY	DY	G808-E0826	qok	edy	0	f76v	f76v	G808-P0240	f76v.41	41	4	B	B	2	2	EXACT	-0.267344106171	25	-0.0816582866014	3	-0.125384035781	72	-0.113130121178	2	-0.140672882578	100	-0.140737389064	102	-0.13340063701	68	0.0108865058302	4	-0.303062838456	6	-0.117530414126	2	-0.474386428553	-0.587516549731	-0.482403029783	-0.777449267009	-0.591916842679
M06_DY_TO_DY_ALL28:G808-E0838	M06_DY_TO_DY_ALL28	ALL28	DY	DY	G808-E0838	qok	edy	0	f77r	f77r	G808-P0241	f77r.21	21	4	B	B	2	2	EXACT	-0.357350996019	50	0	0	-0.122471317232	72	-0.564135609855	2	-0.222062846316	122	-0.228265993061	124	-0.130036648511	68	0.00612803885191	4	-0.0804305860627	6	-0.561718909954	2	-0.47982231325	-1.0439579231	-0.48738764453	-0.560252899313	-1.0415412232
M06_DY_TO_DY_ALL28:G808-E0860	M06_DY_TO_DY_ALL28	ALL28	DY	DY	G808-E0860	qok	edy	0	f77v	f77v	G808-P0244	f77v.8	8	5	B	B	2	3	EXACT	-0.267822789577	24	0	0	-0.12397971707	72	-0.0908296603688	1	-0.140692692637	96	-0.141219328095	97	-0.123311191581	68	-0.135355812159	4	-0.157556258574	6	-1.00666030625	1	-0.391802506647	-0.482632167016	-0.391133981159	-0.549358765221	-1.3984628129
M06_DY_TO_DY_ALL28:G808-E0861	M06_DY_TO_DY_ALL28	ALL28	DY	DY	G808-E0861	qok	edy	0	f77v	f77v	G808-P0244	f77v.9	9	10	B	B	2	3	EXACT	-0.267822789577	24	-0.274848419252	1	-0.131841008732	72	0.0089690566894	1	-0.147719774575	97	-0.147165013219	98	-0.135915373467	68	-0.0625879700359	4	-0.264652222992	6	0.282381392718	2	-0.674512217562	-0.665543160873	-0.678586582296	-0.939164440554	-0.392130824844
M06_DY_TO_DY_ALL28:G808-E0863	M06_DY_TO_DY_ALL28	ALL28	DY	DY	G808-E0863	qok	edy	0	f77v	f77v	G808-P0244	f77v.10	10	8	B	B	2	3	EXACT	-0.267822789577	24	0	0	-0.120451929057	72	-0.268032582332	2	-0.138046851627	96	-0.141412283454	98	-0.118950341646	68	-0.145990076842	4	-0.328964953603	6	-0.267292070012	2	-0.388274718635	-0.656307300967	-0.386773131223	-0.717239672238	-0.655566788647
M06_DY_TO_DY_ALL28:G808-E0866	M06_DY_TO_DY_ALL28	ALL28	DY	DY	G808-E0866	qok	edy	0	f77v	f77v	G808-P0244	f77v.12	12	3	B	B	2	2	EXACT	-0.267822789577	24	-0.251108476524	3	-0.122937337126	72	0	0	-0.142718658907	99	-0.144094205633	99	-0.138779540044	68	0.146368950685	4	-0.254258565045	6	0	0	-0.641868603227	-0.641868603227	-0.657710806144	-0.896127168272	-0.641868603227
M06_DY_TO_DY_ALL28:G808-E0869	M06_DY_TO_DY_ALL28	ALL28	DY	DY	G808-E0869	qok	edy	0	f77v	f77v	G808-P0245	f77v.16	16	5	B	B	2	2	EXACT	-0.507126418822	32	0.633849243772	1	-0.122921143327	72	0.197963340455	1	-0.221683305143	105	-0.218793493318	106	-0.121564803814	68	-0.145990076842	4	-0.230057230257	6	0.0692149698007	2	0.00380168162276	0.201765022078	0.00515802113637	-0.226255548634	0.0730166514235
M06_DY_TO_DY_ALL28:G808-E0873	M06_DY_TO_DY_ALL28	ALL28	DY	DY	G808-E0873	qok	edy	0	f77v	f77v	G808-P0245	f77v.20	20	3	B	B	2	2	EXACT	-0.507126418822	32	0	0	-0.0975217171299	72	-0.524426594022	2	-0.212503647845	104	-0.219151677315	106	-0.106050624133	68	0.0474585401452	4	0.130141777581	6	-0.560142773202	2	-0.604648135952	-1.12907472997	-0.613177042956	-0.474506358371	-1.16479090915
M06_DY_TO_DY_ALL28:G808-E0879	M06_DY_TO_DY_ALL28	ALL28	DY	DY	G808-E0879	qok	edy	0	f77v	f77v	G808-P0246	f77v.30	30	4	B	B	2	2	EXACT	-0.284913522166	40	-0.323229126431	3	-0.136923178499	72	0.160945095901	3	-0.188855656949	115	-0.180512166888	118	-0.146461130598	68	0.0252108453864	4	-0.306872093878	6	0.293319203469	3	-0.745065827097	-0.584120731196	-0.754603779195	-1.05193792097	-0.451746623628
M06_DY_TO_DY_ALL28:G808-E0884	M06_DY_TO_DY_ALL28	ALL28	DY	DY	G808-E0884	qok	edy	0	f77v	f77v	G808-P0246	f77v.34	34	7	B	B	2	2	EXACT	-0.284913522166	40	-0.398178634573	1	-0.145428407614	72	0	0	-0.192888069534	113	-0.19426361626	113	-0.150302031106	68	-0.0625879700359	4	0.0506395342402	6	0	0	-0.828520564354	-0.828520564354	-0.833394187845	-0.777881030113	-0.828520564354
M06_DY_TO_DY_ALL28:G808-E0898	M06_DY_TO_DY_ALL28	ALL28	DY	DY	G808-E0898	qok	edy	0	f78r	f78r	G808-P0247	f78r.4	4	2	B	B	2	2	EXACT	-0.259398112262	47	-0.208947097497	2	-0.108216328539	72	-0.405926526854	1	-0.169381363254	121	-0.172028514699	122	-0.127013261133	68	0.211320118219	4	-0.197185275395	6	-0.402840271361	1	-0.576561538299	-0.982488065153	-0.595358470893	-0.773746813694	-0.97940180966
M06_DY_TO_DY_ALL28:G808-E0901	M06_DY_TO_DY_ALL28	ALL28	DY	DY	G808-E0901	qok	edy	0	f78r	f78r	G808-P0247	f78r.5	5	5	B	B	2	2	EXACT	-0.259398112262	47	0	0	-0.136425932176	72	0.205491418678	1	-0.185995028638	119	-0.183438154642	120	-0.131913471148	68	-0.213149176988	4	-0.278020121507	6	0.208577674171	1	-0.395824044438	-0.19033262576	-0.391311583411	-0.673844165945	-0.187246370268
M06_DY_TO_DY_ALL28:G808-E0911	M06_DY_TO_DY_ALL28	ALL28	DY	DY	G808-E0911	qok	edy	0	f78r	f78r	G808-P0247	f78r.13	13	1	B	B	2	2	EXACT	-0.259398112262	47	-0.462596983615	3	-0.0978117444649	72	0	0	-0.169699824283	122	-0.17057269672	122	-0.109776201144	68	0.105572611733	4	-0.0022642911995	6	-0.204285687322	1	-0.819806840342	-0.819806840342	-0.831771297021	-0.822071131541	-1.02409252766
M06_DY_TO_DY_ALL28:G808-E0914	M06_DY_TO_DY_ALL28	ALL28	DY	DY	G808-E0914	qok	edy	0	f78r	f78r	G808-P0247	f78r.15	15	3	B	B	2	2	EXACT	-0.259398112262	47	0.476454601516	1	-0.145372762691	72	0.675605522504	1	-0.185738270915	120	-0.179326623369	121	-0.157436181853	68	0.059693955713	4	-0.269340935735	6	0.678691777996	1	0.0716837265623	0.747289249066	0.0596203074006	-0.197657209173	0.750375504559
M06_DY_TO_DY_ALL28:G808-E0921	M06_DY_TO_DY_ALL28	ALL28	DY	DY	G808-E0921	qok	edy	0	f78r	f78r	G808-P0248	f78r.31	31	3	B	B	2	2	EXACT	-0.363959916035	45	-0.104949409608	2	-0.115144246304	72	-0.12084595932	1	-0.208526331333	119	-0.208501174632	120	-0.125429517443	68	0.059693955713	4	-0.237273121553	6	-0.117759703827	1	-0.584053571947	-0.704899531267	-0.594338843086	-0.821326693501	-0.701813275774
M06_DY_TO_DY_ALL28:G808-E0922	M06_DY_TO_DY_ALL28	ALL28	DY	DY	G808-E0922	qok	edy	0	f78r	f78r	G808-P0248	f78r.32	32	1	B	B	2	3	EXACT	-0.363959916035	45	-0.0557176142475	2	-0.121090061119	72	-0.141557489699	1	-0.211296373988	119	-0.211420729684	120	-0.134423830542	68	0.105572611733	4	0.102105585839	6	-0.157051785589	1	-0.540767591401	-0.682325081101	-0.554101360825	-0.438662005563	-0.697819376991
M06_DY_TO_DY_ALL28:G808-E0928	M06_DY_TO_DY_ALL28	ALL28	DY	DY	G808-E0928	qok	edy	0	f78v	f78v	G808-P0249	f78v.3	3	1	B	B	2	2	EXACT	-0.469639633999	35	-0.468952523856	2	-0.111479163729	72	0	0	-0.224975094586	109	-0.225886931035	109	-0.12378321212	68	0.0976783152619	4	0.0359654910449	6	0	0	-1.05007132158	-1.05007132158	-1.06237536997	-1.01410583054	-1.05007132158
M06_DY_TO_DY_ALL28:G808-E0932	M06_DY_TO_DY_ALL28	ALL28	DY	DY	G808-E0932	qok	edy	0	f78v	f78v	G808-P0249	f78v.6	6	9	B	B	2	3	EXACT	-0.469639633999	35	-0.480591776449	2	-0.105402751303	72	-0.459418079166	2	-0.221174881838	109	-0.225999732509	111	-0.108264155196	68	-0.0567702287658	4	-0.178241000579	6	-0.457120282076	2	-1.05563416175	-1.51505224092	-1.05849556564	-1.23387516233	-1.51275444383
M06_DY_TO_DY_ALL28:G808-E0933	M06_DY_TO_DY_ALL28	ALL28	DY	DY	G808-E0933	qok	edy	0	f78v	f78v	G808-P0249	f78v.7	7	7	B	B	2	2	EXACT	-0.469639633999	35	-0.227975384838	1	-0.112180173783	72	-0.323189667776	2	-0.221105339979	108	-0.223490147697	110	-0.106055572858	68	-0.216309733158	4	-0.172193397814	6	-0.320891870685	2	-0.80979519262	-1.1329848604	-0.803670591695	-0.981988590434	-1.13068706331
M06_DY_TO_DY_ALL28:G808-E0934	M06_DY_TO_DY_ALL28	ALL28	DY	DY	G808-E0934	qok	edy	0	f78v	f78v	G808-P0249	f78v.8	8	1	B	B	2	2	EXACT	-0.469639633999	35	0.00309148780689	4	-0.0943017304013	72	-0.141060035884	1	-0.20092020196	111	-0.201109439533	112	-0.105595341537	68	0.0976783152619	4	-0.201375058873	6	-0.157329758118	1	-0.560849876593	-0.701909912477	-0.572143487729	-0.762224935466	-0.718179634711
M06_DY_TO_DY_ALL28:G808-E0936	M06_DY_TO_DY_ALL28	ALL28	DY	DY	G808-E0936	qok	edy	0	f78v	f78v	G808-P0249	f78v.9	9	5	B	B	2	3	EXACT	-0.469639633999	35	0.26978835077	2	-0.0937369751056	72	-0.197126502229	1	-0.199700605318	109	-0.200397487121	110	-0.0911225136091	68	-0.138194164194	4	0.0101641488014	6	-0.123071381693	2	-0.293588258334	-0.490714760562	-0.290973796837	-0.283424109532	-0.416659640027
M06_DY_TO_DY_ALL28:G808-E0938	M06_DY_TO_DY_ALL28	ALL28	DY	DY	G808-E0938	qok	edy	0	f78v	f78v	G808-P0249	f78v.10	10	2	B	B	2	2	EXACT	-0.469639633999	35	-0.0587798245788	1	-0.0892995775892	72	0.208958411506	1	-0.204284983625	108	-0.201212285183	109	-0.10644175232	68	0.20210604919	4	-0.207408863332	6	0.211256208596	1	-0.617719036167	-0.408760624661	-0.634861210898	-0.825127899498	-0.406462827571
M06_DY_TO_DY_ALL28:G808-E0944	M06_DY_TO_DY_ALL28	ALL28	DY	DY	G808-E0944	qok	edy	0	f78v	f78v	G808-P0249	f78v.13	13	3	B	B	2	2	EXACT	-0.469639633999	35	-0.0453960551985	1	-0.108606907586	72	-0.0408812806157	1	-0.217032613165	108	-0.216135071261	109	-0.118225447931	68	0.0548969346347	4	-0.219825251052	6	0.00113007923224	2	-0.623642596783	-0.664523877399	-0.633261137128	-0.843467847835	-0.622512517551
M06_DY_TO_DY_ALL28:G808-E0948	M06_DY_TO_DY_ALL28	ALL28	DY	DY	G808-E0948	qok	edy	0	f78v	f78v	G808-P0249	f78v.16	16	5	B	B	2	3	EXACT	-0.469639633999	35	-0.120139575479	3	-0.105188136387	72	0	0	-0.213411787937	110	-0.214323624386	110	-0.103247272613	68	-0.138194164194	4	-0.20753455502	6	0	0	-0.694967345864	-0.694967345864	-0.69302648209	-0.902501900884	-0.694967345864
M06_DY_TO_DY_ALL28:G808-E0952	M06_DY_TO_DY_ALL28	ALL28	DY	DY	G808-E0952	qok	edy	0	f78v	f78v	G808-P0249	f78v.18	18	3	B	B	2	3	EXACT	-0.469639633999	35	0.0475637698191	3	-0.0923643830233	72	-0.134943588267	1	-0.200444330863	110	-0.200576242532	111	-0.106630937181	68	0.150155694011	4	-0.103614781813	6	-0.0815103952097	2	-0.514440247203	-0.64938383547	-0.528706801361	-0.618055029016	-0.595950642412
M06_DY_TO_DY_ALL28:G808-E0972	M06_DY_TO_DY_ALL28	ALL28	DY	DY	G808-E0972	qok	edy	0	f79r	f79r	G808-P0254	f79r.24	24	4	B	B	2	3	EXACT	-0.26306898525	20	-0.427424391722	1	-0.115101274537	72	-0.11576630315	1	-0.122521206226	93	-0.12248898627	94	-0.128279650154	68	0.108904886239	4	0.18672228343	6	-0.116904546324	1	-0.80559465151	-0.92136095466	-0.818773027127	-0.61887236808	-0.922499197834
M06_DY_TO_DY_ALL28:G808-E1007	M06_DY_TO_DY_ALL28	ALL28	DY	DY	G808-E1007	qok	edy	0	f80r	f80r	G808-P0266	f80r.15	15	1	B	B	2	3	EXACT	-0.431679838603	82	0.0530066222022	5	-0.107230971132	72	0	0	-0.289328262892	159	-0.290409693268	159	-0.119345942463	68	0.0987124113076	4	0.199057519115	6	-0.228154777088	1	-0.485904187533	-0.485904187533	-0.498019158863	-0.286846668418	-0.714058964621
M06_DY_TO_DY_ALL28:G808-E1019	M06_DY_TO_DY_ALL28	ALL28	DY	DY	G808-E1019	qok	edy	0	f80r	f80r	G808-P0269	f80r.40	40	6	B	B	2	2	EXACT	-0.584568648712	22	0	0	-0.111721181642	72	0	0	-0.200747649797	94	-0.201829080172	94	-0.114248833784	68	-0.0687622254039	4	0.203405705162	6	-0.0727836232344	1	-0.696289830354	-0.696289830354	-0.698817482496	-0.492884125192	-0.769073453588
M06_DY_TO_DY_ALL28:G808-E1028	M06_DY_TO_DY_ALL28	ALL28	DY	DY	G808-E1028	qok	edy	0	f80v	f80v	G808-P0271	f80v.4	4	1	B	B	2	2	EXACT	-0.752713211291	20	0.0263241950887	3	-0.119150789301	72	-0.0701301139962	2	-0.223082279196	95	-0.220576372054	97	-0.132516414482	68	0.108053464254	4	0.0819781383055	6	-0.0894503186629	2	-0.845539805504	-0.9156699195	-0.858905430685	-0.763561667198	-0.934990124167
M06_DY_TO_DY_ALL28:G808-E1034	M06_DY_TO_DY_ALL28	ALL28	DY	DY	G808-E1034	qok	edy	0	f80v	f80v	G808-P0271	f80v.6	6	8	B	B	2	2	EXACT	-0.752713211291	20	0	0	-0.106119083882	72	-0.318520104687	1	-0.221712357	92	-0.223691516309	93	-0.108745441588	68	-0.0614823773983	4	-0.172743114848	6	-0.33605630559	1	-0.858832295173	-1.17735239986	-0.861458652879	-1.03157541002	-1.19488860076
M06_DY_TO_DY_ALL28:G808-E1070	M06_DY_TO_DY_ALL28	ALL28	DY	DY	G808-E1070	qok	edy	0	f81r	f81r	G808-P0280	f81r.17	17	5	B	B	2	2	EXACT	-0.343433612981	45	0.676758027885	1	-0.154771717966	72	-0.0928270948443	2	-0.219117576815	118	-0.217722630879	120	-0.150514940707	68	-0.227148532534	4	0.06738939106	6	-0.0894474762938	2	0.178552696937	0.0857256020932	0.182809474196	0.245942087997	0.0891052206437
M06_DY_TO_DY_ALL28:G808-E1071	M06_DY_TO_DY_ALL28	ALL28	DY	DY	G808-E1071	qok	edy	0	f81r	f81r	G808-P0280	f81r.19	19	1	B	B	2	2	EXACT	-0.343433612981	45	-0.115402150121	1	-0.116514344614	72	0	0	-0.202487316617	118	-0.203648549378	118	-0.13067271279	68	0.124166313212	4	-0.0172523567345	6	0	0	-0.575350107717	-0.575350107717	-0.589508475893	-0.592602464452	-0.575350107717
M06_DY_TO_DY_ALL28:G808-E1085	M06_DY_TO_DY_ALL28	ALL28	DY	DY	G808-E1085	qok	edy	0	f81r	f81r	G808-P0280	f81r.30	30	3	B	B	2	2	EXACT	-0.343433612981	45	-0.187611936491	1	-0.133707847989	72	0	0	-0.213590215171	118	-0.214751447931	118	-0.14486530246	68	0.0559572768503	4	-0.216734601748	6	-0.0278998549702	1	-0.664753397461	-0.664753397461	-0.675910851932	-0.881487999209	-0.692653252431
M06_DY_TO_DY_ALL28:G808-E1088	M06_DY_TO_DY_ALL28	ALL28	DY	DY	G808-E1088	qok	edy	0	f81v	f81v	G808-P0282	f81v.12	12	5	B	B	2	2	EXACT	-0.325821733289	55	0.0330353798307	2	-0.129630776429	72	-0.0802335832653	1	-0.216731306129	129	-0.216560111057	130	-0.129217690022	68	-0.136664562053	4	-0.451484079743	6	-0.0778825846808	1	-0.422417129887	-0.502650713152	-0.42200404348	-0.873901209629	-0.500299714568
M06_DY_TO_DY_ALL28:G808-E1091	M06_DY_TO_DY_ALL28	ALL28	DY	DY	G808-E1091	qok	edy	0	f81v	f81v	G808-P0282	f81v.14	14	7	B	B	2	2	EXACT	-0.325821733289	55	0.639075583247	1	-0.10026616146	72	0	0	-0.197549000627	128	-0.198618962175	128	-0.10409292144	68	-0.0352225584982	4	-0.0371190339403	6	0	0	0.212987688499	0.212987688499	0.209160928518	0.175868654558	0.212987688499
M06_DY_TO_DY_ALL28:G808-E1107	M06_DY_TO_DY_ALL28	ALL28	DY	DY	G808-E1107	qok	edy	0	f82r	f82r	G808-P0284	f82r.11	11	2	B	B	2	2	EXACT	-0.341872157694	28	0	0	-0.111906109103	72	0	0	-0.16095591418	100	-0.162121716169	100	-0.130808990832	68	0.209431477503	4	-0.0777572629993	6	0	0	-0.453778266798	-0.453778266798	-0.472681148526	-0.531535529797	-0.453778266798
M06_DY_TO_DY_ALL28:G808-E1112	M06_DY_TO_DY_ALL28	ALL28	DY	DY	G808-E1112	qok	edy	0	f82r	f82r	G808-P0284	f82r.15	15	3	B	B	2	3	EXACT	-0.341872157694	28	-0.156163496201	5	-0.11701628949	72	0	0	-0.163281818675	105	-0.164447620663	105	-0.133484230862	68	0.162927311051	4	-0.295569880705	6	-0.0989380228314	2	-0.615051943385	-0.615051943385	-0.631519884757	-0.91062182409	-0.713989966216
M06_DY_TO_DY_ALL28:G808-E1115	M06_DY_TO_DY_ALL28	ALL28	DY	DY	G808-E1115	qok	edy	0	f82r	f82r	G808-P0284	f82r.17	17	5	B	B	2	2	EXACT	-0.341872157694	28	-0.0276989754093	1	-0.123846308803	72	-0.0474549631416	1	-0.167950837491	101	-0.167670357141	102	-0.122554944487	68	-0.145810904942	4	-0.183917633992	6	-0.267922419944	1	-0.493417441907	-0.540872405048	-0.492126077591	-0.677335075899	-0.76133986185
M06_DY_TO_DY_ALL28:G808-E1126	M06_DY_TO_DY_ALL28	ALL28	DY	DY	G808-E1126	qok	edy	0	f82v	f82v	G808-P0286	f82v.6	6	1	B	B	2	2	EXACT	-0.355050190258	8	-0.128304337023	1	-0.125858802972	72	0	0	-0.106736633718	81	-0.107987839373	81	-0.138750020101	68	0.0932806822173	4	-0.197139582658	6	0	0	-0.609213330253	-0.609213330253	-0.622104547382	-0.806352912911	-0.609213330253
M06_DY_TO_DY_ALL28:G808-E1129	M06_DY_TO_DY_ALL28	ALL28	DY	DY	G808-E1129	qok	edy	0	f82v	f82v	G808-P0286	f82v.7	7	11	B	B	2	3	EXACT	-0.355050190258	8	0.42012889168	3	-0.127448864733	72	-0.129472122175	1	-0.0882851558827	83	-0.0896803341592	84	-0.131482458877	68	-0.0588889702701	4	-0.11825571104	6	-0.158985487268	1	-0.0623701633107	-0.191842285485	-0.0664037574556	-0.180625874351	-0.221355650578
M06_DY_TO_DY_ALL28:G808-E1131	M06_DY_TO_DY_ALL28	ALL28	DY	DY	G808-E1131	qok	edy	0	f82v	f82v	G808-P0286	f82v.9	9	9	B	B	2	3	EXACT	-0.355050190258	8	-0.400697737473	2	-0.131749972633	72	-0.222384617928	1	-0.118549100864	82	-0.120700815567	83	-0.139687320684	68	0.00317373823133	4	-0.0626704374753	6	0.282362148862	1	-0.887497900364	-1.10988251829	-0.895435248415	-0.95016833784	-0.605135751502
M06_DY_TO_DY_ALL28:G808-E1139	M06_DY_TO_DY_ALL28	ALL28	DY	DY	G808-E1139	qok	edy	0	f82v	f82v	G808-P0288	f82v.16	16	1	B	B	2	3	EXACT	-0.392359423696	17	-0.200106187988	4	-0.140334197761	72	0.00107719245598	1	-0.160659460344	93	-0.159880560479	94	-0.154076908701	68	0.0932806822173	4	0.170600433926	6	0.00463069865517	1	-0.732799809445	-0.731722616989	-0.746542520384	-0.562199375519	-0.728169110789
M06_DY_TO_DY_ALL28:G808-E1157	M06_DY_TO_DY_ALL28	ALL28	DY	DY	G808-E1157	qok	edy	0	f83r	f83r	G808-P0292	f83r.4	4	3	B	B	2	2	EXACT	-0.4596405456	26	0	0	-0.0919702099605	72	0.358474243208	1	-0.171448010506	98	-0.166967173892	99	-0.106495146374	68	0.154941981764	4	-0.219288704147	6	0.310372741461	1	-0.55161075556	-0.193136512353	-0.566135691974	-0.770899459707	-0.241238014099
M06_DY_TO_DY_ALL28:G808-E1161	M06_DY_TO_DY_ALL28	ALL28	DY	DY	G808-E1161	qok	edy	0	f83r	f83r	G808-P0292	f83r.7	7	8	B	B	2	3	EXACT	-0.4596405456	26	0.9559195957	1	-0.107236512618	72	-0.102040450145	2	-0.170990971781	99	-0.170237752255	101	-0.100690760899	68	-0.218526019145	4	0.206882596623	6	-0.11299703254	3	0.389042537482	0.287002087337	0.395588289201	0.595925134106	0.276045504943
M06_DY_TO_DY_ALL28:G808-E1164	M06_DY_TO_DY_ALL28	ALL28	DY	DY	G808-E1164	qok	edy	0	f83r	f83r	G808-P0293	f83r.9	9	3	B	B	2	3	EXACT	-0.383310582223	27	-0.0250662866487	1	-0.087482320842	72	-0.183670579279	1	-0.14975971262	100	-0.150972733406	101	-0.101743263778	68	0.154941981764	4	0.159465540286	6	-0.162942553058	2	-0.495859189713	-0.679529768992	-0.51012013265	-0.336393649428	-0.658801742771
M06_DY_TO_DY_ALL28:G808-E1166	M06_DY_TO_DY_ALL28	ALL28	DY	DY	G808-E1166	qok	edy	0	f83r	f83r	G808-P0293	f83r.11	11	6	B	B	2	3	EXACT	-0.383310582223	27	-0.151912869177	2	-0.113398460937	72	-0.253220628031	1	-0.169342968136	101	-0.171045167102	102	-0.112122613093	68	-0.135099601601	4	-0.0308352701533	6	-0.292718779793	1	-0.648621912337	-0.901842540367	-0.647346064492	-0.67945718249	-0.94134069213
M06_DY_TO_DY_ALL28:G808-E1169	M06_DY_TO_DY_ALL28	ALL28	DY	DY	G808-E1169	qok	edy	0	f83r	f83r	G808-P0293	f83r.12	12	8	B	B	2	2	EXACT	-0.383310582223	27	-0.143777983825	1	-0.112172103948	72	-0.595221457552	1	-0.168723473428	100	-0.173823495377	101	-0.115373251445	68	-0.0577643238077	4	-0.0717417561359	6	-0.291311773435	2	-0.639260669996	-1.23448212755	-0.642461817493	-0.711002426132	-0.930572443431
M06_DY_TO_DY_ALL28:G808-E1181	M06_DY_TO_DY_ALL28	ALL28	DY	DY	G808-E1181	qok	edy	0	f83r	f83r	G808-P0294	f83r.23	23	5	B	B	2	2	EXACT	-0.3468445946	16	0.0170157151624	1	-0.117909257144	72	-0.175544868665	1	-0.127301264644	89	-0.128682169262	90	-0.116596645046	68	-0.14023539012	4	-0.292774935659	6	-0.182854709196	1	-0.447738136582	-0.623283005247	-0.446425524484	-0.740513072241	-0.630592845778
M06_DY_TO_DY_ALL28:G808-E1183	M06_DY_TO_DY_ALL28	ALL28	DY	DY	G808-E1183	qok	edy	0	f83r	f83r	G808-P0295	f83r.25	25	4	B	B	2	2	EXACT	-0.342915490365	11	-0.329752586561	1	-0.105493207418	72	-0.0682467904635	1	-0.101820653827	84	-0.102253029575	85	-0.106904365235	68	-0.0815152518467	4	-0.206048060262	6	-0.139151190089	1	-0.778161284343	-0.846408074807	-0.77957244216	-0.984209344605	-0.917312474433
M06_DY_TO_DY_ALL28:G808-E1187	M06_DY_TO_DY_ALL28	ALL28	DY	DY	G808-E1187	qok	edy	0	f83r	f83r	G808-P0295	f83r.28	28	4	B	B	2	2	EXACT	-0.342915490365	11	0.00455975967083	1	-0.113044687787	72	0.283534105518	1	-0.104313442403	84	-0.10057789245	85	-0.114900050331	68	-0.0815152518467	4	-0.18195070798	6	0.286187874681	1	-0.451400418481	-0.167866312963	-0.453255781025	-0.633351126461	-0.1652125438
M06_DY_TO_DY_ALL28:G808-E1233	M06_DY_TO_DY_ALL28	ALL28	DY	DY	G808-E1233	qok	edy	0	f85r1	f85r	G808-P0307	f85r1.24	24	9	T	B	2	3	EXACT	-0.196402922213	9	-0.0196902514685	1	-0.0017950663172	72	0	0	0.0183349682748	82	0.0170568255229	82	0.000711784374108	68	-0.0444011739849	4	-0.0753548324899	6	-0.0693877636083	1	-0.217888239999	-0.217888239999	-0.215381389308	-0.293243072489	-0.287276003607
M06_DY_TO_DY_ALL28:G808-E1249	M06_DY_TO_DY_ALL28	ALL28	DY	DY	G808-E1249	qok	eody	1	f85r2	f85r	G808-P0314	f85r2.21	21	1	C	B	2	2	EXACT	-0.390326263933	16	0	0	-0.0218388417585	70	0	0	-0.0598317922302	86	-0.0611099349822	86	-0.0279221992293	66	0.0785326290464	4	0.0647464007296	6	0	0	-0.412165105692	-0.412165105692	-0.418248463163	-0.347418704962	-0.412165105692
M06_DY_TO_DY_ALL28:G808-E1329	M06_DY_TO_DY_ALL28	ALL28	DY	DY	G808-E1329	qok	eody	1	f88r	f88r	G808-P0334	f88r.9	9	7	P	A	1	3	EXACT	0.112920383394	14	-0.724456624354	1	0.13609760962	72	-0.152005087751	2	0.154858104087	87	0.147405065765	89	0.151953993158	68	-0.133471885479	4	2.97829968032e-05	6	0.122491001541	2	-0.47543863134	-0.627443719091	-0.459582247802	-0.475408848343	-0.3529476298
M06_DY_TO_DY_ALL28:G808-E1344	M06_DY_TO_DY_ALL28	ALL28	DY	DY	G808-E1344	qok	eody	1	f88v	f88v	G808-P0337	f88v.7	7	3	P	A	1	3	EXACT	0.292425971875	14	0.0166655563576	2	0.145939575925	72	0	0	0.192744429953	88	0.190390467338	88	0.148315218641	68	0.105556896501	4	0.0629905813712	6	0	0	0.455031104158	0.455031104158	0.457406746874	0.518021685529	0.455031104158
M06_DY_TO_DY_ALL28:G808-E1359	M06_DY_TO_DY_ALL28	ALL28	DY	DY	G808-E1359	qok	eody	1	f89r1	f89r	G808-P0340	f89r1.7	7	6	P	A	1	3	EXACT	0.0552032219539	16	-0.139935570183	1	0.125634533413	72	0.00619906624397	1	0.13920088349	89	0.136852387013	90	0.141381340551	68	-0.142072528218	4	-0.164550060855	6	0.0225835582384	1	0.0409021851839	0.0471012514278	0.056648992322	-0.123647875671	0.0634857434223
M06_DY_TO_DY_ALL28:G808-E1375	M06_DY_TO_DY_ALL28	ALL28	DY	DY	G808-E1375	qok	eody	1	f89v1	f89v	G808-P0344	f89v1.13	13	8	P	A	1	3	EXACT	0.0452106643204	29	-0.142498153491	1	0.0982158968275	72	0	0	0.0955974317765	102	0.0941032261391	102	0.116836568909	68	-0.218346503512	4	-0.341612483583	6	0	0	0.000928407656939	0.000928407656939	0.0195490797385	-0.340684075926	0.000928407656939
M06_DY_TO_DY_ALL28:G808-E1686	M06_DY_TO_DY_ALL28	ALL28	DY	DY	G808-E1686	qopch	edy	0	f105r	f105r	G808-P0445	f105r.29	29	9	S	B	3	3	EXACT	-0.0555870147865	11	0.0134877216377	3	-0.00041749180592	72	-0.0679243764068	2	0.0267163767181	86	0.0242201986069	88	0.008163693824	68	-0.146310140406	4	-0.0701668342831	6	0.169954723859	2	-0.0425167849547	-0.110441161361	-0.0339355993248	-0.112683619238	0.127437938904
M06_DY_TO_DY_ALL28:G808-E1738	M06_DY_TO_DY_ALL28	ALL28	DY	DY	G808-E1738	qopch	eody	1	f106r	f106r	G808-P0469	f106r.34	34	8	S	B	3	3	EXACT	-0.102518716587	4	0	0	0.00707729458622	72	0	0	0.0468370666805	76	0.0460628632545	76	0.015952871464	68	-0.143816390263	4	0.247612371915	6	0	0	-0.0954414220008	-0.0954414220008	-0.086565845123	0.152170949914	-0.0954414220008
M06_DY_TO_DY_ALL28:G808-E1744	M06_DY_TO_DY_ALL28	ALL28	DY	DY	G808-E1744	qopch	edy	0	f106v	f106v	G808-P0474	f106v.5	5	6	S	B	3	3	EXACT	-0.0497247567554	19	0.0245352046928	3	-0.0116807867539	72	0.191840051399	1	0.00449357934342	94	0.0059971835733	95	-0.00449483238943	68	-0.133850183494	4	0.282554715409	6	0.189609041508	1	-0.0368703388165	0.154969712583	-0.029684384452	0.245684376593	0.152738702691
M06_DY_TO_DY_ALL28:G808-E1843	M06_DY_TO_DY_ALL28	ALL28	DY	DY	G808-E1843	qopch	edy	0	f108r	f108r	G808-P0522	f108r.21	21	7	S	B	3	2	EXACT	-0.299477592689	8	0	0	-0.0426616201268	72	0	0	-0.0283208206664	80	-0.0289842525054	80	-0.0275392003586	68	-0.299751780105	4	-0.348795984861	6	0	0	-0.342139212815	-0.342139212815	-0.327016793047	-0.690935197676	-0.342139212815
M06_DY_TO_DY_ALL28:G808-E1849	M06_DY_TO_DY_ALL28	ALL28	DY	DY	G808-E1849	qopch	edy	0	f108r	f108r	G808-P0524	f108r.29	29	3	S	B	3	2	EXACT	-0.473204261594	3	0.241338672911	2	0.0204222494114	72	0	0	0.0545672415075	77	0.0539038096685	77	0.00842798646952	68	0.224315695505	4	-0.279104668098	6	0	0	-0.211443339272	-0.211443339272	-0.223437602214	-0.490548007371	-0.211443339272
M06_DY_TO_DY_ALL28:G808-E1948	M06_DY_TO_DY_ALL28	ALL28	DY	DY	G808-E1948	qopch	edy	0	f111v	f111v	G808-P0544	f111v.2	2	9	S	B	3	3	EXACT	-0.242330142641	112	-0.155145707671	2	-0.0160916737067	72	0.0837769421684	1	-0.179630118626	186	-0.178711198569	187	-0.00235181418566	68	-0.249677627459	4	-0.0915337138502	6	0.0796620118592	1	-0.413567524018	-0.32979058185	-0.399827664497	-0.505101237869	-0.333905512159
M06_DY_TO_DY_ALL28:G808-E1964	M06_DY_TO_DY_ALL28	ALL28	DY	DY	G808-E1964	qopch	edy	0	f111v	f111v	G808-P0545	f111v.26	26	8	S	B	3	3	EXACT	-0.57676472732	11	-0.151271461081	3	-0.0357040874997	72	0	0	-0.0785844595401	86	-0.0791382354871	86	-0.0300554468019	68	-0.131739321257	4	0.0774244226405	6	0	0	-0.763740275901	-0.763740275901	-0.758091635203	-0.686315853261	-0.763740275901
M06_DY_TO_DY_ALL28:G808-E2010	M06_DY_TO_DY_ALL28	ALL28	DY	DY	G808-E2010	qopch	edy	0	f112v	f112v	G808-P0571	f112v.32	32	6	S	B	3	3	EXACT	-0.367876870408	16	0	0	0.00150512719877	72	0	0	-0.0316307668645	88	-0.0312696405377	88	0.00970581048065	68	-0.137929432928	4	0.0987714318609	6	0	0	-0.366371743209	-0.366371743209	-0.358171059927	-0.267600311348	-0.366371743209
M06_DY_TO_DY_ALL28:G808-E2035	M06_DY_TO_DY_ALL28	ALL28	DY	DY	G808-E2035	qopch	edy	0	f113r	f113r	G808-P0580	f113r.13	13	11	S	B	3	3	EXACT	0.209690573341	9	0.727359864124	1	-0.0272519558158	72	0	0	0.0423123078444	82	0.0416369113063	82	-0.0205107688849	68	-0.141860272956	4	-0.0961832001502	6	0	0	0.909798481649	0.909798481649	0.91653966858	0.813615281499	0.909798481649
M06_DY_TO_DY_ALL28:G808-E2099	M06_DY_TO_DY_ALL28	ALL28	DY	DY	G808-E2099	qopch	edy	0	f114r	f114r	G808-P0612	f114r.19	19	6	S	B	3	3	EXACT	-0.347889652679	11	0.103826113376	3	0.000968445350109	72	-0.276614968382	1	-0.00792475109647	86	-0.0115361736612	87	0.00857002510157	68	-0.128267071169	4	-0.313432337548	6	-0.280045089105	1	-0.243095093953	-0.519710062334	-0.235493514201	-0.556527431501	-0.523140183057
M06_DY_TO_DY_ALL28:G808-E2153	M06_DY_TO_DY_ALL28	ALL28	DY	DY	G808-E2153	qopch	edy	0	f115r	f115r	G808-P0640	f115r.29	29	4	S	B	@	3	EXACT	-0.0741815138782	32	-0.667891470536	1	-0.00857081791124	70	0	0	-0.0253376553454	103	-0.0260747261639	103	-0.0100652803328	66	0.0160881644118	4	0.079466342995	6	0	0	-0.750643802326	-0.750643802326	-0.752138264747	-0.671177459331	-0.750643802326
M06_DY_TO_DY_ALL28:G808-E2175	M06_DY_TO_DY_ALL28	ALL28	DY	DY	G808-E2175	qopch	edy	0	f115v	f115v	G808-P0650	f115v.18	18	8	S	B	3	3	EXACT	-0.12750400272	10	0	0	0.0249591485017	72	0	0	0.0395548613424	82	0.0390222209318	82	0.0253954703657	68	0.0175329827269	4	0.205252324771	6	0	0	-0.102544854218	-0.102544854218	-0.102108532354	0.102707470553	-0.102544854218
M06_DY_TO_DY_ALL28:G808-E0211	M06_DY_TO_DY_ALL28	ALL28	DY	DY	G808-E0211	qopch	eody	1	f21r	f21r	G808-P0070	f21r.1	1	7	H	A	1	3	EXACT	0.0791219084838	16	0.212414545301	2	0.133092624187	72	0.271135382346	1	0.151201534376	90	0.151991125966	91	0.155834539468	68	-0.253528108351	4	0.217194480569	6	0.267086061415	1	0.424629077972	0.695764460318	0.447370993253	0.641823558542	0.691715139388
M06_DY_TO_DY_ALL28:G808-E0745	M06_DY_TO_DY_ALL28	ALL28	DY	DY	G808-E0745	qopch	edy	0	f76r	f76r	G808-P0231	f76r.6	6	3	T	B	2	3	EXACT	-0.296252189048	125	0.0428164820981	3	0.013395008668	69	-0.470581800049	1	-0.207779478767	197	-0.209328512178	198	0.0034855945909	65	0.174429476647	4	-0.0670922007105	6	-0.256362284832	2	-0.240040698282	-0.710622498331	-0.249950112359	-0.307132898992	-0.496402983114
M06_DY_TO_DY_ALL28:G808-E0897	M06_DY_TO_DY_ALL28	ALL28	DY	DY	G808-E0897	qopch	edy	0	f78r	f78r	G808-P0247	f78r.3	3	3	B	B	2	2	EXACT	-0.309141610758	66	-0.425131683898	1	-0.12483677805	72	0	0	-0.223614124983	139	-0.224027976185	139	-0.136517205409	68	0.0737219958449	4	-0.272052175295	6	-0.0829423857206	1	-0.859110072706	-0.859110072706	-0.870790500064	-1.131162248	-0.942052458427
M06_DY_TO_DY_ALL28:G808-E1073	M06_DY_TO_DY_ALL28	ALL28	DY	DY	G808-E1073	qopch	edy	0	f81r	f81r	G808-P0280	f81r.20	20	1	B	B	2	2	EXACT	-0.423528395866	48	-0.210892963341	2	-0.116642860895	72	-0.304223616399	1	-0.239661542159	122	-0.240757677468	123	-0.131292735841	68	0.132396354134	4	0.0643409638152	6	-0.307781919972	1	-0.751064220103	-1.0552878365	-0.765714095048	-0.686723256288	-1.05884614008
M06_DY_TO_DY_ALL28:G808-E1153	M06_DY_TO_DY_ALL28	ALL28	DY	DY	G808-E1153	qopch	edy	0	f83r	f83r	G808-P0292	f83r.1	1	7	B	B	2	2	EXACT	-0.518630063115	30	0	0	-0.0979497394968	72	0	0	-0.208964828239	102	-0.209690881699	102	-0.103233497397	68	-0.00813468323851	4	-0.0488983699604	6	0	0	-0.616579802612	-0.616579802612	-0.621863560512	-0.665478172573	-0.616579802612
M06_DY_TO_DY_ALL28:G808-E1235	M06_DY_TO_DY_ALL28	ALL28	DY	DY	G808-E1235	qopch	edy	0	f85r1	f85r	G808-P0308	f85r1.26	26	4	T	B	2	3	EXACT	-0.713081266722	4	0.15288667853	5	-0.0530998187104	72	0	0	-0.031064681815	81	-0.0318216694908	81	-0.0611858708165	68	0.0843767849872	4	0.163388471699	6	-0.289892613878	1	-0.613294406902	-0.613294406902	-0.621380459008	-0.449905935203	-0.903187020779
M06_DY_TO_DY_ALL28:G808-E1505	M06_DY_TO_DY_ALL28	ALL28	DY	DY	G808-E1505	qot	eody	1	f100v	f100v	G808-P0373	f100v.14	14	3	P	A	1	3	EXACT	0.167307964609	30	0.135959809333	2	0.153245048478	72	1.02234340815	1	0.170180418949	104	0.177532653492	105	0.154494487668	68	0.131994769465	4	0.275645204406	6	0.992146503426	1	0.45651282242	1.47885623057	0.457762261611	0.732158026827	1.44865932585
M06_DY_TO_DY_ALL28:G808-E1554	M06_DY_TO_DY_ALL28	ALL28	DY	DY	G808-E1554	qot	edy	0	f103r	f103r	G808-P0382	f103r.6	6	9	S	B	3	3	EXACT	-0.274762560829	12	-0.0629543451104	2	-0.0355085958558	72	0	0	-0.0344691645659	86	-0.0353770270592	86	-0.0306144147381	68	-0.118717994917	4	-0.0757728911944	6	0.00316185918168	1	-0.373225501795	-0.373225501795	-0.368331320677	-0.448998392989	-0.370063642613
M06_DY_TO_DY_ALL28:G808-E1558	M06_DY_TO_DY_ALL28	ALL28	DY	DY	G808-E1558	qot	edy	0	f103r	f103r	G808-P0384	f103r.13	13	3	S	B	3	3	EXACT	-0.337388645593	10	-0.093536119631	3	-0.00315263688562	72	-0.0638161855273	2	-0.00782941969695	85	-0.00955578233795	87	-0.0113367392416	68	0.135968783106	4	0.0490016345736	6	-0.0298299527548	3	-0.43407740211	-0.497893587637	-0.442261504466	-0.385075767536	-0.463907354865
M06_DY_TO_DY_ALL28:G808-E1585	M06_DY_TO_DY_ALL28	ALL28	DY	DY	G808-E1585	qot	edy	0	f103v	f103v	G808-P0400	f103v.5	5	8	S	B	3	3	EXACT	-0.336558485038	15	-0.164638864595	2	-0.0264247046034	72	0	0	-0.0534581208412	89	-0.0555114214648	89	-0.0143695125744	68	-0.231358943909	4	0.189270321854	6	-0.028412689961	2	-0.527622054236	-0.527622054236	-0.515566862207	-0.338351732382	-0.556034744197
M06_DY_TO_DY_ALL28:G808-E1669	M06_DY_TO_DY_ALL28	ALL28	DY	DY	G808-E1669	qot	eody	1	f105r	f105r	G808-P0440	f105r.13	13	8	S	B	3	2	EXACT	-0.0555257503305	12	-0.14264387899	1	-0.0527590820486	72	0	0	-0.0173234000573	85	-0.0183461192892	85	-0.043168150973	68	-0.215819643356	4	-0.135489711968	6	0	0	-0.250928711369	-0.250928711369	-0.241337780293	-0.386418423337	-0.250928711369
M06_DY_TO_DY_ALL28:G808-E1707	M06_DY_TO_DY_ALL28	ALL28	DY	DY	G808-E1707	qot	edy	0	f106r	f106r	G808-P0458	f106r.1	1	9	S	B	3	3	EXACT	-0.266117651339	11	-0.0570108467292	1	-0.00605081469302	72	0	0	-0.0042550130436	84	-0.00518262591192	84	0.00240082512555	68	-0.149739199418	4	-0.189390589414	6	0	0	-0.329179312761	-0.329179312761	-0.320727672942	-0.518569902175	-0.329179312761
M06_DY_TO_DY_ALL28:G808-E1740	M06_DY_TO_DY_ALL28	ALL28	DY	DY	G808-E1740	qot	edy	0	f106r	f106r	G808-P0470	f106r.36	36	4	S	B	3	3	EXACT	1.02416587528	1	0.0267236956609	2	-0.0278470576862	72	-0.12404489934	2	0.0406580614022	75	0.0359895380621	77	-0.0288596051037	68	-0.0106442593985	4	-0.00994150870662	6	-0.0983030579097	2	1.02304251325	0.898997613911	1.02202996583	1.01310100454	0.924739455341
M06_DY_TO_DY_ALL28:G808-E1748	M06_DY_TO_DY_ALL28	ALL28	DY	DY	G808-E1748	qot	edy	0	f106v	f106v	G808-P0476	f106v.11	11	8	S	B	3	3	EXACT	-0.024197925202	21	0	0	-0.0244313061193	72	0	0	-0.00144333745005	93	-0.00233847247538	93	-0.0154784282416	68	-0.176640162927	4	-0.290624895935	6	0	0	-0.0486292313212	-0.0486292313212	-0.0396763534436	-0.339254127256	-0.0486292313212
M06_DY_TO_DY_ALL28:G808-E1789	M06_DY_TO_DY_ALL28	ALL28	DY	DY	G808-E1789	qot	edy	0	f107v	f107v	G808-P0504	f107v.8	8	7	S	B	3	2	EXACT	-0.0694999362208	12	-0.0926278255519	1	-0.0165146890491	72	-0.249016702079	1	0.0085243109662	85	0.00495382602012	86	-0.00891636464168	68	-0.145696000924	4	-0.159255689003	6	-0.273263840932	1	-0.178642450822	-0.427659152901	-0.171044126414	-0.337898139824	-0.451906291754
M06_DY_TO_DY_ALL28:G808-E1827	M06_DY_TO_DY_ALL28	ALL28	DY	DY	G808-E1827	qot	edy	0	f108r	f108r	G808-P0518	f108r.5	5	11	S	B	3	3	EXACT	-0.161730372572	16	0.206017728738	4	-0.00596937699143	72	0.404893172109	1	0.00811795058133	92	0.0116437937521	93	-0.00277573842927	68	-0.0602721654131	4	-0.317250890287	6	0.397373982952	1	0.0383179791741	0.443211151283	0.0415116177363	-0.278932911112	0.435691962127
M06_DY_TO_DY_ALL28:G808-E1868	M06_DY_TO_DY_ALL28	ALL28	DY	DY	G808-E1868	qot	eody	1	f108r	f108r	G808-P0528	f108r.41	41	4	S	B	3	3	EXACT	-0.105754636567	20	0	0	-0.00388318033014	72	-0.0202396749116	2	0.000501024050738	92	-0.000440565704125	94	-0.00517687093567	68	0.0180986270989	4	-0.0433678660165	6	-0.524331477345	2	-0.109637816897	-0.129877491809	-0.110931507503	-0.153005682913	-0.633969294242
M06_DY_TO_DY_ALL28:G808-E1911	M06_DY_TO_DY_ALL28	ALL28	DY	DY	G808-E1911	qot	edy	0	f108v	f108v	G808-P0537	f108v.34	34	4	S	B	3	3	EXACT	-0.365015965088	89	0.0763244879957	1	-0.0242475464824	72	0.250053693742	2	-0.23421708073	162	-0.228975362071	164	-0.0251528226105	68	-0.00886995880401	4	-0.108141220661	6	0.22696791791	2	-0.312939023575	-0.0628853298326	-0.313844299703	-0.421080244236	-0.0859711056652
M06_DY_TO_DY_ALL28:G808-E1949	M06_DY_TO_DY_ALL28	ALL28	DY	DY	G808-E1949	qot	edy	0	f111v	f111v	G808-P0544	f111v.4	4	7	S	B	3	3	EXACT	-0.245038708353	110	-0.0621020515821	2	-0.00318935936928	72	0.178791220412	1	-0.17770879149	184	-0.176481441194	185	0.00310561443353	68	-0.110214161259	4	-0.0620288260797	6	0.0934697124741	1	-0.310330119304	-0.131538898892	-0.304035145502	-0.372358945384	-0.21686040683
M06_DY_TO_DY_ALL28:G808-E1990	M06_DY_TO_DY_ALL28	ALL28	DY	DY	G808-E1990	qot	edy	0	f112r	f112r	G808-P0559	f112r.34	34	8	S	B	3	3	EXACT	-0.584783646937	11	0.138790427346	2	-0.054683012355	72	-0.113297375793	1	-0.0812883608136	85	-0.0825109619268	86	-0.0508115687597	68	-0.120508486527	4	0.108151868597	6	-0.177581064882	2	-0.500676231946	-0.613973607739	-0.496804788351	-0.392524363349	-0.678257296828
M06_DY_TO_DY_ALL28:G808-E2007	M06_DY_TO_DY_ALL28	ALL28	DY	DY	G808-E2007	qot	edy	0	f112v	f112v	G808-P0569	f112v.27	27	10	S	B	3	3	EXACT	-0.0869476765287	11	0.0595960653524	3	-0.0150485858555	72	0	0	0.022009401606	86	0.0220623290184	86	-0.0169131655372	68	0.0166244335442	4	0.0873870689805	6	0	0	-0.0424001970318	-0.0424001970318	-0.0442647767135	0.0449868719486	-0.0424001970318
M06_DY_TO_DY_ALL28:G808-E2034	M06_DY_TO_DY_ALL28	ALL28	DY	DY	G808-E2034	qot	edy	0	f113r	f113r	G808-P0580	f113r.13	13	3	S	B	3	3	EXACT	0.209515297013	9	0	0	-0.0154743356872	72	0	0	0.0482441113361	81	0.047299850012	81	-0.0237216050515	68	0.12471934331	4	-0.161762159524	6	0	0	0.194040961326	0.194040961326	0.185793691962	0.0322788018017	0.194040961326
M06_DY_TO_DY_ALL28:G808-E2115	M06_DY_TO_DY_ALL28	ALL28	DY	DY	G808-E2115	qot	edy	0	f114v	f114v	G808-P0620	f114v.4	4	6	S	B	3	3	EXACT	-0.185107153713	15	-0.460450092073	1	-0.0561241397252	72	0.0689423102469	2	-0.0572740429792	88	-0.0552075737104	90	-0.0530295789373	68	-0.108728015367	4	-0.108466277109	6	0.0257455718672	2	-0.701681385512	-0.632739075265	-0.698586824724	-0.810147662621	-0.675935813644
M06_DY_TO_DY_ALL28:G808-E2131	M06_DY_TO_DY_ALL28	ALL28	DY	DY	G808-E2131	qot	eody	1	f114v	f114v	G808-P0627	f114v.24	24	3	S	B	3	3	EXACT	-0.279200201836	8	-0.158071130049	2	0.00168322321864	72	0	0	0.00487790026637	82	0.00341752516963	82	-0.00158994651585	68	0.0573307664579	4	0.295511351098	6	0	0	-0.435588108666	-0.435588108666	-0.4388612784	-0.140076757568	-0.435588108666
M06_DY_TO_DY_ALL28:G808-E2164	M06_DY_TO_DY_ALL28	ALL28	DY	DY	G808-E2164	qot	edy	0	f115v	f115v	G808-P0645	f115v.3	3	6	S	B	3	3	EXACT	-0.252572871019	26	0	0	-0.037930997929	72	0	0	-0.0775450560147	98	-0.0784349728206	98	-0.032644711674	68	-0.127808321211	4	-0.071956275452	6	-0.023240061704	1	-0.290503868948	-0.290503868948	-0.285217582693	-0.3624601444	-0.313743930652
M06_DY_TO_DY_ALL28:G808-E2176	M06_DY_TO_DY_ALL28	ALL28	DY	DY	G808-E2176	qot	eody	1	f115v	f115v	G808-P0650	f115v.19	19	7	S	B	3	3	EXACT	0.139288032973	8	-0.275065852866	1	0.0210284062151	72	0	0	0.0699031420421	81	0.0690132252362	81	0.0297828927139	68	-0.127808321211	4	-0.0423281529833	6	-0.00671561502579	1	-0.114749413678	-0.114749413678	-0.10599492718	-0.157077566662	-0.121465028704
M06_DY_TO_DY_ALL28:G808-E0314	M06_DY_TO_DY_ALL28	ALL28	DY	DY	G808-E0314	qot	edy	0	f31r	f31r	G808-P0108	f31r.6	6	3	H	B	2	2	EXACT	-0.336691920175	9	0.153082041219	2	-0.026377739741	72	0	0	-0.0159171062175	83	-0.0169136097598	83	-0.0303583086351	68	0.0412820539064	4	-0.192263798294	6	0	0	-0.209987618697	-0.209987618697	-0.213968187591	-0.402251416991	-0.209987618697
M06_DY_TO_DY_ALL28:G808-E0439	M06_DY_TO_DY_ALL28	ALL28	DY	DY	G808-E0439	qot	edy	0	f43r	f43r	G808-P0155	f43r.10	10	4	H	B	2	3	EXACT	-0.223153644374	11	0.569610995987	2	-0.0356196929128	72	0	0	-0.0102463586717	85	-0.0111951222362	85	-0.0370248705091	68	-0.0117418879438	4	-0.178821828219	6	-0.12570133	1	0.3108376587	0.3108376587	0.309432481104	0.132015830481	0.1851363287
M06_DY_TO_DY_ALL28:G808-E0444	M06_DY_TO_DY_ALL28	ALL28	DY	DY	G808-E0444	qot	edy	0	f43r	f43r	G808-P0155	f43r.12	12	5	H	B	2	3	EXACT	-0.223153644374	11	-0.120390517483	5	-0.039199193689	72	0	0	-0.0320008635549	88	-0.0329496271194	88	-0.03365276727	68	-0.13349865698	4	-0.202356181542	6	-0.262336762772	1	-0.382743355546	-0.382743355546	-0.377196929127	-0.585099537088	-0.645080118318
M06_DY_TO_DY_ALL28:G808-E0721	M06_DY_TO_DY_ALL28	ALL28	DY	DY	G808-E0721	qot	edy	0	f75v	f75v	G808-P0226	f75v.7	7	10	B	B	2	3	EXACT	-0.336459795653	54	-0.123890281733	3	-0.121786781456	72	-0.0951589792597	1	-0.216986260498	129	-0.216743515399	130	-0.127479947164	68	-0.0250129462618	4	-0.2473695569	6	-0.0993372709912	1	-0.582136858842	-0.677295838101	-0.58783002455	-0.829506415742	-0.681474129833
M06_DY_TO_DY_ALL28:G808-E0728	M06_DY_TO_DY_ALL28	ALL28	DY	DY	G808-E0728	qot	edy	0	f75v	f75v	G808-P0228	f75v.43	43	7	B	B	2	3	EXACT	-0.482891723328	35	-0.0361711890924	4	-0.119136418151	72	0	0	-0.22244738115	111	-0.223283930699	111	-0.119458252814	68	-0.113675210709	4	-0.163980349983	6	-0.124521899252	2	-0.638199330571	-0.638199330571	-0.638521165235	-0.802179680554	-0.762721229823
M06_DY_TO_DY_ALL28:G808-E0741	M06_DY_TO_DY_ALL28	ALL28	DY	DY	G808-E0741	qot	edy	0	f76r	f76r	G808-P0231	f76r.3	3	7	T	B	2	3	EXACT	-0.307901395161	125	-0.233448742371	4	-0.0425323647221	69	0	0	-0.242917620702	198	-0.243314984607	198	-0.0373619910783	65	-0.126542901765	4	-0.239100039277	6	0	0	-0.583882502254	-0.583882502254	-0.57871212861	-0.822982541531	-0.583882502254
M06_DY_TO_DY_ALL28:G808-E0806	M06_DY_TO_DY_ALL28	ALL28	DY	DY	G808-E0806	qot	edy	0	f76v	f76v	G808-P0237	f76v.22	22	3	B	B	2	3	EXACT	-0.435758858875	32	-0.0390647050599	1	-0.102816093622	72	-0.0529176248525	3	-0.192386990406	105	-0.188858567376	108	-0.116198711234	68	0.124677947166	4	-0.112293910572	6	-0.098138823663	3	-0.577639657557	-0.630557282409	-0.591022275169	-0.689933568129	-0.67577848122
M06_DY_TO_DY_ALL28:G808-E0829	M06_DY_TO_DY_ALL28	ALL28	DY	DY	G808-E0829	qot	edy	0	f77r	f77r	G808-P0241	f77r.10	10	5	B	B	2	3	EXACT	-0.367343270864	46	-0.410857390241	3	-0.134938088216	72	-0.136628899092	3	-0.230108518131	121	-0.228273918384	124	-0.135142346522	68	-0.131475754392	4	-0.168492652866	6	-0.152598281953	3	-0.913138749321	-1.04976764841	-0.913343007626	-1.08163140219	-1.06573703127
M06_DY_TO_DY_ALL28:G808-E0836	M06_DY_TO_DY_ALL28	ALL28	DY	DY	G808-E0836	qot	edy	0	f77r	f77r	G808-P0241	f77r.20	20	7	B	B	2	3	EXACT	-0.367343270864	46	-0.166973721179	3	-0.131260637946	72	-0.10603545166	2	-0.221873580721	121	-0.220578920908	123	-0.136544926248	68	-0.0414377941754	4	0.229101620135	6	-0.110153192051	2	-0.665577629988	-0.771613081648	-0.670861918291	-0.436476009853	-0.775730822039
M06_DY_TO_DY_ALL28:G808-E0846	M06_DY_TO_DY_ALL28	ALL28	DY	DY	G808-E0846	qot	edy	0	f77r	f77r	G808-P0242	f77r.27	27	6	B	B	2	2	EXACT	-0.49463693659	41	-0.132580744724	2	-0.122656108065	72	-0.438274427959	1	-0.25187057344	115	-0.254222275905	116	-0.131276998155	68	0.0238889661047	4	0.0294380438135	6	-0.465462921455	1	-0.749873789378	-1.18814821734	-0.758494679468	-0.720435745565	-1.21533671083
M06_DY_TO_DY_ALL28:G808-E0855	M06_DY_TO_DY_ALL28	ALL28	DY	DY	G808-E0855	qot	edy	0	f77r	f77r	G808-P0243	f77r.41	41	4	B	B	2	3	EXACT	-0.222712810458	38	0.203684010726	2	-0.0863971755207	72	0	0	-0.121513617756	112	-0.122434298139	112	-0.0908930211908	68	-0.00997785649686	4	-0.290625613256	6	0	0	-0.105425975253	-0.105425975253	-0.109921820923	-0.396051588509	-0.105425975253
M06_DY_TO_DY_ALL28:G808-E0882	M06_DY_TO_DY_ALL28	ALL28	DY	DY	G808-E0882	qot	edy	0	f77v	f77v	G808-P0246	f77v.31	31	5	B	B	2	2	EXACT	-0.234961510044	42	0	0	-0.108838641739	72	-0.249562510879	1	-0.152888479384	114	-0.154674634631	115	-0.108119622034	68	-0.121072001217	4	-0.0248823711353	6	-0.138861615553	2	-0.343800151783	-0.593362662661	-0.343081132078	-0.368682522918	-0.482661767335
M06_DY_TO_DY_ALL28:G808-E0906	M06_DY_TO_DY_ALL28	ALL28	DY	DY	G808-E0906	qot	edy	0	f78r	f78r	G808-P0247	f78r.9	9	7	B	B	2	2	EXACT	-0.298510641552	64	-0.337248580667	1	-0.137058013477	72	-0.517962895698	1	-0.224135640523	137	-0.226835699034	138	-0.141876597825	68	-0.0551523321624	4	-0.15421445116	6	-0.336381435464	2	-0.772817235696	-1.29078013139	-0.777635820044	-0.927031686857	-1.10919867116
M06_DY_TO_DY_ALL28:G808-E0930	M06_DY_TO_DY_ALL28	ALL28	DY	DY	G808-E0930	qot	edy	0	f78v	f78v	G808-P0249	f78v.3	3	7	B	B	2	2	EXACT	-0.400074062216	64	0	0	-0.130854449928	72	-0.224771420934	1	-0.26870026485	136	-0.26897513692	137	-0.12653293911	68	-0.204330349707	4	-0.119242167455	6	0.376464666761	2	-0.530928512144	-0.755699933078	-0.526607001326	-0.650170679599	-0.154463845383
M06_DY_TO_DY_ALL28:G808-E0995	M06_DY_TO_DY_ALL28	ALL28	DY	DY	G808-E0995	qot	edy	0	f79v	f79v	G808-P0261	f79v.12	12	7	B	B	2	2	EXACT	-0.402766857411	50	0	0	-0.143586783791	72	0	0	-0.253251385723	122	-0.254220338612	122	-0.14912459475	68	-0.0494540525975	4	-0.180624099156	6	0	0	-0.546353641203	-0.546353641203	-0.551891452161	-0.726977740358	-0.546353641203
M06_DY_TO_DY_ALL28:G808-E0999	M06_DY_TO_DY_ALL28	ALL28	DY	DY	G808-E0999	qot	edy	0	f79v	f79v	G808-P0263	f79v.29	29	5	B	B	2	3	EXACT	-0.587236594669	23	-0.0945868306201	2	-0.0992812897295	72	0.218147529252	1	-0.194496770744	97	-0.191035598972	98	-0.0971367093081	68	-0.135749211997	4	-0.0721552910018	6	0.213830372133	1	-0.781104715018	-0.562957185767	-0.778960134597	-0.85326000602	-0.567274342885
M06_DY_TO_DY_ALL28:G808-E1026	M06_DY_TO_DY_ALL28	ALL28	DY	DY	G808-E1026	qot	edy	0	f80v	f80v	G808-P0271	f80v.1	1	4	B	B	2	2	EXACT	-0.729232925527	19	0	0	-0.107552534198	72	-0.449256119058	1	-0.211848552379	91	-0.215255742683	92	-0.108898311206	68	-0.0846845042434	4	0.0913525238393	6	-0.475438052314	1	-0.836785459725	-1.28604157878	-0.838131236733	-0.745432935886	-1.31222351204
M06_DY_TO_DY_ALL28:G808-E1027	M06_DY_TO_DY_ALL28	ALL28	DY	DY	G808-E1027	qot	edy	0	f80v	f80v	G808-P0271	f80v.2	2	2	B	B	2	2	EXACT	-0.729232925527	19	-0.101062210254	3	-0.101210293395	72	0	0	-0.202799394804	94	-0.203891623253	94	-0.118556248928	68	0.193660771478	4	0.0579341281207	6	0	0	-0.931505429176	-0.931505429176	-0.948851384709	-0.873571301055	-0.931505429176
M06_DY_TO_DY_ALL28:G808-E1099	M06_DY_TO_DY_ALL28	ALL28	DY	DY	G808-E1099	qot	edy	0	f81v	f81v	G808-P0282	f81v.25	25	2	B	B	2	3	EXACT	-0.363775569894	65	-0.287393678139	5	-0.132476281851	72	0	0	-0.254491945094	142	-0.255373163598	142	-0.151225004928	68	0.186241882354	4	-0.160783038646	6	0	0	-0.783645529883	-0.783645529883	-0.802394252961	-0.94442856853	-0.783645529883
M06_DY_TO_DY_ALL28:G808-E1110	M06_DY_TO_DY_ALL28	ALL28	DY	DY	G808-E1110	qot	edy	0	f82r	f82r	G808-P0284	f82r.13	13	4	B	B	2	2	EXACT	-0.312785436958	36	0	0	-0.1312345383	72	-0.122097237861	3	-0.184311979634	108	-0.183026957734	111	-0.138185610588	68	-0.013076525083	4	-0.0283723338093	6	-0.133882857641	3	-0.444019975258	-0.566117213119	-0.450971047546	-0.472392309068	-0.577902832899
M06_DY_TO_DY_ALL28:G808-E1120	M06_DY_TO_DY_ALL28	ALL28	DY	DY	G808-E1120	qot	edy	0	f82r	f82r	G808-P0285	f82r.29	29	8	B	B	2	3	EXACT	-0.312902068855	54	-0.366975640246	2	-0.144502334379	72	0.275201566106	1	-0.224639284681	128	-0.221575148649	129	-0.140798894972	68	-0.207471019968	4	-0.149377419988	6	0.271328070769	1	-0.82438004348	-0.549178477374	-0.820676604073	-0.973757463467	-0.553051972711
M06_DY_TO_DY_ALL28:G808-E1134	M06_DY_TO_DY_ALL28	ALL28	DY	DY	G808-E1134	qot	edy	0	f82v	f82v	G808-P0287	f82v.11	11	10	B	B	2	3	EXACT	-0.536657047582	18	-0.208352335968	3	-0.116547458423	72	0	0	-0.174394688472	93	-0.175442630964	93	-0.120705496606	68	-0.0458709004409	4	-0.0215050166523	6	0	0	-0.861556841973	-0.861556841973	-0.865714880156	-0.883061858625	-0.861556841973
M06_DY_TO_DY_ALL28:G808-E1140	M06_DY_TO_DY_ALL28	ALL28	DY	DY	G808-E1140	qot	edy	0	f82v	f82v	G808-P0288	f82v.17	17	9	B	B	2	3	EXACT	-0.37356434043	25	-0.352169119993	2	-0.134023735463	72	-0.293342397065	1	-0.180568985513	99	-0.182511034925	100	-0.135241773663	68	-0.113327177204	4	-0.0747108779673	6	-1.22521419689	1	-0.859757195886	-1.15309959295	-0.860975234085	-0.934468073853	-2.08497139278
M06_DY_TO_DY_ALL28:G808-E1179	M06_DY_TO_DY_ALL28	ALL28	DY	DY	G808-E1179	qot	edy	0	f83r	f83r	G808-P0294	f83r.23	23	2	B	B	2	2	EXACT	-0.42068529939	22	0.0627617034873	1	-0.0996129468201	72	-0.60231530376	1	-0.150104290013	95	-0.155566670178	96	-0.117115676834	68	0.19792287245	4	-0.202128180066	6	-0.616940871049	1	-0.457536542723	-1.05985184648	-0.475039272737	-0.659664722789	-1.07447741377
M06_DY_TO_DY_ALL28:G808-E1272	M06_DY_TO_DY_ALL28	ALL28	DY	DY	G808-E1272	qot	eody	1	f86v5	f86v	G808-P0325	f86v5.29	29	2	T	B	2	3	EXACT	0.043834820779	62	0.246774308555	1	-0.0220358145073	72	-0.236889429116	1	-0.00126643460652	135	-0.00343299669495	136	-0.0337116669238	68	0.176443270108	4	0.192030334905	6	-0.267801731142	1	0.268573314826	0.0316838857103	0.25689746241	0.460603649732	0.000771583684097
M06_DY_TO_DY_ALL28:G808-E1295	M06_DY_TO_DY_ALL28	ALL28	DY	DY	G808-E1295	qot	edy	0	f86v6	f86v	G808-P0327	f86v6.17	17	8	T	B	2	3	EXACT	-0.0933195681999	31	-0.00177819597255	5	-0.0880160360135	72	0	0	-0.0737065832883	108	-0.0742250717048	108	-0.0873463014352	68	-0.0994119303096	4	0.196364897153	6	0	0	-0.183113800186	-0.183113800186	-0.182444065608	0.0132510969667	-0.183113800186
M06_DY_TO_DY_ALL28:G808-E1308	M06_DY_TO_DY_ALL28	ALL28	DY	DY	G808-E1308	qot	eody	1	f86v6	f86v	G808-P0329	f86v6.34	34	4	T	B	2	3	EXACT	-0.188535719649	72	-0.140379929899	2	-0.0376288027968	72	0.0925607462353	3	-0.130093297284	146	-0.125897577271	149	-0.0397913894424	68	-0.000875236287107	4	0.164037197667	6	0.286662286259	3	-0.366544452345	-0.273983706109	-0.36870703899	-0.202507254678	-0.0798821660856
M06_DY_TO_DY_ALL28:G808-E1345	M06_DY_TO_DY_ALL28	ALL28	DY	DY	G808-E1345	qot	eody	1	f88v	f88v	G808-P0338	f88v.15	15	5	P	A	1	2	EXACT	0.196111638108	19	0	0	0.128111635942	72	0	0	0.161808156182	91	0.159620277065	91	0.145904796817	68	-0.174367327326	4	0.0184595571021	6	0	0	0.324223274049	0.324223274049	0.342016434925	0.342682831152	0.324223274049
M06_DY_TO_DY_ALL28:G808-E1537	M06_DY_TO_DY_ALL28	ALL28	DY	DY	G808-E1537	sh	eody	1	f102v1	f102v	G808-P0378	f102v1.20	20	6	P	A	1	3	EXACT	0.411089728886	12	-0.0672311140449	3	0.100668175738	72	-0.0542557794749	1	0.170195558117	87	0.167146458987	88	0.112066998602	68	-0.0931229055373	4	-0.146753591243	6	0.319222361694	1	0.444526790579	0.390271011104	0.455925613443	0.297773199336	0.763749152273
M06_DY_TO_DY_ALL28:G808-E1542	M06_DY_TO_DY_ALL28	ALL28	DY	DY	G808-E1542	sh	eody	1	f102v1	f102v	G808-P0378	f102v1.23	23	4	P	A	1	2	EXACT	0.411089728886	12	0	0	0.112864570686	72	-0.212393818047	1	0.188796529304	84	0.183585112293	85	0.118930568258	68	0.00973151937646	4	-0.206268690224	6	-0.218576118426	1	0.523954299572	0.311560481525	0.530020297144	0.317685609348	0.305378181147
M06_DY_TO_DY_ALL28:G808-E1549	M06_DY_TO_DY_ALL28	ALL28	DY	DY	G808-E1549	sh	edy	0	f103r	f103r	G808-P0381	f103r.1	1	8	S	B	3	3	EXACT	-0.364690407293	25	0.0096493884029	2	-0.0291884710521	71	0	0	-0.0963101351657	98	-0.0965569379844	98	-0.0238627413287	67	-0.118396940281	4	-0.251536816326	6	0.332263590514	1	-0.384229489942	-0.384229489942	-0.378903760218	-0.635766306267	-0.0519658994281
M06_DY_TO_DY_ALL28:G808-E1553	M06_DY_TO_DY_ALL28	ALL28	DY	DY	G808-E1553	sh	edy	0	f103r	f103r	G808-P0382	f103r.6	6	6	S	B	3	3	EXACT	0	0	0.0742516911238	2	-0.0340828955611	72	-0.119940119585	1	0.0215668618014	74	0.0195174913855	75	-0.0286939244944	68	-0.125704420413	4	-0.0792838426378	6	-0.128035610402	1	0.0401687955626	-0.0797713240224	0.0455577666293	-0.0391150470751	-0.0878668148391
M06_DY_TO_DY_ALL28:G808-E1564	M06_DY_TO_DY_ALL28	ALL28	DY	DY	G808-E1564	sh	edy	0	f103r	f103r	G808-P0386	f103r.20	20	6	S	B	3	2	EXACT	-0.459663922658	11	-0.173928724435	1	-0.0392815020829	72	-0.139861432905	1	-0.060718792968	84	-0.061822398473	85	-0.0379477541733	68	-0.0619642332656	4	0.163933088911	6	-0.412570893069	2	-0.672874149176	-0.812735582081	-0.671540401266	-0.508941060266	-1.08544504225
M06_DY_TO_DY_ALL28:G808-E1568	M06_DY_TO_DY_ALL28	ALL28	DY	DY	G808-E1568	sh	edy	0	f103r	f103r	G808-P0388	f103r.24	24	3	S	B	3	3	EXACT	-0.260589507835	14	0.121056082272	4	-0.00759841896406	72	-0.311982951419	2	-0.0107734968957	90	-0.017431061517	92	-0.016311690369	68	0.140518178202	4	0.00038152608515	6	-0.325036527413	2	-0.147131844527	-0.459114795947	-0.155845115932	-0.146750318442	-0.47216837194
M06_DY_TO_DY_ALL28:G808-E1572	M06_DY_TO_DY_ALL28	ALL28	DY	DY	G808-E1572	sh	edy	0	f103r	f103r	G808-P0390	f103r.30	30	5	S	B	3	3	EXACT	-0.369388412234	8	-0.0694733980598	1	-0.0127615302163	72	0.195016597263	2	-0.00902981268088	81	-0.00420768004062	83	-0.00611836118814	68	-0.125704420413	4	-0.0257788671731	6	0.186921106446	2	-0.45162334051	-0.256606743248	-0.444980171482	-0.477402207683	-0.264702234065
M06_DY_TO_DY_ALL28:G808-E1574	M06_DY_TO_DY_ALL28	ALL28	DY	DY	G808-E1574	sh	edy	0	f103r	f103r	G808-P0390	f103r.32	32	2	S	B	3	2	EXACT	-0.369388412234	8	0	0	-0.00466135038802	72	-0.157412309315	2	-0.00113932868944	80	-0.00504365758187	82	-0.0166885005778	68	0.199791186121	4	-0.203308869625	6	0.0372247539221	2	-0.374049762622	-0.531462071938	-0.386076912812	-0.577358632247	-0.3368250087
M06_DY_TO_DY_ALL28:G808-E1577	M06_DY_TO_DY_ALL28	ALL28	DY	DY	G808-E1577	sh	edy	0	f103r	f103r	G808-P0393	f103r.38	38	8	S	B	3	3	EXACT	-0.549979310192	4	-0.323107847052	2	-0.0102645216661	72	-0.119347386567	1	-0.000285450385552	78	-0.0019594370597	79	-0.00709779728549	68	-0.0641078528547	4	0.151281490838	6	-0.127442877383	1	-0.88335167891	-1.00269906548	-0.880184954529	-0.732070188072	-1.01079455629
M06_DY_TO_DY_ALL28:G808-E1581	M06_DY_TO_DY_ALL28	ALL28	DY	DY	G808-E1581	sh	edy	0	f103r	f103r	G808-P0396	f103r.46	46	6	S	B	3	3	EXACT	-0.316488727743	5	-0.213709141242	2	-0.028396306148	72	-0.27108016467	2	-0.00729249969334	79	-0.0138966667929	81	-0.0226728298217	68	-0.125704420413	4	-0.121828883019	6	-0.279175655487	2	-0.558594175133	-0.829674339803	-0.552870698807	-0.680423058152	-0.83776983062
M06_DY_TO_DY_ALL28:G808-E1583	M06_DY_TO_DY_ALL28	ALL28	DY	DY	G808-E1583	sh	edy	0	f103v	f103v	G808-P0399	f103v.1	1	11	S	B	3	3	EXACT	-0.487159273632	17	0.103526418022	5	-0.0545570961731	72	-0.13933276851	1	-0.0995052637541	94	-0.100983170596	95	-0.0547847474123	68	-0.0506833126264	4	0.135556033386	6	-0.138954755006	1	-0.438189951783	-0.577522720293	-0.438417603022	-0.302633918398	-0.577144706789
M06_DY_TO_DY_ALL28:G808-E1586	M06_DY_TO_DY_ALL28	ALL28	DY	DY	G808-E1586	sh	edy	0	f103v	f103v	G808-P0400	f103v.6	6	8	S	B	3	3	EXACT	-0.42257282406	13	-0.0575821781119	3	-0.0316304761564	72	0.0789916765268	2	-0.0605449638805	88	-0.0580753527219	90	-0.0254539360627	68	-0.136627945268	4	-0.181582325758	6	0.0415937982548	2	-0.511785478328	-0.432793801802	-0.505608938235	-0.693367804086	-0.470191680074
M06_DY_TO_DY_ALL28:G808-E1588	M06_DY_TO_DY_ALL28	ALL28	DY	DY	G808-E1588	sh	edy	0	f103v	f103v	G808-P0401	f103v.9	9	6	S	B	3	3	EXACT	-0.553264685416	12	-0.355073098953	1	-0.0539514960139	72	0	0	-0.0968184889149	85	-0.0982618790541	85	-0.0490769660121	68	-0.136814793565	4	-0.250943182998	6	0.413229174717	1	-0.962289280383	-0.962289280383	-0.957414750381	-1.21323246338	-0.549060105666
M06_DY_TO_DY_ALL28:G808-E1593	M06_DY_TO_DY_ALL28	ALL28	DY	DY	G808-E1593	sh	edy	0	f103v	f103v	G808-P0403	f103v.16	16	5	S	B	3	2	EXACT	-0.137742291263	7	-0.134989419299	1	-0.0646963130167	72	0	0	-0.0337811763397	80	-0.0352245664789	80	-0.0604648221502	68	-0.136627945268	4	-0.16339040609	6	-0.228168708993	1	-0.337428023579	-0.337428023579	-0.333196532712	-0.500818429669	-0.565596732572
M06_DY_TO_DY_ALL28:G808-E1595	M06_DY_TO_DY_ALL28	ALL28	DY	DY	G808-E1595	sh	edy	0	f103v	f103v	G808-P0404	f103v.17	17	6	S	B	3	2	EXACT	-0.157885039545	9	-0.00455537249542	2	-0.0515256459822	72	-0.395849377098	2	-0.0267899545938	83	-0.0360571330744	85	-0.0465084189197	68	-0.136814793565	4	-0.2722427867	6	-0.408812585046	2	-0.213966058022	-0.60981543512	-0.20894883096	-0.486208844722	-0.622778643068
M06_DY_TO_DY_ALL28:G808-E1598	M06_DY_TO_DY_ALL28	ALL28	DY	DY	G808-E1598	sh	edy	0	f103v	f103v	G808-P0405	f103v.22	22	7	S	B	3	3	EXACT	-0.291607776415	31	0	0	-0.0307779142606	72	-0.00568302358992	2	-0.0987561711297	103	-0.0977305790683	105	-0.0296067900932	68	-0.0506833126264	4	0.22417752171	6	-0.0120999221797	2	-0.322385690675	-0.328068714265	-0.321214566508	-0.0982081689655	-0.334485612855
M06_DY_TO_DY_ALL28:G808-E1613	M06_DY_TO_DY_ALL28	ALL28	DY	DY	G808-E1613	sh	edy	0	f103v	f103v	G808-P0410	f103v.41	41	10	S	B	3	3	EXACT	-0.336446318489	13	0.148065151882	4	-0.0432086602345	72	0.0458834630603	1	-0.0477881764613	89	-0.0477846770725	90	-0.0377131897925	68	-0.136627945268	4	0.142901752908	6	0.0335832476114	2	-0.231589826841	-0.185706363781	-0.226094356399	-0.0886880739332	-0.19800657923
M06_DY_TO_DY_ALL28:G808-E1614	M06_DY_TO_DY_ALL28	ALL28	DY	DY	G808-E1614	sh	edy	0	f103v	f103v	G808-P0411	f103v.44	44	8	S	B	3	3	EXACT	-0.652892865611	17	-0.297856464411	3	-0.0341533685376	72	0.00131429552428	1	-0.132181220235	92	-0.131796180979	93	-0.0281252338781	68	-0.136627945268	4	0.283613543156	6	0.00169230902799	1	-0.98490269856	-0.983588403036	-0.978874563901	-0.701289155404	-0.983210389532
M06_DY_TO_DY_ALL28:G808-E1619	M06_DY_TO_DY_ALL28	ALL28	DY	DY	G808-E1619	sh	edy	0	f104r	f104r	G808-P0413	f104r.7	7	6	S	B	3	3	EXACT	-0.240771425299	30	-0.0859016920025	2	-0.0102919510885	72	0	0	-0.0654355964785	104	-0.0661624859168	104	-0.00585049691064	68	-0.0858070542669	4	-0.186736040155	6	0	0	-0.33696506839	-0.33696506839	-0.332523614213	-0.523701108545	-0.33696506839
M06_DY_TO_DY_ALL28:G808-E1627	M06_DY_TO_DY_ALL28	ALL28	DY	DY	G808-E1627	sh	eody	1	f104r	f104r	G808-P0418	f104r.26	26	4	S	B	3	2	EXACT	-0.264222542378	28	0	0	-0.0347206396592	72	0.197494433467	1	-0.0842230180638	100	-0.0819796548819	101	-0.0444523794369	68	0.130708554407	4	0.238702603201	6	0.19190494113	1	-0.298943182037	-0.10144874857	-0.308674921815	-0.0602405788355	-0.107038240907
M06_DY_TO_DY_ALL28:G808-E1659	M06_DY_TO_DY_ALL28	ALL28	DY	DY	G808-E1659	sh	eody	1	f104v	f104v	G808-P0435	f104v.35	35	7	S	B	3	3	EXACT	-0.0667405282005	5	-0.126738346891	2	-0.00806932351982	72	0	0	0.0279063889511	79	0.0272876800113	79	-0.00165566671713	68	-0.117112024365	4	-0.327839127842	6	0	0	-0.201548198611	-0.201548198611	-0.195134541808	-0.529387326453	-0.201548198611
M06_DY_TO_DY_ALL28:G808-E1668	M06_DY_TO_DY_ALL28	ALL28	DY	DY	G808-E1668	sh	edy	0	f105r	f105r	G808-P0440	f105r.13	13	7	S	B	3	2	EXACT	-0.0325465702602	7	-0.0994298961439	1	-0.0482546932473	72	0	0	-0.0047954646821	80	-0.00540358624639	80	-0.0439469001136	68	-0.121502464401	4	-0.193762250247	6	0.347484895902	1	-0.180231159651	-0.180231159651	-0.175923366518	-0.373993409898	0.16725373625
M06_DY_TO_DY_ALL28:G808-E1714	M06_DY_TO_DY_ALL28	ALL28	DY	DY	G808-E1714	sh	edy	0	f106r	f106r	G808-P0460	f106r.8	8	5	S	B	3	3	EXACT	0.165161668193	3	-0.107487493685	2	-0.0260270110829	72	0	0	0.0269177240766	77	0.0263545404056	77	-0.0203734972037	68	-0.122148039731	4	0.221633443505	6	0.339924903903	1	0.0316471634247	0.0316471634247	0.0373006773039	0.25328060693	0.371572067327
M06_DY_TO_DY_ALL28:G808-E1734	M06_DY_TO_DY_ALL28	ALL28	DY	DY	G808-E1734	sh	edy	0	f106r	f106r	G808-P0466	f106r.25	25	6	S	B	3	3	EXACT	-0.252557011533	7	-0.851764189198	1	0.000774491199302	72	-0.331037753433	2	0.00935446208333	80	0.000838546360458	82	0.00800456403627	68	-0.122148039731	4	0.189378838428	6	-0.336829882033	2	-1.10354670953	-1.43458446297	-1.0963166367	-0.914167871104	-1.44037659156
M06_DY_TO_DY_ALL28:G808-E1737	M06_DY_TO_DY_ALL28	ALL28	DY	DY	G808-E1737	sh	eody	1	f106r	f106r	G808-P0468	f106r.33	33	3	S	B	3	3	EXACT	0.0416006803821	5	-0.0146729807434	2	-0.0411822203419	72	0.391391550357	2	0.00897931963943	79	0.0182122454032	81	-0.0519840071246	68	0.142436862262	4	-0.00323423409188	6	0.385599421758	2	-0.0142545207033	0.377137029654	-0.0250563074859	-0.0174887547951	0.371344901055
M06_DY_TO_DY_ALL28:G808-E1741	M06_DY_TO_DY_ALL28	ALL28	DY	DY	G808-E1741	sh	edy	0	f106r	f106r	G808-P0470	f106r.36	36	10	S	B	3	3	EXACT	0.993252983357	1	-0.208127895868	2	-0.0308764494593	72	0	0	0.0292035096554	75	0.0286403259844	75	-0.0311990775347	68	-0.0254030648793	4	0.158925232834	6	-0.0273564760929	2	0.75424863803	0.75424863803	0.753926009955	0.913173870864	0.726892161937
M06_DY_TO_DY_ALL28:G808-E1745	M06_DY_TO_DY_ALL28	ALL28	DY	DY	G808-E1745	sh	eody	1	f106v	f106v	G808-P0474	f106v.6	6	4	S	B	3	3	EXACT	-0.0279333802735	10	0.0895575765074	2	0.00586477726559	72	0	0	0.0396126989865	84	0.0391014011605	84	0.0056570279968	68	0.00938588738095	4	-0.260758972425	6	0	0	0.0674889734995	0.0674889734995	0.0672812242308	-0.193269998926	0.0674889734995
M06_DY_TO_DY_ALL28:G808-E1756	M06_DY_TO_DY_ALL28	ALL28	DY	DY	G808-E1756	sh	edy	0	f106v	f106v	G808-P0485	f106v.37	37	8	S	B	3	3	EXACT	-0.396005823823	8	-0.362105477802	1	0.00809369937779	72	0	0	0.00263676803398	81	0.00212547020798	81	0.0168861301703	68	-0.141388251549	4	-0.04424681654	6	0	0	-0.750017602247	-0.750017602247	-0.741225171454	-0.794264418787	-0.750017602247
M06_DY_TO_DY_ALL28:G808-E1759	M06_DY_TO_DY_ALL28	ALL28	DY	DY	G808-E1759	sh	edy	0	f106v	f106v	G808-P0487	f106v.42	42	3	S	B	3	3	EXACT	-0.196422877966	27	-0.402953923621	3	-0.0381489528662	72	0	0	-0.0750204817471	102	-0.0755317795731	102	-0.0495756887716	68	0.156094930072	4	0.0339216966118	6	-0.122080396998	1	-0.637525754453	-0.637525754453	-0.648952490358	-0.603604057841	-0.75960615145
M06_DY_TO_DY_ALL28:G808-E1777	M06_DY_TO_DY_ALL28	ALL28	DY	DY	G808-E1777	sh	eody	1	f107r	f107r	G808-P0499	f107r.43	43	4	S	B	3	3	EXACT	-0.156365429801	7	0.812752740924	1	-0.0655332905863	72	-0.169841272392	1	-0.0219038908871	80	-0.024003720428	81	-0.0696328555328	68	0.00414882764075	4	-0.010706933985	6	-0.0589432553377	1	0.590854020537	0.421012748145	0.58675445559	0.580147086552	0.531910765199
M06_DY_TO_DY_ALL28:G808-E1791	M06_DY_TO_DY_ALL28	ALL28	DY	DY	G808-E1791	sh	edy	0	f107v	f107v	G808-P0504	f107v.10	10	7	S	B	3	2	EXACT	-0.35265952492	12	0.288628600811	2	-0.0120334146095	72	0	0	-0.0207924122371	86	-0.0211994360592	86	-0.0142144099481	68	0.0250330361551	4	-0.0301674739768	6	0	0	-0.0760643387187	-0.0760643387187	-0.0782453340572	-0.106231812695	-0.0760643387187
M06_DY_TO_DY_ALL28:G808-E1815	M06_DY_TO_DY_ALL28	ALL28	DY	DY	G808-E1815	sh	edy	0	f107v	f107v	G808-P0512	f107v.35	35	6	S	B	3	3	EXACT	0	0	-0.132871101996	2	0.00830650485438	72	0.176215020925	2	0.0542886562302	74	0.0573621002292	76	0.0146415364393	68	-0.0993995020808	4	-0.178619669329	6	0.11793448734	2	-0.124564597142	0.0516504237835	-0.118229565557	-0.30318426647	-0.00663010980182
M06_DY_TO_DY_ALL28:G808-E1823	M06_DY_TO_DY_ALL28	ALL28	DY	DY	G808-E1823	sh	edy	0	f108r	f108r	G808-P0517	f108r.2	2	5	S	B	3	3	EXACT	0.0328369231189	10	-0.500733670335	1	-0.00306854527682	72	-0.0646497953756	1	0.0352771115737	83	0.0337288950918	84	0.00306028801742	68	-0.10726972349	4	-0.198036793069	6	-0.0753518254252	1	-0.470965292493	-0.535615087868	-0.464836459199	-0.669002085561	-0.546317117918
M06_DY_TO_DY_ALL28:G808-E1854	M06_DY_TO_DY_ALL28	ALL28	DY	DY	G808-E1854	sh	eody	1	f108r	f108r	G808-P0525	f108r.31	31	2	S	B	3	2	EXACT	-0.678617633321	5	0.288122775291	1	-0.00159193708213	72	-0.0860697032812	1	0.00728121692541	78	0.00575141119792	79	-0.0137038978741	68	0.204300384169	4	-0.306014563978	6	-0.334717401163	1	-0.392086795113	-0.478156498394	-0.404198755905	-0.69810135909	-0.726804196276
M06_DY_TO_DY_ALL28:G808-E1862	M06_DY_TO_DY_ALL28	ALL28	DY	DY	G808-E1862	sh	edy	0	f108r	f108r	G808-P0526	f108r.35	35	5	S	B	3	3	EXACT	-0.647325626135	4	0.164890933806	1	0.0202908505565	72	0	0	0.0378869274687	77	0.0373630184159	77	0.0277937659586	68	-0.10726972349	4	0.000538343615351	6	0	0	-0.462143841772	-0.462143841772	-0.45464092637	-0.461605498157	-0.462143841772
M06_DY_TO_DY_ALL28:G808-E1884	M06_DY_TO_DY_ALL28	ALL28	DY	DY	G808-E1884	sh	edy	0	f108v	f108v	G808-P0531	f108v.4	4	2	S	B	3	2	EXACT	-0.386991312732	20	-0.10492690913	3	-0.0451693019515	72	-0.180350715501	2	-0.0967318366707	95	-0.0986944844841	97	-0.0592822626053	68	0.194739815531	4	-0.0919411040075	6	-0.186227097269	2	-0.537087523814	-0.717438239316	-0.551200484468	-0.629028627822	-0.723314621083
M06_DY_TO_DY_ALL28:G808-E1894	M06_DY_TO_DY_ALL28	ALL28	DY	DY	G808-E1894	sh	edy	0	f108v	f108v	G808-P0535	f108v.15	15	9	S	B	3	3	EXACT	-0.49575364358	16	-0.033567123265	2	-0.0219362015606	72	0	0	-0.0793773083986	90	-0.0798766046788	90	-0.0192900149223	68	-0.0669325880426	4	0.248208325628	6	-0.103494324171	1	-0.551256968406	-0.551256968406	-0.548610781768	-0.303048642778	-0.654751292577
M06_DY_TO_DY_ALL28:G808-E1902	M06_DY_TO_DY_ALL28	ALL28	DY	DY	G808-E1902	sh	edy	0	f108v	f108v	G808-P0536	f108v.28	28	3	S	B	3	3	EXACT	-0.203208636126	42	-0.117596392963	4	-0.0255166561027	72	0.0483625639642	2	-0.089005339351	118	-0.0870043984182	120	-0.0352303473652	68	0.139604881729	4	0.0845868188044	6	0.124775175528	3	-0.346321685192	-0.297959121227	-0.356035376454	-0.261734866387	-0.221546509663
M06_DY_TO_DY_ALL28:G808-E1909	M06_DY_TO_DY_ALL28	ALL28	DY	DY	G808-E1909	sh	edy	0	f108v	f108v	G808-P0537	f108v.32	32	6	S	B	3	3	EXACT	-0.367064631173	79	-0.00984951016066	2	-0.0344654341766	72	-0.521120744959	1	-0.223368135727	153	-0.225718771487	154	-0.0295850553502	68	-0.117443087856	4	-0.0404618344597	6	-0.537926591787	1	-0.41137957551	-0.932500320469	-0.406499196684	-0.45184140997	-0.949306167297
M06_DY_TO_DY_ALL28:G808-E1919	M06_DY_TO_DY_ALL28	ALL28	DY	DY	G808-E1919	sh	edy	0	f108v	f108v	G808-P0537	f108v.43	43	3	S	B	3	3	EXACT	-0.367064631173	79	0	0	-0.00818496176296	72	-0.0757381039284	1	-0.213759371047	151	-0.213267433139	152	-0.0168791415937	68	0.139604881729	4	0.00664480589352	6	-0.0816144856956	1	-0.375249592936	-0.450987696864	-0.383943772767	-0.368604787042	-0.456864078631
M06_DY_TO_DY_ALL28:G808-E1929	M06_DY_TO_DY_ALL28	ALL28	DY	DY	G808-E1929	sh	edy	0	f111r	f111r	G808-P0538	f111r.5	5	4	S	B	3	2	EXACT	-0.315576377145	13	-0.00428591009659	1	-0.0656806238055	72	-0.0583749161971	1	-0.0687761523687	86	-0.0691977053669	87	-0.0700519488715	68	0.00861735909459	4	0.1959348999	6	-0.0704747883665	1	-0.385542911047	-0.443917827244	-0.389914236113	-0.189608011148	-0.456017699414
M06_DY_TO_DY_ALL28:G808-E1953	M06_DY_TO_DY_ALL28	ALL28	DY	DY	G808-E1953	sh	edy	0	f111v	f111v	G808-P0544	f111v.5	5	10	S	B	3	3	EXACT	-0.244414857453	104	0.133308791927	4	-0.00510057579501	72	-0.0691365313824	1	-0.165487526629	180	-0.165328099787	181	0.00591557893976	68	-0.192386123041	4	-0.145770097377	6	-1.00106087823	1	-0.116206641321	-0.185343172703	-0.105190486586	-0.261976738698	-1.11726751955
M06_DY_TO_DY_ALL28:G808-E1959	M06_DY_TO_DY_ALL28	ALL28	DY	DY	G808-E1959	sh	edy	0	f111v	f111v	G808-P0544	f111v.14	14	6	S	B	3	3	EXACT	-0.244414857453	104	-0.225324059976	1	-0.0332345932719	72	0.0517009021003	2	-0.184159124206	177	-0.181835265759	179	-0.0280656831179	68	-0.121116982643	4	0.0853971738949	6	0.241286514054	2	-0.5029735107	-0.4512726086	-0.497804600546	-0.417576336805	-0.261686996646
M06_DY_TO_DY_ALL28:G808-E1961	M06_DY_TO_DY_ALL28	ALL28	DY	DY	G808-E1961	sh	edy	0	f111v	f111v	G808-P0544	f111v.18	18	2	S	B	3	3	EXACT	-0.244414857453	104	-0.0518802402172	7	0.0106982544256	71	0	0	-0.162543112989	182	-0.162976118909	182	-0.000214647981391	67	0.193486329176	4	0.187834040604	6	0	0	-0.285596843244	-0.285596843244	-0.296509745651	-0.0977628026399	-0.285596843244
M06_DY_TO_DY_ALL28:G808-E1965	M06_DY_TO_DY_ALL28	ALL28	DY	DY	G808-E1965	sh	edy	0	f111v	f111v	G808-P0546	f111v.29	29	4	S	B	3	3	EXACT	-0.438603327565	6	-0.80281244193	1	-0.000289924412857	72	0	0	-0.00427594145978	79	-0.00470894737957	79	-9.97166130072e-05	68	-0.00353437376477	4	-0.170425912526	6	0	0	-1.24170569391	-1.24170569391	-1.24151548611	-1.41213160643	-1.24170569391
M06_DY_TO_DY_ALL28:G808-E1982	M06_DY_TO_DY_ALL28	ALL28	DY	DY	G808-E1982	sh	edy	0	f112r	f112r	G808-P0556	f112r.25	25	2	S	B	3	3	EXACT	-0.318944246507	12	-0.175704033448	2	0.00397740851239	72	0	0	-0.0106254431963	86	-0.011398028024	86	-0.00727221076595	68	0.195209289345	4	0.094930912461	6	0	0	-0.490670871442	-0.490670871442	-0.501920490721	-0.395739958981	-0.490670871442
M06_DY_TO_DY_ALL28:G808-E1994	M06_DY_TO_DY_ALL28	ALL28	DY	DY	G808-E1994	sh	eody	1	f112r	f112r	G808-P0561	f112r.39	39	7	S	B	3	3	EXACT	-0.433803905977	15	0	0	-0.0230304000302	72	0.0591116904704	1	-0.0629162232529	87	-0.0620768923562	88	-0.0126497224474	68	-0.199513565837	4	-0.135853710206	6	-0.114347130105	1	-0.456834306007	-0.397722615537	-0.446453628425	-0.592688016214	-0.571181436112
M06_DY_TO_DY_ALL28:G808-E1996	M06_DY_TO_DY_ALL28	ALL28	DY	DY	G808-E1996	sh	edy	0	f112r	f112r	G808-P0562	f112r.42	42	3	S	B	3	3	EXACT	-0.0201057858162	20	-0.112063552226	1	-0.0303227323701	72	0.238009331691	1	-0.00461881201745	93	-0.00259938818841	94	-0.040111092979	68	0.13606775108	4	-0.014801302698	6	0.0251122611264	3	-0.162492070413	0.0755172612786	-0.172280431021	-0.177293373111	-0.137379809286
M06_DY_TO_DY_ALL28:G808-E2006	M06_DY_TO_DY_ALL28	ALL28	DY	DY	G808-E2006	sh	edy	0	f112v	f112v	G808-P0568	f112v.25	25	2	S	B	3	3	EXACT	-0.323626953069	15	-0.0277658943598	4	-0.00750233011694	72	0.633582560335	1	-0.0252063941892	91	-0.017825593268	92	-0.017579987242	68	0.163791944916	4	0.221699308085	6	0.622410025143	1	-0.358895177546	0.27468738279	-0.368972834671	-0.137195869461	0.263514847597
M06_DY_TO_DY_ALL28:G808-E2014	M06_DY_TO_DY_ALL28	ALL28	DY	DY	G808-E2014	sh	edy	0	f112v	f112v	G808-P0572	f112v.37	37	5	S	B	3	3	EXACT	-0.448390832644	14	-0.717645828197	2	-0.0417879257279	72	0.906518552247	2	-0.0840587267713	88	-0.0619129536124	90	-0.0365398464378	68	-0.131031169753	4	-0.0524982521449	6	0.747069091597	3	-1.20782458657	-0.301306034321	-1.20257650728	-1.26032283871	-0.460755494972
M06_DY_TO_DY_ALL28:G808-E2030	M06_DY_TO_DY_ALL28	ALL28	DY	DY	G808-E2030	sh	eody	1	f113r	f113r	G808-P0579	f113r.10	10	7	S	B	3	3	EXACT	0.411694949847	6	0.677639307819	2	0.00488276558648	72	0	0	0.093440093415	80	0.0928899189103	80	0.0130249071245	68	-0.133544320116	4	-0.166089752872	6	0	0	1.09421702325	1.09421702325	1.10235916479	0.928127270379	1.09421702325
M06_DY_TO_DY_ALL28:G808-E2042	M06_DY_TO_DY_ALL28	ALL28	DY	DY	G808-E2042	sh	edy	0	f113r	f113r	G808-P0584	f113r.25	25	8	S	B	3	3	EXACT	0.017656096337	6	0	0	-0.0314744871219	72	0.668694545437	1	0.0143738453492	78	0.0222809413774	79	-0.021108095875	68	-0.207713817876	4	0.190397800573	6	0.667709334164	1	-0.0138183907849	0.654876154652	-0.00345199953795	0.176579409788	0.65389094338
M06_DY_TO_DY_ALL28:G808-E2067	M06_DY_TO_DY_ALL28	ALL28	DY	DY	G808-E2067	sh	edy	0	f113v	f113v	G808-P0596	f113v.13	13	5	S	B	3	3	EXACT	-0.233769231732	25	0	0	-0.0535416437324	72	0.281654941597	2	-0.087160955079	97	-0.0803480040688	99	-0.0496580835368	68	-0.11956414306	4	-0.150964987189	6	0.564444375261	2	-0.287310875465	-0.00565593386754	-0.283427315269	-0.438275862653	0.277133499797
M06_DY_TO_DY_ALL28:G808-E2088	M06_DY_TO_DY_ALL28	ALL28	DY	DY	G808-E2088	sh	edy	0	f114r	f114r	G808-P0608	f114r.4	4	8	S	B	3	3	EXACT	0.00739060593439	15	0	0	-0.0231347859933	72	0	0	0.0119553703254	87	0.011331541175	87	-0.0131377039033	68	-0.193096386417	4	-9.50933714448e-05	6	0	0	-0.0157441800589	-0.0157441800589	-0.00574709796891	-0.0158392734303	-0.0157441800589
M06_DY_TO_DY_ALL28:G808-E2095	M06_DY_TO_DY_ALL28	ALL28	DY	DY	G808-E2095	sh	edy	0	f114r	f114r	G808-P0610	f114r.11	11	5	S	B	3	3	EXACT	0.121071007369	9	0	0	-0.00805503188314	72	-0.197925408172	1	0.044625321383	81	0.0412380099425	82	-0.00137357539387	68	-0.121650997095	4	0.132945584829	6	-0.521337521813	1	0.113015975486	-0.0849094326858	0.119697431975	0.245961560315	-0.408321546327
M06_DY_TO_DY_ALL28:G808-E2110	M06_DY_TO_DY_ALL28	ALL28	DY	DY	G808-E2110	sh	eody	1	f114r	f114r	G808-P0618	f114r.41	41	3	S	B	3	3	EXACT	-0.392646907048	10	0.716002198499	1	0.00857973627388	72	0.00765021117573	3	0.00529221667998	83	0.00530687042265	86	0.00161650385644	68	0.126943482476	4	0.11359994271	6	0.040347138215	3	0.331935027725	0.339585238901	0.324971795308	0.445534970435	0.37228216594
M06_DY_TO_DY_ALL28:G808-E2117	M06_DY_TO_DY_ALL28	ALL28	DY	DY	G808-E2117	sh	edy	0	f114v	f114v	G808-P0620	f114v.5	5	5	S	B	3	2	EXACT	-0.270442202242	18	-0.315966928519	1	-0.0446592155334	72	0	0	-0.0713865194277	91	-0.0723257390001	91	-0.0501896792346	68	0.0493619457258	4	0.0398857590439	6	0	0	-0.631068346295	-0.631068346295	-0.636598809996	-0.591182587251	-0.631068346295
M06_DY_TO_DY_ALL28:G808-E2120	M06_DY_TO_DY_ALL28	ALL28	DY	DY	G808-E2120	sh	edy	0	f114v	f114v	G808-P0621	f114v.6	6	7	S	B	3	3	EXACT	-0.234684299015	7	0	0	0.0336137546095	72	0	0	0.0437139683758	79	0.0427747488033	79	0.0410624602323	68	-0.093010962639	4	-0.193773847952	6	0	0	-0.201070544405	-0.201070544405	-0.193621838783	-0.394844392357	-0.201070544405
M06_DY_TO_DY_ALL28:G808-E2130	M06_DY_TO_DY_ALL28	ALL28	DY	DY	G808-E2130	sh	edy	0	f114v	f114v	G808-P0626	f114v.20	20	4	S	B	3	3	EXACT	-0.00999404881855	12	-0.397992929408	2	-0.0336802581129	72	0.163719000162	2	-0.01135835244	86	-0.00777798617992	88	-0.0359605564743	68	0.00508809236906	4	-0.142006253958	6	0.127045864928	2	-0.44166723634	-0.277948236178	-0.443947534701	-0.583673490297	-0.314621371412
M06_DY_TO_DY_ALL28:G808-E2137	M06_DY_TO_DY_ALL28	ALL28	DY	DY	G808-E2137	sh	edy	0	f115r	f115r	G808-P0632	f115r.2	2	2	S	B	@	3	EXACT	-0.0622684616843	6	0	0	0.00767317040487	70	-0.281515997423	1	0.0456676991615	76	0.0410003705691	77	-0.00355216718981	66	0.192892069397	4	-0.0582828742804	6	-0.288565901988	1	-0.0545952912795	-0.336111288702	-0.0658206288741	-0.11287816556	-0.343161193267
M06_DY_TO_DY_ALL28:G808-E2170	M06_DY_TO_DY_ALL28	ALL28	DY	DY	G808-E2170	sh	eody	1	f115v	f115v	G808-P0647	f115v.10	10	3	S	B	3	2	EXACT	-0.044603442049	8	0	0	0.0338630848149	72	0.0425529042132	1	0.0648418100542	80	0.0642749399355	81	0.0337543664541	68	0.0357000579654	4	-0.0111324241085	6	0.0368392413436	1	-0.0107403572341	0.0318125469791	-0.0108490755949	-0.0218727813426	0.0260988841095
M06_DY_TO_DY_ALL28:G808-E2183	M06_DY_TO_DY_ALL28	ALL28	DY	DY	G808-E2183	sh	edy	0	f115v	f115v	G808-P0653	f115v.29	29	9	S	B	3	3	EXACT	-0.348169542589	4	-0.093598529925	2	-0.0700023385979	72	0	0	-0.040566707352	78	-0.0409938916624	78	-0.0659635034425	68	-0.138673775222	4	0.247498435913	6	-0.167029236559	1	-0.511770411112	-0.511770411112	-0.507731575957	-0.264271975199	-0.678799647671
M06_DY_TO_DY_ALL28:G808-E2185	M06_DY_TO_DY_ALL28	ALL28	DY	DY	G808-E2185	sh	edy	0	f115v	f115v	G808-P0657	f115v.41	41	5	S	B	3	3	EXACT	0.0401126299831	18	1.10522931287	1	-0.0531811561052	72	0	0	0.00326131640721	91	0.00283413209675	91	-0.0476611240308	68	-0.147032940352	4	0.0959592370491	6	0	0	1.09216078675	1.09216078675	1.09768081882	1.1881200238	1.09216078675
M06_DY_TO_DY_ALL28:G808-E2195	M06_DY_TO_DY_ALL28	ALL28	DY	DY	G808-E2195	sh	edy	0	f116r	f116r	G808-P0661	f116r.10	10	4	S	B	3	3	EXACT	-0.436625802845	26	-0.235712783284	2	-0.0288892193628	72	-0.147693203258	1	-0.123340068931	100	-0.123940904712	101	-0.0303434320977	68	-0.00417814620596	4	-0.152419121853	6	-0.270179442908	1	-0.701227805492	-0.84892100875	-0.702682018227	-0.853646927346	-0.971407248401
M06_DY_TO_DY_ALL28:G808-E2201	M06_DY_TO_DY_ALL28	ALL28	DY	DY	G808-E2201	sh	edy	0	f116r	f116r	G808-P0663	f116r.24	24	5	S	B	3	3	EXACT	-0.387937790453	64	-0.00212765887946	2	0.00188278246466	72	-0.227345589758	3	-0.189106611412	138	-0.190142525865	141	0.00914635042504	68	-0.121608416199	4	-0.16360954581	6	-0.234232960862	3	-0.388182666868	-0.615528256626	-0.380919098907	-0.551792212678	-0.62241562773
M06_DY_TO_DY_ALL28:G808-E2204	M06_DY_TO_DY_ALL28	ALL28	DY	DY	G808-E2204	sh	edy	0	f116r	f116r	G808-P0663	f116r.25	25	3	S	B	3	3	EXACT	-0.387937790453	64	-0.243863677826	4	0.0140886846306	72	-0.346650018747	2	-0.186954994193	140	-0.189513406311	142	0.00721341155383	68	0.130957783599	4	-0.168391063326	6	-0.469563002576	2	-0.617712783648	-0.964362802395	-0.624588056725	-0.786103846975	-1.08727578622
M06_DY_TO_DY_ALL28:G808-E2207	M06_DY_TO_DY_ALL28	ALL28	DY	DY	G808-E2207	sh	edy	0	f116r	f116r	G808-P0664	f116r.35	35	1	S	B	3	3	EXACT	-0.290703338285	73	-0.293001045215	3	-0.00517697904496	72	-0.363932301167	2	-0.166005048591	148	-0.168962337848	150	-0.0100632547385	68	0.0778791644074	4	0.148777488087	6	-0.374989537565	2	-0.588881362545	-0.952813663711	-0.593767638238	-0.440103874457	-0.963870900109
M06_DY_TO_DY_ALL28:G808-E2208	M06_DY_TO_DY_ALL28	ALL28	DY	DY	G808-E2208	sh	edy	0	f116r	f116r	G808-P0664	f116r.42	42	7	S	B	3	3	EXACT	-0.290703338285	73	-0.160649374258	4	-0.0336248247271	72	0	0	-0.176999279391	149	-0.177478580846	149	-0.0290573078071	68	-0.111283155704	4	0.19940707703	6	0	0	-0.48497753727	-0.48497753727	-0.48041002035	-0.28557046024	-0.48497753727
M06_DY_TO_DY_ALL28:G808-E0267	M06_DY_TO_DY_ALL28	ALL28	DY	DY	G808-E0267	sh	edy	0	f26r	f26r	G808-P0090	f26r.5	5	2	H	B	2	2	EXACT	-0.0220391141154	20	0.0812104479315	3	-0.00287430305338	72	0	0	0.0191377116481	95	0.0184624565736	95	-0.0144692552536	68	0.194229392227	4	-0.20937334116	6	0	0	0.0562970307627	0.0562970307627	0.0447020785626	-0.153076310398	0.0562970307627
M06_DY_TO_DY_ALL28:G808-E0272	M06_DY_TO_DY_ALL28	ALL28	DY	DY	G808-E0272	sh	edy	0	f26v	f26v	G808-P0092	f26v.1	1	7	H	B	2	3	EXACT	0.0830134155843	32	-0.0162456894612	1	-0.0251565039692	72	0	0	0.0189104853727	105	0.0183349387553	105	-0.0197669985245	68	-0.116788672351	4	0.216567665093	6	0	0	0.041611222154	0.041611222154	0.0470007275987	0.258178887247	0.041611222154
M06_DY_TO_DY_ALL28:G808-E0337	M06_DY_TO_DY_ALL28	ALL28	DY	DY	G808-E0337	sh	edy	0	f33r	f33r	G808-P0114	f33r.3	3	5	H	B	2	3	EXACT	-0.130467270116	36	-0.110865001064	1	-0.0577887178358	72	-0.0908874770013	1	-0.074688977867	109	-0.0752805948828	110	-0.0539059073044	68	-0.123806993377	4	-0.251791374347	6	-0.0969688560345	1	-0.299120989016	-0.390008466017	-0.295238178485	-0.550912363363	-0.396089845051
M06_DY_TO_DY_ALL28:G808-E0351	M06_DY_TO_DY_ALL28	ALL28	DY	DY	G808-E0351	sh	edy	0	f34v	f34v	G808-P0119	f34v.5	5	4	H	B	2	3	EXACT	-0.20539110468	23	-0.0709265200041	1	-0.0637935809862	72	0	0	-0.0780075932886	96	-0.0785860305245	96	-0.0674225151339	68	-0.00211218900415	4	0.0166751835383	6	-0.439901959759	1	-0.34011120567	-0.34011120567	-0.343740139818	-0.323436022132	-0.780013165429
M06_DY_TO_DY_ALL28:G808-E0407	M06_DY_TO_DY_ALL28	ALL28	DY	DY	G808-E0407	sh	edy	0	f41r	f41r	G808-P0146	f41r.6	6	9	H	B	5	3	EXACT	-0.0962869939399	17	-0.302350678063	1	0.00367567897403	72	0	0	0.00842762479958	90	0.00781978877227	90	0.00314700338166	68	0.0126526142594	4	0.178829397951	6	0	0	-0.394961993029	-0.394961993029	-0.395490668621	-0.216132595078	-0.394961993029
M06_DY_TO_DY_ALL28:G808-E0411	M06_DY_TO_DY_ALL28	ALL28	DY	DY	G808-E0411	sh	edy	0	f41r	f41r	G808-P0146	f41r.10	10	2	H	B	5	2	EXACT	-0.0962869939399	17	-0.0625358195099	1	-0.0119836783454	72	0	0	-0.00143525151648	90	-0.00204308754379	90	-0.0244101654058	68	0.199256051897	4	-0.0314476948006	6	0	0	-0.170806491795	-0.170806491795	-0.183232978856	-0.202254186596	-0.170806491795
M06_DY_TO_DY_ALL28:G808-E0482	M06_DY_TO_DY_ALL28	ALL28	DY	DY	G808-E0482	sh	edy	0	f46r	f46r	G808-P0170	f46r.2	2	10	H	B	2	3	EXACT	-0.18640266498	16	0.140034858091	3	-0.0295194096507	71	-0.329028682903	1	-0.0243624349138	90	-0.0281314213079	91	-0.0242817952966	67	-0.117252369591	4	0.212971407744	6	-0.205251735001	1	-0.0758872165403	-0.404915899443	-0.0706496021863	0.137084191203	-0.281138951541
M06_DY_TO_DY_ALL28:G808-E0485	M06_DY_TO_DY_ALL28	ALL28	DY	DY	G808-E0485	sh	edy	0	f46r	f46r	G808-P0170	f46r.5	5	4	H	B	2	3	EXACT	-0.18640266498	16	0	0	-0.0458692694227	71	-0.255274339595	1	-0.0437387831951	87	-0.0465581714508	88	-0.0483943621665	67	-0.00357688547427	4	0.052629518247	6	-0.261334653777	1	-0.232271934403	-0.487546273998	-0.234797027147	-0.179642416156	-0.49360658818
M06_DY_TO_DY_ALL28:G808-E0499	M06_DY_TO_DY_ALL28	ALL28	DY	DY	G808-E0499	sh	edy	0	f46v	f46v	G808-P0175	f46v.5	5	2	H	B	2	3	EXACT	-0.210094640939	28	-0.104470227653	5	-0.047877182525	72	-0.346480556183	1	-0.0794141224968	105	-0.0823717001954	106	-0.0620902348676	68	0.193734092218	4	-0.144155646819	6	-0.352986906697	1	-0.362442051117	-0.7089226073	-0.376655103459	-0.506597697936	-0.715428957814
M06_DY_TO_DY_ALL28:G808-E0519	M06_DY_TO_DY_ALL28	ALL28	DY	DY	G808-E0519	sh	eody	1	f48r	f48r	G808-P0180	f48r.3	3	1	H	B	5	3	EXACT	0.00689107444198	35	0.263728893637	3	-0.0126990330238	72	0	0	0.00958497077608	110	0.00899856270028	110	-0.0180405213613	68	0.0780959939696	4	0.0386598513624	6	0	0	0.257920935055	0.257920935055	0.252579446718	0.296580786417	0.257920935055
M06_DY_TO_DY_ALL28:G808-E0535	M06_DY_TO_DY_ALL28	ALL28	DY	DY	G808-E0535	sh	edy	0	f48v	f48v	G808-P0182	f48v.7	7	8	H	B	5	3	EXACT	-0.173213148147	24	-0.250203755374	1	-0.0459087999143	72	-0.0714940881675	1	-0.0615929654734	97	-0.0620680205564	98	-0.041338377289	68	-0.123616672388	4	-0.126971590534	6	-0.124049965624	1	-0.469325703436	-0.540819791603	-0.46475528081	-0.596297293969	-0.59337566906
M06_DY_TO_DY_ALL28:G808-E0565	M06_DY_TO_DY_ALL28	ALL28	DY	DY	G808-E0565	sh	edy	0	f50v	f50v	G808-P0190	f50v.2	2	4	H	B	2	3	EXACT	-0.145842562844	55	0.173594209144	3	-0.0589396005366	72	0.430718029741	1	-0.0958006570546	130	-0.0922469854123	131	-0.0623321828548	68	-0.00127620796539	4	-0.12552845241	6	0.0360186926824	2	-0.0311879542362	0.399530075505	-0.0345805365543	-0.156716406646	0.00483073844624
M06_DY_TO_DY_ALL28:G808-E0612	M06_DY_TO_DY_ALL28	ALL28	DY	DY	G808-E0612	sh	eody	1	f53v	f53v	G808-P0197	f53v.8	8	4	H	A	1	2	EXACT	0.26371690802	30	0	0	0.097330990317	72	0	0	0.159172558302	102	0.158626366009	102	0.107481767333	68	-0.0752427074902	4	0.304553726708	6	0	0	0.361047898337	0.361047898337	0.371198675353	0.665601625044	0.361047898337
M06_DY_TO_DY_ALL28:G808-E0615	M06_DY_TO_DY_ALL28	ALL28	DY	DY	G808-E0615	sh	eody	1	f54v	f54v	G808-P0198	f54v.7	7	2	H	A	1	2	EXACT	0.0683788915176	47	-0.019719517398	1	0.123336516481	72	-0.135269111991	2	0.100027825795	120	0.0958290728783	122	0.119015862603	68	0.196777143895	4	-0.0579641895522	6	-0.0807800509542	2	0.171995890601	0.0367267786102	0.167675236722	0.114031701049	0.0912158396468
M06_DY_TO_DY_ALL28:G808-E0641	M06_DY_TO_DY_ALL28	ALL28	DY	DY	G808-E0641	sh	edy	0	f58r	f58r	G808-P0207	f58r.15	15	6	S	A	3	2	EXACT	-0.154700870237	54	0	0	-0.00810170526541	71	0	0	-0.0774516074236	125	-0.0780791360845	125	-0.00949656043087	67	0.015260034955	4	0.142136213583	6	0.150423914141	1	-0.162802575502	-0.162802575502	-0.164197430667	-0.0206663619189	-0.0123786613609
M06_DY_TO_DY_ALL28:G808-E0040	M06_DY_TO_DY_ALL28	ALL28	DY	DY	G808-E0040	sh	eody	1	f5r	f5r	G808-P0015	f5r.4	4	2	H	A	1	2	EXACT	0.289844332256	16	0	0	0.162513754091	72	-0.115614472357	1	0.213662051077	88	0.20954632348	89	0.160497643601	68	0.196777143895	4	0.310686799748	6	-0.115432800764	1	0.452358086347	0.33674361399	0.450341975856	0.763044886094	0.336925285583
M06_DY_TO_DY_ALL28:G808-E0680	M06_DY_TO_DY_ALL28	ALL28	DY	DY	G808-E0680	sh	eody	1	f66r	f66r	G808-P0218	f66r.77	77	8	T	B	5	3	EXACT	-0.190579936872	33	-0.191458005781	2	-0.0736088271076	71	-0.150151586791	1	-0.102616477285	106	-0.103404796993	107	-0.0661849053886	67	-0.197962989733	4	0.00147035102492	6	0.00640060068152	2	-0.45564676976	-0.605798356551	-0.448222848041	-0.454176418735	-0.449246169079
M06_DY_TO_DY_ALL28:G808-E0687	M06_DY_TO_DY_ALL28	ALL28	DY	DY	G808-E0687	sh	eody	1	f66v	f66v	G808-P0220	f66v.6	6	2	H	B	5	3	EXACT	-0.802119240588	5	0.254030787272	1	0.0403650649591	72	0	0	0.0320055851152	78	0.0314231575669	78	0.0306965736902	68	0.204718878353	4	0.000963503989894	6	0	0	-0.507723388357	-0.507723388357	-0.517391879626	-0.506759884367	-0.507723388357
M06_DY_TO_DY_ALL28:G808-E0689	M06_DY_TO_DY_ALL28	ALL28	DY	DY	G808-E0689	sh	eody	1	f66v	f66v	G808-P0220	f66v.7	7	2	H	B	5	3	EXACT	-0.802119240588	5	0	0	0.0210292650372	72	0	0	0.0108997382633	77	0.010317310715	77	0.0102233737729	68	0.204718878353	4	0.216458705191	6	0	0	-0.781089975551	-0.781089975551	-0.791895866815	-0.56463127036	-0.781089975551
M06_DY_TO_DY_ALL28:G808-E0692	M06_DY_TO_DY_ALL28	ALL28	DY	DY	G808-E0692	sh	eody	1	f66v	f66v	G808-P0221	f66v.9	9	2	H	B	5	3	EXACT	-0.370330470221	20	0	0	-0.00584434207414	72	0	0	-0.0621415337064	92	-0.0627239612547	92	-0.0182310337568	68	0.204718878353	4	0.199326492216	6	-1.16527319122	1	-0.376174812295	-0.376174812295	-0.388561503978	-0.176848320079	-1.54144800352
M06_DY_TO_DY_ALL28:G808-E0698	M06_DY_TO_DY_ALL28	ALL28	DY	DY	G808-E0698	sh	edy	0	f75r	f75r	G808-P0222	f75r.11	11	8	B	B	2	3	EXACT	-0.472376136111	75	-0.25409410759	4	-0.122290159484	72	0.0246030040172	2	-0.314291441831	151	-0.310150177946	153	-0.117394652651	68	-0.205525013128	4	0.0805088942827	6	-0.00516327811295	3	-0.848760403185	-0.824157399168	-0.843864896352	-0.768251508903	-0.853923681298
M06_DY_TO_DY_ALL28:G808-E0701	M06_DY_TO_DY_ALL28	ALL28	DY	DY	G808-E0701	sh	edy	0	f75r	f75r	G808-P0222	f75r.15	15	8	B	B	2	3	EXACT	-0.472376136111	75	-0.210662709892	3	-0.12194917724	72	-0.0779026745326	2	-0.313718765583	150	-0.310903717944	152	-0.117033612628	68	-0.205525013128	4	-0.0240806645759	6	-0.144093342507	2	-0.804988023243	-0.882890697776	-0.80007245863	-0.829068687819	-0.94908136575
M06_DY_TO_DY_ALL28:G808-E0705	M06_DY_TO_DY_ALL28	ALL28	DY	DY	G808-E0705	sh	edy	0	f75r	f75r	G808-P0222	f75r.18	18	4	B	B	2	3	EXACT	-0.472376136111	75	-0.094204808645	3	-0.0984271285939	72	0.32974629524	2	-0.300099024207	150	-0.292099381459	152	-0.103937701432	68	-0.00475862782195	4	0.167026570883	6	0.179210011771	3	-0.66500807335	-0.33526177811	-0.670518646188	-0.497981502467	-0.485798061579
M06_DY_TO_DY_ALL28:G808-E0707	M06_DY_TO_DY_ALL28	ALL28	DY	DY	G808-E0707	sh	edy	0	f75r	f75r	G808-P0223	f75r.27	27	5	B	B	2	3	EXACT	-0.46988653391	14	0.155396943385	3	-0.096782097381	72	0.0844262262225	1	-0.119377399516	89	-0.117422920743	90	-0.0949071320923	68	-0.128667744764	4	0.143481133865	6	-0.0305687550522	1	-0.411271687906	-0.326845461684	-0.409396722618	-0.267790554041	-0.441840442958
M06_DY_TO_DY_ALL28:G808-E0713	M06_DY_TO_DY_ALL28	ALL28	DY	DY	G808-E0713	sh	edy	0	f75r	f75r	G808-P0223	f75r.31	31	5	B	B	2	2	EXACT	-0.46988653391	14	-0.0405381116878	1	-0.104379426071	72	-0.165211341422	3	-0.134434683341	87	-0.135529437586	90	-0.10295136247	68	-0.128667744764	4	-0.174930994893	6	-0.19064444573	3	-0.614804071668	-0.780015413091	-0.613376008067	-0.789735066561	-0.805448517399
M06_DY_TO_DY_ALL28:G808-E0727	M06_DY_TO_DY_ALL28	ALL28	DY	DY	G808-E0727	sh	edy	0	f75v	f75v	G808-P0226	f75v.16	16	6	B	B	2	3	EXACT	-0.274492035716	46	0	0	-0.137994113972	72	-0.553411603752	1	-0.190979371312	118	-0.194392064186	119	-0.139460444157	68	-0.113077160327	4	0.100786791809	6	-0.352236578396	2	-0.412486149688	-0.96589775344	-0.413952479873	-0.311699357879	-0.764722728083
M06_DY_TO_DY_ALL28:G808-E0730	M06_DY_TO_DY_ALL28	ALL28	DY	DY	G808-E0730	sh	edy	0	f75v	f75v	G808-P0228	f75v.47	47	6	B	B	2	3	EXACT	-0.408642017846	32	-0.180446236454	2	-0.153734168608	72	-0.014204069654	3	-0.220416950236	106	-0.214884317096	109	-0.15553456127	68	-0.123138152847	4	-0.172557973669	6	-0.126145131303	3	-0.742822422907	-0.757026492562	-0.74462281557	-0.915380396577	-0.86896755421
M06_DY_TO_DY_ALL28:G808-E0736	M06_DY_TO_DY_ALL28	ALL28	DY	DY	G808-E0736	sh	edy	0	f75v	f75v	G808-P0230	f75v.68	68	3	B	B	2	2	EXACT	-0.426215715124	36	0	0	-0.0908985045686	72	0	0	-0.195123233784	108	-0.195588770193	108	-0.0989401171591	68	0.0457982499703	4	-0.191719470333	6	-0.0577623303755	1	-0.517114219693	-0.517114219693	-0.525155832283	-0.708833690025	-0.574876550068
M06_DY_TO_DY_ALL28:G808-E0739	M06_DY_TO_DY_ALL28	ALL28	DY	DY	G808-E0739	sh	edy	0	f76r	f76r	G808-P0231	f76r.2	2	8	T	B	2	3	EXACT	-0.379190257466	89	-0.0179631374059	1	-0.0144040841204	69	-0.349986073779	1	-0.237243955081	159	-0.238094456676	160	-0.00815078591601	65	-0.116011418026	4	-0.0185813480238	6	-0.35685530182	1	-0.411557478992	-0.761543552771	-0.405304180788	-0.430138827016	-0.768412780812
M06_DY_TO_DY_ALL28:G808-E0746	M06_DY_TO_DY_ALL28	ALL28	DY	DY	G808-E0746	sh	edy	0	f76r	f76r	G808-P0231	f76r.6	6	6	T	B	2	3	EXACT	-0.379190257466	89	-0.104595126504	4	-0.00996503962365	69	0	0	-0.23336779226	162	-0.233541474421	162	-0.00334727433138	65	-0.117494963706	4	-0.230406998895	6	-1.16688191052	1	-0.493750423593	-0.493750423593	-0.487132658301	-0.724157422488	-1.66063233411
M06_DY_TO_DY_ALL28:G808-E0748	M06_DY_TO_DY_ALL28	ALL28	DY	DY	G808-E0748	sh	edy	0	f76r	f76r	G808-P0231	f76r.8	8	6	T	B	2	3	EXACT	-0.379190257466	89	-0.118089938891	2	-0.0267074041631	69	-0.140306996151	1	-0.24240932132	160	-0.241921181528	161	-0.0211199382271	65	-0.117494963706	4	0.166417746166	6	-0.0944489305121	3	-0.52398760052	-0.664294596671	-0.518400134584	-0.357569854354	-0.618436531032
M06_DY_TO_DY_ALL28:G808-E0751	M06_DY_TO_DY_ALL28	ALL28	DY	DY	G808-E0751	sh	edy	0	f76r	f76r	G808-P0231	f76r.12	12	12	T	B	2	3	EXACT	-0.379190257466	89	-0.122530892921	3	-0.0335922385695	69	0	0	-0.244649158486	161	-0.244822840647	161	-0.0230810426088	65	-0.204390411015	4	0.166417746166	6	-0.0254677708062	2	-0.535313388957	-0.535313388957	-0.524802192996	-0.36889564279	-0.560781159763
M06_DY_TO_DY_ALL28:G808-E0753	M06_DY_TO_DY_ALL28	ALL28	DY	DY	G808-E0753	sh	edy	0	f76r	f76r	G808-P0231	f76r.15	15	11	T	B	2	3	EXACT	-0.379190257466	89	-0.0753781276416	4	-0.013151192171	69	0	0	-0.234003449855	162	-0.234177132016	162	-0.00138208566264	65	-0.204390411015	4	-0.129557645623	6	0	0	-0.467719577278	-0.467719577278	-0.45595047077	-0.597277222901	-0.467719577278
M06_DY_TO_DY_ALL28:G808-E0756	M06_DY_TO_DY_ALL28	ALL28	DY	DY	G808-E0756	sh	edy	0	f76r	f76r	G808-P0231	f76r.17	17	7	T	B	2	3	EXACT	-0.379190257466	89	-0.133449875759	2	0.00333259804484	69	-0.133851815408	1	-0.229646569579	160	-0.229197607246	161	0.0106773843825	65	-0.116011418026	4	-0.0455555870289	6	-0.259461023633	1	-0.50930753518	-0.643159350588	-0.501962748842	-0.554863122209	-0.768768558813
M06_DY_TO_DY_ALL28:G808-E0761	M06_DY_TO_DY_ALL28	ALL28	DY	DY	G808-E0761	sh	edy	0	f76r	f76r	G808-P0231	f76r.23	23	10	T	B	2	3	EXACT	-0.379190257466	89	-0.272561807643	3	-0.0299477476563	69	0	0	-0.245882840915	161	-0.246056523076	161	-0.0243302240604	65	-0.121223744172	4	-0.172085936102	6	-0.0276487789247	1	-0.681699812765	-0.681699812765	-0.676082289169	-0.853785748867	-0.70934859169
M06_DY_TO_DY_ALL28:G808-E0770	M06_DY_TO_DY_ALL28	ALL28	DY	DY	G808-E0770	sh	edy	0	f76r	f76r	G808-P0232	f76r.42	42	9	T	B	2	3	EXACT	-0.479133947292	25	-0.0880620141805	4	-0.0391830444054	72	-0.0957490020802	1	-0.136279722055	101	-0.136012406871	102	-0.0343575845072	68	-0.121223744172	4	-0.168323236571	6	-0.154611589797	1	-0.606379005878	-0.702128007958	-0.601553545979	-0.774702242449	-0.760990595674
M06_DY_TO_DY_ALL28:G808-E0775	M06_DY_TO_DY_ALL28	ALL28	DY	DY	G808-E0775	sh	edy	0	f76r	f76r	G808-P0233	f76r.48	48	9	T	B	2	3	EXACT	-0.175375636878	13	-0.648450798613	2	-0.0547588333356	72	-0.587278444027	1	-0.0614801506088	87	-0.0675782337262	88	-0.0542463042804	68	-0.0634797087719	4	0.226325624461	6	-0.604297592059	1	-0.878585268827	-1.46586371285	-0.878072739771	-0.652259644366	-1.48288286089
M06_DY_TO_DY_ALL28:G808-E0780	M06_DY_TO_DY_ALL28	ALL28	DY	DY	G808-E0780	sh	edy	0	f76r	f76r	G808-P0234	f76r.52	52	8	T	B	2	2	EXACT	-0.187212837547	15	-0.022699731951	1	-0.0478920818983	72	0.0578310439863	2	-0.0482225690026	88	-0.0459405928917	90	-0.0469756262879	68	-0.0634797087719	4	-0.011586313198	6	0.0267935426648	2	-0.257804651396	-0.19997360741	-0.256888195785	-0.269390964594	-0.231011108731
M06_DY_TO_DY_ALL28:G808-E0782	M06_DY_TO_DY_ALL28	ALL28	DY	DY	G808-E0782	sh	edy	0	f76v	f76v	G808-P0235	f76v.2	2	6	B	B	2	3	EXACT	-0.225232628335	40	-1.2104052505	1	-0.128737101726	72	0	0	-0.168123777432	113	-0.168750078619	113	-0.129277356222	68	-0.119563967883	4	-0.273528242433	6	-0.357586574347	1	-1.56437498056	-1.56437498056	-1.56491523506	-1.83790322299	-1.92196155491
M06_DY_TO_DY_ALL28:G808-E0789	M06_DY_TO_DY_ALL28	ALL28	DY	DY	G808-E0789	sh	edy	0	f76v	f76v	G808-P0236	f76v.10	10	5	B	B	2	3	EXACT	-0.564823475387	15	-0.140639288536	2	-0.118907535338	72	0	0	-0.165356167674	89	-0.165982468861	89	-0.118869580047	68	-0.119563967883	4	-0.423515121695	6	0	0	-0.824370299262	-0.824370299262	-0.82433234397	-1.24788542096	-0.824370299262
M06_DY_TO_DY_ALL28:G808-E0790	M06_DY_TO_DY_ALL28	ALL28	DY	DY	G808-E0790	sh	edy	0	f76v	f76v	G808-P0236	f76v.11	11	8	B	B	2	3	EXACT	-0.564823475387	15	-0.095023681304	3	-0.108012215455	72	0	0	-0.154729434963	90	-0.15535573615	90	-0.102523006166	68	-0.201339965957	4	-0.248131896923	6	0.274399523596	1	-0.767859372146	-0.767859372146	-0.762370162857	-1.01599126907	-0.49345984855
M06_DY_TO_DY_ALL28:G808-E0796	M06_DY_TO_DY_ALL28	ALL28	DY	DY	G808-E0796	sh	edy	0	f76v	f76v	G808-P0237	f76v.16	16	5	B	B	2	2	EXACT	-0.475991564285	28	0	0	-0.0998754562566	72	0	0	-0.190317728792	100	-0.190944029979	100	-0.0986837037091	68	-0.120146442152	4	-0.0934540950662	6	0	0	-0.575867020542	-0.575867020542	-0.574675267994	-0.669321115608	-0.575867020542
M06_DY_TO_DY_ALL28:G808-E0802	M06_DY_TO_DY_ALL28	ALL28	DY	DY	G808-E0802	sh	edy	0	f76v	f76v	G808-P0237	f76v.19	19	5	B	B	2	3	EXACT	-0.475991564285	28	0.0176568215535	2	-0.116990015442	72	0.116597308259	2	-0.198117147788	102	-0.192383893613	104	-0.116839264863	68	-0.119563967883	4	-0.22654287229	6	0.112612095289	2	-0.575324758174	-0.458727449915	-0.575174007594	-0.801867630464	-0.462712662885
M06_DY_TO_DY_ALL28:G808-E0824	M06_DY_TO_DY_ALL28	ALL28	DY	DY	G808-E0824	sh	edy	0	f76v	f76v	G808-P0240	f76v.39	39	4	B	B	2	3	EXACT	-0.0783163150557	8	-0.148180715621	3	-0.134377441773	72	-0.676195301041	1	-0.0909687573682	83	-0.0983717742801	84	-0.14262647007	68	0.0058448466914	4	-0.213752636931	6	-0.680180514011	1	-0.360874472449	-1.03706977349	-0.369123500746	-0.57462710938	-1.04105498646
M06_DY_TO_DY_ALL28:G808-E0827	M06_DY_TO_DY_ALL28	ALL28	DY	DY	G808-E0827	sh	edy	0	f76v	f76v	G808-P0240	f76v.41	41	9	B	B	2	2	EXACT	-0.0783163150557	8	0.373304963306	2	-0.125439872006	72	0.233750416492	1	-0.0698308411758	82	-0.066606977538	83	-0.133090637442	68	0.00461194782047	4	0.0247120914087	6	0.253806860899	2	0.169548776245	0.403299192737	0.161898010809	0.194260867654	0.423355637144
M06_DY_TO_DY_ALL28:G808-E0837	M06_DY_TO_DY_ALL28	ALL28	DY	DY	G808-E0837	sh	edy	0	f77r	f77r	G808-P0241	f77r.21	21	2	B	B	2	2	EXACT	-0.344855235491	50	-0.501332388375	1	-0.114007103875	72	-0.131021353777	1	-0.21353579121	123	-0.213301010531	124	-0.132359398566	68	0.197971159567	4	0.0601475198621	6	-0.256679255706	1	-0.960194727742	-1.09121608152	-0.978547022432	-0.900047207879	-1.21687398345
M06_DY_TO_DY_ALL28:G808-E0843	M06_DY_TO_DY_ALL28	ALL28	DY	DY	G808-E0843	sh	edy	0	f77r	f77r	G808-P0242	f77r.25	25	3	B	B	2	2	EXACT	-0.527465487434	35	0.0244247020902	1	-0.110569538655	72	-0.596144272176	1	-0.236181796387	108	-0.239899724439	109	-0.120017342356	68	0.0500323779743	4	-0.103911019306	6	-0.374381275072	2	-0.613610323999	-1.20975459617	-0.6230581277	-0.717521343305	-0.987991599071
M06_DY_TO_DY_ALL28:G808-E0845	M06_DY_TO_DY_ALL28	ALL28	DY	DY	G808-E0845	sh	edy	0	f77r	f77r	G808-P0242	f77r.27	27	4	B	B	2	2	EXACT	-0.527465487434	35	0	0	-0.128004213739	72	-0.0749475070908	3	-0.250422511847	107	-0.245805476101	110	-0.130809910742	68	-0.0803181109793	4	-0.0544926729247	6	-0.121066553882	3	-0.655469701173	-0.730417208264	-0.658275398176	-0.709962374098	-0.776536255055
M06_DY_TO_DY_ALL28:G808-E0849	M06_DY_TO_DY_ALL28	ALL28	DY	DY	G808-E0849	sh	edy	0	f77r	f77r	G808-P0242	f77r.34	34	2	B	B	2	2	EXACT	-0.527465487434	35	-0.294678589587	2	-0.118757805746	72	-0.675686392794	1	-0.244982730936	109	-0.249314876455	110	-0.137389553488	68	0.197971159567	4	-0.218928010168	6	-0.682036012016	1	-0.940901882768	-1.61658827556	-0.959533630509	-1.15982989294	-1.62293789478
M06_DY_TO_DY_ALL28:G808-E0857	M06_DY_TO_DY_ALL28	ALL28	DY	DY	G808-E0857	sh	edy	0	f77v	f77v	G808-P0244	f77v.6	6	2	B	B	2	2	EXACT	-0.339050214703	17	0.196937890132	3	-0.110734637893	72	-0.174843213896	1	-0.117466640108	92	-0.118690153701	93	-0.128591597465	68	0.192823013329	4	-0.206652410888	6	-0.177739030292	1	-0.252846962464	-0.42769017636	-0.270703922036	-0.459499373352	-0.430585992756
M06_DY_TO_DY_ALL28:G808-E0867	M06_DY_TO_DY_ALL28	ALL28	DY	DY	G808-E0867	sh	edy	0	f77v	f77v	G808-P0244	f77v.12	12	7	B	B	2	2	EXACT	-0.339050214703	17	-0.106330489057	2	-0.136680112456	72	-0.103191438261	2	-0.148201591505	91	-0.14760939142	93	-0.137684821701	68	-0.119610716816	4	-0.338289914486	6	-0.106087254657	2	-0.582060816216	-0.685252254477	-0.58306552546	-0.920350730703	-0.688148070873
M06_DY_TO_DY_ALL28:G808-E0868	M06_DY_TO_DY_ALL28	ALL28	DY	DY	G808-E0868	sh	edy	0	f77v	f77v	G808-P0245	f77v.16	16	4	B	B	2	2	EXACT	-0.597916262519	23	0	0	-0.11478590579	72	-0.060530941947	3	-0.212433878819	95	-0.207964074808	98	-0.122619783721	68	0.0183793575402	4	-0.200597234465	6	-0.0927472202435	3	-0.712702168308	-0.773233110256	-0.72053604624	-0.913299402774	-0.805449388552
M06_DY_TO_DY_ALL28:G808-E0871	M06_DY_TO_DY_ALL28	ALL28	DY	DY	G808-E0871	sh	edy	0	f77v	f77v	G808-P0245	f77v.17	17	3	B	B	2	2	EXACT	-0.597916262519	23	-0.495753062887	1	-0.110577964663	72	-0.0551301983356	2	-0.212147236141	96	-0.209342118119	98	-0.119701586832	68	0.0445129506962	4	0.203473636235	6	-0.0908796774685	3	-1.20424729007	-1.2593774884	-1.21337091224	-1.00077365383	-1.29512696754
M06_DY_TO_DY_ALL28:G808-E0875	M06_DY_TO_DY_ALL28	ALL28	DY	DY	G808-E0875	sh	edy	0	f77v	f77v	G808-P0245	f77v.26	26	2	B	B	2	3	EXACT	-0.597916262519	23	-0.131097506723	3	-0.105545927067	72	0	0	-0.202914665101	98	-0.203752027276	98	-0.123097668355	68	0.192823013329	4	0.0673710103812	6	0	0	-0.834559696309	-0.834559696309	-0.852111437597	-0.767188685927	-0.834559696309
M06_DY_TO_DY_ALL28:G808-E0881	M06_DY_TO_DY_ALL28	ALL28	DY	DY	G808-E0881	sh	edy	0	f77v	f77v	G808-P0246	f77v.31	31	2	B	B	2	2	EXACT	-0.302196520576	31	0	0	-0.0928665182604	72	0.0902819767303	2	-0.144262102332	103	-0.140223110775	105	-0.109672411972	68	0.192823013329	4	0.058210125095	6	0.0334848294386	2	-0.395063038836	-0.304781062106	-0.411868932548	-0.336852913741	-0.361578209397
M06_DY_TO_DY_ALL28:G808-E0886	M06_DY_TO_DY_ALL28	ALL28	DY	DY	G808-E0886	sh	edy	0	f77v	f77v	G808-P0246	f77v.36	36	3	B	B	2	2	EXACT	-0.302196520576	31	-0.13554491016	3	-0.123155306933	72	0	0	-0.164366308445	106	-0.16520367062	106	-0.137667987106	68	0.123549594503	4	-0.324999666088	6	-0.0920884973296	1	-0.560896737669	-0.560896737669	-0.575409417842	-0.885896403757	-0.652985234999
M06_DY_TO_DY_ALL28:G808-E0888	M06_DY_TO_DY_ALL28	ALL28	DY	DY	G808-E0888	sh	edy	0	f77v	f77v	G808-P0246	f77v.38	38	2	B	B	2	2	EXACT	-0.302196520576	31	0	0	-0.108509173665	72	0	0	-0.155196774071	103	-0.156034136246	103	-0.126235223577	68	0.192823013329	4	-0.191413692258	6	-0.170594019697	1	-0.41070569424	-0.41070569424	-0.428431744152	-0.602119386498	-0.581299713937
M06_DY_TO_DY_ALL28:G808-E0890	M06_DY_TO_DY_ALL28	ALL28	DY	DY	G808-E0890	sh	edy	0	f77v	f77v	G808-P0246	f77v.39	39	6	B	B	2	2	EXACT	-0.302196520576	31	-0.250108124715	1	-0.148306853438	72	-0.127685678382	2	-0.183585996901	104	-0.182963645673	106	-0.150216603975	68	-0.115851755815	4	-0.137259322429	6	-0.130581494778	2	-0.700611498728	-0.828297177111	-0.702521249266	-0.837870821157	-0.831192993507
M06_DY_TO_DY_ALL28:G808-E0891	M06_DY_TO_DY_ALL28	ALL28	DY	DY	G808-E0891	sh	edy	0	f77v	f77v	G808-P0246	f77v.40	40	7	B	B	2	3	EXACT	-0.302196520576	31	-0.3067662082	1	-0.150394668029	72	-0.284916438885	1	-0.185576196267	104	-0.187155232259	105	-0.147473292732	68	-0.200068709592	4	0.0850697824445	6	-0.286078608883	2	-0.759357396805	-1.04427383569	-0.756436021508	-0.67428761436	-1.04543600569
M06_DY_TO_DY_ALL28:G808-E0896	M06_DY_TO_DY_ALL28	ALL28	DY	DY	G808-E0896	sh	edy	0	f78r	f78r	G808-P0247	f78r.3	3	2	B	B	2	2	EXACT	-0.401576698709	53	-0.11424278804	2	-0.119236455432	72	0	0	-0.24076775697	127	-0.241088430006	127	-0.138253583	68	0.204043786315	4	-0.247728780684	6	0	0	-0.63505594218	-0.63505594218	-0.654073069748	-0.882784722864	-0.63505594218
M06_DY_TO_DY_ALL28:G808-E0899	M06_DY_TO_DY_ALL28	ALL28	DY	DY	G808-E0899	sh	edy	0	f78r	f78r	G808-P0247	f78r.4	4	3	B	B	2	2	EXACT	-0.401576698709	53	0	0	-0.118030315122	72	-0.129102186281	2	-0.242145676954	125	-0.240559511628	127	-0.12776287523	68	0.0474122798043	4	-0.435518295647	6	-0.597305690498	2	-0.51960701383	-0.648709200111	-0.529339573938	-0.955125309478	-1.11691270433
M06_DY_TO_DY_ALL28:G808-E0902	M06_DY_TO_DY_ALL28	ALL28	DY	DY	G808-E0902	sh	edy	0	f78r	f78r	G808-P0247	f78r.6	6	4	B	B	2	2	EXACT	-0.401576698709	53	0.330906861311	2	-0.149917398365	72	0	0	-0.251151446675	127	-0.251472119711	127	-0.158325064246	68	-0.0069980053003	4	-0.282573672269	6	0	0	-0.220587235763	-0.220587235763	-0.228994901644	-0.503160908032	-0.220587235763
M06_DY_TO_DY_ALL28:G808-E0939	M06_DY_TO_DY_ALL28	ALL28	DY	DY	G808-E0939	sh	edy	0	f78v	f78v	G808-P0249	f78v.10	10	4	B	B	2	2	EXACT	-0.443693931196	59	-0.159762821649	1	-0.103111281622	72	0	0	-0.263164508273	132	-0.263526035588	132	-0.108762344297	68	-0.00705410583813	4	-0.369736641317	6	0	0	-0.706568034467	-0.706568034467	-0.712219097142	-1.07630467578	-0.706568034467
M06_DY_TO_DY_ALL28:G808-E0955	M06_DY_TO_DY_ALL28	ALL28	DY	DY	G808-E0955	sh	edy	0	f78v	f78v	G808-P0250	f78v.21	21	7	B	B	2	2	EXACT	-0.190115307819	25	0	0	-0.118224633185	72	-0.0636430136396	2	-0.120455941263	97	-0.119485755141	99	-0.12197218698	68	-0.0545271083739	4	-0.0414497516027	6	0.112016911048	2	-0.308339941004	-0.371982954644	-0.312087494799	-0.349789692607	-0.196323029956
M06_DY_TO_DY_ALL28:G808-E0956	M06_DY_TO_DY_ALL28	ALL28	DY	DY	G808-E0956	sh	edy	0	f78v	f78v	G808-P0250	f78v.22	22	4	B	B	2	2	EXACT	-0.190115307819	25	-0.332826315598	2	-0.119615814012	72	-0.112462969234	2	-0.12562442766	99	-0.125544997629	101	-0.126237731534	68	-0.00705410583813	4	-0.113421712487	6	-0.124793675352	2	-0.64255743743	-0.755020406664	-0.649179354952	-0.755979149917	-0.767351112781
M06_DY_TO_DY_ALL28:G808-E0966	M06_DY_TO_DY_ALL28	ALL28	DY	DY	G808-E0966	sh	edy	0	f79r	f79r	G808-P0252	f79r.12	12	4	B	B	2	2	EXACT	-0.317070025938	23	0	0	-0.136229885463	72	0.110897005457	1	-0.15708999269	95	-0.153980023038	96	-0.143237916222	68	-0.017119523846	4	0.115253398361	6	0.10008866624	1	-0.453299911401	-0.342402905944	-0.460307942161	-0.33804651304	-0.353211245161
M06_DY_TO_DY_ALL28:G808-E0973	M06_DY_TO_DY_ALL28	ALL28	DY	DY	G808-E0973	sh	edy	0	f79r	f79r	G808-P0254	f79r.25	25	6	B	B	2	3	EXACT	-0.213157916241	22	-0.286702505477	1	-0.137983420316	72	-0.1331841211	2	-0.13325723237	95	-0.133045902584	97	-0.13311235071	68	-0.220817764908	4	0.185289435641	6	-0.162827546491	2	-0.637843842034	-0.771027963134	-0.632972772428	-0.452554406393	-0.800671388525
M06_DY_TO_DY_ALL28:G808-E0978	M06_DY_TO_DY_ALL28	ALL28	DY	DY	G808-E0978	sh	edy	0	f79r	f79r	G808-P0256	f79r.33	33	2	B	B	2	3	EXACT	-0.268088383106	11	-0.311768080599	4	-0.133640772693	72	-0.161091340249	1	-0.122622009384	87	-0.122750804517	88	-0.153317981073	68	0.200845608473	4	0.264179420911	6	-0.0570263057053	1	-0.713497236399	-0.874588576649	-0.733174444779	-0.449317815488	-0.770523542104
M06_DY_TO_DY_ALL28:G808-E0982	M06_DY_TO_DY_ALL28	ALL28	DY	DY	G808-E0982	sh	edy	0	f79r	f79r	G808-P0257	f79r.35	35	2	B	B	2	2	EXACT	-0.358260081349	5	0	0	-0.090738005972	72	-0.0367652554875	2	-0.0600545629855	77	-0.0593051548747	79	-0.107891522192	68	0.200845608473	4	-0.0782317789291	6	-0.112724213186	2	-0.448998087321	-0.485763342808	-0.46615160354	-0.52722986625	-0.561722300507
M06_DY_TO_DY_ALL28:G808-E0986	M06_DY_TO_DY_ALL28	ALL28	DY	DY	G808-E0986	sh	edy	0	f79r	f79r	G808-P0258	f79r.41	41	2	B	B	2	3	EXACT	-0.364888685759	20	-0.354038720474	3	-0.090817431686	72	-0.0478331306627	3	-0.131571931532	95	-0.128905075946	98	-0.107975620007	68	0.200845608473	4	0.106728988194	6	-0.0843000132958	3	-0.809744837919	-0.857577968581	-0.826903026239	-0.703015849725	-0.894044851215
M06_DY_TO_DY_ALL28:G808-E1002	M06_DY_TO_DY_ALL28	ALL28	DY	DY	G808-E1002	sh	edy	0	f79v	f79v	G808-P0265	f79v.38	38	4	B	B	2	3	EXACT	-0.295518632721	28	0	0	-0.126466143784	72	-0.233370779288	2	-0.159192704894	100	-0.160922452651	102	-0.13354805659	68	-0.0060843690766	4	0.0198867230259	6	-0.17086973577	3	-0.421984776505	-0.655355555793	-0.429066689311	-0.402098053479	-0.592854512275
M06_DY_TO_DY_ALL28:G808-E1011	M06_DY_TO_DY_ALL28	ALL28	DY	DY	G808-E1011	sh	edy	0	f80r	f80r	G808-P0266	f80r.20	20	8	B	B	2	3	EXACT	-0.464594981734	73	-0.222484817365	3	-0.117280436068	72	0.200743207842	2	-0.305338518208	148	-0.298919484321	150	-0.11736442028	68	-0.11586331127	4	0.195176475621	6	0.193783569316	2	-0.804360235167	-0.603617027324	-0.804444219378	-0.609183759546	-0.61057666585
M06_DY_TO_DY_ALL28:G808-E1017	M06_DY_TO_DY_ALL28	ALL28	DY	DY	G808-E1017	sh	edy	0	f80r	f80r	G808-P0267	f80r.30	30	5	B	B	2	2	EXACT	-0.54399102984	22	-0.127217249196	1	-0.134988301272	72	-0.021027212007	4	-0.209381098879	95	-0.201759131826	99	-0.136113924614	68	-0.11586331127	4	-0.140643748554	6	-0.0279868505329	4	-0.806196580308	-0.827223792315	-0.807322203649	-0.946840328862	-0.834183430841
M06_DY_TO_DY_ALL28:G808-E1021	M06_DY_TO_DY_ALL28	ALL28	DY	DY	G808-E1021	sh	edy	0	f80r	f80r	G808-P0269	f80r.41	41	6	B	B	2	2	EXACT	-0.522980163857	17	0	0	-0.134675536191	72	-0.0961354922548	2	-0.182826413423	89	-0.181141128424	91	-0.135782761586	68	-0.11586331127	4	-0.216270758646	6	0.127176917643	3	-0.657655700048	-0.753791192303	-0.658762925443	-0.873926458694	-0.530478782404
M06_DY_TO_DY_ALL28:G808-E1023	M06_DY_TO_DY_ALL28	ALL28	DY	DY	G808-E1023	sh	edy	0	f80r	f80r	G808-P0269	f80r.45	45	2	B	B	2	2	EXACT	-0.522980163857	17	0.00324075843259	1	-0.123345099862	72	-0.0336487062227	1	-0.171586704218	90	-0.170429105856	91	-0.142172166578	68	0.19670442751	4	0.0848571707952	6	-0.0406083447486	1	-0.643084505287	-0.676733211509	-0.661911572003	-0.558227334492	-0.683692850035
M06_DY_TO_DY_ALL28:G808-E1033	M06_DY_TO_DY_ALL28	ALL28	DY	DY	G808-E1033	sh	edy	0	f80v	f80v	G808-P0271	f80v.6	6	5	B	B	2	2	EXACT	-0.692487980288	24	0	0	-0.112244916373	72	0.247447947102	1	-0.23815147545	96	-0.233663418441	97	-0.11134065489	68	-0.127628206708	4	-0.0648853679713	6	0.133212890373	1	-0.804732896662	-0.557284949559	-0.803828635178	-0.869618264633	-0.671520006289
M06_DY_TO_DY_ALL28:G808-E1037	M06_DY_TO_DY_ALL28	ALL28	DY	DY	G808-E1037	sh	edy	0	f80v	f80v	G808-P0272	f80v.7	7	4	B	B	2	2	EXACT	-0.58994984692	29	0	0	-0.124852186067	72	0	0	-0.244363387806	101	-0.245062888752	101	-0.13203295363	68	-0.00278998260321	4	-0.126316165271	6	0	0	-0.714802032987	-0.714802032987	-0.72198280055	-0.841118198258	-0.714802032987
M06_DY_TO_DY_ALL28:G808-E1041	M06_DY_TO_DY_ALL28	ALL28	DY	DY	G808-E1041	sh	edy	0	f80v	f80v	G808-P0273	f80v.14	14	3	B	B	2	2	EXACT	-0.442494428513	23	0	0	-0.111593211613	72	-0.0953127990711	1	-0.171462722259	95	-0.17118572714	96	-0.126089704618	68	0.13483632436	4	-0.0834902775545	6	-0.100671190234	1	-0.554087640126	-0.649400439198	-0.568584133131	-0.637577917681	-0.65475883036
M06_DY_TO_DY_ALL28:G808-E1048	M06_DY_TO_DY_ALL28	ALL28	DY	DY	G808-E1048	sh	edy	0	f80v	f80v	G808-P0274	f80v.22	22	7	B	B	2	2	EXACT	-0.212179718938	17	-0.185956176566	3	-0.131989422139	72	0.192683861692	1	-0.121794113394	92	-0.118922951176	93	-0.136299280617	68	-0.0587326731346	4	-0.166024593457	6	0.341642174668	1	-0.530125317643	-0.337441455951	-0.534435176121	-0.6961499111	-0.188483142975
M06_DY_TO_DY_ALL28:G808-E1054	M06_DY_TO_DY_ALL28	ALL28	DY	DY	G808-E1054	sh	edy	0	f80v	f80v	G808-P0277	f80v.36	36	9	B	B	2	3	EXACT	-0.456777221442	26	-0.149470160345	3	-0.143064488325	72	0	0	-0.207139041751	101	-0.207838542698	101	-0.148025821284	68	-0.0587326731346	4	0.209586776709	6	0	0	-0.749311870112	-0.749311870112	-0.754273203071	-0.539725093403	-0.749311870112
M06_DY_TO_DY_ALL28:G808-E1059	M06_DY_TO_DY_ALL28	ALL28	DY	DY	G808-E1059	sh	edy	0	f80v	f80v	G808-P0278	f80v.42	42	6	B	B	2	3	EXACT	-0.380925842419	28	-0.127657175711	4	-0.128756243721	72	0	0	-0.181731471515	104	-0.182430972462	104	-0.128823236788	68	-0.127628206708	4	-0.276566789675	6	-0.356032940779	1	-0.637339261851	-0.637339261851	-0.637406254918	-0.913906051527	-0.99337220263
M06_DY_TO_DY_ALL28:G808-E1079	M06_DY_TO_DY_ALL28	ALL28	DY	DY	G808-E1079	sh	edy	0	f81r	f81r	G808-P0280	f81r.25	25	2	B	B	2	2	EXACT	-0.4211431052	40	0.069668399659	2	-0.125896954542	72	0.363290252609	2	-0.221554715222	114	-0.211806765559	116	-0.145454784671	68	0.206575055269	4	-0.0559638939686	6	0.357913691193	2	-0.477371660083	-0.114081407474	-0.496929490212	-0.533335554051	-0.119457968889
M06_DY_TO_DY_ALL28:G808-E1083	M06_DY_TO_DY_ALL28	ALL28	DY	DY	G808-E1083	sh	edy	0	f81r	f81r	G808-P0280	f81r.26	26	6	B	B	2	2	EXACT	-0.4211431052	40	-0.183923182279	1	-0.125075159967	72	0	0	-0.225914700811	113	-0.226506580303	113	-0.128717418452	68	-0.0631678681026	4	-0.0614664666082	6	0.0634904105352	2	-0.730141447446	-0.730141447446	-0.733783705931	-0.791607914054	-0.666651036911
M06_DY_TO_DY_ALL28:G808-E1092	M06_DY_TO_DY_ALL28	ALL28	DY	DY	G808-E1092	sh	edy	0	f81v	f81v	G808-P0282	f81v.16	16	2	B	B	2	3	EXACT	-0.320100866187	45	-0.216019544668	4	-0.124784159992	72	-0.235674908796	1	-0.199477759611	121	-0.200197824786	122	-0.14343269904	68	0.192230203036	4	0.0303877062939	6	-0.258028908898	1	-0.660904570848	-0.896579479643	-0.679553109895	-0.630516864554	-0.918933479745
M06_DY_TO_DY_ALL28:G808-E1094	M06_DY_TO_DY_ALL28	ALL28	DY	DY	G808-E1094	sh	edy	0	f81v	f81v	G808-P0282	f81v.17	17	4	B	B	2	3	EXACT	-0.320100866187	45	0	0	-0.112978684762	72	-0.0764073604793	2	-0.191824362298	117	-0.190189898099	119	-0.119317466575	68	-0.00523019472155	4	-0.0331355627826	6	-0.0903377480202	2	-0.433079550949	-0.509486911429	-0.439418332762	-0.466215113732	-0.52341729897
M06_DY_TO_DY_ALL28:G808-E1095	M06_DY_TO_DY_ALL28	ALL28	DY	DY	G808-E1095	sh	edy	0	f81v	f81v	G808-P0282	f81v.18	18	6	B	B	2	3	EXACT	-0.320100866187	45	-0.127122136635	5	-0.124386813132	72	-0.0472879322654	2	-0.195693065375	122	-0.193614043209	124	-0.124892746646	68	-0.115796744188	4	-0.35299688584	6	-0.0571876209804	2	-0.571609815954	-0.61889774822	-0.572115749467	-0.924606701794	-0.628797436935
M06_DY_TO_DY_ALL28:G808-E1104	M06_DY_TO_DY_ALL28	ALL28	DY	DY	G808-E1104	sh	edy	0	f82r	f82r	G808-P0283	f82r.6	6	2	B	B	2	3	EXACT	-0.407214976816	32	0.281479690359	2	-0.129530751827	72	-0.343125371788	1	-0.194671423394	106	-0.196515355378	107	-0.149002197792	68	0.201472937881	4	0.195646164953	6	-0.348747662958	1	-0.255266038285	-0.598391410072	-0.27473748425	-0.0596198733319	-0.604013701242
M06_DY_TO_DY_ALL28:G808-E1106	M06_DY_TO_DY_ALL28	ALL28	DY	DY	G808-E1106	sh	edy	0	f82r	f82r	G808-P0283	f82r.7	7	4	B	B	2	3	EXACT	-0.407214976816	32	-0.0745996976836	2	-0.139777323615	72	-0.0847364541992	2	-0.208349837968	106	-0.206379131334	108	-0.147811791278	68	-0.00320226503547	4	0.01265297567	6	-0.105177267852	2	-0.621591998115	-0.706328452314	-0.629626465778	-0.608939022445	-0.726769265967
M06_DY_TO_DY_ALL28:G808-E1119	M06_DY_TO_DY_ALL28	ALL28	DY	DY	G808-E1119	sh	edy	0	f82r	f82r	G808-P0285	f82r.28	28	2	B	B	2	3	EXACT	-0.29938912043	51	0.0492549006618	3	-0.11804831529	72	0	0	-0.190521273534	126	-0.19111847256	126	-0.136844323811	68	0.201472937881	4	0.181970575321	6	-0.231393127233	1	-0.368182535058	-0.368182535058	-0.38697854358	-0.186211959737	-0.599575662292
M06_DY_TO_DY_ALL28:G808-E1122	M06_DY_TO_DY_ALL28	ALL28	DY	DY	G808-E1122	sh	edy	0	f82r	f82r	G808-P0285	f82r.30	30	5	B	B	2	2	EXACT	-0.29938912043	51	-0.250703525905	1	-0.137833127726	72	-0.59236166327	1	-0.208456176597	124	-0.212004191342	125	-0.138523323092	68	-0.12611069821	4	-0.155189014005	6	-0.59798395444	1	-0.687925774061	-1.28028743733	-0.688615969427	-0.843114788067	-1.2859097285
M06_DY_TO_DY_ALL28:G808-E1133	M06_DY_TO_DY_ALL28	ALL28	DY	DY	G808-E1133	sh	edy	0	f82v	f82v	G808-P0287	f82v.11	11	7	B	B	2	3	EXACT	-0.512368698053	12	-0.0652971939637	3	-0.12269088696	72	-0.354247205457	1	-0.141491154342	87	-0.144394988461	88	-0.123330672567	68	-0.111825297158	4	0.078850772961	6	-0.272840395089	3	-0.700356778977	-1.05460398443	-0.700996564584	-0.621506006016	-0.973197174066
M06_DY_TO_DY_ALL28:G808-E1144	M06_DY_TO_DY_ALL28	ALL28	DY	DY	G808-E1144	sh	edy	0	f82v	f82v	G808-P0289	f82v.24	24	5	B	B	2	3	EXACT	-0.365434185329	21	-0.186439973222	4	-0.144348890727	71	-0.0574833792647	2	-0.172888255722	96	-0.170863255524	98	-0.145481254718	67	-0.125384790903	4	-0.304278130777	6	-0.0746194347776	2	-0.696223049278	-0.753706428543	-0.697355413269	-1.00050118006	-0.770842484056
M06_DY_TO_DY_ALL28:G808-E1147	M06_DY_TO_DY_ALL28	ALL28	DY	DY	G808-E1147	sh	edy	0	f82v	f82v	G808-P0290	f82v.29	29	4	B	B	2	3	EXACT	-0.352146766222	18	0.213886748073	2	-0.130274348909	72	0.302650032019	3	-0.140609883587	92	-0.126749791032	95	-0.137574408831	68	-0.00618409576832	4	0.0151831420128	6	0.260116573235	3	-0.268534367058	0.0341156649612	-0.275834426979	-0.253351225045	-0.00841779382321
M06_DY_TO_DY_ALL28:G808-E1151	M06_DY_TO_DY_ALL28	ALL28	DY	DY	G808-E1151	sh	edy	0	f82v	f82v	G808-P0291	f82v.38	38	2	B	B	2	1	EXACT	-0.351377306585	27	0	0	-0.0778891061053	72	0.249624713858	1	-0.136533764478	99	-0.13318184393	100	-0.0840134339335	68	0.0262137014551	4	-0.0162145474111	6	0.132413318494	1	-0.42926641269	-0.179641698832	-0.435390740518	-0.445480960101	-0.296853094196
M06_DY_TO_DY_ALL28:G808-E1158	M06_DY_TO_DY_ALL28	ALL28	DY	DY	G808-E1158	sh	edy	0	f83r	f83r	G808-P0292	f83r.4	4	7	B	B	2	2	EXACT	-0.662768068777	16	0	0	-0.111053906702	72	-0.446831904922	1	-0.182638227914	88	-0.186063156028	89	-0.106160702894	68	-0.194249649659	4	-0.108630380101	6	-0.529518798349	1	-0.773821975479	-1.2206538804	-0.76892877167	-0.88245235558	-1.30334077383
M06_DY_TO_DY_ALL28:G808-E1165	M06_DY_TO_DY_ALL28	ALL28	DY	DY	G808-E1165	sh	edy	0	f83r	f83r	G808-P0293	f83r.11	11	2	B	B	2	3	EXACT	-0.27745371452	29	-0.221447837481	1	-0.094905417483	72	0.298968833328	1	-0.133845933604	102	-0.130125556751	103	-0.112526022228	68	0.204633584973	4	0.0904739656718	6	0.18049633756	1	-0.593806969484	-0.294838136156	-0.611427574229	-0.503333003812	-0.413310631924
M06_DY_TO_DY_ALL28:G808-E1170	M06_DY_TO_DY_ALL28	ALL28	DY	DY	G808-E1170	sh	edy	0	f83r	f83r	G808-P0293	f83r.13	13	3	B	B	2	3	EXACT	-0.27745371452	29	0	0	-0.0843614090909	72	0	0	-0.125528417586	101	-0.126170633722	101	-0.097154805966	68	0.133115059569	4	0.0365737936515	6	0.172663349065	1	-0.361815123611	-0.361815123611	-0.374608520486	-0.32524132996	-0.189151774546
M06_DY_TO_DY_ALL28:G808-E1171	M06_DY_TO_DY_ALL28	ALL28	DY	DY	G808-E1171	sh	edy	0	f83r	f83r	G808-P0293	f83r.14	14	3	B	B	2	3	EXACT	-0.27745371452	29	-0.0685829025105	2	-0.0910943309542	72	0.0875283409654	2	-0.128999063834	103	-0.125202047288	105	-0.104283782057	68	0.133115059569	4	0.00097187131955	6	0.00129539945013	3	-0.437130947985	-0.34960260702	-0.450320399087	-0.436159076666	-0.435835548535
M06_DY_TO_DY_ALL28:G808-E1174	M06_DY_TO_DY_ALL28	ALL28	DY	DY	G808-E1174	sh	edy	0	f83r	f83r	G808-P0294	f83r.18	18	4	B	B	2	3	EXACT	-0.542437078101	12	-0.0130895184321	1	-0.105000984306	72	0	0	-0.131923329962	85	-0.132565546099	85	-0.110592276815	68	-0.0099602898675	4	0.0480973154341	6	0.00168062205344	1	-0.660527580839	-0.660527580839	-0.666118873348	-0.612430265405	-0.658846958785
M06_DY_TO_DY_ALL28:G808-E1180	M06_DY_TO_DY_ALL28	ALL28	DY	DY	G808-E1180	sh	edy	0	f83r	f83r	G808-P0294	f83r.23	23	4	B	B	2	2	EXACT	-0.542437078101	12	0	0	-0.112204175188	72	-0.106589506292	1	-0.139591960263	84	-0.139651414458	85	-0.118219184808	68	-0.0099602898675	4	-0.333554914495	6	-0.13795149137	1	-0.654641253289	-0.761230759581	-0.660656262908	-0.988196167783	-0.792592744658
M06_DY_TO_DY_ALL28:G808-E1182	M06_DY_TO_DY_ALL28	ALL28	DY	DY	G808-E1182	sh	edy	0	f83r	f83r	G808-P0294	f83r.24	24	6	B	B	2	2	EXACT	-0.542437078101	12	0	0	-0.0953915543584	72	0	0	-0.125181142409	84	-0.125823358546	84	-0.102498303019	68	0.0254118946467	4	0.258665138411	6	-0.129083072127	1	-0.637828632459	-0.637828632459	-0.644935381119	-0.379163494048	-0.766911704586
M06_DY_TO_DY_ALL28:G808-E1191	M06_DY_TO_DY_ALL28	ALL28	DY	DY	G808-E1191	sh	edy	0	f83r	f83r	G808-P0296	f83r.37	37	5	B	B	2	1	EXACT	-0.212240635609	35	0	0	-0.07690401023	72	0	0	-0.112383400249	107	-0.113025616386	107	-0.0829232562944	68	0.0254118946467	4	-0.126417166679	6	0	0	-0.289144645839	-0.289144645839	-0.295163891904	-0.415561812518	-0.289144645839
M06_DY_TO_DY_ALL28:G808-E1195	M06_DY_TO_DY_ALL28	ALL28	DY	DY	G808-E1195	sh	edy	0	f83r	f83r	G808-P0296	f83r.44	44	2	B	B	2	1	EXACT	-0.212240635609	35	0	0	-0.0766059547313	72	0	0	-0.11218283954	107	-0.112825055676	107	-0.0969995569438	68	0.270074004663	4	0.376958562494	6	0	0	-0.288846590341	-0.288846590341	-0.309240192553	0.0881119721539	-0.288846590341
M06_DY_TO_DY_ALL28:G808-E1202	M06_DY_TO_DY_ALL28	ALL28	DY	DY	G808-E1202	sh	edy	0	f83v	f83v	G808-P0299	f83v.6	6	8	B	B	2	3	EXACT	-0.568918899338	17	-0.0214152242573	1	-0.14268550067	72	-0.180717070018	1	-0.195212720074	90	-0.195471882894	91	-0.13946463434	68	-0.197450752292	4	-0.0745876274037	6	0.218716689866	1	-0.733019624264	-0.913736694283	-0.729798757934	-0.807607251668	-0.514302934398
M06_DY_TO_DY_ALL28:G808-E1204	M06_DY_TO_DY_ALL28	ALL28	DY	DY	G808-E1204	sh	edy	0	f83v	f83v	G808-P0300	f83v.11	11	8	B	B	2	3	EXACT	-0.483955075965	36	-0.179606390366	1	-0.141264448872	72	-0.15004818473	1	-0.247194226812	109	-0.246756871547	110	-0.13795999126	68	-0.197450752292	4	-0.0942293867835	6	-0.156079532953	1	-0.804825915203	-0.954874099933	-0.801521457591	-0.899055301987	-0.960905448156
M06_DY_TO_DY_ALL28:G808-E1205	M06_DY_TO_DY_ALL28	ALL28	DY	DY	G808-E1205	sh	edy	0	f83v	f83v	G808-P0300	f83v.14	14	3	B	B	2	3	EXACT	-0.483955075965	36	-0.175478567634	1	-0.101697462714	72	0	0	-0.221020366022	109	-0.221597076349	109	-0.115653326276	68	0.135541693833	4	0.00597788755056	6	0	0	-0.761131106312	-0.761131106312	-0.775086969875	-0.755153218762	-0.761131106312
M06_DY_TO_DY_ALL28:G808-E1213	M06_DY_TO_DY_ALL28	ALL28	DY	DY	G808-E1213	sh	edy	0	f83v	f83v	G808-P0301	f83v.25	25	7	B	B	2	2	EXACT	-0.362481628773	18	0.0205861063592	3	-0.119918113672	72	-0.352238514147	1	-0.137225956135	93	-0.139936830131	94	-0.123649499881	68	-0.0564950721162	4	-0.000173157930427	6	-0.52036493266	1	-0.461813636085	-0.814052150232	-0.465545022295	-0.461986794016	-0.982178568745
M06_DY_TO_DY_ALL28:G808-E1224	M06_DY_TO_DY_ALL28	ALL28	DY	DY	G808-E1224	sh	edy	0	f85r1	f85r	G808-P0302	f85r1.6	6	7	T	B	2	2	EXACT	-0.151782844959	20	0.29742975902	2	-0.0380249669196	72	-0.0634416979449	1	-0.0312270364633	94	-0.0321051735665	95	-0.044440819845	68	0.0710561071117	4	0.259626118879	6	-0.0749633204047	1	0.107621947141	0.0441802491959	0.101206094215	0.36724806602	0.0326586267361
M06_DY_TO_DY_ALL28:G808-E1254	M06_DY_TO_DY_ALL28	ALL28	DY	DY	G808-E1254	sh	edy	0	f86v3	f86v	G808-P0316	f86v3.11	11	6	C	B	2	3	EXACT	-0.0646094794245	25	-0.0754064811424	1	-0.0660722230032	70	-0.0613773733897	1	-0.0479408806891	96	-0.0482400366156	97	-0.0629614176009	66	-0.117396266962	4	0.12173077081	6	-0.0695218823621	1	-0.20608818357	-0.26746555696	-0.202977378168	-0.0843574127601	-0.275610065932
M06_DY_TO_DY_ALL28:G808-E1262	M06_DY_TO_DY_ALL28	ALL28	DY	DY	G808-E1262	sh	eody	1	f86v5	f86v	G808-P0321	f86v5.1	1	3	T	B	2	3	EXACT	-0.226004574309	25	-0.0373158012054	4	-0.0593723409409	72	0	0	-0.0815074467563	101	-0.0817254234271	101	-0.0690605056271	68	0.105315287891	4	0.121854648696	6	0	0	-0.322692716455	-0.322692716455	-0.332380881141	-0.200838067759	-0.322692716455
M06_DY_TO_DY_ALL28:G808-E1264	M06_DY_TO_DY_ALL28	ALL28	DY	DY	G808-E1264	sh	edy	0	f86v5	f86v	G808-P0321	f86v5.3	3	1	T	B	2	3	EXACT	-0.226004574309	25	-0.0938160072526	2	-0.0805378091493	72	0	0	-0.0990356736619	99	-0.0992536503327	99	-0.0855878338553	68	0.00530144001861	4	0.157186487212	6	-0.18947687211	2	-0.400358390711	-0.400358390711	-0.405408415417	-0.243171903499	-0.589835262821
M06_DY_TO_DY_ALL28:G808-E1267	M06_DY_TO_DY_ALL28	ALL28	DY	DY	G808-E1267	sh	edy	0	f86v5	f86v	G808-P0322	f86v5.10	10	4	T	B	2	3	EXACT	-0.155578576275	27	0.331783269036	3	-0.0492088772463	72	-0.0176660980838	1	-0.049928276887	102	-0.0497790275025	103	-0.0518607181945	68	-0.00413875196034	4	0.176389206394	6	-0.128293845289	1	0.126995815515	0.109329717431	0.124343974567	0.303385021909	-0.00129802977402
M06_DY_TO_DY_ALL28:G808-E1268	M06_DY_TO_DY_ALL28	ALL28	DY	DY	G808-E1268	sh	eody	1	f86v5	f86v	G808-P0323	f86v5.12	12	7	T	B	2	3	EXACT	-0.0294871408295	30	-0.404360546262	2	-0.0653387967311	72	-0.147761431512	1	-0.0482602281019	104	-0.0493728628538	105	-0.0637195492374	68	-0.0928771749584	4	0.0834885554391	6	-0.164113231343	1	-0.499186483822	-0.646947915334	-0.497567236328	-0.415697928383	-0.663299715165
M06_DY_TO_DY_ALL28:G808-E1273	M06_DY_TO_DY_ALL28	ALL28	DY	DY	G808-E1273	sh	edy	0	f86v5	f86v	G808-P0325	f86v5.30	30	5	T	B	2	2	EXACT	-0.0113624996518	63	0	0	-0.0439845928394	72	0.63422650187	1	-0.0407826319547	135	-0.0359964083407	136	-0.0396669161754	68	-0.117396266962	4	-0.33490467275	6	0.626081992897	1	-0.0553470924912	0.578879409379	-0.0510294158272	-0.390251765241	0.570734900406
M06_DY_TO_DY_ALL28:G808-E1289	M06_DY_TO_DY_ALL28	ALL28	DY	DY	G808-E1289	sh	edy	0	f86v6	f86v	G808-P0326	f86v6.7	7	10	T	B	2	3	EXACT	-0.285038432963	51	-0.127724307169	8	-0.0498539376497	72	-0.513542074561	1	-0.149949040101	131	-0.152879372299	132	-0.0473238160924	68	-0.0928771749584	4	0.12173077081	6	-0.326757576006	2	-0.462616677782	-0.976158752343	-0.460086556225	-0.340885906972	-0.789374253788
M06_DY_TO_DY_ALL28:G808-E1303	M06_DY_TO_DY_ALL28	ALL28	DY	DY	G808-E1303	sh	edy	0	f86v6	f86v	G808-P0328	f86v6.27	27	6	T	B	2	3	EXACT	-0.204596709488	46	0.0950984072206	2	-0.078134338184	72	0	0	-0.124322746205	120	-0.124540722876	120	-0.0758254700697	68	-0.117396266962	4	-0.0984631206138	6	-1.15352227758	1	-0.187632640451	-0.187632640451	-0.185323772337	-0.286095761065	-1.34115491803
M06_DY_TO_DY_ALL28:G808-E1346	M06_DY_TO_DY_ALL28	ALL28	DY	DY	G808-E1346	sh	eody	1	f88v	f88v	G808-P0338	f88v.16	16	3	P	A	1	2	EXACT	0.325645875479	17	0.074054133435	1	0.146675533485	72	-0.292323710617	1	0.200253919572	90	0.193584158551	91	0.150833603255	68	0.0759927629672	4	-0.152569987753	6	-0.287970261272	1	0.5463755424	0.254051831783	0.55053361217	0.393805554647	0.258405281127
M06_DY_TO_DY_ALL28:G808-E1435	M06_DY_TO_DY_ALL28	ALL28	DY	DY	G808-E1435	sh	edy	0	f95v1	f95v	G808-P0356	f95v1.5	5	2	H	B	3	1	EXACT	-0.401326404971	13	0	0	0.00484162144404	72	-0.112851808625	1	-0.0253571394731	85	-0.0267864587715	86	0.00327859959379	68	0.0314025012713	4	-0.0121965504945	6	-0.211337404113	1	-0.396484783527	-0.509336592153	-0.398047805377	-0.408681334022	-0.60782218764
M06_DY_TO_DY_ALL28:G808-E1436	M06_DY_TO_DY_ALL28	ALL28	DY	DY	G808-E1436	sh	edy	0	f95v1	f95v	G808-P0357	f95v1.6	6	4	H	B	3	3	EXACT	-0.146050066878	12	-0.368124746231	1	-0.0301118600205	72	0	0	-0.0174483366904	85	-0.0180297793576	85	-0.0317365302242	68	-0.00250295818475	4	0.111825369703	6	0	0	-0.544286673129	-0.544286673129	-0.545911343333	-0.432461303426	-0.544286673129
M06_DY_TO_DY_ALL28:G808-E1438	M06_DY_TO_DY_ALL28	ALL28	DY	DY	G808-E1438	sh	edy	0	f95v2	f95v	G808-P0360	f95v2.2	2	2	H	B	3	3	EXACT	-0.0797048960437	29	-0.0224650542942	2	-0.0210450194666	72	0	0	-0.0238190123293	103	-0.0244004549964	103	-0.0338417566147	68	0.196489020424	4	0.185543374883	6	0	0	-0.123214969804	-0.123214969804	-0.136011706953	0.0623284050781	-0.123214969804
M06_DY_TO_DY_ALL28:G808-E1530	M06_DY_TO_DY_ALL28	ALL28	DY	DY	G808-E1530	t	eody	1	f102v1	f102v	G808-P0377	f102v1.9	9	1	P	A	1	3	EXACT	0.145201410714	27	0.156391789513	3	0.113542585006	72	0	0	0.138981282054	102	0.137962601287	102	0.118414541682	68	0.0307086997224	4	-0.138838027688	6	0	0	0.415135785234	0.415135785234	0.420007741909	0.276297757546	0.415135785234
M06_DY_TO_DY_ALL28:G808-E1592	M06_DY_TO_DY_ALL28	ALL28	DY	DY	G808-E1592	t	edy	0	f103v	f103v	G808-P0403	f103v.15	15	9	S	B	3	3	EXACT	-0.422293125799	13	-0.1616465019	3	-0.0666022593933	72	0.00845858254316	3	-0.0925460285713	88	-0.0898444609374	91	-0.0634841274546	68	-0.119606736742	4	-0.234738561201	6	0.0101365078751	3	-0.650541887093	-0.64208330455	-0.647423755154	-0.885280448294	-0.640405379218
M06_DY_TO_DY_ALL28:G808-E1897	M06_DY_TO_DY_ALL28	ALL28	DY	DY	G808-E1897	t	edy	0	f108v	f108v	G808-P0535	f108v.17	17	6	S	B	3	3	EXACT	-0.407065512669	21	-0.266009924466	1	-0.0356815990196	72	0	0	-0.0996972697784	94	-0.100614231421	94	-0.0301162529316	68	-0.130303250104	4	-0.180163690563	6	0	0	-0.708757036154	-0.708757036154	-0.703191690066	-0.888920726717	-0.708757036154
M06_DY_TO_DY_ALL28:G808-E1968	M06_DY_TO_DY_ALL28	ALL28	DY	DY	G808-E1968	t	eody	1	f111v	f111v	G808-P0548	f111v.34	34	3	S	B	3	3	EXACT	-0.226102477798	13	0.870978570263	2	-0.00918879731108	72	-0.0513769330951	2	0.00883585560926	87	0.00704398614266	89	-0.0170632090487	68	0.124665695291	4	-0.169012180741	6	-0.0785730734184	2	0.635687295154	0.584310362059	0.627812883416	0.466675114413	0.557114221736
M06_DY_TO_DY_ALL28:G808-E2063	M06_DY_TO_DY_ALL28	ALL28	DY	DY	G808-E2063	t	eody	1	f113v	f113v	G808-P0594	f113v.7	7	2	S	B	3	3	EXACT	-0.00849642742364	13	-0.0683118732196	4	-0.0308247473846	72	-0.0918258092787	1	-0.00408824099784	89	-0.00659118004339	90	-0.0458518812299	68	0.224640665422	4	0.129899058691	6	-0.182617633699	1	-0.107633048028	-0.199458857307	-0.122660181873	0.0222660106628	-0.290250681727
M06_DY_TO_DY_ALL28:G808-E2167	M06_DY_TO_DY_ALL28	ALL28	DY	DY	G808-E2167	t	edy	0	f115v	f115v	G808-P0646	f115v.7	7	2	S	B	3	3	EXACT	0.0869794531265	7	-0.190762971184	1	0.00416343807646	72	-0.586910005931	1	0.0488313117274	80	0.0403765638263	81	-0.00848269622915	68	0.219137004413	4	-0.166159345305	6	-0.587832593305	1	-0.0996200799809	-0.686530085912	-0.112266214287	-0.265779425286	-0.687452673286
M06_DY_TO_DY_ALL28:G808-E2190	M06_DY_TO_DY_ALL28	ALL28	DY	DY	G808-E2190	t	eody	1	f116r	f116r	G808-P0660	f116r.7	7	2	S	B	3	3	EXACT	-0.489006722911	8	-1.14530459171	1	0.00117476920041	72	-0.10190407193	1	-0.0239575136118	81	-0.025483062432	82	-0.010082393997	68	0.19253640072	4	0.0198794896101	6	-0.106920698703	1	-1.63313654542	-1.73504061735	-1.64439370862	-1.61325705581	-1.74005724413
M06_DY_TO_DY_ALL28:G808-E0447	M06_DY_TO_DY_ALL28	ALL28	DY	DY	G808-E0447	t	edy	0	f43v	f43v	G808-P0157	f43v.7	7	5	H	B	2	3	EXACT	0.0612296122067	9	0.00240903797112	1	-0.0706310456712	72	-0.294008858103	1	-0.0184756541885	82	-0.0225077508116	83	-0.0668765695554	68	-0.134466211531	4	-0.112007435165	6	-0.297289583393	1	-0.00699239549334	-0.301001253596	-0.00323791937757	-0.118999830659	-0.304281978886
M06_DY_TO_DY_ALL28:G808-E0451	M06_DY_TO_DY_ALL28	ALL28	DY	DY	G808-E0451	t	edy	0	f43v	f43v	G808-P0158	f43v.13	13	2	H	B	2	2	EXACT	0.0465018805237	31	-0.0589656857965	1	-0.0490522954407	72	0	0	-0.00833773855671	104	-0.00929972798386	104	-0.0611110648659	68	0.155937712896	4	-0.277111870948	6	0	0	-0.0615161007135	-0.0615161007135	-0.0735748701387	-0.338627971661	-0.0615161007135
M06_DY_TO_DY_ALL28:G808-E0486	M06_DY_TO_DY_ALL28	ALL28	DY	DY	G808-E0486	t	edy	0	f46r	f46r	G808-P0171	f46r.6	6	1	H	B	2	3	EXACT	-0.127887656614	19	-0.129903698801	3	-0.034001823391	72	0	0	-0.0317097958438	94	-0.0327203236959	94	-0.040161167575	68	0.0706970698303	4	0.0448369673924	6	0	0	-0.291793178807	-0.291793178807	-0.297952522991	-0.246956211414	-0.291793178807
M06_DY_TO_DY_ALL28:G808-E0531	M06_DY_TO_DY_ALL28	ALL28	DY	DY	G808-E0531	t	edy	0	f48v	f48v	G808-P0181	f48v.2	2	2	H	B	5	3	EXACT	-0.13173484883	36	-0.0577584247145	3	0.0172881119886	72	0.130879552552	1	-0.0253282046123	111	-0.0247050010264	112	0.00566316329445	68	0.214901972748	4	0.224698153285	6	0.101692959537	1	-0.172205161556	-0.0413256090035	-0.18383011025	0.0524929917293	-0.0705122020188
M06_DY_TO_DY_ALL28:G808-E0696	M06_DY_TO_DY_ALL28	ALL28	DY	DY	G808-E0696	t	edy	0	f75r	f75r	G808-P0222	f75r.10	10	9	B	B	2	3	EXACT	-0.406992133653	88	0.307506667617	2	-0.106789753874	72	0	0	-0.284352926954	162	-0.285266726207	162	-0.108534490184	68	-0.0771400650423	4	-0.109036568708	6	-0.0452462584529	1	-0.20627521991	-0.20627521991	-0.20801995622	-0.315311788618	-0.251521478363
M06_DY_TO_DY_ALL28:G808-E0833	M06_DY_TO_DY_ALL28	ALL28	DY	DY	G808-E0833	t	edy	0	f77r	f77r	G808-P0241	f77r.13	13	5	B	B	2	2	EXACT	-0.341607322527	58	-0.303554439226	2	-0.13378984456	72	0	0	-0.234379359994	132	-0.235372354651	132	-0.134024625266	68	-0.129808911143	4	-0.266296994479	6	0.00451309041153	1	-0.778951606313	-0.778951606313	-0.779186387019	-1.04524860079	-0.774438515902
M06_DY_TO_DY_ALL28:G808-E0910	M06_DY_TO_DY_ALL28	ALL28	DY	DY	G808-E0910	t	edy	0	f78r	f78r	G808-P0247	f78r.12	12	7	B	B	2	2	EXACT	-0.331182680216	63	0	0	-0.146211474495	72	-0.325156536831	1	-0.240941234328	135	-0.242175203028	136	-0.149595952977	68	-0.0886858526083	4	-0.145333923769	6	-0.335154955205	1	-0.477394154711	-0.802550691542	-0.480778633193	-0.62272807848	-0.812549109916
M06_DY_TO_DY_ALL28:G808-E0947	M06_DY_TO_DY_ALL28	ALL28	DY	DY	G808-E0947	t	edy	0	f78v	f78v	G808-P0249	f78v.15	15	7	B	B	2	3	EXACT	-0.378148957259	66	-0.13295727653	3	-0.113157588311	72	0	0	-0.247728547242	141	-0.248516848018	141	-0.109209099272	68	-0.18029237752	4	-0.259920883323	6	0	0	-0.624263822099	-0.624263822099	-0.620315333061	-0.884184705423	-0.624263822099
M06_DY_TO_DY_ALL28:G808-E1000	M06_DY_TO_DY_ALL28	ALL28	DY	DY	G808-E1000	t	edy	0	f79v	f79v	G808-P0263	f79v.30	30	6	B	B	2	3	EXACT	-0.590051117397	24	-0.178000954227	3	-0.112861925407	72	-0.0646702659388	2	-0.211727310916	99	-0.209355493915	101	-0.113418230656	68	-0.10341505768	4	0.154895373381	6	-0.111511372973	2	-0.880913997032	-0.945584262971	-0.881470302281	-0.726018623651	-0.992425370005
M06_DY_TO_DY_ALL28:G808-E1067	M06_DY_TO_DY_ALL28	ALL28	DY	DY	G808-E1067	t	edy	0	f81r	f81r	G808-P0279	f81r.12	12	2	B	B	2	2	EXACT	-0.372666284538	39	-0.378827043921	1	-0.118369605685	72	-0.167699578439	2	-0.203591903378	112	-0.203580483051	114	-0.137094025988	68	0.199934858461	4	0.0123950503964	6	-0.200479497388	2	-0.869862934143	-1.03756251258	-0.888587354447	-0.857467883747	-1.07034243153
M06_DY_TO_DY_ALL28:G808-E1101	M06_DY_TO_DY_ALL28	ALL28	DY	DY	G808-E1101	t	edy	0	f81v	f81v	G808-P0282	f81v.27	27	4	B	B	2	2	EXACT	-0.365523723598	58	0.494414174024	1	-0.118101764438	72	0	0	-0.229418777461	131	-0.230278366007	131	-0.126015641743	68	0.0164237620164	4	-0.0102337583877	6	0	0	0.0107886859886	0.0107886859886	0.00287480868359	0.000554927600821	0.0107886859886
M06_DY_TO_DY_ALL28:G808-E1137	M06_DY_TO_DY_ALL28	ALL28	DY	DY	G808-E1137	t	edy	0	f82v	f82v	G808-P0288	f82v.15	15	6	B	B	2	3	EXACT	-0.33492857049	26	0.00326633289686	4	-0.121382040683	72	-0.505510142338	1	-0.153885217464	102	-0.15816839637	103	-0.122138124312	68	-0.108538976557	4	-0.327480658499	6	-0.508159358348	1	-0.453044278276	-0.958554420614	-0.453800361905	-0.780524936776	-0.961203636624
M06_DY_TO_DY_ALL28:G808-E1246	M06_DY_TO_DY_ALL28	ALL28	DY	DY	G808-E1246	t	edy	0	f85r2	f85r	G808-P0313	f85r2.13	13	3	C	B	2	2	EXACT	-0.22509771401	11	0	0	-0.00918393413687	70	-0.0964660316345	2	-0.00299182194531	81	-0.00575980546002	83	-0.00910453558687	66	-0.0104983654441	4	-0.154727673714	6	-0.104067021402	2	-0.234281648147	-0.330747679781	-0.234202249597	-0.389009321861	-0.338348669549
M06_DY_TO_DY_ALL28:G808-E1269	M06_DY_TO_DY_ALL28	ALL28	DY	DY	G808-E1269	t	eody	1	f86v5	f86v	G808-P0323	f86v5.13	13	6	T	B	2	3	EXACT	-0.143363941189	28	0.111680693286	4	-0.0890341776328	72	-0.0433162704994	1	-0.0812216055389	104	-0.0813428566973	105	-0.0877688770709	68	-0.110553641567	4	-0.154875512548	6	0.554954000685	1	-0.120717425536	-0.164033696035	-0.119452124974	-0.275592938084	0.434236575149
M06_DY_TO_DY_ALL28:G808-E1278	M06_DY_TO_DY_ALL28	ALL28	DY	DY	G808-E1278	t	eody	1	f86v5	f86v	G808-P0325	f86v5.32	32	11	T	B	2	3	EXACT	0.00621689794789	61	-0.395407434596	3	-0.0310737553598	72	0.147843100143	2	-0.0320150170379	136	-0.0298247710756	138	-0.0301523973347	68	-0.0467461961669	4	0.00816960629358	6	0.139247244825	2	-0.420264292008	-0.272421191864	-0.419342933982	-0.412094685714	-0.281017047182
M06_DY_TO_DY_ALL28:G808-E1663	M06_DY_TO_DY_ALL28	ALL28	DY	DY	G808-E1663	tch	edy	0	f104v	f104v	G808-P0437	f104v.41	41	1	S	B	3	3	EXACT	-0.343498705455	20	0.207926589694	5	0.0253778259695	72	0	0	-0.0169339517207	97	-0.0179721036591	97	0.0186337706953	68	0.140017265023	4	0.19362597622	6	0	0	-0.110194289792	-0.110194289792	-0.116938345066	0.083431686428	-0.110194289792
M06_DY_TO_DY_ALL28:G808-E1723	M06_DY_TO_DY_ALL28	ALL28	DY	DY	G808-E1723	tch	edy	0	f106r	f106r	G808-P0463	f106r.15	15	5	S	B	3	3	EXACT	-0.218733779472	12	0.148142832449	1	-0.00491181015758	72	0	0	0.00311162758895	85	0.00215089604267	85	0.00301027378438	68	-0.139597432896	4	-0.17392951186	6	0	0	-0.0755027571806	-0.0755027571806	-0.0675806732386	-0.24943226904	-0.0755027571806
M06_DY_TO_DY_ALL28:G808-E1864	M06_DY_TO_DY_ALL28	ALL28	DY	DY	G808-E1864	tch	edy	0	f108r	f108r	G808-P0527	f108r.37	37	1	S	B	3	3	EXACT	-0.703950982716	3	-0.072812163519	2	-0.0358368649324	72	0.125468139426	2	-0.00745066378612	77	-0.00449828925375	79	-0.0463420047381	68	0.14273989269	4	-0.00838359513451	6	0.0939938973475	2	-0.812600011168	-0.687131871742	-0.823105150974	-0.820983606302	-0.71860611382
M06_DY_TO_DY_ALL28:G808-E1976	M06_DY_TO_DY_ALL28	ALL28	DY	DY	G808-E1976	tch	edy	0	f112r	f112r	G808-P0553	f112r.11	11	1	S	B	3	2	EXACT	-0.350498960015	17	-0.288892932577	2	-0.0134790866928	71	-0.174507632603	1	-0.0536375170873	90	-0.0558769787586	91	-0.0224211160424	67	0.136297280165	4	0.0889025238813	6	-0.174988508189	1	-0.652870979284	-0.827378611887	-0.661813008634	-0.563968455403	-0.827859487473
M06_DY_TO_DY_ALL28:G808-E2058	M06_DY_TO_DY_ALL28	ALL28	DY	DY	G808-E2058	tch	edy	0	f113r	f113r	G808-P0591	f113r.50	50	1	S	B	3	3	EXACT	-0.049302578733	41	-0.128879573764	4	-0.0199738553882	72	-0.111361003531	1	-0.0299039150102	117	-0.0314079969032	118	-0.0299372319931	68	0.149393973434	4	0.321421615915	6	-0.108147602764	1	-0.198156007885	-0.309517011416	-0.20811938449	0.123265608031	-0.306303610649
M06_DY_TO_DY_ALL28:G808-E2123	M06_DY_TO_DY_ALL28	ALL28	DY	DY	G808-E2123	tch	edy	0	f114v	f114v	G808-P0623	f114v.11	11	1	S	B	3	3	EXACT	0.0439408527508	13	0.506700437605	1	0.0292079073675	72	-0.00894854508426	2	0.0652661016434	86	0.062798899579	88	0.0238748548808	68	0.119874053301	4	0.0533263760195	6	-0.023289780373	2	0.579849197723	0.570900652639	0.574516145237	0.633175573743	0.55655941735
M06_DY_TO_DY_ALL28:G808-E2132	M06_DY_TO_DY_ALL28	ALL28	DY	DY	G808-E2132	tch	edy	0	f114v	f114v	G808-P0628	f114v.28	28	1	S	B	3	2	EXACT	-0.115335456156	14	-0.186526365331	2	0.0430365313688	72	0	0	0.0397700032298	88	0.0382357278561	88	0.0385169273527	68	0.119874053301	4	0.258519304254	6	0	0	-0.258825290118	-0.258825290118	-0.263344894134	-0.00030598586421	-0.258825290118
M06_DY_TO_DY_ALL28:G808-E2142	M06_DY_TO_DY_ALL28	ALL28	DY	DY	G808-E2142	tch	edy	0	f115r	f115r	G808-P0635	f115r.10	10	1	S	B	@	3	EXACT	0.203636315752	11	-0.0324105284772	3	0.0306518231532	70	0	0	0.088448902134	84	0.0873503104367	84	0.0251183494236	66	0.121954589906	4	0.318567966364	6	0	0	0.201877610428	0.201877610428	0.196344136699	0.520445576792	0.201877610428
M06_DY_TO_DY_ALL28:G808-E2143	M06_DY_TO_DY_ALL28	ALL28	DY	DY	G808-E2143	tch	edy	0	f115r	f115r	G808-P0636	f115r.13	13	1	S	B	@	3	EXACT	-0.134310392761	32	0	0	-0.000106129485911	70	0	0	-0.0313477863541	102	-0.0324463780514	102	-0.0075037215573	66	0.121954589906	4	0.280635945413	6	0.292538157085	1	-0.134416522247	-0.134416522247	-0.141814114318	0.146219423166	0.158121634839
M06_DY_TO_DY_ALL28:G808-E2172	M06_DY_TO_DY_ALL28	ALL28	DY	DY	G808-E2172	tch	eody	1	f115v	f115v	G808-P0649	f115v.13	13	4	S	B	3	3	EXACT	-0.0536940733891	29	0	0	-0.0286952320141	72	0	0	-0.0212309238122	101	-0.022130168547	101	-0.0284049066448	68	-0.0336410837268	4	-0.0809347299671	6	0	0	-0.0823893054032	-0.0823893054032	-0.082098980034	-0.16332403537	-0.0823893054032
M06_DY_TO_DY_ALL28:G808-E2180	M06_DY_TO_DY_ALL28	ALL28	DY	DY	G808-E2180	tch	edy	0	f115v	f115v	G808-P0652	f115v.25	25	8	S	B	3	3	EXACT	-0.13849465299	24	0.103592129671	1	-0.0388721590439	72	0	0	-0.0419358452365	97	-0.0428350899713	97	-0.0293761024536	68	-0.200315441514	4	0.0584989480139	6	-0.219823671196	1	-0.0737746823627	-0.0737746823627	-0.0642786257724	-0.0152757343488	-0.293598353558
M06_DY_TO_DY_ALL28:G808-E0388	M06_DY_TO_DY_ALL28	ALL28	DY	DY	G808-E0388	tch	edy	0	f39r	f39r	G808-P0137	f39r.9	9	1	H	B	2	2	EXACT	-0.149230925339	22	-0.244890290814	1	-0.0364093629551	72	-0.109489963852	1	-0.0424075201739	95	-0.0438990416786	96	-0.0467544408465	68	0.13944738929	4	-0.0434379670619	6	-0.11057420643	1	-0.430530579108	-0.54002054296	-0.440875657	-0.47396854617	-0.541104785538
M06_DY_TO_DY_ALL28:G808-E0570	M06_DY_TO_DY_ALL28	ALL28	DY	DY	G808-E0570	tch	eody	1	f51r	f51r	G808-P0191	f51r.5	5	1	H	A	1	2	EXACT	0.265066252152	37	0.59661123252	1	0.137674913493	72	0	0	0.19161590488	110	0.190599256463	110	0.137379394485	68	0.142690555568	4	0.224207695838	6	0.0807248957751	1	0.999352398165	0.999352398165	0.999056879157	1.223560094	1.08007729394
M06_DY_TO_DY_ALL28:G808-E0659	M06_DY_TO_DY_ALL28	ALL28	DY	DY	G808-E0659	tch	eody	1	f58v	f58v	G808-P0213	f58v.36	36	1	S	A	3	3	EXACT	-0.0838152468962	27	-0.0663937350912	3	0.0468025732689	71	0.225609569803	1	0.0253140980395	101	0.0263826471451	102	0.0414241265435	67	0.136888877161	4	0.281852094741	6	0.225243030499	1	-0.103406408719	0.122203161084	-0.108784855444	0.178445686022	0.121836621781
M06_DY_TO_DY_ALL28:G808-E0685	M06_DY_TO_DY_ALL28	ALL28	DY	DY	G808-E0685	tch	edy	0	f66v	f66v	G808-P0219	f66v.2	2	2	H	B	5	3	EXACT	-0.0588415710741	19	0.12753682923	3	-0.0385990509266	72	0	0	-0.0119389844367	94	-0.0128972564907	94	-0.0526826421025	68	0.200812535983	4	0.0447625152379	6	0	0	0.0300962072292	0.0300962072292	0.0160126160533	0.0748587224671	0.0300962072292
M06_DY_TO_DY_ALL28:G808-E0708	M06_DY_TO_DY_ALL28	ALL28	DY	DY	G808-E0708	tch	edy	0	f75r	f75r	G808-P0223	f75r.28	28	1	B	B	2	3	EXACT	-0.428879556372	27	-0.00838291961509	5	-0.0799573902107	72	-0.0559120274563	1	-0.15154117653	104	-0.15131744553	105	-0.0937076808367	68	0.15378729546	4	-0.0850747590882	6	-0.0587287734265	1	-0.517219866198	-0.573131893654	-0.530970156824	-0.602294625286	-0.575948639624
M06_DY_TO_DY_ALL28:G808-E0794	M06_DY_TO_DY_ALL28	ALL28	DY	DY	G808-E0794	tch	edy	0	f76v	f76v	G808-P0236	f76v.15	15	1	B	B	2	2	EXACT	-0.391666551641	17	0	0	-0.109889569018	72	-0.114579829162	1	-0.134659363631	89	-0.135170373139	90	-0.124731028935	68	0.142405110777	4	-0.0395291467111	6	-0.115147577577	1	-0.501556120659	-0.616135949821	-0.516397580575	-0.54108526737	-0.616703698236
M06_DY_TO_DY_ALL28:G808-E0815	M06_DY_TO_DY_ALL28	ALL28	DY	DY	G808-E0815	tch	edy	0	f76v	f76v	G808-P0238	f76v.30	30	1	B	B	2	3	EXACT	-0.370616582763	40	0.188051089483	1	-0.107213844096	72	-0.298862618127	1	-0.193561206515	113	-0.195268376277	114	-0.121897908429	68	0.142405110777	4	0.266718156536	6	-0.169593104457	1	-0.289779337376	-0.588641955502	-0.304463401709	-0.0230611808396	-0.459372441832
M06_DY_TO_DY_ALL28:G808-E0900	M06_DY_TO_DY_ALL28	ALL28	DY	DY	G808-E0900	tch	edy	0	f78r	f78r	G808-P0247	f78r.4	4	4	B	B	2	2	EXACT	-0.326265811518	65	-0.0978272393086	2	-0.119136548713	72	-0.066765856946	1	-0.226773605097	139	-0.226250200491	140	-0.124842900875	68	-0.0221384971205	4	-0.295808922176	6	-0.0675706990031	1	-0.54322959954	-0.609995456486	-0.548935951702	-0.839038521716	-0.610800298543
M06_DY_TO_DY_ALL28:G808-E1006	M06_DY_TO_DY_ALL28	ALL28	DY	DY	G808-E1006	tch	edy	0	f80r	f80r	G808-P0266	f80r.13	13	1	B	B	2	3	EXACT	-0.449541695809	83	-0.18887148497	6	-0.0909770220298	72	0	0	-0.299848796979	161	-0.300838121523	161	-0.104460344458	68	0.138229839194	4	-0.0661175976393	6	0	0	-0.729390202808	-0.729390202808	-0.742873525236	-0.795507800447	-0.729390202808
M06_DY_TO_DY_ALL28:G808-E1152	M06_DY_TO_DY_ALL28	ALL28	DY	DY	G808-E1152	tch	edy	0	f83r	f83r	G808-P0292	f83r.1	1	1	B	B	2	2	EXACT	-0.507894198963	30	0	0	-0.0967750242652	72	0	0	-0.203712282525	102	-0.204767603882	102	-0.110339609195	68	0.133812811724	4	-0.00359116267266	6	0	0	-0.604669223228	-0.604669223228	-0.618233808158	-0.608260385901	-0.604669223228
M06_DY_TO_DY_ALL28:G808-E1173	M06_DY_TO_DY_ALL28	ALL28	DY	DY	G808-E1173	tch	edy	0	f83r	f83r	G808-P0293	f83r.16	16	1	B	B	2	2	EXACT	-0.242870345657	42	-0.227869029588	1	-0.101106511724	72	-0.119555544781	1	-0.151032060686	115	-0.151616805104	116	-0.114925890034	68	0.133812811724	4	0.088694236578	6	-0.464454487139	1	-0.571845886968	-0.691401431749	-0.585665265278	-0.48315165039	-1.03630037411
M06_DY_TO_DY_ALL28:G808-E1178	M06_DY_TO_DY_ALL28	ALL28	DY	DY	G808-E1178	tch	edy	0	f83r	f83r	G808-P0294	f83r.23	23	1	B	B	2	2	EXACT	-0.389525721364	23	0.150611616262	1	-0.107919646216	72	-0.08842234014	1	-0.150925995244	96	-0.151098697384	97	-0.122139797143	68	0.133812811724	4	-0.170627749972	6	0.315971049379	1	-0.346833751318	-0.435256091458	-0.361053902245	-0.517461501289	-0.0308627019389
M06_DY_TO_DY_ALL28:G808-E1221	M06_DY_TO_DY_ALL28	ALL28	DY	DY	G808-E1221	tch	edy	0	f85r1	f85r	G808-P0302	f85r1.5	5	1	T	B	2	2	EXACT	-0.181730377517	22	0	0	-0.0312869258692	72	0	0	-0.0435290253182	94	-0.0446882618402	94	-0.0394806386702	68	0.108014141288	4	-0.167615150125	6	0	0	-0.213017303386	-0.213017303386	-0.221211016187	-0.380632453511	-0.213017303386
M06_DY_TO_DY_ALL28:G808-E1245	M06_DY_TO_DY_ALL28	ALL28	DY	DY	G808-E1245	tch	edy	0	f85r2	f85r	G808-P0312	f85r2.9	9	3	C	B	2	2	EXACT	-0.00269357974311	12	0	0	-0.0397483522336	70	-0.190490090279	2	0.00190957424514	82	-0.00323184530006	84	-0.0438681077483	66	0.0282246853675	4	-0.168499830208	6	-0.253615133195	2	-0.0424419319767	-0.232932022255	-0.0465616874914	-0.210941762185	-0.296057065172
M06_DY_TO_DY_ALL28:G808-E1252	M06_DY_TO_DY_ALL28	ALL28	DY	DY	G808-E1252	tch	edy	0	f86v3	f86v	G808-P0315	f86v3.1	1	1	C	B	2	2	EXACT	-0.186621530354	25	0.190473732175	1	-0.053624259992	70	-0.117400733375	1	-0.0669728877724	96	-0.0680644646851	97	-0.058917812286	66	0.0337228294381	4	0.169986518167	6	-0.210709586004	1	-0.049772058171	-0.167172791546	-0.055065610465	0.120214459996	-0.260481644175
M06_DY_TO_DY_ALL28:G808-E1255	M06_DY_TO_DY_ALL28	ALL28	DY	DY	G808-E1255	tch	eody	1	f86v3	f86v	G808-P0316	f86v3.13	13	3	C	B	2	3	EXACT	-0.0188022306793	27	-0.717671286387	1	-0.0566353456997	70	-0.024361683926	1	-0.0366698230447	98	-0.0371204992887	99	-0.0675274054625	66	0.123087116965	4	-0.137792053822	6	-0.0268025004791	1	-0.793108862766	-0.817470546692	-0.804000922528	-0.930900916588	-0.819911363245
M06_DY_TO_DY_ALL28:G808-E1416	M06_DY_TO_DY_ALL28	ALL28	DY	DY	G808-E1416	tch	edy	0	f94r	f94r	G808-P0348	f94r.1	1	1	H	B	3	3	EXACT	-0.30373509134	49	0	0	-0.0255313510497	72	0	0	-0.141042417297	121	-0.14206671789	121	-0.0350633977688	68	0.136503927203	4	0.226035298931	6	-0.0380189064321	1	-0.329266442389	-0.329266442389	-0.338798489109	-0.103231143458	-0.367285348822
M06_DY_TO_DY_ALL28:G808-E1550	M06_DY_TO_DY_ALL28	ALL28	DY	DY	G808-E1550	ych	edy	0	f103r	f103r	G808-P0381	f103r.4	4	1	S	B	3	2	EXACT	-0.346345386765	28	-0.482872974308	2	-0.0436777187762	71	0	0	-0.120200888245	101	-0.121323201326	101	-0.0492748672836	67	0.050072215529	4	-0.178894977845	6	0	0	-0.87289607985	-0.87289607985	-0.878493228357	-1.05179105769	-0.87289607985
M06_DY_TO_DY_ALL28:G808-E1599	M06_DY_TO_DY_ALL28	ALL28	DY	DY	G808-E1599	ych	eody	1	f103v	f103v	G808-P0405	f103v.23	23	1	S	B	3	3	EXACT	-0.384950510378	36	-0.0436839607529	6	-0.0413041414805	72	0.719509516976	1	-0.142488745452	114	-0.136810695244	115	-0.0468314728844	68	0.0526655218183	4	0.0454747477564	6	0.236965124304	2	-0.469938612612	0.249570904364	-0.475465944016	-0.424463864855	-0.232973488308
M06_DY_TO_DY_ALL28:G808-E1712	M06_DY_TO_DY_ALL28	ALL28	DY	DY	G808-E1712	ych	edy	0	f106r	f106r	G808-P0459	f106r.7	7	3	S	B	3	2	EXACT	-0.0431619705319	21	0	0	0.0203082596084	72	0	0	0.0296426134877	93	0.0285635307511	93	0.0181329167325	68	0.0572800002873	4	-0.0201775069577	6	0	0	-0.0228537109235	-0.0228537109235	-0.0250290537994	-0.0430312178812	-0.0228537109235
M06_DY_TO_DY_ALL28:G808-E1731	M06_DY_TO_DY_ALL28	ALL28	DY	DY	G808-E1731	ych	edy	0	f106r	f106r	G808-P0465	f106r.23	23	1	S	B	3	3	EXACT	-0.512224540521	4	0.0142170732635	3	-0.038602501192	72	0	0	-0.0138243866973	79	-0.0149034694339	79	-0.0435969279286	68	0.0462936651186	4	0.0457192019116	6	0	0	-0.536609968449	-0.536609968449	-0.541604395186	-0.490890766538	-0.536609968449
M06_DY_TO_DY_ALL28:G808-E2064	M06_DY_TO_DY_ALL28	ALL28	DY	DY	G808-E2064	ych	eody	1	f113v	f113v	G808-P0594	f113v.8	8	1	S	B	3	3	EXACT	0.0325238909492	12	0.370268516765	1	-0.0311351514696	72	0	0	0.0129343602622	85	0.0106971410756	85	-0.0378572629936	68	0.0831461449874	4	0.284362826398	6	0	0	0.371657256245	0.371657256245	0.364935144721	0.656020082643	0.371657256245
M06_DY_TO_DY_ALL28:G808-E0991	M06_DY_TO_DY_ALL28	ALL28	DY	DY	G808-E0991	ych	edy	0	f79v	f79v	G808-P0259	f79v.8	8	1	B	B	2	2	EXACT	-0.33419777755	31	-0.094829958783	4	-0.116444278124	72	0	0	-0.165656980174	107	-0.16677707676	107	-0.12639818959	68	0.0527633392893	4	-0.0663041431144	6	0	0	-0.545472014457	-0.545472014457	-0.555425925922	-0.611776157572	-0.545472014457
M06_DY_TO_DY_ALL28:G808-E1046	M06_DY_TO_DY_ALL28	ALL28	DY	DY	G808-E1046	ych	edy	0	f80v	f80v	G808-P0273	f80v.18	18	1	B	B	2	2	EXACT	-0.36851813193	21	-0.254709016883	2	-0.126634434431	72	0.162418310267	2	-0.158995457806	95	-0.153053414067	97	-0.136863368682	68	0.0472484466251	4	0.061748913144	6	0.175490960042	2	-0.749861583245	-0.587443272978	-0.760090517496	-0.688112670101	-0.574370623204
M06_DY_TO_DY_ALL28:G808-E1066	M06_DY_TO_DY_ALL28	ALL28	DY	DY	G808-E1066	ych	edy	0	f81r	f81r	G808-P0279	f81r.12	12	1	B	B	2	2	EXACT	-0.4068287093	39	0.201199377878	1	-0.126155863034	72	-0.000936573964219	1	-0.214714709435	112	-0.213771220615	113	-0.137379902552	68	0.0646435730892	4	-0.0473078448298	6	-0.0292262651299	1	-0.331785194456	-0.33272176842	-0.343009233974	-0.379093039286	-0.361011459586
M06_DY_TO_DY_ALL28:G808-E1229	M06_DY_TO_DY_ALL28	ALL28	DY	DY	G808-E1229	ych	edy	0	f85r1	f85r	G808-P0306	f85r1.22	22	5	T	B	2	2	EXACT	-0.108581792974	12	0.374700461572	1	-0.0239645624168	72	0	0	0.00477040341683	85	0.00349501112965	85	-0.023425538542	68	-0.0331148477136	4	-0.129769460264	6	0	0	0.242154106182	0.242154106182	0.242693130057	0.112384645918	0.242154106182
M06_DY_TO_DY_ALL28:G808-E1279	M06_DY_TO_DY_ALL28	ALL28	DY	DY	G808-E1279	ych	edy	0	f86v5	f86v	G808-P0325	f86v5.34	34	6	T	B	2	3	EXACT	0.00941796458679	63	0.200861658557	3	-0.0756720652094	72	-0.188167600174	1	-0.0429383553656	138	-0.0447512120504	139	-0.0781768103491	68	-0.0331005634053	4	0.127239504608	6	-0.190093527538	1	0.134607557935	-0.053560042239	0.132102812795	0.261847062543	-0.0554859696027
M06_DY_TO_DY_ALL28:G808-E1983	M06_DY_TO_DY_ALL28	ALL28	DY	DY	G808-E1983	yk	edy	0	f112r	f112r	G808-P0556	f112r.25	25	5	S	B	3	3	EXACT	-0.312607387077	12	0.196917944638	1	-0.0113017853591	72	-0.027289165732	1	-0.0205655668312	85	-0.0214252895062	86	-0.00492534215665	68	-0.119712516592	4	-0.175217942127	6	-0.0302351089836	1	-0.126991227798	-0.15428039353	-0.120614784595	-0.302209169924	-0.157226336781
M06_DY_TO_DY_ALL28:G808-E0134	M06_DY_TO_DY_ALL28	ALL28	DY	DY	G808-E0134	yk	eody	1	f14r	f14r	G808-P0046	f14r.13	13	5	H	A	1	2	EXACT	0.263516483765	16	0.0551770191784	1	0.124939274259	72	0	0	0.174362260721	89	0.173412229018	89	0.137762873624	68	-0.0930719806486	4	0.220171817741	6	0	0	0.443632777203	0.443632777203	0.456456376568	0.663804594944	0.443632777203
M06_DY_TO_DY_ALL28:G808-E0322	M06_DY_TO_DY_ALL28	ALL28	DY	DY	G808-E0322	yk	edy	0	f31r	f31r	G808-P0109	f31r.13	13	4	H	B	2	2	EXACT	-0.131971625883	19	0	0	-0.00214508808317	72	0	0	-0.00679982692626	91	-0.0077718330856	91	-0.00890270779338	68	0.112724309987	4	-0.088431738747	6	0	0	-0.134116713966	-0.134116713966	-0.140874333676	-0.222548452713	-0.134116713966
M06_DY_TO_DY_ALL28:G808-E0345	M06_DY_TO_DY_ALL28	ALL28	DY	DY	G808-E0345	yk	edy	0	f34r	f34r	G808-P0117	f34r.7	7	6	H	B	2	3	EXACT	-0.12732561188	43	-0.131060507192	1	-0.0526119900535	72	0.281446401244	1	-0.0786752391441	116	-0.0763743612793	117	-0.0502918973478	68	-0.0920636010463	4	-0.0819844065126	6	-0.0031099429379	2	-0.310998109126	-0.0295517078817	-0.30867801642	-0.392982515638	-0.314108052064
M06_DY_TO_DY_ALL28:G808-E0446	M06_DY_TO_DY_ALL28	ALL28	DY	DY	G808-E0446	yk	eody	1	f43v	f43v	G808-P0157	f43v.7	7	2	H	B	2	3	EXACT	0.0744845994792	9	-0.193203618904	2	-0.0450844900022	72	0	0	-0.00193121791803	83	-0.00288311299524	83	-0.0583652445408	68	0.180679265262	4	-0.0925439577956	6	0	0	-0.163803509427	-0.163803509427	-0.177084263966	-0.256347467223	-0.163803509427
M06_DY_TO_DY_ALL28:G808-E0904	M06_DY_TO_DY_ALL28	ALL28	DY	DY	G808-E0904	yk	edy	0	f78r	f78r	G808-P0247	f78r.8	8	6	B	B	2	1	EXACT	-0.314491254496	66	-0.0162850401689	1	-0.115238003874	72	0.0330441197449	1	-0.21805156299	139	-0.216860538775	140	-0.112228831381	68	-0.166404448559	4	-0.407179702877	6	0.0299486530391	1	-0.446014298539	-0.412970178794	-0.443005126046	-0.853194001416	-0.4160656455
M06_DY_TO_DY_ALL28:G808-E1313	M06_DY_TO_DY_ALL28	ALL28	DY	DY	G808-E1313	yk	edy	0	f86v6	f86v	G808-P0329	f86v6.44	44	10	T	B	2	3	EXACT	-0.21508504788	75	-0.302259467209	1	-0.0918868214603	72	-0.115299030251	1	-0.173200279277	148	-0.173454197727	149	-0.0914982395041	68	-0.0985033931055	4	0.141865957804	6	-0.22775354407	1	-0.60923133655	-0.724530366802	-0.608842754594	-0.467365378747	-0.83698488062
M06_DY_TO_DY_ALL28:G808-E1429	M06_DY_TO_DY_ALL28	ALL28	DY	DY	G808-E1429	yk	edy	0	f95r1	f95r	G808-P0353	f95r1.10	10	6	H	B	3	3	EXACT	-0.202488307789	29	0.13504054886	3	-0.0274096376671	72	0.00555429624845	1	-0.0587994956426	104	-0.0589457070676	105	-0.0242734714716	68	-0.0807346280353	4	0.104300294782	6	0.102216467879	2	-0.0948573965961	-0.0893031003477	-0.0917212304006	0.0094428981859	0.007359071283
M06_DY_TO_DY_ALL28:G808-E1666	M06_DY_TO_DY_ALL28	ALL28	DY	DY	G808-E1666	yt	eody	1	f105r	f105r	G808-P0439	f105r.6	6	8	S	B	3	3	EXACT	-0.326317722973	15	-0.127061940001	1	-0.0394729586674	72	-0.0992718037355	1	-0.0588424301698	88	-0.0600654727526	89	-0.0287182969704	68	-0.222317459234	4	-0.182244702354	6	0.207291083567	1	-0.49285262164	-0.592124425376	-0.482097959943	-0.675097323995	-0.285561538074
M06_DY_TO_DY_ALL28:G808-E1671	M06_DY_TO_DY_ALL28	ALL28	DY	DY	G808-E1671	yt	eody	1	f105r	f105r	G808-P0441	f105r.16	16	1	S	B	3	2	EXACT	-0.0967136046331	18	-0.309051808865	2	-0.00213326990378	72	-0.66295123379	1	-0.000745687382314	92	-0.00864547077148	93	-0.00564555458946	68	0.0575603180352	4	0.239140458403	6	-0.494056578743	1	-0.407898683402	-1.07084991719	-0.411410968087	-0.168758224998	-0.901955262144
M06_DY_TO_DY_ALL28:G808-E1691	M06_DY_TO_DY_ALL28	ALL28	DY	DY	G808-E1691	yt	edy	0	f105r	f105r	G808-P0447	f105r.36	36	10	S	B	3	3	EXACT	-0.484282557419	11	-0.127882196883	3	-0.0342215264697	72	0.795848731774	1	-0.0591864791787	86	-0.0501216488236	87	-0.0347900460042	68	-0.024571946101	4	0.0793687819577	6	0.374187517005	2	-0.646386280771	0.149462451003	-0.646954800306	-0.567017498813	-0.272198763766
M06_DY_TO_DY_ALL28:G808-E0266	M06_DY_TO_DY_ALL28	ALL28	DY	DY	G808-E0266	yt	edy	0	f26r	f26r	G808-P0090	f26r.2	2	6	H	B	2	3	EXACT	-0.10392989916	18	0.0512614906572	1	-0.0168854768321	72	0.100919801334	1	-0.00777782600041	91	-0.00737177467643	92	-0.0126523980844	68	-0.0888578892664	4	-0.088124084327	6	0.036648779952	1	-0.069553885335	0.0313659159992	-0.0653208065873	-0.157677969662	-0.032905105383
M06_DY_TO_DY_ALL28:G808-E0276	M06_DY_TO_DY_ALL28	ALL28	DY	DY	G808-E0276	yt	edy	0	f26v	f26v	G808-P0092	f26v.3	3	10	H	B	2	3	EXACT	0.0395786164664	36	-0.185308739781	2	-0.0616669330488	72	0	0	-0.0231217931064	110	-0.0241133069389	110	-0.053360619222	68	-0.202884424508	4	-0.213482291867	6	0	0	-0.207397056363	-0.207397056363	-0.199090742536	-0.42087934823	-0.207397056363
M06_DY_TO_DY_ALL28:G808-E0023	M06_DY_TO_DY_ALL28	ALL28	DY	DY	G808-E0023	yt	eody	1	f3r	f3r	G808-P0007	f3r.17	17	3	H	A	1	2	EXACT	0.598488350997	5	0	0	0.116483808641	72	0	0	0.191173631136	77	0.190226680722	77	0.126468851473	68	-0.0532719487321	4	0.178118021373	6	0	0	0.714972159638	0.714972159638	0.724957202471	0.893090181012	0.714972159638
M06_DY_TO_DY_ALL28:G808-E0406	M06_DY_TO_DY_ALL28	ALL28	DY	DY	G808-E0406	yt	edy	0	f41r	f41r	G808-P0145	f41r.4	4	5	H	B	5	3	EXACT	-0.0342540741237	13	-0.136306369278	2	-0.0389693259008	72	0	0	-0.00899555160187	87	-0.00993565548847	87	-0.0339965248782	68	-0.123517078517	4	-0.0473993746488	6	0	0	-0.209529769303	-0.209529769303	-0.20455696828	-0.256929143951	-0.209529769303
M06_DY_TO_DY_ALL28:G808-E0521	M06_DY_TO_DY_ALL28	ALL28	DY	DY	G808-E0521	yt	edy	0	f48r	f48r	G808-P0180	f48r.4	4	6	H	B	5	3	EXACT	0.159054021314	38	0.0316357683061	2	-0.0176108794352	72	0	0	0.049357872384	112	0.0483472161759	112	-0.0116147993103	68	-0.119554076527	4	-0.25527077934	6	0	0	0.173078910185	0.173078910185	0.17907499031	-0.0821918691554	0.173078910185
M06_DY_TO_DY_ALL28:G808-E0538	M06_DY_TO_DY_ALL28	ALL28	DY	DY	G808-E0538	yt	edy	0	f48v	f48v	G808-P0182	f48v.10	10	3	H	B	5	3	EXACT	-0.173385889403	23	0.0546848705472	5	0.0186579146602	72	-0.174276543536	1	-0.00468720125769	100	-0.00703782065275	101	0.00930868392141	68	0.177584570177	4	-0.453831489572	6	-0.196250458441	1	-0.100043104195	-0.274319647731	-0.109392334934	-0.553874593767	-0.296293562636
M06_DY_TO_DY_ALL28:G808-E0924	M06_DY_TO_DY_ALL28	ALL28	DY	DY	G808-E0924	yt	edy	0	f78r	f78r	G808-P0248	f78r.33	33	1	B	B	2	3	EXACT	-0.417666562244	49	-0.128359904948	5	-0.123175252479	72	-0.184868347172	1	-0.23909024567	126	-0.239220248113	127	-0.133642835111	68	0.0547631399555	4	-0.015508512584	6	-0.186732846051	1	-0.669201719671	-0.854070066844	-0.679669302303	-0.684710232255	-0.855934565722
M06_DY_TO_DY_ALL28:G808-E1231	M06_DY_TO_DY_ALL28	ALL28	DY	DY	G808-E1231	yt	eody	1	f85r1	f85r	G808-P0307	f85r1.23	23	4	T	B	2	3	EXACT	-0.570902624306	10	-0.380419608269	2	-0.0443314958884	72	0	0	-0.0777319748628	84	-0.0788244961233	84	-0.0461693674558	68	-0.0130760556997	4	-0.108027614326	6	0	0	-0.995653728463	-0.995653728463	-0.99749160003	-1.10368134279	-0.995653728463
M06_DY_TO_DY_ALL28:G808-E1277	M06_DY_TO_DY_ALL28	ALL28	DY	DY	G808-E1277	yt	edy	0	f86v5	f86v	G808-P0325	f86v5.31	31	5	T	B	2	3	EXACT	-0.0229455544843	61	0.144470024994	1	-0.0599404175493	72	0	0	-0.0521227333006	134	-0.0527575071627	134	-0.0560956081104	68	-0.125312856399	4	-0.184395391421	6	0	0	0.061584052961	0.061584052961	0.0654288623998	-0.12281133846	0.061584052961
M06_DY_TO_DY_ALL28:G808-E1281	M06_DY_TO_DY_ALL28	ALL28	DY	DY	G808-E1281	yt	eody	1	f86v5	f86v	G808-P0325	f86v5.39	39	1	T	B	2	2	EXACT	-0.0229455544843	61	-0.195769768345	1	-0.072946045046	72	0.0125705057523	1	-0.0616499345924	134	-0.0616340038339	135	-0.077640194553	68	0.00684381818331	4	-0.128722803873	6	0.00911928547195	1	-0.291661367875	-0.279090862123	-0.296355517382	-0.420384171748	-0.282542082403
M07_L_TO_DY_ALL28:G808-E1538	M07_L_TO_DY_ALL28	ALL28	L	DY	G808-E1538	ch	eody	1	f102v1	f102v	G808-P0378	f102v1.21	21	7	P	A	1	2	EXACT	-0.123599577295	14	-0.109482657411	1	-0.0082667663897	72	0	0	-0.0408861678123	87	-0.0390141625073	87	-0.00198017031253	68	-0.115138924084	4	0.000771588388965	6	0	0	-0.241349001095	-0.241349001095	-0.235062405018	-0.240577412706	-0.241349001095
M07_L_TO_DY_ALL28:G808-E1559	M07_L_TO_DY_ALL28	ALL28	L	DY	G808-E1559	ch	edy	0	f103r	f103r	G808-P0384	f103r.13	13	8	S	B	3	3	EXACT	0.266417857576	3	0.0430374071071	4	0.0600210293593	72	0	0	0.0495996394959	79	0.0514853631457	79	0.0582058839823	68	0.0908784726178	4	-0.000451109689362	6	0	0	0.369476294042	0.369476294042	0.367661148665	0.369025184353	0.369476294042
M07_L_TO_DY_ALL28:G808-E1563	M07_L_TO_DY_ALL28	ALL28	L	DY	G808-E1563	ch	edy	0	f103r	f103r	G808-P0386	f103r.19	19	6	S	B	3	3	EXACT	0.426915025331	9	-0.166930850245	1	0.0362188313752	72	0.544315945133	2	0.0627411188502	82	0.0748291738974	84	0.0446367327102	68	-0.106885519471	4	0.00883927410355	6	0.539982181801	2	0.296203006461	0.840518951594	0.304620907796	0.305042280565	0.836185188262
M07_L_TO_DY_ALL28:G808-E1570	M07_L_TO_DY_ALL28	ALL28	L	DY	G808-E1570	ch	edy	0	f103r	f103r	G808-P0389	f103r.28	28	5	S	B	3	3	EXACT	0.214249321355	6	0.0949315219178	3	0.060023591269	72	0.358392982076	2	0.0571206539928	81	0.0649869901845	83	0.0698417725977	68	-0.106885519471	4	0.0369217242848	6	0.362755090101	2	0.369204434542	0.727597416618	0.379022615871	0.406126158827	0.731959524643
M07_L_TO_DY_ALL28:G808-E1571	M07_L_TO_DY_ALL28	ALL28	L	DY	G808-E1571	ch	edy	0	f103r	f103r	G808-P0389	f103r.29	29	6	S	B	3	2	EXACT	0.214249321355	6	0	0	0.0625154790771	72	-0.129934881681	1	0.0586434361951	78	0.0574702329402	79	0.0757439200022	68	-0.1623680448	4	0.0364610441413	6	-0.125572773656	1	0.276764800432	0.146829918752	0.289993241357	0.313225844573	0.151192026776
M07_L_TO_DY_ALL28:G808-E1575	M07_L_TO_DY_ALL28	ALL28	L	DY	G808-E1575	ch	edy	0	f103r	f103r	G808-P0392	f103r.36	36	2	S	B	3	3	EXACT	0.191271321761	6	0.181180355694	1	0.0557953439771	72	0.475520999413	1	0.0521019336247	79	0.0586169342519	80	0.0600694298893	68	-0.0168641446815	4	-0.0553292645933	6	0.225573843958	2	0.428247021432	0.903768020845	0.432521107344	0.372917756838	0.65382086539
M07_L_TO_DY_ALL28:G808-E1582	M07_L_TO_DY_ALL28	ALL28	L	DY	G808-E1582	ch	edy	0	f103r	f103r	G808-P0398	f103r.53	53	6	S	B	3	3	EXACT	0.456854459599	10	0.0456959035973	1	0.0597106755861	72	0.371510261413	3	0.094044553243	83	0.103757793192	86	0.0578772741048	68	0.0908784726178	4	-0.019946001569	6	0.375872369438	3	0.562261038783	0.933771300196	0.560427637302	0.542315037214	0.938133408221
M07_L_TO_DY_ALL28:G808-E1584	M07_L_TO_DY_ALL28	ALL28	L	DY	G808-E1584	ch	edy	0	f103v	f103v	G808-P0399	f103v.3	3	3	S	B	3	3	EXACT	0.150541377722	20	-0.09131017302	4	0.0176738413869	72	0.0566070578833	3	0.0310308614491	96	0.032130611509	99	0.0223453322758	68	-0.0617416770917	4	0.00743961031756	6	0.0596378308911	3	0.076905046089	0.133512103972	0.0815765369779	0.0843446564065	0.13654287698
M07_L_TO_DY_ALL28:G808-E1594	M07_L_TO_DY_ALL28	ALL28	L	DY	G808-E1594	ch	edy	0	f103v	f103v	G808-P0404	f103v.17	17	2	S	B	3	2	EXACT	0.0629223990194	5	0.0189573256511	2	0.0437004484845	72	0.946227773174	1	0.0264706923228	79	0.0392665577618	80	0.0472789948457	68	-0.0171350130239	4	-0.00731277811327	6	0.956517038936	1	0.125580173155	1.07180794633	0.129158719516	0.118267395042	1.08209721209
M07_L_TO_DY_ALL28:G808-E1597	M07_L_TO_DY_ALL28	ALL28	L	DY	G808-E1597	ch	edy	0	f103v	f103v	G808-P0404	f103v.18	18	6	S	B	3	3	EXACT	0.0629223990194	5	-0.0153285582234	1	0.0734177645363	72	0	0	0.0538527855504	78	0.0558356919063	78	0.0722371267046	68	0.0934884343078	4	-0.0547600765767	6	0	0	0.121011605332	0.121011605332	0.119830967501	0.0662515287556	0.121011605332
M07_L_TO_DY_ALL28:G808-E1606	M07_L_TO_DY_ALL28	ALL28	L	DY	G808-E1606	ch	edy	0	f103v	f103v	G808-P0407	f103v.31	31	7	S	B	3	3	EXACT	0.874458215625	2	0.050023002965	4	0.0393779521625	72	-0.702580674565	1	0.0413806458355	78	0.0332536575762	79	0.0361949724265	68	0.0934884343078	4	0.0776978424897	6	-0.115045128434	3	0.963859170752	0.261278496188	0.960676191016	1.04155701324	0.848814042319
M07_L_TO_DY_ALL28:G808-E1607	M07_L_TO_DY_ALL28	ALL28	L	DY	G808-E1607	ch	edy	0	f103v	f103v	G808-P0407	f103v.32	32	6	S	B	3	2	EXACT	0.874458215625	2	-0.0989782859271	1	0.0575065595537	72	0	0	0.0573688921228	75	0.0593517984787	75	0.0557171593963	68	0.0879261888622	4	-0.0615217157203	6	0	0	0.832986489251	0.832986489251	0.831197089094	0.771464773531	0.832986489251
M07_L_TO_DY_ALL28:G808-E1608	M07_L_TO_DY_ALL28	ALL28	L	DY	G808-E1608	ch	eody	1	f103v	f103v	G808-P0408	f103v.33	33	6	S	B	3	3	EXACT	0.26686061046	19	-0.0460392804962	2	0.0489250785176	72	0.465677902757	1	0.0814332965221	93	0.0869217800272	94	0.0463036944495	68	0.0934884343078	4	-0.0646287265646	6	0.468708675765	1	0.269746408482	0.735424311239	0.267125024414	0.205117681917	0.738455084247
M07_L_TO_DY_ALL28:G808-E1616	M07_L_TO_DY_ALL28	ALL28	L	DY	G808-E1616	ch	edy	0	f104r	f104r	G808-P0412	f104r.1	1	2	S	B	3	2	EXACT	-0.0227769106459	21	0	0	0.0356140675874	72	-0.0809666751222	1	0.0138057935779	93	0.0142287809319	94	0.0386054270694	68	-0.0152392413024	4	0.0205196246023	6	-0.0782754702434	1	0.0128371569415	-0.0681295181807	0.0158285164236	0.0333567815438	-0.0654383133019
M07_L_TO_DY_ALL28:G808-E1620	M07_L_TO_DY_ALL28	ALL28	L	DY	G808-E1620	ch	edy	0	f104r	f104r	G808-P0413	f104r.7	7	7	S	B	3	3	EXACT	0.115603077308	29	0.363963880292	1	0.0672871688307	72	0	0	0.0784521432199	102	0.0804740523156	102	0.0659871370139	68	0.089387512021	4	-0.174972059416	6	-0.0511896375201	1	0.546854126431	0.546854126431	0.545554094614	0.371882067015	0.49566448891
M07_L_TO_DY_ALL28:G808-E1625	M07_L_TO_DY_ALL28	ALL28	L	DY	G808-E1625	ch	eody	1	f104r	f104r	G808-P0415	f104r.13	13	7	S	B	3	3	EXACT	-0.0659917845969	20	0	0	0.0885943265105	72	0	0	0.0459171759728	92	0.0479390850686	92	0.0878796613719	68	0.100743436171	4	0.0470798588916	6	0	0	0.0226025419136	0.0226025419136	0.021887876775	0.0696824008052	0.0226025419136
M07_L_TO_DY_ALL28:G808-E1626	M07_L_TO_DY_ALL28	ALL28	L	DY	G808-E1626	ch	edy	0	f104r	f104r	G808-P0416	f104r.17	17	5	S	B	3	3	EXACT	0.137425196726	8	0.0551915760031	1	0.0139672647523	72	0	0	0.0113120383743	81	0.01333394747	81	0.0217230692895	68	-0.117881610074	4	-0.0259585874608	6	0	0	0.206584037481	0.206584037481	0.214339842018	0.18062545002	0.206584037481
M07_L_TO_DY_ALL28:G808-E1639	M07_L_TO_DY_ALL28	ALL28	L	DY	G808-E1639	ch	edy	0	f104v	f104v	G808-P0426	f104v.6	6	7	S	B	3	3	EXACT	0	0	0	0	0.0251171731568	72	0	0	0.00175016481725	72	0.00377552857998	72	0.0331475533614	68	-0.111398810479	4	0.03865955235	6	0.0750215905282	2	0.0251171731568	0.0251171731568	0.0331475533614	0.0637767255068	0.100138763685
M07_L_TO_DY_ALL28:G808-E1640	M07_L_TO_DY_ALL28	ALL28	L	DY	G808-E1640	ch	edy	0	f104v	f104v	G808-P0427	f104v.8	8	9	S	B	3	3	EXACT	0.314006561293	14	0	0	0.0591030439284	72	0	0	0.0870722499205	86	0.0890976136833	86	0.0557449453886	68	0.116191198947	4	-0.0134115890311	6	0	0	0.373109605222	0.373109605222	0.369751506682	0.359698016191	0.373109605222
M07_L_TO_DY_ALL28:G808-E1645	M07_L_TO_DY_ALL28	ALL28	L	DY	G808-E1645	ch	eody	1	f104v	f104v	G808-P0428	f104v.13	13	2	S	B	3	3	EXACT	0.309454255319	4	0.235700404192	3	0.0602423127571	72	0	0	0.0592980641097	79	0.0613234278724	79	0.0649366913893	68	-0.0195616441503	4	-0.0385484850683	6	0	0	0.605396972269	0.605396972269	0.610091350901	0.5668484872	0.605396972269
M07_L_TO_DY_ALL28:G808-E1647	M07_L_TO_DY_ALL28	ALL28	L	DY	G808-E1647	ch	edy	0	f104v	f104v	G808-P0429	f104v.15	15	8	S	B	3	3	EXACT	-0.0272037586854	10	0	0	0.0356368182077	72	0	0	0.0119779728726	82	0.0140033366354	82	0.030898353449	68	0.116191198947	4	0.0481832477749	6	0	0	0.00843305952235	0.00843305952235	0.00369459476362	0.0566163072973	0.00843305952235
M07_L_TO_DY_ALL28:G808-E1654	M07_L_TO_DY_ALL28	ALL28	L	DY	G808-E1654	ch	edy	0	f104v	f104v	G808-P0431	f104v.25	25	12	S	B	3	3	EXACT	-0.0715700947781	30	0.00637856038444	3	0.0480073756788	72	0.0511893033005	2	0.00661751746602	105	0.00841519415522	107	0.0603985487467	68	-0.162642086634	4	-0.0403568828011	6	0.179606754099	2	-0.0171841587148	0.0340051445857	-0.00479298564698	-0.0575410415159	0.162422595385
M07_L_TO_DY_ALL28:G808-E1655	M07_L_TO_DY_ALL28	ALL28	L	DY	G808-E1655	ch	eody	1	f104v	f104v	G808-P0432	f104v.28	28	9	S	B	3	3	EXACT	-0.0599742723225	7	-0.415987040021	1	0.0279477167638	72	0	0	-0.00334588465923	80	-0.0013205208965	80	0.0391589098955	68	-0.162642086634	4	0.0422327217019	6	0	0	-0.44801359558	-0.44801359558	-0.436802402448	-0.405780873878	-0.44801359558
M07_L_TO_DY_ALL28:G808-E1660	M07_L_TO_DY_ALL28	ALL28	L	DY	G808-E1660	ch	edy	0	f104v	f104v	G808-P0436	f104v.37	37	3	S	B	3	3	EXACT	0.124795412759	15	-0.0666173499241	3	0.0591659422881	72	0	0	0.0526899428416	90	0.0547153066043	90	0.0662588676531	68	-0.0614133090766	4	0.0856594385201	6	0	0	0.117344005123	0.117344005123	0.124436930488	0.203003443643	0.117344005123
M07_L_TO_DY_ALL28:G808-E1661	M07_L_TO_DY_ALL28	ALL28	L	DY	G808-E1661	ch	edy	0	f104v	f104v	G808-P0436	f104v.38	38	2	S	B	3	3	EXACT	0.124795412759	15	0.0540664472136	4	0.0488505060017	72	0	0	0.0482886034331	91	0.0503139671959	91	0.0528747783542	68	-0.0195616441503	4	0.0292986230845	6	0	0	0.227712365974	0.227712365974	0.231736638326	0.257010989058	0.227712365974
M07_L_TO_DY_ALL28:G808-E1664	M07_L_TO_DY_ALL28	ALL28	L	DY	G808-E1664	ch	edy	0	f104v	f104v	G808-P0437	f104v.42	42	11	S	B	3	3	EXACT	0.218414936119	22	-0.10805941509	2	0.0232513979307	72	0	0	0.0557706269845	96	0.0577959907473	96	0.0341863370134	68	-0.162642086634	4	0.0107045620863	6	0	0	0.13360691896	0.13360691896	0.144541858042	0.144311481046	0.13360691896
M07_L_TO_DY_ALL28:G808-E1670	M07_L_TO_DY_ALL28	ALL28	L	DY	G808-E1670	ch	eody	1	f105r	f105r	G808-P0441	f105r.14	14	8	S	B	3	3	EXACT	0.238490697941	14	-0.102100518151	1	0.0547690427318	72	0.0603068638206	1	0.0697206940752	87	0.0710373200319	88	0.0521961091362	68	0.0985093487293	4	0.00410470717484	6	0.0645276059276	1	0.191159222521	0.251466086342	0.188586288926	0.195263929696	0.255686828449
M07_L_TO_DY_ALL28:G808-E1676	M07_L_TO_DY_ALL28	ALL28	L	DY	G808-E1676	ch	edy	0	f105r	f105r	G808-P0442	f105r.18	18	5	S	B	3	3	EXACT	-0.0176017391435	19	0.03859582844	2	0.0359233366125	72	-0.32032063906	1	0.014717456969	93	0.0126182154653	94	0.0442460514592	68	-0.105562380909	4	0.0221528230936	6	-0.719430549603	1	0.056917425909	-0.263403213151	0.0652401407557	0.0790702490026	-0.662513123694
M07_L_TO_DY_ALL28:G808-E1683	M07_L_TO_DY_ALL28	ALL28	L	DY	G808-E1683	ch	edy	0	f105r	f105r	G808-P0443	f105r.25	25	3	S	B	3	2	EXACT	0.112773539894	11	0	0	0.0578466255006	72	0	0	0.0507085072476	83	0.0527805872866	83	0.0708908582025	68	-0.16390489556	4	0.0309989982249	6	0	0	0.170620165394	0.170620165394	0.183664398096	0.201619163619	0.170620165394
M07_L_TO_DY_ALL28:G808-E1687	M07_L_TO_DY_ALL28	ALL28	L	DY	G808-E1687	ch	eody	1	f105r	f105r	G808-P0445	f105r.30	30	8	S	B	3	3	EXACT	0.131539812694	6	-0.106643831626	2	0.0520776377904	72	0	0	0.036236818181	80	0.03830889822	80	0.0506783966133	68	0.0758651726728	4	0.0361740868144	6	0	0	0.0769736188582	0.0769736188582	0.0755743776812	0.113147705673	0.0769736188582
M07_L_TO_DY_ALL28:G808-E1690	M07_L_TO_DY_ALL28	ALL28	L	DY	G808-E1690	ch	edy	0	f105r	f105r	G808-P0447	f105r.36	36	5	S	B	3	3	EXACT	0.360775048793	12	0.0350816972516	2	0.0357454280669	72	0.0355194112537	2	0.0669959665015	86	0.0670557128078	88	0.044057677705	68	-0.105562380909	4	-0.0996583304041	6	0.0258244384905	2	0.431602174112	0.467121585366	0.43991442375	0.331943843708	0.457426612602
M07_L_TO_DY_ALL28:G808-E1693	M07_L_TO_DY_ALL28	ALL28	L	DY	G808-E1693	ch	edy	0	f105v	f105v	G808-P0449	f105v.5	5	4	S	B	3	3	EXACT	0.177550441692	12	0	0	0.0700295607331	72	-0.341367891802	2	0.0737754573426	84	0.0648314354716	86	0.0802243895284	68	-0.103282692659	4	0.0383575271006	6	-0.226600094355	2	0.247580002426	-0.0937878893767	0.257774831221	0.285937529526	0.0209799080705
M07_L_TO_DY_ALL28:G808-E1697	M07_L_TO_DY_ALL28	ALL28	L	DY	G808-E1697	ch	edy	0	f105v	f105v	G808-P0450	f105v.10	10	10	S	B	3	4	EXACT	0.0866044972306	30	0.203363121482	1	0.0735056413699	71	0	0	0.074364066299	102	0.076328548343	102	0.0732664515507	67	0.0775120253784	4	0.15350963584	6	0.121589827244	1	0.363473260083	0.363473260083	0.363234070263	0.516982895922	0.485063087327
M07_L_TO_DY_ALL28:G808-E1703	M07_L_TO_DY_ALL28	ALL28	L	DY	G808-E1703	ch	edy	0	f105v	f105v	G808-P0457	f105v.35	35	9	S	B	3	3	EXACT	0.0112850249134	38	-0.131125621549	2	0.0461414867088	72	-0.000883571272264	4	0.0290560756829	112	0.0281287657905	116	0.0421398045693	68	0.114169919209	4	0.00302310848606	6	0.0400898211562	4	-0.0736991099267	-0.074582681199	-0.0777007920662	-0.0706760014406	-0.0336092887705
M07_L_TO_DY_ALL28:G808-E1705	M07_L_TO_DY_ALL28	ALL28	L	DY	G808-E1705	ch	eody	1	f105v	f105v	G808-P0457	f105v.38	38	1	S	B	3	2	EXACT	0.0112850249134	38	0	0	0.0428913079778	72	0	0	0.030250768416	110	0.03221525046	110	0.0382038221273	68	0.122578403566	4	0.0612491083685	6	0	0	0.0541763328913	0.0541763328913	0.0494888470407	0.11542544126	0.0541763328913
M07_L_TO_DY_ALL28:G808-E1721	M07_L_TO_DY_ALL28	ALL28	L	DY	G808-E1721	ch	edy	0	f106r	f106r	G808-P0462	f106r.14	14	7	S	B	3	2	EXACT	-0.0206942008838	6	0	0	0.0401882982434	72	0	0	0.0176785077168	78	0.0197492378204	78	0.0497731232061	68	-0.122753686577	4	-0.0330524296974	6	0	0	0.0194940973596	0.0194940973596	0.0290789223222	-0.0135583323378	0.0194940973596
M07_L_TO_DY_ALL28:G808-E1729	M07_L_TO_DY_ALL28	ALL28	L	DY	G808-E1729	ch	edy	0	f106r	f106r	G808-P0464	f106r.20	20	7	S	B	3	3	EXACT	0.1945957797	14	0.049414990587	4	0.0510981283677	72	-0.122036386753	1	0.0599770122045	90	0.0594152617322	91	0.0479417897212	68	0.104755924902	4	-0.0760076612985	6	-0.121078681933	1	0.295108898655	0.173072511902	0.291952560008	0.219101237356	0.174030216721
M07_L_TO_DY_ALL28:G808-E1742	M07_L_TO_DY_ALL28	ALL28	L	DY	G808-E1742	ch	eody	1	f106r	f106r	G808-P0471	f106r.39	39	5	S	B	3	3	EXACT	-0.0458545575465	15	0.117386609869	2	0.0435570109032	72	0.0606286549134	2	0.0176028380211	89	0.0193545238046	91	0.0526043862938	68	-0.110248331193	4	0.0446860453814	6	0.184860684239	2	0.115089063226	0.175717718139	0.124136438617	0.159775108607	0.299949747465
M07_L_TO_DY_ALL28:G808-E1755	M07_L_TO_DY_ALL28	ALL28	L	DY	G808-E1755	ch	edy	0	f106v	f106v	G808-P0484	f106v.35	35	9	S	B	3	3	EXACT	0.176584701644	11	-0.416428688715	2	0.0635192521914	72	-0.00557985299986	1	0.052318112609	85	0.0530354964238	86	0.0610766005135	68	0.105044176837	4	-0.0902905989936	6	-0.00300643268503	1	-0.17632473488	-0.18190458788	-0.178767386558	-0.266615333873	-0.179331167565
M07_L_TO_DY_ALL28:G808-E1763	M07_L_TO_DY_ALL28	ALL28	L	DY	G808-E1763	ch	edy	0	f107r	f107r	G808-P0489	f107r.5	5	7	S	B	3	3	EXACT	0.128978827852	15	0.371284506024	1	0.0464500346295	72	0.0979444959222	1	0.0518556924237	88	0.0538437301291	89	0.0420712640607	68	0.12088903353	4	0.0293109225231	6	0.100576129007	1	0.546713368505	0.644657864427	0.542334597936	0.576024291028	0.647289497512
M07_L_TO_DY_ALL28:G808-E1765	M07_L_TO_DY_ALL28	ALL28	L	DY	G808-E1765	ch	edy	0	f107r	f107r	G808-P0490	f107r.9	9	6	S	B	3	3	EXACT	0.160203341624	23	0.107022751586	1	0.0306291481471	72	0	0	0.054103721122	96	0.0562382197971	96	0.039880482488	68	-0.126643636417	4	0.00581028705682	6	-0.0272250984149	1	0.297855241358	0.297855241358	0.307106575699	0.303665528415	0.270630142943
M07_L_TO_DY_ALL28:G808-E1772	M07_L_TO_DY_ALL28	ALL28	L	DY	G808-E1772	ch	eody	1	f107r	f107r	G808-P0494	f107r.26	26	9	S	B	3	3	EXACT	0	0	0.162187079509	3	0.0238606345522	72	0	0	0.00721357346784	75	0.00934807214296	75	0.034752800823	68	-0.161306292822	4	0.00273912078133	6	0	0	0.186047714061	0.186047714061	0.196939880332	0.188786834843	0.186047714061
M07_L_TO_DY_ALL28:G808-E1775	M07_L_TO_DY_ALL28	ALL28	L	DY	G808-E1775	ch	edy	0	f107r	f107r	G808-P0497	f107r.35	35	7	S	B	3	3	EXACT	-0.0041223710394	18	0.0903522429245	2	0.0718712627657	72	0.0523537278424	3	0.046507935174	92	0.0469599695184	95	0.0704109255904	68	0.0966968939743	4	-0.0176083880206	6	0.0549853609267	3	0.158101134651	0.210454862493	0.156640797476	0.14049274663	0.213086495577
M07_L_TO_DY_ALL28:G808-E1778	M07_L_TO_DY_ALL28	ALL28	L	DY	G808-E1778	ch	edy	0	f107r	f107r	G808-P0500	f107r.45	45	2	S	B	3	3	EXACT	0.0201357298025	10	-0.0223051366042	3	0.0629009099571	72	0.58054448977	1	0.0394686209875	85	0.047207213139	86	0.0679816310668	68	-0.0234714496793	4	0.00186624940511	6	0.583176122854	1	0.0607315031553	0.641275992925	0.0658122242651	0.0625977525604	0.643907626009
M07_L_TO_DY_ALL28:G808-E1782	M07_L_TO_DY_ALL28	ALL28	L	DY	G808-E1782	ch	edy	0	f107v	f107v	G808-P0502	f107v.2	2	8	S	B	3	3	EXACT	0.33507823946	19	0.165288584989	4	0.0606576834987	72	0.0707823827086	1	0.109515776646	95	0.110439965701	96	0.0587759095161	68	0.092647769005	4	-0.206025349754	6	0.208002853746	1	0.561024507947	0.631806890656	0.559142733965	0.354999158193	0.769027361693
M07_L_TO_DY_ALL28:G808-E1795	M07_L_TO_DY_ALL28	ALL28	L	DY	G808-E1795	ch	eody	1	f107v	f107v	G808-P0505	f107v.14	14	7	S	B	3	3	EXACT	0.268102981232	20	-0.0939968918778	2	0.0665288711087	72	0.285296380606	2	0.0963473306178	94	0.101060698495	96	0.0647754395874	68	0.0963371347728	4	0.0608564329551	6	0.161294352098	2	0.240634960463	0.525931341068	0.238881528941	0.301491393418	0.40192931256
M07_L_TO_DY_ALL28:G808-E1801	M07_L_TO_DY_ALL28	ALL28	L	DY	G808-E1801	ch	eody	1	f107v	f107v	G808-P0507	f107v.20	20	7	S	B	3	3	EXACT	0	0	-0.228640514794	1	0.073917726606	71	0	0	0.0480425001504	72	0.0499208946309	72	0.0725792532809	67	0.0963371347728	4	0.00895283539189	6	0.291377870355	1	-0.154722788188	-0.154722788188	-0.156061261513	-0.145769952796	0.136655082167
M07_L_TO_DY_ALL28:G808-E1810	M07_L_TO_DY_ALL28	ALL28	L	DY	G808-E1810	ch	eody	1	f107v	f107v	G808-P0510	f107v.29	29	3	S	B	3	3	EXACT	0	0	0	0	0.0723430868082	72	0.2472065675	1	0.0507067478291	72	0.054552669607	73	0.0794052343428	68	-0.0477134934779	4	-0.0266861555651	6	0.0791389496696	2	0.0723430868082	0.319549654308	0.0794052343428	0.0456569312431	0.151482036478
M07_L_TO_DY_ALL28:G808-E1816	M07_L_TO_DY_ALL28	ALL28	L	DY	G808-E1816	ch	edy	0	f107v	f107v	G808-P0512	f107v.35	35	8	S	B	3	3	EXACT	0.190574935137	7	0	0	0.0667331580711	72	0	0	0.0610835752032	79	0.0629619696836	79	0.0665339883232	68	0.0701189715868	4	0.0252198400617	6	0.430538701595	1	0.257308093208	0.257308093208	0.257108923461	0.28252793327	0.687846794804
M07_L_TO_DY_ALL28:G808-E1818	M07_L_TO_DY_ALL28	ALL28	L	DY	G808-E1818	ch	edy	0	f107v	f107v	G808-P0513	f107v.37	37	4	S	B	3	3	EXACT	0.120170456626	20	0	0	0.0161619017727	72	0	0	0.0294361583619	92	0.0313145528423	92	0.0216782442287	68	-0.0776159921763	4	-0.0107798794297	6	-0.0440617509118	1	0.136332358399	0.136332358399	0.141848700855	0.125552478969	0.0922706074868
M07_L_TO_DY_ALL28:G808-E1821	M07_L_TO_DY_ALL28	ALL28	L	DY	G808-E1821	ch	edy	0	f107v	f107v	G808-P0516	f107v.46	46	6	S	B	3	3	EXACT	0.202138673677	21	0.160795566516	1	0.0576272724256	72	0	0	0.0819850817809	94	0.0838634762613	94	0.0555672389681	68	0.092647769005	4	-0.00100340474109	6	0	0	0.420561512618	0.420561512618	0.418501479161	0.419558107877	0.420561512618
M07_L_TO_DY_ALL28:G808-E1833	M07_L_TO_DY_ALL28	ALL28	L	DY	G808-E1833	ch	edy	0	f108r	f108r	G808-P0519	f108r.9	9	3	S	B	3	3	EXACT	-0.0142874901802	28	0.465427799663	2	0.0383879867794	72	0	0	0.0242658673459	102	0.0265048107805	102	0.0453130635823	68	-0.0793368882537	4	0.0207834784348	6	0	0	0.489528296262	0.489528296262	0.496453373065	0.510311774697	0.489528296262
M07_L_TO_DY_ALL28:G808-E1837	M07_L_TO_DY_ALL28	ALL28	L	DY	G808-E1837	ch	edy	0	f108r	f108r	G808-P0521	f108r.18	18	6	S	B	3	3	EXACT	0.173550896275	7	-0.529466644035	2	0.0183373032661	72	0	0	-0.00325529532816	81	-0.00101635189357	81	0.0256868294976	68	-0.106603212054	4	-0.0708315415567	6	0	0	-0.337578444493	-0.337578444493	-0.330228918262	-0.40840998605	-0.337578444493
M07_L_TO_DY_ALL28:G808-E1856	M07_L_TO_DY_ALL28	ALL28	L	DY	G808-E1856	ch	edy	0	f108r	f108r	G808-P0525	f108r.32	32	2	S	B	3	2	EXACT	0.241797727122	7	0.327552443441	1	0.0295125813357	72	0.277680218645	1	0.0303959224293	80	0.0349214604241	81	0.0318418221392	68	-0.0100830817072	4	-0.014400761692	6	0.279963184907	1	0.598862751899	0.876542970544	0.601191992702	0.584461990207	0.878825936806
M07_L_TO_DY_ALL28:G808-E1863	M07_L_TO_DY_ALL28	ALL28	L	DY	G808-E1863	ch	edy	0	f108r	f108r	G808-P0526	f108r.36	36	9	S	B	3	2	EXACT	0.03768591356	4	0	0	0.0249055760084	72	0	0	0.00165301591141	76	0.00389195934601	76	0.0348086092618	68	-0.143444558684	4	-0.120666292264	6	0	0	0.0625914895684	0.0625914895684	0.0724945228219	-0.0580748026957	0.0625914895684
M07_L_TO_DY_ALL28:G808-E1865	M07_L_TO_DY_ALL28	ALL28	L	DY	G808-E1865	ch	edy	0	f108r	f108r	G808-P0527	f108r.37	37	5	S	B	3	3	EXACT	0.529831530534	3	0.198326606623	1	0.0399416642764	72	0.426923569816	2	0.0365126816373	76	0.0471706186961	78	0.0485620352733	68	-0.106603212054	4	-0.0169239205803	6	0.328871188347	2	0.768099801433	1.19502337125	0.77672017243	0.751175880853	1.09697098978
M07_L_TO_DY_ALL28:G808-E1869	M07_L_TO_DY_ALL28	ALL28	L	DY	G808-E1869	ch	edy	0	f108r	f108r	G808-P0528	f108r.41	41	7	S	B	3	3	EXACT	0.158297846622	13	-0.0737056941618	1	0.0519407350018	72	0.276682608905	1	0.0496914369393	86	0.0538260244558	87	0.0481980664166	68	0.115567531565	4	0.0263893523759	6	0.476415006037	1	0.136532887462	0.413215496367	0.132790218876	0.162922239838	0.612947893498
M07_L_TO_DY_ALL28:G808-E1870	M07_L_TO_DY_ALL28	ALL28	L	DY	G808-E1870	ch	eody	1	f108r	f108r	G808-P0528	f108r.44	44	6	S	B	3	2	EXACT	0.158297846622	13	-0.108260328978	2	0.0386581873664	72	0	0	0.036181448687	87	0.0384203921216	87	0.0493701977586	68	-0.143444558684	4	-0.0711632474701	6	0	0	0.0886957050097	0.0886957050097	0.0994077154018	0.0175324575396	0.0886957050097
M07_L_TO_DY_ALL28:G808-E1872	M07_L_TO_DY_ALL28	ALL28	L	DY	G808-E1872	ch	edy	0	f108r	f108r	G808-P0529	f108r.45	45	8	S	B	3	3	EXACT	0.366040387552	14	-0.0840843587661	3	0.0540302438949	72	0.466762266909	1	0.0820543608572	89	0.0878781683942	90	0.0504104875976	68	0.115567531565	4	-0.0674877506692	6	0.268374537709	1	0.335986272681	0.80274853959	0.332366516384	0.268498522012	0.60436081039
M07_L_TO_DY_ALL28:G808-E1895	M07_L_TO_DY_ALL28	ALL28	L	DY	G808-E1895	ch	edy	0	f108v	f108v	G808-P0535	f108v.16	16	9	S	B	3	3	EXACT	0.356335312473	17	0.392214200476	1	0.0481106298778	72	0.516537299679	1	0.105183652475	90	0.110883758664	91	0.0473903109911	68	0.0603560226655	4	-0.0243062597628	6	0.518983300942	1	0.796660142827	1.31319744251	0.79593982394	0.772353883064	1.31564344377
M07_L_TO_DY_ALL28:G808-E1896	M07_L_TO_DY_ALL28	ALL28	L	DY	G808-E1896	ch	edy	0	f108v	f108v	G808-P0535	f108v.17	17	3	S	B	3	3	EXACT	0.356335312473	17	0	0	0.0510300678829	72	-0.19381345811	1	0.104578480521	89	0.102437049477	90	0.0576912992444	68	-0.0622108935496	4	0.0235111454022	6	-0.191367456847	1	0.407365380356	0.213551922246	0.414026611717	0.430876525758	0.215997923509
M07_L_TO_DY_ALL28:G808-E1900	M07_L_TO_DY_ALL28	ALL28	L	DY	G808-E1900	ch	eody	1	f108v	f108v	G808-P0536	f108v.21	21	11	S	B	3	3	EXACT	0.0854099640114	38	-0.123196185506	2	0.0275684157812	72	0	0	0.0438150465814	112	0.0455079178245	112	0.035153666821	68	-0.101380880181	4	-0.051341601102	6	0	0	-0.0102178057131	-0.0102178057131	-0.00263255467336	-0.0615594068151	-0.0102178057131
M07_L_TO_DY_ALL28:G808-E1910	M07_L_TO_DY_ALL28	ALL28	L	DY	G808-E1910	ch	edy	0	f108v	f108v	G808-P0537	f108v.32	32	8	S	B	3	3	EXACT	0.220482303786	63	-0.199686119694	2	0.0618416456465	72	0	0	0.133833800559	137	0.135526671803	137	0.0619290335697	68	0.0603560226655	4	-0.0322865144614	6	0.558696978949	1	0.0826378297389	0.0826378297389	0.0827252176621	0.0503513152775	0.641334808688
M07_L_TO_DY_ALL28:G808-E1914	M07_L_TO_DY_ALL28	ALL28	L	DY	G808-E1914	ch	edy	0	f108v	f108v	G808-P0537	f108v.36	36	8	S	B	3	3	EXACT	0.220482303786	63	-0.183915477056	2	0.0745218137223	72	0.2705225203	1	0.140728058857	137	0.143023098174	138	0.0742278290859	68	0.0795195242538	4	-0.0146041150914	6	0.0615310659781	1	0.111088640453	0.381611160752	0.110794655816	0.0964845253613	0.172619706431
M07_L_TO_DY_ALL28:G808-E1918	M07_L_TO_DY_ALL28	ALL28	L	DY	G808-E1918	ch	edy	0	f108v	f108v	G808-P0537	f108v.39	39	12	S	B	3	3	EXACT	0.220482303786	63	-0.0150973831604	2	0.0390855782502	72	0	0	0.124569133556	137	0.126262004799	137	0.0473483094352	68	-0.101380880181	4	0.0792924150393	6	0	0	0.244470498876	0.244470498876	0.252733230061	0.323762913915	0.244470498876
M07_L_TO_DY_ALL28:G808-E1930	M07_L_TO_DY_ALL28	ALL28	L	DY	G808-E1930	ch	edy	0	f111r	f111r	G808-P0539	f111r.6	6	4	S	B	3	3	EXACT	0.173770575349	95	-0.0201477946536	4	0.0428221341847	69	0.0569461035337	1	0.125897432864	168	0.127181007202	169	0.0423899099827	65	0.0498459688188	4	-0.0580199322674	6	0.0942809446318	1	0.19644491488	0.253391018414	0.196012690678	0.138424982613	0.290725859512
M07_L_TO_DY_ALL28:G808-E1936	M07_L_TO_DY_ALL28	ALL28	L	DY	G808-E1936	ch	edy	0	f111r	f111r	G808-P0539	f111r.14	14	11	S	B	3	3	EXACT	0.173770575349	95	-0.111519735055	2	0.0449033231734	69	0	0	0.127700356248	166	0.129720528314	166	0.0564924890105	65	-0.143420430328	4	-0.0285015001652	6	0	0	0.107154163467	0.107154163467	0.118743329304	0.078652663302	0.107154163467
M07_L_TO_DY_ALL28:G808-E1940	M07_L_TO_DY_ALL28	ALL28	L	DY	G808-E1940	ch	edy	0	f111r	f111r	G808-P0539	f111r.28	28	10	S	B	3	3	EXACT	0.173770575349	95	0	0	0.0619055672447	69	0.000708739502519	2	0.138053598265	164	0.137749932433	166	0.0754874723387	65	-0.15880019918	4	-0.0145839480403	6	-0.2296885223	2	0.235676142594	0.236384882096	0.249258047688	0.221092194553	0.00598762029311
M07_L_TO_DY_ALL28:G808-E1941	M07_L_TO_DY_ALL28	ALL28	L	DY	G808-E1941	ch	edy	0	f111r	f111r	G808-P0539	f111r.30	30	9	S	B	3	3	EXACT	0.173770575349	95	0.0106737530957	1	0.0719694689913	69	0.143171130697	2	0.14134972579	165	0.142726636996	167	0.072703519132	65	0.0600413455578	4	0.0511370735405	6	0.21647718034	2	0.256413797436	0.399584928133	0.257147847577	0.307550870976	0.472890977776
M07_L_TO_DY_ALL28:G808-E1944	M07_L_TO_DY_ALL28	ALL28	L	DY	G808-E1944	ch	eody	1	f111r	f111r	G808-P0540	f111r.41	41	3	S	B	3	3	EXACT	0.309718425009	14	-0.621751982785	1	0.0473496159215	72	0.369704514959	1	0.0689210800414	87	0.0737281810636	88	0.0534036914175	68	-0.0555698313821	4	0.00637211429905	6	0.372353798069	1	-0.264683941854	0.105020573105	-0.258629866358	-0.258311827555	0.107669856215
M07_L_TO_DY_ALL28:G808-E1950	M07_L_TO_DY_ALL28	ALL28	L	DY	G808-E1950	ch	edy	0	f111v	f111v	G808-P0544	f111v.4	4	11	S	B	3	3	EXACT	0.179006789802	70	-0.125778730309	2	0.0280235216313	72	0	0	0.103463780299	144	0.10535911199	144	0.0372364283807	68	-0.128596056981	4	-0.0905549099113	6	0	0	0.0812515811237	0.0812515811237	0.0904644878731	-0.0093033287876	0.0812515811237
M07_L_TO_DY_ALL28:G808-E1952	M07_L_TO_DY_ALL28	ALL28	L	DY	G808-E1952	ch	edy	0	f111v	f111v	G808-P0544	f111v.5	5	6	S	B	3	3	EXACT	0.179006789802	70	0.143361154328	1	0.0464811083038	72	0.365988749544	2	0.116355574326	143	0.12097306306	145	0.0561022478229	68	-0.117078427392	4	-0.0700218248956	6	0.367775462067	2	0.368849052433	0.734837801977	0.378470191952	0.298827227538	0.7366245145
M07_L_TO_DY_ALL28:G808-E1967	M07_L_TO_DY_ALL28	ALL28	L	DY	G808-E1967	ch	edy	0	f111v	f111v	G808-P0547	f111v.32	32	8	S	B	3	3	EXACT	0.0844545997329	12	0.0175032863016	3	0.0294679874407	72	-0.0116155064139	3	0.0270886966104	87	0.0259513285488	90	0.0258692662473	68	0.0906460838558	4	0.00298168647539	6	0.0193784365494	3	0.131425873475	0.119810367061	0.127827152282	0.134407559951	0.150804310025
M07_L_TO_DY_ALL28:G808-E1975	M07_L_TO_DY_ALL28	ALL28	L	DY	G808-E1975	ch	edy	0	f112r	f112r	G808-P0552	f112r.10	10	3	S	B	3	2	EXACT	0.186463824224	27	0	0	0.030126270348	72	-0.173141301443	1	0.066480389353	99	0.0655447650946	100	0.0445435141338	68	-0.214967037882	4	0.0857278950366	6	-0.0786675334861	2	0.216590094572	0.0434487931291	0.231007338358	0.302317989609	0.137922561086
M07_L_TO_DY_ALL28:G808-E1979	M07_L_TO_DY_ALL28	ALL28	L	DY	G808-E1979	ch	edy	0	f112r	f112r	G808-P0554	f112r.18	18	9	S	B	3	3	EXACT	0.32970132145	15	0.0405751695386	3	0.0547490602442	72	0.0830225650879	1	0.0878402233745	90	0.0891930947011	91	0.0648091574282	68	-0.116272755756	4	-0.0670864532527	6	0.0856636904634	1	0.425025551233	0.508048116321	0.435085648417	0.35793909798	0.510689241696
M07_L_TO_DY_ALL28:G808-E1985	M07_L_TO_DY_ALL28	ALL28	L	DY	G808-E1985	ch	edy	0	f112r	f112r	G808-P0556	f112r.26	26	2	S	B	3	1	EXACT	0.252232955955	17	0	0	0.0508654057268	72	0	0	0.0784474550623	89	0.0804619346133	89	0.0626041416646	68	-0.148693269087	4	-0.0524679998539	6	0	0	0.303098361682	0.303098361682	0.31483709762	0.250630361828	0.303098361682
M07_L_TO_DY_ALL28:G808-E1989	M07_L_TO_DY_ALL28	ALL28	L	DY	G808-E1989	ch	edy	0	f112r	f112r	G808-P0558	f112r.33	33	6	S	B	3	2	EXACT	0.122693218953	12	0	0	0.0696375065902	72	0	0	0.0636259314759	84	0.065640411027	84	0.0686221605751	68	0.0868982249751	4	0.0186451150388	6	0	0	0.192330725543	0.192330725543	0.191315379528	0.210975840582	0.192330725543
M07_L_TO_DY_ALL28:G808-E1991	M07_L_TO_DY_ALL28	ALL28	L	DY	G808-E1991	ch	edy	0	f112r	f112r	G808-P0559	f112r.35	35	6	S	B	3	3	EXACT	0.239877996647	11	0.0897295848683	3	0.0659303269007	72	0	0	0.0745664741208	86	0.0765809536718	86	0.0763292609419	68	-0.11085171567	4	0.0318790295008	6	-0.00991311141988	1	0.395537908416	0.395537908416	0.405936842457	0.427416937916	0.385624796996
M07_L_TO_DY_ALL28:G808-E2003	M07_L_TO_DY_ALL28	ALL28	L	DY	G808-E2003	ch	edy	0	f112v	f112v	G808-P0566	f112v.16	16	6	S	B	3	3	EXACT	0.266028170273	20	0.131513777279	3	0.0437855573186	72	0.32444806111	2	0.079768037835	95	0.0854521268198	97	0.0424156487459	68	0.0670885778998	4	-0.0719701998868	6	0.330847631853	2	0.44132750487	0.76577556598	0.439957596297	0.369357304983	0.772175136723
M07_L_TO_DY_ALL28:G808-E2024	M07_L_TO_DY_ALL28	ALL28	L	DY	G808-E2024	ch	edy	0	f113r	f113r	G808-P0576	f113r.1	1	12	S	B	3	3	EXACT	0.145553797537	9	-0.0319336104411	1	0.02000992276	72	0	0	0.0179681168224	82	0.0200505179845	82	0.0308391381785	68	-0.164086830977	4	0.00186343565839	6	0	0	0.133630109856	0.133630109856	0.144459325274	0.135493545514	0.133630109856
M07_L_TO_DY_ALL28:G808-E2033	M07_L_TO_DY_ALL28	ALL28	L	DY	G808-E2033	ch	eody	1	f113r	f113r	G808-P0580	f113r.13	13	2	S	B	3	3	EXACT	0	0	0.0160238625651	1	0.0379778079461	72	0	0	0.0164552161637	73	0.0185376173259	73	0.0413738317498	68	-0.01975468834	4	-0.0306715137798	6	0	0	0.0540016705112	0.0540016705112	0.0573976943149	0.0233301567315	0.0540016705112
M07_L_TO_DY_ALL28:G808-E2037	M07_L_TO_DY_ALL28	ALL28	L	DY	G808-E2037	ch	edy	0	f113r	f113r	G808-P0581	f113r.16	16	7	S	B	3	3	EXACT	0.0868176297054	7	-0.192582389982	2	0.0602185535946	72	0	0	0.0398260058793	81	0.0419084070415	81	0.0582733666063	68	0.0932866407725	4	0.0482931221961	6	0	0	-0.0455462066818	-0.0455462066818	-0.0474913936701	0.00274691551434	-0.0455462066818
M07_L_TO_DY_ALL28:G808-E2055	M07_L_TO_DY_ALL28	ALL28	L	DY	G808-E2055	ch	edy	0	f113r	f113r	G808-P0590	f113r.43	43	10	S	B	3	3	EXACT	0	0	0.127661821526	3	0.0803285512627	72	0.268554972245	1	0.0610461065321	75	0.0650986382351	76	0.0795663053137	68	0.0932866407725	4	0.0228088078181	6	0.241088970309	1	0.207990372789	0.476545345034	0.20722812684	0.230799180607	0.449079343098
M07_L_TO_DY_ALL28:G808-E2071	M07_L_TO_DY_ALL28	ALL28	L	DY	G808-E2071	ch	eody	1	f113v	f113v	G808-P0598	f113v.22	22	7	S	B	3	3	EXACT	0.653379025181	3	0.45002763044	1	0.0420188000539	72	0.399896133585	2	0.0509913982619	76	0.0605226618625	78	0.0397437649483	68	0.0806945384035	4	0.0490893181683	6	0.209443867174	3	1.14542545567	1.54532158926	1.14315042057	1.19451477384	1.35486932285
M07_L_TO_DY_ALL28:G808-E2072	M07_L_TO_DY_ALL28	ALL28	L	DY	G808-E2072	ch	eody	1	f113v	f113v	G808-P0598	f113v.23	23	9	S	B	3	3	EXACT	0.653379025181	3	0.0334522859299	2	0.0621322637557	72	0	0	0.0638500793129	77	0.0659288091715	77	0.0610403735737	68	0.0806945384035	4	0.057701979267	6	-0.256904627328	1	0.748963574866	0.748963574866	0.747871684684	0.806665554133	0.492058947539
M07_L_TO_DY_ALL28:G808-E2079	M07_L_TO_DY_ALL28	ALL28	L	DY	G808-E2079	ch	edy	0	f113v	f113v	G808-P0600	f113v.29	29	2	S	B	3	3	EXACT	0.140490862214	23	0.149612148095	6	0.0440041117708	72	0.25087893426	1	0.0628857756453	101	0.0662364392218	102	0.0478294529278	68	-0.021026546343	4	0.0241272488936	6	0.255828989385	1	0.33410712208	0.58498605634	0.337932463236	0.358234370973	0.589936111465
M07_L_TO_DY_ALL28:G808-E2084	M07_L_TO_DY_ALL28	ALL28	L	DY	G808-E2084	ch	eody	1	f113v	f113v	G808-P0603	f113v.41	41	7	S	B	3	2	EXACT	0.280954958902	14	-0.122271813343	2	0.0528847419774	72	0.0388417631669	1	0.0717744451367	88	0.0728285839688	89	0.0656131956894	68	-0.163498829573	4	0.0492786167119	6	0.104416440108	1	0.211567887537	0.250409650704	0.224296341249	0.260846504249	0.315984327646
M07_L_TO_DY_ALL28:G808-E2087	M07_L_TO_DY_ALL28	ALL28	L	DY	G808-E2087	ch	edy	0	f114r	f114r	G808-P0608	f114r.4	4	5	S	B	3	3	EXACT	0	0	0	0	0.0239143759531	72	0	0	0.00223508556089	72	0.00419379348355	72	0.0315452855882	68	-0.105811276791	4	-0.108155754463	6	0	0	0.0239143759531	0.0239143759531	0.0315452855882	-0.0842413785095	0.0239143759531
M07_L_TO_DY_ALL28:G808-E2091	M07_L_TO_DY_ALL28	ALL28	L	DY	G808-E2091	ch	edy	0	f114r	f114r	G808-P0608	f114r.6	6	4	S	B	3	3	EXACT	0	0	0	0	0.0401102408465	72	-1.09734873711	1	0.0184309504542	72	0.00436361188219	73	0.0469611354573	68	-0.0763551564847	4	-0.0691426360587	6	-0.819475541506	1	0.0401102408465	-1.05723849626	0.0469611354573	-0.0290323952123	-0.779365300659
M07_L_TO_DY_ALL28:G808-E2097	M07_L_TO_DY_ALL28	ALL28	L	DY	G808-E2097	ch	edy	0	f114r	f114r	G808-P0611	f114r.16	16	14	S	B	3	3	EXACT	0.118813096806	21	-0.0149189080089	1	0.0299440769745	72	0	0	0.0402624196707	94	0.0422211275933	94	0.0418114517013	68	-0.171801482329	4	-0.0581319294395	6	0	0	0.133838265772	0.133838265772	0.145705640499	0.0757063363323	0.133838265772
M07_L_TO_DY_ALL28:G808-E2101	M07_L_TO_DY_ALL28	ALL28	L	DY	G808-E2101	ch	edy	0	f114r	f114r	G808-P0614	f114r.25	25	4	S	B	3	3	EXACT	-0.114882228111	13	0.00792957426626	4	0.0617675845431	72	0.400569017257	2	0.0200952988667	89	0.0292265784782	91	0.0626142169543	68	0.0473746446047	4	0.00731224857899	6	0.450791326544	2	-0.0451850693013	0.355383947956	-0.0443384368901	-0.0378728207223	0.405606257243
M07_L_TO_DY_ALL28:G808-E2103	M07_L_TO_DY_ALL28	ALL28	L	DY	G808-E2103	ch	eody	1	f114r	f114r	G808-P0614	f114r.26	26	8	S	B	3	3	EXACT	-0.114882228111	13	-0.0191943481021	1	0.052607480993	72	0.464696622803	1	0.0133123545229	86	0.0198372987873	87	0.0533485487315	68	0.0400091404902	4	-0.0615137356066	6	0.467409464128	1	-0.0814690952198	0.383227527584	-0.0807280274813	-0.142982830826	0.385940368908
M07_L_TO_DY_ALL28:G808-E2112	M07_L_TO_DY_ALL28	ALL28	L	DY	G808-E2112	ch	eody	1	f114r	f114r	G808-P0619	f114r.42	42	10	S	B	3	3	EXACT	0.275681674714	8	0.0290366997514	1	0.0487518317831	72	0	0	0.0548171608027	81	0.0567758687253	81	0.0617255450281	68	-0.171801482329	4	-0.0199262922212	6	0	0	0.353470206248	0.353470206248	0.366443919493	0.333543914027	0.353470206248
M07_L_TO_DY_ALL28:G808-E2113	M07_L_TO_DY_ALL28	ALL28	L	DY	G808-E2113	ch	edy	0	f114r	f114r	G808-P0619	f114r.45	45	6	S	B	3	2	EXACT	0.275681674714	8	-0.346943488752	1	0.048382275898	72	0	0	0.0498469359603	81	0.051805643883	81	0.0461689926065	68	0.086007902906	4	-0.0619869444321	6	0	0	-0.0228795381401	-0.0228795381401	-0.0250928214317	-0.0848664825722	-0.0228795381401
M07_L_TO_DY_ALL28:G808-E2116	M07_L_TO_DY_ALL28	ALL28	L	DY	G808-E2116	ch	edy	0	f114v	f114v	G808-P0620	f114v.5	5	1	S	B	3	2	EXACT	0.0786233775815	17	0	0	0.045245657708	72	0	0	0.0406363189412	89	0.0426969948822	89	0.0426441078933	68	0.0894707918285	4	-0.0806513011174	6	0.432866084691	1	0.123869035289	0.123869035289	0.121267485475	0.043217734172	0.55673511998
M07_L_TO_DY_ALL28:G808-E2122	M07_L_TO_DY_ALL28	ALL28	L	DY	G808-E2122	ch	edy	0	f114v	f114v	G808-P0622	f114v.9	9	11	S	B	3	3	EXACT	0.311746258635	9	-0.193097569206	1	0.0397395033663	72	0.594416352813	1	0.0511357297624	82	0.0590584617748	83	0.0519667492994	68	-0.168124890223	4	-0.181151237301	6	0.597441281854	1	0.158388192796	0.752804545609	0.170615438729	-0.0227630445048	0.75582947465
M07_L_TO_DY_ALL28:G808-E2138	M07_L_TO_DY_ALL28	ALL28	L	DY	G808-E2138	ch	eody	1	f115r	f115r	G808-P0632	f115r.2	2	6	S	B	@	3	EXACT	0.521365642792	3	0	0	0.0213556125747	69	0	0	0.0233549276147	72	0.0254341213087	72	0.0294609771908	65	-0.11035781914	4	-0.0216313160621	6	-0.00711183888935	1	0.542721255367	0.542721255367	0.550826619983	0.521089939305	0.535609416478
M07_L_TO_DY_ALL28:G808-E2141	M07_L_TO_DY_ALL28	ALL28	L	DY	G808-E2141	ch	eody	1	f115r	f115r	G808-P0634	f115r.9	9	10	S	B	@	3	EXACT	0	0	0.0171271206619	2	0.010614257432	70	-0.00642559656242	1	-0.010384077313	72	-0.00903494329145	73	0.0213844425237	66	-0.167094283248	4	0.0122168812413	6	-0.332613510683	2	0.027741378094	0.0213157815315	0.0385115631856	0.0399582593353	-0.304872132589
M07_L_TO_DY_ALL28:G808-E2147	M07_L_TO_DY_ALL28	ALL28	L	DY	G808-E2147	ch	edy	0	f115r	f115r	G808-P0637	f115r.20	20	4	S	B	@	3	EXACT	0	0	0.000915249612649	6	0.00798544275926	70	0	0	-0.0138384536992	76	-0.0117592600052	76	0.00561652293152	66	0.0470721332496	4	0.0197389245747	6	0	0	0.00890069237191	0.00890069237191	0.00653177254417	0.0286396169466	0.00890069237191
M07_L_TO_DY_ALL28:G808-E2148	M07_L_TO_DY_ALL28	ALL28	L	DY	G808-E2148	ch	edy	0	f115r	f115r	G808-P0638	f115r.22	22	5	S	B	@	3	EXACT	0.0880338562829	13	-0.256357687089	1	0.0161907856787	70	-0.0441724791086	1	0.0114472451647	84	0.0121985263751	85	0.023860368597	66	-0.11035781914	4	0.0663463327597	6	-0.0839247518568	1	-0.152133045127	-0.196305524236	-0.144463462209	-0.0857867123674	-0.236057796984
M07_L_TO_DY_ALL28:G808-E2158	M07_L_TO_DY_ALL28	ALL28	L	DY	G808-E2158	ch	eody	1	f115r	f115r	G808-P0642	f115r.39	39	5	S	B	@	2	EXACT	-0.0682086966263	6	-0.067252837782	1	-0.00397478857403	70	0	0	-0.026658761953	77	-0.024579568259	77	-0.00940626984535	66	0.0856441657353	4	0.0715613026875	6	-0.325017474626	1	-0.139436322982	-0.139436322982	-0.144867804254	-0.0678750202948	-0.464453797608
M07_L_TO_DY_ALL28:G808-E2171	M07_L_TO_DY_ALL28	ALL28	L	DY	G808-E2171	ch	edy	0	f115v	f115v	G808-P0647	f115v.10	10	7	S	B	3	2	EXACT	0.283220522399	10	-0.0240657725281	2	0.0229316239574	72	0	0	0.0376478000134	84	0.0396599605401	84	0.0342290286904	68	-0.169123002058	4	-0.120467613256	6	0	0	0.282086373828	0.282086373828	0.293383778561	0.161618760572	0.282086373828
M07_L_TO_DY_ALL28:G808-E2182	M07_L_TO_DY_ALL28	ALL28	L	DY	G808-E2182	ch	eody	1	f115v	f115v	G808-P0652	f115v.27	27	6	S	B	3	3	EXACT	0.0912702862206	16	0	0	-0.0221454756531	72	-0.0400072882144	2	-0.0130861886117	88	-0.0129001462737	90	-0.0170335141424	68	-0.10904756689	4	0.0655250318647	6	0.0300710460681	2	0.0691248105675	0.0291175223531	0.0742367720782	0.134649842432	0.0991958566356
M07_L_TO_DY_ALL28:G808-E2187	M07_L_TO_DY_ALL28	ALL28	L	DY	G808-E2187	ch	edy	0	f116r	f116r	G808-P0659	f116r.5	5	5	S	B	3	3	EXACT	0	0	0.21093188303	4	0.0286784790932	72	0	0	0.0167862080035	76	0.0188223786664	76	0.0369564013424	68	-0.11204647529	4	-0.0656912858172	6	-0.0105907815515	1	0.239610362123	0.239610362123	0.247888284372	0.173919076306	0.229019580572
M07_L_TO_DY_ALL28:G808-E2192	M07_L_TO_DY_ALL28	ALL28	L	DY	G808-E2192	ch	edy	0	f116r	f116r	G808-P0660	f116r.8	8	3	S	B	3	3	EXACT	0.406698713394	7	-0.410011472091	1	0.0267621060388	72	0.0562323754667	3	0.0379490661326	80	0.0386236620313	83	0.0320042538127	68	-0.0623546822663	4	-0.110749145749	6	0.0574930880142	3	0.0234493473421	0.0796817228088	0.0286914951161	-0.0872997984066	0.0809424353563
M07_L_TO_DY_ALL28:G808-E2197	M07_L_TO_DY_ALL28	ALL28	L	DY	G808-E2197	ch	edy	0	f116r	f116r	G808-P0661	f116r.11	11	8	S	B	3	3	EXACT	0.19835115278	20	-0.0038317017444	2	0.0557653189026	72	0	0	0.0752345964668	94	0.0772707671297	94	0.052316714524	68	0.11439131719	4	-0.0316251531231	6	0.156031578137	1	0.250284769938	0.250284769938	0.24683616556	0.218659616815	0.406316348075
M07_L_TO_DY_ALL28:G808-E2198	M07_L_TO_DY_ALL28	ALL28	L	DY	G808-E2198	ch	edy	0	f116r	f116r	G808-P0661	f116r.13	13	7	S	B	3	3	EXACT	0.19835115278	20	-0.00437904945486	1	0.0460654078614	72	0.0954697115189	1	0.0688000157505	93	0.070524656108	94	0.0431482216915	68	0.0956572966023	4	0.120938518774	6	0.0665999138585	2	0.240037511186	0.335507222705	0.237120325017	0.36097602996	0.306637425045
M07_L_TO_DY_ALL28:G808-E2199	M07_L_TO_DY_ALL28	ALL28	L	DY	G808-E2199	ch	edy	0	f116r	f116r	G808-P0662	f116r.17	17	8	S	B	3	3	EXACT	0.232388014453	8	-0.135025350729	4	0.0255908061328	72	0.316783528238	2	0.0214727844615	84	0.0290754016197	86	0.0370754311803	68	-0.169648095822	4	-0.0784352111414	6	0.217708893054	2	0.122953469857	0.439736998095	0.134438094905	0.0445182587156	0.340662362911
M07_L_TO_DY_ALL28:G808-E0203	M07_L_TO_DY_ALL28	ALL28	L	DY	G808-E0203	ch	eody	1	f20r	f20r	G808-P0066	f20r.8	8	4	H	A	1	2	EXACT	-0.26159568756	8	0	0	-0.0435072595425	72	0	0	-0.0812017391876	80	-0.0792014614135	80	-0.0378084135074	68	-0.140387831087	4	-0.0773359374152	6	0.185948314367	1	-0.305102947103	-0.305102947103	-0.299404101067	-0.382438884518	-0.119154632735
M07_L_TO_DY_ALL28:G808-E0204	M07_L_TO_DY_ALL28	ALL28	L	DY	G808-E0204	ch	eody	1	f20r	f20r	G808-P0067	f20r.12	12	2	H	A	1	3	EXACT	-0.238091942043	10	-0.382027632754	2	-0.0458340288237	72	0	0	-0.091555983073	84	-0.0895557052989	84	-0.0475311486553	68	-0.0169831806338	4	-0.0537594684647	6	0	0	-0.66595360362	-0.66595360362	-0.667650723452	-0.719713072085	-0.66595360362
M07_L_TO_DY_ALL28:G808-E0271	M07_L_TO_DY_ALL28	ALL28	L	DY	G808-E0271	ch	eody	1	f26r	f26r	G808-P0091	f26r.10	10	4	H	B	2	2	EXACT	0.0231606460368	17	0	0	0.0152336802306	72	-0.0483134369731	1	0.00586640445172	89	0.00666345587427	90	0.00921875911701	68	0.11748717529	4	-0.102438533904	6	0.101699451509	1	0.0383943262674	-0.00991911070577	0.0323794051538	-0.0640442076366	0.140093777776
M07_L_TO_DY_ALL28:G808-E0274	M07_L_TO_DY_ALL28	ALL28	L	DY	G808-E0274	ch	edy	0	f26v	f26v	G808-P0092	f26v.2	2	12	H	B	2	3	EXACT	0.039427869714	23	0.073667672956	2	-0.0176325854672	72	0	0	-0.0105141339064	97	-0.00849965435532	97	-0.00860818821496	68	-0.171047502628	4	0.0341798066186	6	0	0	0.0954629572028	0.0954629572028	0.104487354455	0.129642763821	0.0954629572028
M07_L_TO_DY_ALL28:G808-E0275	M07_L_TO_DY_ALL28	ALL28	L	DY	G808-E0275	ch	edy	0	f26v	f26v	G808-P0092	f26v.3	3	9	H	B	2	3	EXACT	0.039427869714	23	0.0553140268071	1	0.0178731706847	72	0	0	0.0152756946111	96	0.0172901741622	96	0.0128073086385	68	0.103992661598	4	0.0133533266571	6	-0.0514783590708	1	0.112615067206	0.112615067206	0.10754920516	0.125968393863	0.061136708135
M07_L_TO_DY_ALL28:G808-E0279	M07_L_TO_DY_ALL28	ALL28	L	DY	G808-E0279	ch	edy	0	f26v	f26v	G808-P0092	f26v.6	6	5	H	B	2	3	EXACT	0.039427869714	23	0.202733993515	3	-0.0164817454048	72	-0.07735206909	2	-0.00508253487282	98	-0.00562121980893	100	-0.0109305803228	68	-0.11085171567	4	-0.0380720520804	6	-0.121647077293	2	0.225680117825	0.148328048735	0.231231282907	0.187608065744	0.104033040532
M07_L_TO_DY_ALL28:G808-E0317	M07_L_TO_DY_ALL28	ALL28	L	DY	G808-E0317	ch	edy	0	f31r	f31r	G808-P0108	f31r.7	7	7	H	B	2	2	EXACT	0.0595919319159	6	0.0297671220343	1	-0.00811822483472	72	0	0	-0.0199456020118	79	-0.0179297586958	79	-0.00159221895063	68	-0.119060471302	4	-0.0373028421485	6	0	0	0.0812408291154	0.0812408291154	0.0877668349995	0.0439379869669	0.0812408291154
M07_L_TO_DY_ALL28:G808-E0323	M07_L_TO_DY_ALL28	ALL28	L	DY	G808-E0323	ch	edy	0	f31r	f31r	G808-P0109	f31r.14	14	3	H	B	2	2	EXACT	-0.0451434108639	17	0	0	-0.025959009052	72	-0.538177023963	2	-0.0405736228922	89	-0.0507120041358	91	-0.0148634033068	68	-0.214584453156	4	0.0847579637424	6	-0.397570250068	2	-0.0711024199158	-0.609279443879	-0.0600068141707	0.0136555438266	-0.468672669984
M07_L_TO_DY_ALL28:G808-E0342	M07_L_TO_DY_ALL28	ALL28	L	DY	G808-E0342	ch	edy	0	f34r	f34r	G808-P0117	f34r.5	5	9	H	B	2	3	EXACT	-0.0803000075995	44	0.182413900764	1	-0.00821516221946	72	-0.00769591865787	1	-0.0341528798206	117	-0.0324082180138	118	-0.0124417703349	68	0.063636996327	4	-0.0100370475688	6	0.0268676559872	2	0.0938987309452	0.0862028122874	0.0896721228298	0.0838616833764	0.120766386932
M07_L_TO_DY_ALL28:G808-E0348	M07_L_TO_DY_ALL28	ALL28	L	DY	G808-E0348	ch	edy	0	f34r	f34r	G808-P0118	f34r.14	14	10	H	B	2	3	EXACT	0.077644644828	28	-0.0770555464109	4	-0.00237077998929	72	0.0559919005994	1	0.00984843298651	104	0.0117509618994	105	-0.00872894565297	68	0.105717856878	4	0.0799436096251	6	-0.0325418344766	2	-0.00178168157221	0.0542102190272	-0.00813984723589	0.0781619280529	-0.0343235160488
M07_L_TO_DY_ALL28:G808-E0394	M07_L_TO_DY_ALL28	ALL28	L	DY	G808-E0394	ch	edy	0	f39v	f39v	G808-P0140	f39v.11	11	2	H	B	2	3	EXACT	-0.0287548464132	39	-0.725814538252	1	0.0150024285715	72	0	0	-0.00900270333104	112	-0.00702942422786	112	0.0169444364053	68	-0.0180119947875	4	-0.0542167065349	6	0	0	-0.739566956094	-0.739566956094	-0.73762494826	-0.793783662629	-0.739566956094
M07_L_TO_DY_ALL28:G808-E0021	M07_L_TO_DY_ALL28	ALL28	L	DY	G808-E0021	ch	eody	1	f3r	f3r	G808-P0006	f3r.13	13	6	H	A	1	2	EXACT	-0.0127472771091	7	-0.169692930975	2	-0.0539727041888	72	0	0	-0.0709756730618	81	-0.068921005285	81	-0.0481016662661	68	-0.153780549331	4	-0.0110400462448	6	0	0	-0.236412912273	-0.236412912273	-0.23054187435	-0.247452958517	-0.236412912273
M07_L_TO_DY_ALL28:G808-E0395	M07_L_TO_DY_ALL28	ALL28	L	DY	G808-E0395	ch	edy	0	f40r	f40r	G808-P0141	f40r.2	2	8	H	B	2	3	EXACT	-0.00493945905402	32	-0.155291622113	1	0.0213166154312	72	0	0	0.00710887413915	105	0.00907001001337	105	0.0164936868757	68	0.103306218724	4	0.0260509672415	6	-0.0675796355907	2	-0.138914465735	-0.138914465735	-0.143737394291	-0.112863498494	-0.206494101326
M07_L_TO_DY_ALL28:G808-E0398	M07_L_TO_DY_ALL28	ALL28	L	DY	G808-E0398	ch	edy	0	f40r	f40r	G808-P0141	f40r.5	5	6	H	B	2	3	EXACT	-0.00493945905402	32	0.246851954981	2	0.0101083036542	72	0.228096670492	2	0.00534739732363	106	0.0104314855021	108	0.0171643660386	68	-0.109844939031	4	-0.0125017471575	6	0.144326101322	2	0.252020799581	0.480117470073	0.259076861965	0.239519052424	0.396346900903
M07_L_TO_DY_ALL28:G808-E0401	M07_L_TO_DY_ALL28	ALL28	L	DY	G808-E0401	ch	edy	0	f40v	f40v	G808-P0144	f40v.13	13	2	H	B	2	2	EXACT	0.0393706080355	35	-0.539164001316	1	0.000126228023768	72	0	0	0.00451878861974	108	0.00652541391503	108	0.00102413904264	68	-0.0151384649959	4	0.0484334843381	6	0	0	-0.499667165257	-0.499667165257	-0.498769254238	-0.451233680919	-0.499667165257
M07_L_TO_DY_ALL28:G808-E0408	M07_L_TO_DY_ALL28	ALL28	L	DY	G808-E0408	ch	edy	0	f41r	f41r	G808-P0146	f41r.7	7	8	H	B	5	2	EXACT	0.364024900683	5	0	0	-0.00160001396651	72	0	0	0.00416636086983	77	0.0061808404209	77	0.00514543179337	68	-0.116272755756	4	-0.0434310605107	6	0	0	0.362424886717	0.362424886717	0.369170332477	0.318993826206	0.362424886717
M07_L_TO_DY_ALL28:G808-E0448	M07_L_TO_DY_ALL28	ALL28	L	DY	G808-E0448	ch	eody	1	f43v	f43v	G808-P0158	f43v.11	11	5	H	B	2	3	EXACT	-0.036621291157	16	0.183808323487	3	-0.0125952748045	72	0.0247034001891	1	-0.0219942477457	91	-0.020052782681	92	-0.00680507376834	68	-0.111028885834	4	0.0211598143321	6	0.0628070269844	1	0.134591757526	0.159295157715	0.140381958562	0.155751571858	0.19739878451
M07_L_TO_DY_ALL28:G808-E0489	M07_L_TO_DY_ALL28	ALL28	L	DY	G808-E0489	ch	edy	0	f46r	f46r	G808-P0171	f46r.7	7	11	H	B	2	3	EXACT	0.0569749478183	16	-0.0432076514395	3	0.024503298067	72	0.000604845937533	1	0.0158972111104	91	0.0171768326267	92	0.0198006141444	68	0.104449207576	4	-0.0703473705933	6	-0.00647587982822	2	0.0382705944458	0.0388754403833	0.0335679105233	-0.0320767761475	0.0317947146176
M07_L_TO_DY_ALL28:G808-E0501	M07_L_TO_DY_ALL28	ALL28	L	DY	G808-E0501	ch	edy	0	f46v	f46v	G808-P0175	f46v.5	5	8	H	B	2	3	EXACT	0.0319710130384	40	0.00671237219774	2	0.0238128804991	72	-0.0552207466563	1	0.0245127215269	114	0.0253491925931	115	0.0197684040394	68	0.0925688494201	4	0.00761590370566	6	0.156839426276	3	0.0624962657353	0.00727551907896	0.0584517892756	0.0701121694409	0.219335692011
M07_L_TO_DY_ALL28:G808-E0532	M07_L_TO_DY_ALL28	ALL28	L	DY	G808-E0532	ch	edy	0	f48v	f48v	G808-P0181	f48v.3	3	7	H	B	5	3	EXACT	0.176201183181	24	0.0376357418523	4	-0.0069057161554	72	0.0829077896212	1	0.0305178023582	100	0.0325111896199	101	-0.000818337195513	68	-0.110391337889	4	0.0107919776488	6	0.0856322334884	1	0.206931208878	0.289838998499	0.213018587837	0.217723186526	0.292563442366
M07_L_TO_DY_ALL28:G808-E0537	M07_L_TO_DY_ALL28	ALL28	L	DY	G808-E0537	ch	edy	0	f48v	f48v	G808-P0182	f48v.10	10	2	H	B	5	3	EXACT	0.105722382419	24	0.262961334973	4	0.0240430277346	72	0	0	0.0448990095011	100	0.0469249374806	100	0.0266930752204	68	-0.0210079589388	4	-0.0440127912589	6	0	0	0.392726745126	0.392726745126	0.395376792612	0.348713953867	0.392726745126
M07_L_TO_DY_ALL28:G808-E0562	M07_L_TO_DY_ALL28	ALL28	L	DY	G808-E0562	ch	edy	0	f50r	f50r	G808-P0189	f50r.4	4	3	H	B	2	3	EXACT	-0.0777603461518	46	-0.0364919801339	2	0.00891916442924	72	0.177025504905	1	-0.0251298726025	120	-0.0219024452219	121	0.0128453844919	68	-0.0578267405079	4	0.0500223803422	6	0.17966663028	1	-0.105333161857	0.071692343048	-0.101406941794	-0.0553107815143	0.0743334684235
M07_L_TO_DY_ALL28:G808-E0569	M07_L_TO_DY_ALL28	ALL28	L	DY	G808-E0569	ch	eody	1	f51r	f51r	G808-P0191	f51r.4	4	4	H	A	1	2	EXACT	-0.118396186449	39	-0.424199201308	1	-0.0396736201198	72	0	0	-0.0725346466522	112	-0.0704575836832	112	-0.0469797097648	68	0.0845295615392	4	-0.0191832665937	6	0	0	-0.582269007877	-0.582269007877	-0.589575097523	-0.601452274471	-0.582269007877
M07_L_TO_DY_ALL28:G808-E0640	M07_L_TO_DY_ALL28	ALL28	L	DY	G808-E0640	ch	eody	1	f58r	f58r	G808-P0207	f58r.13	13	6	S	A	3	3	EXACT	-0.10667698449	59	0.401866456153	1	0.0510766152921	71	0	0	-0.0133442147087	131	-0.0113192664068	131	0.0488401127367	67	0.0885377438336	4	-0.139426658362	6	0	0	0.346266086955	0.346266086955	0.344029584399	0.206839428593	0.346266086955
M07_L_TO_DY_ALL28:G808-E0662	M07_L_TO_DY_ALL28	ALL28	L	DY	G808-E0662	ch	edy	0	f66r	f66r	G808-P0214	f66r.53	53	4	T	B	5	3	EXACT	0.251178595825	15	0.339778036234	3	0.00811446250372	71	-0.158918489044	1	0.0497767771242	89	0.0489355772033	90	0.0133516423857	67	-0.0796091651427	4	-0.0259988448573	6	-0.345102773925	1	0.599071094563	0.440152605518	0.604308274445	0.573072249705	0.253968320638
M07_L_TO_DY_ALL28:G808-E0668	M07_L_TO_DY_ALL28	ALL28	L	DY	G808-E0668	ch	edy	0	f66r	f66r	G808-P0215	f66r.61	61	8	T	B	5	3	EXACT	-0.119895045547	26	-0.438079596052	1	0.0290082367786	71	-0.155115352094	1	-0.0211657930724	98	-0.0209816696702	99	0.0264428217729	67	0.0719780734997	4	0.00934591038518	6	-0.118712461075	1	-0.52896640482	-0.684081756914	-0.531531819826	-0.519620494435	-0.647678865895
M07_L_TO_DY_ALL28:G808-E0669	M07_L_TO_DY_ALL28	ALL28	L	DY	G808-E0669	ch	edy	0	f66r	f66r	G808-P0216	f66r.63	63	6	T	B	5	3	EXACT	-0.0816645424086	16	0	0	0.0442064967284	70	-0.580597402903	1	0.0110114540443	86	0.00566641475871	87	0.0425234594607	66	0.0719780734997	4	-0.000423440304068	6	-0.617035325792	1	-0.0374580456802	-0.618055448583	-0.0391410829479	-0.0378814859843	-0.654493371472
M07_L_TO_DY_ALL28:G808-E0672	M07_L_TO_DY_ALL28	ALL28	L	DY	G808-E0672	ch	eody	1	f66r	f66r	G808-P0217	f66r.68	68	7	T	B	5	3	EXACT	-0.0258982334185	9	-0.0673871761605	3	0.0353164473702	71	0	0	0.0115876428763	83	0.0137199209377	83	0.0329364713791	67	0.0751801805965	4	0.0232255155643	6	0.0912635615029	1	-0.0579689622089	-0.0579689622089	-0.0603489381999	-0.0347434466446	0.033294599294
M07_L_TO_DY_ALL28:G808-E0690	M07_L_TO_DY_ALL28	ALL28	L	DY	G808-E0690	ch	eody	1	f66v	f66v	G808-P0220	f66v.8	8	2	H	B	5	2	EXACT	-0.0714200536364	8	0.171330066258	1	0.0184523030728	72	0	0	-0.00457870756858	81	-0.00256552460527	81	0.0205192719256	68	-0.0166863495746	4	0.0616820873081	6	0	0	0.118362315694	0.118362315694	0.120429284547	0.180044403002	0.118362315694
M07_L_TO_DY_ALL28:G808-E0693	M07_L_TO_DY_ALL28	ALL28	L	DY	G808-E0693	ch	edy	0	f66v	f66v	G808-P0221	f66v.11	11	8	H	B	5	3	EXACT	0.0478445718159	17	-0.191930828092	1	0.0185964760154	72	0	0	0.0108058058797	90	0.012818988843	90	0.0265471086442	68	-0.116564460825	4	0.0701363490463	6	0	0	-0.125489780261	-0.125489780261	-0.117539147632	-0.0553534312149	-0.125489780261
M07_L_TO_DY_ALL28:G808-E0700	M07_L_TO_DY_ALL28	ALL28	L	DY	G808-E0700	ch	edy	0	f75r	f75r	G808-P0222	f75r.15	15	5	B	B	2	3	EXACT	0.222644106172	81	-0.0338043753405	1	0.0126355493343	72	-0.106853857655	1	0.1310248374	154	0.131179045886	155	0.019957788453	68	-0.11184267612	4	0.0425886805379	6	-0.155364985214	1	0.201475280165	0.0946214225104	0.208797519284	0.244063960703	0.0461102949515
M07_L_TO_DY_ALL28:G808-E0703	M07_L_TO_DY_ALL28	ALL28	L	DY	G808-E0703	ch	edy	0	f75r	f75r	G808-P0222	f75r.16	16	9	B	B	2	3	EXACT	0.222644106172	81	-0.159787153148	1	-0.00968505100138	72	0	0	0.119771162063	154	0.121825312151	154	-0.000123223628338	68	-0.17223627678	4	0.0326135014402	6	0	0	0.0531719020225	0.0531719020225	0.0627337293956	0.0857854034628	0.0531719020225
M07_L_TO_DY_ALL28:G808-E0710	M07_L_TO_DY_ALL28	ALL28	L	DY	G808-E0710	ch	edy	0	f75r	f75r	G808-P0223	f75r.29	29	11	B	B	2	3	EXACT	0.169357764465	19	-0.0797236335728	4	0.0282316170777	72	0.947206589016	1	0.0412639442883	95	0.0521652859531	96	0.036816045643	68	-0.117703828969	4	0.00997114312097	6	0.957276344282	1	0.11786574797	1.06507233699	0.126450176536	0.127836891091	1.07514209225
M07_L_TO_DY_ALL28:G808-E0711	M07_L_TO_DY_ALL28	ALL28	L	DY	G808-E0711	ch	edy	0	f75r	f75r	G808-P0223	f75r.30	30	9	B	B	2	3	EXACT	0.169357764465	19	-0.158164630472	2	0.0273519786069	72	0	0	0.0419821527661	93	0.0440363028539	93	0.0234140493165	68	0.0942966161071	4	0.0259994706334	6	-0.101239496547	2	0.0385451126	0.0385451126	0.0346071833096	0.0645445832334	-0.0626943839473
M07_L_TO_DY_ALL28:G808-E0725	M07_L_TO_DY_ALL28	ALL28	L	DY	G808-E0725	ch	edy	0	f75v	f75v	G808-P0226	f75v.14	14	7	B	B	2	3	EXACT	0.167119516441	49	0	0	0.0255370215828	72	-0.16556323906	1	0.0840344364999	121	0.0835366391866	122	0.0209134494837	68	0.104137702635	4	-0.019056759831	6	-0.163001243329	1	0.192656538023	0.0270932989634	0.188032965924	0.173599778192	0.0296552946941
M07_L_TO_DY_ALL28:G808-E0726	M07_L_TO_DY_ALL28	ALL28	L	DY	G808-E0726	ch	edy	0	f75v	f75v	G808-P0226	f75v.15	15	8	B	B	2	3	EXACT	0.167119516441	49	0.182446888373	1	0.0253230448299	72	0.513790574136	1	0.0845361446186	122	0.0895777985475	123	0.0213901032702	68	0.0921830067133	4	0.00905449406195	6	0.516352569867	1	0.374889449643	0.888680023779	0.370956508084	0.383943943705	0.89124201951
M07_L_TO_DY_ALL28:G808-E0732	M07_L_TO_DY_ALL28	ALL28	L	DY	G808-E0732	ch	edy	0	f75v	f75v	G808-P0228	f75v.48	48	2	B	B	2	3	EXACT	0.200059938275	27	0.230577573381	5	0.011749456346	72	0	0	0.0641898859613	104	0.0661924863431	104	0.0134445840095	68	-0.0170677585644	4	0.00261368243971	6	0	0	0.442386968002	0.442386968002	0.444082095665	0.445000650441	0.442386968002
M07_L_TO_DY_ALL28:G808-E0733	M07_L_TO_DY_ALL28	ALL28	L	DY	G808-E0733	ch	edy	0	f75v	f75v	G808-P0228	f75v.49	49	4	B	B	2	2	EXACT	0.200059938275	27	0	0	0.0197114488589	72	0	0	0.06267790313	99	0.0646805035117	99	0.01532578779	68	0.0942676424006	4	0.125009851586	6	0.0576195315943	1	0.219771387134	0.219771387134	0.215385726065	0.34478123872	0.277390918728
M07_L_TO_DY_ALL28:G808-E0749	M07_L_TO_DY_ALL28	ALL28	L	DY	G808-E0749	ch	edy	0	f76r	f76r	G808-P0231	f76r.9	9	13	T	B	2	3	EXACT	0.168897373262	84	-0.0538792033247	2	0.00365232100964	70	0	0	0.10060845096	156	0.102628801708	156	0.0124450364689	66	-0.141427487192	4	0.106702278667	6	-0.620930848702	1	0.118670490947	0.118670490947	0.127463206407	0.225372769614	-0.502260357755
M07_L_TO_DY_ALL28:G808-E0750	M07_L_TO_DY_ALL28	ALL28	L	DY	G808-E0750	ch	edy	0	f76r	f76r	G808-P0231	f76r.11	11	4	T	B	2	3	EXACT	0.168897373262	84	0.124164933011	3	-0.00940822986292	70	-0.0252715584244	2	0.0970696608473	157	0.0968507982684	159	-0.00515527970859	66	-0.079581910533	4	0.0474804476744	6	-0.0527721256761	2	0.283654076411	0.258382517986	0.287907026565	0.331134524085	0.230881950735
M07_L_TO_DY_ALL28:G808-E0752	M07_L_TO_DY_ALL28	ALL28	L	DY	G808-E0752	ch	edy	0	f76r	f76r	G808-P0231	f76r.13	13	12	T	B	2	3	EXACT	0.168897373262	84	-0.0947960713724	2	0.0166478736095	70	0	0	0.105915213433	156	0.107935564182	156	0.0247088813644	66	-0.11635875747	4	0.0310823738722	6	-0.3634817088	1	0.0907491754996	0.0907491754996	0.0988101832545	0.121831549372	-0.272732533301
M07_L_TO_DY_ALL28:G808-E0754	M07_L_TO_DY_ALL28	ALL28	L	DY	G808-E0754	ch	edy	0	f76r	f76r	G808-P0231	f76r.15	15	13	T	B	2	3	EXACT	0.168897373262	84	-0.106941474647	3	-0.00459377568839	70	0	0	0.0948001867661	157	0.0968205375144	157	0.00550760513096	66	-0.171266562331	4	-0.0588611412357	6	0	0	0.0573621229275	0.0573621229275	0.0674635037469	-0.00149901830817	0.0573621229275
M07_L_TO_DY_ALL28:G808-E0755	M07_L_TO_DY_ALL28	ALL28	L	DY	G808-E0755	ch	edy	0	f76r	f76r	G808-P0231	f76r.16	16	2	T	B	2	3	EXACT	0.168897373262	84	0.329874264355	2	0.00271977404552	70	0.370243966458	1	0.105109916651	156	0.108464393575	157	0.00390697409067	66	-0.016869029823	4	0.0357350500586	6	0.372920401727	1	0.501491411663	0.871735378121	0.502678611708	0.537226461722	0.87441181339
M07_L_TO_DY_ALL28:G808-E0757	M07_L_TO_DY_ALL28	ALL28	L	DY	G808-E0757	ch	edy	0	f76r	f76r	G808-P0231	f76r.19	19	5	T	B	2	3	EXACT	0.168897373262	84	0	0	-0.0044327875921	70	-0.0665598907511	2	0.0992124132258	154	0.0983936800738	156	0.00199754814477	66	-0.110533330374	4	-0.0120121899337	6	0.122737861173	3	0.16446458567	0.0979046949192	0.170894921407	0.152452395737	0.287202446843
M07_L_TO_DY_ALL28:G808-E0762	M07_L_TO_DY_ALL28	ALL28	L	DY	G808-E0762	ch	edy	0	f76r	f76r	G808-P0231	f76r.24	24	9	T	B	2	3	EXACT	0.168897373262	84	-0.149681948209	1	-0.00877910664231	70	0	0	0.0955083297663	155	0.0975286805146	155	-0.0156237810803	66	0.10415801846	4	0.0283060652078	6	-0.0244145802983	1	0.0104363184109	0.0104363184109	0.00359164397291	0.0387423836186	-0.0139782618875
M07_L_TO_DY_ALL28:G808-E0763	M07_L_TO_DY_ALL28	ALL28	L	DY	G808-E0763	ch	edy	0	f76r	f76r	G808-P0231	f76r.30	30	4	T	B	2	3	EXACT	0.168897373262	84	-0.191663469495	3	-0.0158785739663	70	-0.0270910155667	1	0.0881498564221	157	0.0890884532955	158	-0.0120177658789	66	-0.079581910533	4	0.028845838662	6	0.160315006704	2	-0.0386446701984	-0.0657356857652	-0.034783862111	-0.00979883153637	0.121670336505
M07_L_TO_DY_ALL28:G808-E0768	M07_L_TO_DY_ALL28	ALL28	L	DY	G808-E0768	ch	edy	0	f76r	f76r	G808-P0232	f76r.41	41	12	T	B	2	3	EXACT	0.110948590008	16	0.0150794478986	3	0.0131131354177	72	-0.0573475881433	1	0.0184996158576	91	0.0190903639511	92	0.0207291295295	68	-0.11635875747	4	0.00740471029613	6	-0.102644435412	2	0.139141173324	0.0817935851807	0.146757167436	0.14654588362	0.0364967379123
M07_L_TO_DY_ALL28:G808-E0777	M07_L_TO_DY_ALL28	ALL28	L	DY	G808-E0777	ch	edy	0	f76r	f76r	G808-P0233	f76r.49	49	9	T	B	2	3	EXACT	0.193762828777	33	-0.0432562584167	2	0.0287024833693	72	0.183832424413	1	0.0739076706271	107	0.0764303224267	108	0.0242639228941	68	0.10415801846	4	-0.0137741587367	6	0.186508859681	1	0.179209053729	0.363041478142	0.174770493254	0.165434894993	0.36571791341
M07_L_TO_DY_ALL28:G808-E0778	M07_L_TO_DY_ALL28	ALL28	L	DY	G808-E0778	ch	edy	0	f76r	f76r	G808-P0234	f76r.51	51	9	T	B	2	3	EXACT	0.32402622733	23	0.424751106498	2	-0.00271459506874	72	-0.0465725914718	1	0.0751663392959	97	0.0753763311563	98	-0.00652227092696	68	0.0620159015335	4	-0.00608442385872	6	-0.0869793724195	1	0.746062738759	0.699490147287	0.742255062901	0.7399783149	0.65908336634
M07_L_TO_DY_ALL28:G808-E0781	M07_L_TO_DY_ALL28	ALL28	L	DY	G808-E0781	ch	edy	0	f76r	f76r	G808-P0234	f76r.54	54	3	T	B	2	3	EXACT	0.32402622733	23	-0.0329466179847	2	0.0165891097801	72	0.0174888367429	1	0.0800577959985	97	0.0808715630784	98	0.0209801685663	68	-0.0580588825723	4	0.0283060652078	6	0.0201652720113	1	0.307668719125	0.325157555868	0.312059777911	0.335974784333	0.327833991136
M07_L_TO_DY_ALL28:G808-E0783	M07_L_TO_DY_ALL28	ALL28	L	DY	G808-E0783	ch	edy	0	f76v	f76v	G808-P0235	f76v.2	2	7	B	B	2	3	EXACT	0.284470817359	33	-0.230037259163	1	0.0442972516173	71	0	0	0.113139449383	105	0.115202001431	105	0.0414079838475	67	0.092692430992	4	-0.0289457511693	6	0.431321694746	1	0.0987308098138	0.0987308098138	0.0958415420441	0.0697850586445	0.53005250456
M07_L_TO_DY_ALL28:G808-E0785	M07_L_TO_DY_ALL28	ALL28	L	DY	G808-E0785	ch	edy	0	f76v	f76v	G808-P0235	f76v.5	5	9	B	B	2	3	EXACT	0.284470817359	33	-0.0743583080902	4	0.0468440000324	71	0	0	0.110320081558	108	0.112382633607	108	0.0458365804321	67	0.063718222568	4	-0.100384846762	6	0	0	0.256956509302	0.256956509302	0.255949089701	0.15657166254	0.256956509302
M07_L_TO_DY_ALL28:G808-E0792	M07_L_TO_DY_ALL28	ALL28	L	DY	G808-E0792	ch	edy	0	f76v	f76v	G808-P0236	f76v.13	13	7	B	B	2	3	EXACT	0.420991339284	13	0.0549180288625	2	0.0274622521257	72	0	0	0.0728079904506	87	0.0748705424992	87	0.0236251709575	68	0.092692430992	4	-0.0115338655649	6	0	0	0.503371620272	0.503371620272	0.499534539104	0.491837754707	0.503371620272
M07_L_TO_DY_ALL28:G808-E0809	M07_L_TO_DY_ALL28	ALL28	L	DY	G808-E0809	ch	edy	0	f76v	f76v	G808-P0237	f76v.23	23	7	B	B	2	2	EXACT	0.290539099045	25	0	0	0.0138321354527	72	0	0	0.0777123897023	97	0.0797749417509	97	0.00848960571069	68	0.104654940074	4	-0.0457977990659	6	0	0	0.304371234498	0.304371234498	0.299028704756	0.258573435432	0.304371234498
M07_L_TO_DY_ALL28:G808-E0817	M07_L_TO_DY_ALL28	ALL28	L	DY	G808-E0817	ch	edy	0	f76v	f76v	G808-P0238	f76v.31	31	10	B	B	2	3	EXACT	0.140481314794	37	0	0	0.0170689314387	72	0	0	0.0564914888125	109	0.0585540408611	109	0.0278699806589	68	-0.166549106298	4	-0.0273307375543	6	0	0	0.157550246233	0.157550246233	0.168351295453	0.130219508678	0.157550246233
M07_L_TO_DY_ALL28:G808-E0819	M07_L_TO_DY_ALL28	ALL28	L	DY	G808-E0819	ch	edy	0	f76v	f76v	G808-P0239	f76v.34	34	3	B	B	2	3	EXACT	0.657967920293	4	0.0987001188277	2	0.0367696412477	72	0	0	0.0501526684421	78	0.0522152204907	78	0.0424039347148	68	-0.0590135486861	4	0.0254878725668	6	0	0	0.793437680368	0.793437680368	0.799071973835	0.818925552935	0.793437680368
M07_L_TO_DY_ALL28:G808-E0823	M07_L_TO_DY_ALL28	ALL28	L	DY	G808-E0823	ch	edy	0	f76v	f76v	G808-P0240	f76v.38	38	2	B	B	2	3	EXACT	0.166514581166	20	0.281450641944	6	0.0324585826938	72	0.475558862606	1	0.0641771437431	98	0.0698209757696	99	0.0355588369434	68	-0.0202459405424	4	-0.00783842498852	6	0.478113856252	1	0.480423805803	0.95598266841	0.483524060053	0.472585380815	0.958537662056
M07_L_TO_DY_ALL28:G808-E0839	M07_L_TO_DY_ALL28	ALL28	L	DY	G808-E0839	ch	edy	0	f77r	f77r	G808-P0241	f77r.21	21	6	B	B	2	2	EXACT	0.24759359659	47	0.00282118651068	1	0.0213132082832	72	0.492850339375	1	0.110323860217	120	0.115029228266	121	0.0190000959775	68	0.060635871975	4	-0.129050726231	6	0.49521261	1	0.271727991384	0.764578330758	0.269414879078	0.142677265153	0.766940601384
M07_L_TO_DY_ALL28:G808-E0844	M07_L_TO_DY_ALL28	ALL28	L	DY	G808-E0844	ch	edy	0	f77r	f77r	G808-P0242	f77r.25	25	7	B	B	2	2	EXACT	0.341783688034	22	-0.145064180276	2	0.0401838663275	72	0	0	0.0968668709494	96	0.09886312603	96	0.049310208042	68	-0.114964188324	4	0.00816560846864	6	-0.0547289929434	1	0.236903374085	0.236903374085	0.246029715799	0.245068982553	0.182174381141
M07_L_TO_DY_ALL28:G808-E0848	M07_L_TO_DY_ALL28	ALL28	L	DY	G808-E0848	ch	edy	0	f77r	f77r	G808-P0242	f77r.33	33	2	B	B	2	3	EXACT	0.341783688034	22	-0.724675564357	1	0.0338165799761	72	0.274145393124	1	0.0887203853941	95	0.0920781112839	96	0.0367640889478	68	-0.0162913180473	4	0.0528350724962	6	0.47363152867	1	-0.349075296347	-0.0749299032232	-0.346127787375	-0.296240223851	0.124556232323
M07_L_TO_DY_ALL28:G808-E0850	M07_L_TO_DY_ALL28	ALL28	L	DY	G808-E0850	ch	edy	0	f77r	f77r	G808-P0242	f77r.35	35	3	B	B	2	3	EXACT	0.341783688034	22	0.516612942274	1	0.0448824610286	72	0.488732477332	2	0.110173353209	95	0.118846625075	97	0.0582861743485	68	-0.182980910914	4	0.0206437766809	6	0.491094747957	2	0.903279091337	1.39201156867	0.916682804656	0.923922868017	1.39437383929
M07_L_TO_DY_ALL28:G808-E0853	M07_L_TO_DY_ALL28	ALL28	L	DY	G808-E0853	ch	edy	0	f77r	f77r	G808-P0242	f77r.36	36	4	B	B	2	2	EXACT	0.341783688034	22	0	0	0.0407265388428	72	0.475150762275	1	0.102902532315	94	0.10824114971	95	0.047864872873	68	-0.0806253851757	4	-0.129050726231	6	0.477513032901	1	0.382510226876	0.857660989152	0.389648560907	0.253459500645	0.860023259777
M07_L_TO_DY_ALL28:G808-E0859	M07_L_TO_DY_ALL28	ALL28	L	DY	G808-E0859	ch	edy	0	f77v	f77v	G808-P0244	f77v.7	7	10	B	B	2	3	EXACT	0.265569877867	17	0	0	0.0251811647625	72	0	0	0.0606511096331	89	0.0626226392178	89	0.0331924133314	68	-0.111009435293	4	0.00888811625106	6	0	0	0.29075104263	0.29075104263	0.298762291199	0.299639158881	0.29075104263
M07_L_TO_DY_ALL28:G808-E0862	M07_L_TO_DY_ALL28	ALL28	L	DY	G808-E0862	ch	edy	0	f77v	f77v	G808-P0244	f77v.10	10	7	B	B	2	3	EXACT	0.265569877867	17	0	0	0.0405266821206	72	0.0218239546463	2	0.0730654607544	89	0.0727183312326	91	0.0377684001442	68	0.087418101337	4	-0.0295036038468	6	-0.101888805968	2	0.306096559988	0.327920514634	0.303338278011	0.276592956141	0.204207754019
M07_L_TO_DY_ALL28:G808-E0864	M07_L_TO_DY_ALL28	ALL28	L	DY	G808-E0864	ch	edy	0	f77v	f77v	G808-P0244	f77v.11	11	6	B	B	2	3	EXACT	0.265569877867	17	-0.104599111379	2	0.0105216744465	72	0.056409743453	1	0.0449821615246	91	0.0464881487037	92	0.0177376057823	68	-0.112148532643	4	0.00655172980841	6	-0.194965196768	1	0.171492440935	0.227902184388	0.17870837227	0.178044170743	-0.0234727558332
M07_L_TO_DY_ALL28:G808-E0874	M07_L_TO_DY_ALL28	ALL28	L	DY	G808-E0874	ch	edy	0	f77v	f77v	G808-P0245	f77v.22	22	3	B	B	2	3	EXACT	0.135445682173	32	-0.163631823781	2	4.31082908585e-05	72	0.166420041211	1	0.0333760699349	106	0.0360839218376	107	0.0108664051657	68	-0.183952312965	4	0.0854556177254	6	0.170369460202	1	-0.0281430333165	0.138277007894	-0.0173197364417	0.0573125844089	0.142226426886
M07_L_TO_DY_ALL28:G808-E0877	M07_L_TO_DY_ALL28	ALL28	L	DY	G808-E0877	ch	edy	0	f77v	f77v	G808-P0245	f77v.27	27	7	B	B	2	3	EXACT	0.135445682173	32	0	0	0.0254575678135	72	0.118775002616	2	0.0551428719173	104	0.0572912816428	106	0.0235446971286	68	0.0579769950747	4	-0.112461626297	6	0.143031781184	2	0.160903249987	0.279678252603	0.158990379302	0.0484416236904	0.303935031171
M07_L_TO_DY_ALL28:G808-E0880	M07_L_TO_DY_ALL28	ALL28	L	DY	G808-E0880	ch	edy	0	f77v	f77v	G808-P0246	f77v.30	30	9	B	B	2	2	EXACT	0.160194394983	37	0.131485000635	4	0.00901303373473	72	0.277663849748	1	0.0597854301983	113	0.0631922311541	114	0.0186708547793	68	-0.155169298405	4	0.0150038168404	6	0.479121691243	1	0.300692429353	0.578356279101	0.310350250398	0.315696246194	0.779814120596
M07_L_TO_DY_ALL28:G808-E0883	M07_L_TO_DY_ALL28	ALL28	L	DY	G808-E0883	ch	edy	0	f77v	f77v	G808-P0246	f77v.33	33	4	B	B	2	3	EXACT	0.160194394983	37	0.204130580971	3	0.0312404786678	72	0	0	0.075558273701	112	0.0775298032856	112	0.0378239484533	68	-0.0806778820691	4	-0.0361883790912	6	-0.120629412259	1	0.395565454622	0.395565454622	0.402148924407	0.359377075531	0.274936042362
M07_L_TO_DY_ALL28:G808-E0892	M07_L_TO_DY_ALL28	ALL28	L	DY	G808-E0892	ch	edy	0	f77v	f77v	G808-P0246	f77v.41	41	1	B	B	2	3	EXACT	0.160194394983	37	-0.0328386469679	5	0.0276646091041	72	0	0	0.0648121801322	114	0.0667837097168	114	0.0239205892204	68	0.0913135727456	4	0.0201438315243	6	0	0	0.15502035712	0.15502035712	0.151276337236	0.175164188644	0.15502035712
M07_L_TO_DY_ALL28:G808-E0905	M07_L_TO_DY_ALL28	ALL28	L	DY	G808-E0905	ch	edy	0	f78r	f78r	G808-P0247	f78r.9	9	6	B	B	2	2	EXACT	0.164289625538	55	0	0	0.0196343253808	72	0	0	0.0851829253487	127	0.0871857742448	127	0.017075031498	68	0.0631421048512	4	0.0345167497774	6	-0.684371631367	1	0.183923950919	0.183923950919	0.181364657036	0.218440700696	-0.500447680448
M07_L_TO_DY_ALL28:G808-E0916	M07_L_TO_DY_ALL28	ALL28	L	DY	G808-E0916	ch	edy	0	f78r	f78r	G808-P0247	f78r.18	18	3	B	B	2	2	EXACT	0.164289625538	55	0.366758564694	1	0.0108168775924	72	0.194070973814	2	0.0822433928619	128	0.0851214583423	130	0.0220474328586	68	-0.180102778471	4	0.042609515012	6	0.102668620407	4	0.541865067824	0.735936041637	0.55309562309	0.584474582836	0.644533688231
M07_L_TO_DY_ALL28:G808-E0920	M07_L_TO_DY_ALL28	ALL28	L	DY	G808-E0920	ch	edy	0	f78r	f78r	G808-P0248	f78r.30	30	6	B	B	2	3	EXACT	0.148986573107	42	-0.246885988175	2	0.0495890709743	72	0	0	0.0792691710883	116	0.0812720199844	116	0.0464372295835	68	0.103170158079	4	-0.0310425344406	6	-0.0574435228945	1	-0.0483103440934	-0.0483103440934	-0.0514621854841	-0.079352878534	-0.105753866988
M07_L_TO_DY_ALL28:G808-E0923	M07_L_TO_DY_ALL28	ALL28	L	DY	G808-E0923	ch	edy	0	f78r	f78r	G808-P0248	f78r.32	32	4	B	B	2	3	EXACT	0.148986573107	42	-0.727348557029	1	0.0349086054958	72	0	0	0.0689359418087	115	0.0709387907048	115	0.0413087894112	68	-0.0738947376032	4	0.0423784154282	6	0	0	-0.543453378426	-0.543453378426	-0.53705319451	-0.501074962997	-0.543453378426
M07_L_TO_DY_ALL28:G808-E0925	M07_L_TO_DY_ALL28	ALL28	L	DY	G808-E0925	ch	edy	0	f78r	f78r	G808-P0248	f78r.38	38	6	B	B	2	2	EXACT	0.148986573107	42	0.16033391251	1	0.012534266948	72	0.0971067841625	2	0.0626466382791	115	0.0642994297891	117	0.0231246371474	68	-0.167502242979	4	0.03847498721	6	0.223146683198	2	0.321854752565	0.418961536728	0.332445122765	0.360329739775	0.545001435764
M07_L_TO_DY_ALL28:G808-E0943	M07_L_TO_DY_ALL28	ALL28	L	DY	G808-E0943	ch	edy	0	f78v	f78v	G808-P0249	f78v.11	11	2	B	B	2	3	EXACT	0.204336228494	61	-0.0548618362844	5	0.0577657497223	72	0.15010925971	2	0.121669989845	138	0.123335711716	140	0.0619097441406	68	-0.0126822909895	4	0.0369099906299	6	0.152941517723	2	0.207240141932	0.357349401642	0.21138413635	0.244150132562	0.360181659655
M07_L_TO_DY_ALL28:G808-E0946	M07_L_TO_DY_ALL28	ALL28	L	DY	G808-E0946	ch	edy	0	f78v	f78v	G808-P0249	f78v.14	14	6	B	B	2	2	EXACT	0.204336228494	61	0	0	0.0363536536137	72	0.377939403887	2	0.117520277912	133	0.122607478915	135	0.0347019023645	68	0.0644332892504	4	-0.0907694131222	6	0.380771661901	2	0.240689882108	0.618629285995	0.239038130859	0.149920468986	0.621461544008
M07_L_TO_DY_ALL28:G808-E0951	M07_L_TO_DY_ALL28	ALL28	L	DY	G808-E0951	ch	edy	0	f78v	f78v	G808-P0249	f78v.18	18	1	B	B	2	3	EXACT	0.204336228494	61	-0.114185751479	3	0.0855240136645	72	0	0	0.137967982134	136	0.14004570989	136	0.0850356858369	68	0.0938254511347	4	0.069232677012	6	0	0	0.175674490679	0.175674490679	0.175186162852	0.244907167691	0.175674490679
M07_L_TO_DY_ALL28:G808-E0954	M07_L_TO_DY_ALL28	ALL28	L	DY	G808-E0954	ch	edy	0	f78v	f78v	G808-P0250	f78v.21	21	1	B	B	2	2	EXACT	0.109714556889	32	-0.126723701241	3	0.0192805099898	72	0	0	0.0376413196346	107	0.0397190473906	107	0.0148955054754	68	0.0938254511347	4	0.0309835581924	6	0	0	0.00227136563775	0.00227136563775	-0.00211363887662	0.0332549238301	0.00227136563775
M07_L_TO_DY_ALL28:G808-E0957	M07_L_TO_DY_ALL28	ALL28	L	DY	G808-E0957	ch	edy	0	f78v	f78v	G808-P0250	f78v.23	23	2	B	B	2	2	EXACT	0.109714556889	32	-0.562160583094	2	0.0202262477584	72	0.209550530205	2	0.031820606398	106	0.0361288941915	108	0.0221620361789	68	-0.0126822909895	4	-0.0177555144493	6	0.159778524006	2	-0.432219778447	-0.222669248242	-0.430283990027	-0.449975292897	-0.272441254441
M07_L_TO_DY_ALL28:G808-E0967	M07_L_TO_DY_ALL28	ALL28	L	DY	G808-E0967	ch	edy	0	f79r	f79r	G808-P0253	f79r.14	14	9	B	B	2	3	EXACT	0.0988505141167	30	0	0	0.0149201479057	72	-0.0987459711143	2	0.0341489733239	102	0.0325720634174	104	0.0225134059932	68	-0.114165426699	4	-0.105365877945	6	-0.11873340065	2	0.113770662022	0.0150246909082	0.12136392011	0.00840478407778	-0.00496273862727
M07_L_TO_DY_ALL28:G808-E0987	M07_L_TO_DY_ALL28	ALL28	L	DY	G808-E0987	ch	edy	0	f79r	f79r	G808-P0258	f79r.41	41	8	B	B	2	3	EXACT	-0.142311795083	10	-0.106768263303	1	0.0155656775036	72	0.180603951591	2	-0.0212533958876	83	-0.0157748220671	85	0.0231969079204	68	-0.114165426699	4	-0.105365877945	6	0.223965059966	2	-0.233514380882	-0.0529104292911	-0.225883150466	-0.338880258827	-0.00954932091692
M07_L_TO_DY_ALL28:G808-E0988	M07_L_TO_DY_ALL28	ALL28	L	DY	G808-E0988	ch	edy	0	f79r	f79r	G808-P0258	f79r.42	42	3	B	B	2	3	EXACT	-0.142311795083	10	0	0	-0.00354729341389	72	0.0761249887858	1	-0.0366644006405	82	-0.0339093861197	83	0.00671946282272	68	-0.178082336553	4	-0.0106588094174	6	0.215275178985	1	-0.145859088497	-0.0697340997116	-0.135592332261	-0.156517897915	0.069416090488
M07_L_TO_DY_ALL28:G808-E0990	M07_L_TO_DY_ALL28	ALL28	L	DY	G808-E0990	ch	edy	0	f79v	f79v	G808-P0259	f79v.4	4	5	B	B	2	2	EXACT	0.273502700578	24	-0.0112931988446	1	0.0193690528533	72	0	0	0.0744153531003	97	0.0765423902964	97	0.0147412318657	68	0.0980418274924	4	0.0471323607565	6	0	0	0.281578554587	0.281578554587	0.276950733599	0.328710915343	0.281578554587
M07_L_TO_DY_ALL28:G808-E1003	M07_L_TO_DY_ALL28	ALL28	L	DY	G808-E1003	ch	edy	0	f79v	f79v	G808-P0265	f79v.41	41	7	B	B	2	3	EXACT	0.0994108692099	23	-0.284371440342	2	0.0183053103298	72	0	0	0.0231972064771	97	0.0253242436732	97	0.0160361234935	68	0.0568813043968	4	0.0253920770541	6	0	0	-0.166655260802	-0.166655260802	-0.168924447638	-0.141263183748	-0.166655260802
M07_L_TO_DY_ALL28:G808-E0060	M07_L_TO_DY_ALL28	ALL28	L	DY	G808-E0060	ch	eody	1	f7r	f7r	G808-P0021	f7r.2	2	9	H	A	1	3	EXACT	-0.112453774848	11	-0.0902503500141	2	-0.0625122332744	72	0	0	-0.083923054443	85	-0.0819343201517	85	-0.0560320321131	68	-0.172675844688	4	-0.00141340721016	6	0	0	-0.265216358137	-0.265216358137	-0.258736156976	-0.266629765347	-0.265216358137
M07_L_TO_DY_ALL28:G808-E1016	M07_L_TO_DY_ALL28	ALL28	L	DY	G808-E1016	ch	edy	0	f80r	f80r	G808-P0267	f80r.29	29	3	B	B	2	3	EXACT	0.147815555724	25	-0.140122062742	3	0.0106776488427	72	0.178790126909	3	0.0349572000266	100	0.039284880486	103	0.0131579171149	68	-0.0314715464266	4	0.0137215175784	6	0.198204994885	3	0.0183711418246	0.197161268734	0.0208514100968	0.032092659403	0.216576136709
M07_L_TO_DY_ALL28:G808-E1020	M07_L_TO_DY_ALL28	ALL28	L	DY	G808-E1020	ch	edy	0	f80r	f80r	G808-P0269	f80r.41	41	3	B	B	2	2	EXACT	0.21925316748	19	0.300641023469	2	0.0151892321605	72	-0.0770232172751	2	0.0556672971684	93	0.0531541441672	95	0.0179348876867	68	-0.0314715464266	4	-0.0850462832517	6	-0.0512921443582	2	0.535083423109	0.458060205834	0.537829078635	0.450037139857	0.483791278751
M07_L_TO_DY_ALL28:G808-E1022	M07_L_TO_DY_ALL28	ALL28	L	DY	G808-E1022	ch	edy	0	f80r	f80r	G808-P0269	f80r.44	44	4	B	B	2	2	EXACT	0.21925316748	19	-0.0350062500013	1	0.0216277759433	72	0.279990104191	2	0.054161826513	92	0.0592430769861	94	0.0296332294887	68	-0.114449568971	4	0.0252335521513	6	0.287611289194	2	0.205874693422	0.485864797613	0.213880146967	0.231108245573	0.493485982616
M07_L_TO_DY_ALL28:G808-E1024	M07_L_TO_DY_ALL28	ALL28	L	DY	G808-E1024	ch	edy	0	f80r	f80r	G808-P0269	f80r.45	45	4	B	B	2	2	EXACT	0.21925316748	19	0	0	0.0239600662518	72	0.133820448563	1	0.0567512278959	91	0.0580483194702	92	0.028718961353	68	-0.0569257851096	4	-0.11271553703	6	0.141441633566	1	0.243213233731	0.377033682294	0.247972128833	0.130497696701	0.384654867298
M07_L_TO_DY_ALL28:G808-E1029	M07_L_TO_DY_ALL28	ALL28	L	DY	G808-E1029	ch	edy	0	f80v	f80v	G808-P0271	f80v.4	4	4	B	B	2	2	EXACT	0.317718140485	13	-0.240588754419	1	-0.00831352253858	72	-0.177590034934	2	0.0231427586622	86	0.0192916242948	88	-0.00559174442466	68	-0.0545840637072	4	0.01663629401	6	-0.198299388564	2	0.0688158635274	-0.108774171407	0.0715376416413	0.0854521575373	-0.129483525036
M07_L_TO_DY_ALL28:G808-E1030	M07_L_TO_DY_ALL28	ALL28	L	DY	G808-E1030	ch	edy	0	f80v	f80v	G808-P0271	f80v.5	5	2	B	B	2	3	EXACT	0.317718140485	13	0.593444935316	3	0.0362456842568	72	0	0	0.0815681887602	88	0.0835297149911	88	0.0390872347987	68	-0.0120609881886	4	0.0532892400383	6	0	0	0.947408760058	0.947408760058	0.9502503106	1.0006980001	0.947408760058
M07_L_TO_DY_ALL28:G808-E1035	M07_L_TO_DY_ALL28	ALL28	L	DY	G808-E1035	ch	edy	0	f80v	f80v	G808-P0271	f80v.6	6	9	B	B	2	2	EXACT	0.317718140485	13	0.0432866899114	1	0.00586414578324	72	0	0	0.0383133117262	86	0.040274837957	86	0.0183886320858	68	-0.207052434591	4	-0.0996935730064	6	0	0	0.366868976179	0.366868976179	0.379393462482	0.267175403173	0.366868976179
M07_L_TO_DY_ALL28:G808-E1051	M07_L_TO_DY_ALL28	ALL28	L	DY	G808-E1051	ch	edy	0	f80v	f80v	G808-P0275	f80v.24	24	8	B	B	2	3	EXACT	0.123594748761	15	-0.22774349077	2	0.0430405381774	72	-0.207102005176	3	0.0365704985861	89	0.0287919125401	92	0.0416306797634	68	0.067007817983	4	-0.0852686344596	6	-0.249041805827	3	-0.0611082038321	-0.268210209008	-0.0625180622461	-0.146376838292	-0.310150009659
M07_L_TO_DY_ALL28:G808-E1055	M07_L_TO_DY_ALL28	ALL28	L	DY	G808-E1055	ch	edy	0	f80v	f80v	G808-P0278	f80v.40	40	8	B	B	2	3	EXACT	0.248178545732	26	0.193016560479	1	0.0536281905813	72	0	0	0.0981799147179	99	0.100141440949	99	0.0528411352499	68	0.067007817983	4	0.00997411811287	6	0.232052027995	1	0.494823296792	0.494823296792	0.494036241461	0.504797414905	0.726875324787
M07_L_TO_DY_ALL28:G808-E1058	M07_L_TO_DY_ALL28	ALL28	L	DY	G808-E1058	ch	edy	0	f80v	f80v	G808-P0278	f80v.41	41	7	B	B	2	3	EXACT	0.248178545732	26	-0.0528904159226	2	0.0444252222715	72	0.29668355941	2	0.0873766890461	100	0.0923633642502	102	0.0403694523081	68	0.113372998418	4	-0.106455471622	6	0.298534423421	2	0.239713352081	0.536396911491	0.235657582117	0.133257880459	0.538247775502
M07_L_TO_DY_ALL28:G808-E1062	M07_L_TO_DY_ALL28	ALL28	L	DY	G808-E1062	ch	edy	0	f81r	f81r	G808-P0279	f81r.3	3	6	B	B	2	2	EXACT	0.245127543415	25	0	0	0.026800038597	72	0.111979382757	2	0.0757014380611	97	0.0773810490544	99	0.025134587865	68	0.0551114272211	4	-0.0122931202851	6	0.0994455122964	2	0.271927582012	0.383906964768	0.27026213128	0.259634461727	0.371373094308
M07_L_TO_DY_ALL28:G808-E1072	M07_L_TO_DY_ALL28	ALL28	L	DY	G808-E1072	ch	edy	0	f81r	f81r	G808-P0280	f81r.19	19	3	B	B	2	2	EXACT	0.250402797396	33	0	0	0.0195691305681	72	0.0362487663686	1	0.0881067114552	105	0.089191227392	106	0.0339229593258	68	-0.224447232132	4	-0.0365998501708	6	-0.060944129794	2	0.269971927964	0.306220694332	0.284325756722	0.233372077793	0.20902779817
M07_L_TO_DY_ALL28:G808-E1074	M07_L_TO_DY_ALL28	ALL28	L	DY	G808-E1074	ch	edy	0	f81r	f81r	G808-P0280	f81r.20	20	3	B	B	2	2	EXACT	0.250402797396	33	0	0	0.0332492934867	72	0.209673441913	2	0.0974873945994	105	0.100619004949	107	0.0465192082362	68	-0.192340531074	4	-0.0247183587479	6	0.211275561752	2	0.283652090882	0.493325532795	0.296922005632	0.258933732135	0.494927652635
M07_L_TO_DY_ALL28:G808-E1076	M07_L_TO_DY_ALL28	ALL28	L	DY	G808-E1076	ch	edy	0	f81r	f81r	G808-P0280	f81r.22	22	2	B	B	2	3	EXACT	0.250402797396	33	0.14943886234	4	0.00565458030216	72	-0.203740448772	1	0.0802624388657	109	0.0792743120807	110	0.00624035792032	68	-0.00430491302501	4	-0.157781000733	6	-0.165902480478	1	0.405496240038	0.201755791266	0.406082017656	0.247715239305	0.23959375956
M07_L_TO_DY_ALL28:G808-E1080	M07_L_TO_DY_ALL28	ALL28	L	DY	G808-E1080	ch	edy	0	f81r	f81r	G808-P0280	f81r.25	25	7	B	B	2	2	EXACT	0.250402797396	33	0	0	-0.0103747658858	72	-0.353538175147	1	0.0675737538868	105	0.0651747416732	106	-0.00392904652493	68	-0.119953268839	4	0.0127737312121	6	-0.351936055307	1	0.24002803151	-0.113510143637	0.246473750871	0.252801762722	-0.111908023797
M07_L_TO_DY_ALL28:G808-E1084	M07_L_TO_DY_ALL28	ALL28	L	DY	G808-E1084	ch	edy	0	f81r	f81r	G808-P0280	f81r.28	28	2	B	B	2	2	EXACT	0.250402797396	33	0	0	0.0264789033134	72	-0.0482640673438	2	0.0928448413377	105	0.0912419665281	107	0.0282896411086	68	-0.00430491302501	4	-0.0547346119897	6	-0.0466619475045	2	0.276881700709	0.228617633365	0.278692438504	0.222147088719	0.230219753205
M07_L_TO_DY_ALL28:G808-E1093	M07_L_TO_DY_ALL28	ALL28	L	DY	G808-E1093	ch	edy	0	f81v	f81v	G808-P0282	f81v.17	17	2	B	B	2	3	EXACT	0.159814961176	46	-0.175866843604	3	0.015234572006	72	-0.268714157411	1	0.0653005031637	121	0.0640802512031	122	0.0168963941883	68	-0.0130164286742	4	0.0466706213199	6	-0.326771940974	1	-0.000817310422326	-0.269531467833	0.000844511759988	0.0458533108976	-0.327589251397
M07_L_TO_DY_ALL28:G808-E1096	M07_L_TO_DY_ALL28	ALL28	L	DY	G808-E1096	ch	edy	0	f81v	f81v	G808-P0282	f81v.21	21	5	B	B	2	2	EXACT	0.159814961176	46	0	0	-0.0010228089005	72	0	0	0.0620397239609	118	0.0640015660533	118	0.0054429814214	68	-0.110941267954	4	-0.0684542406029	6	0	0	0.158792152275	0.158792152275	0.165257942597	0.0903379116723	0.158792152275
M07_L_TO_DY_ALL28:G808-E1108	M07_L_TO_DY_ALL28	ALL28	L	DY	G808-E1108	ch	edy	0	f82r	f82r	G808-P0284	f82r.11	11	7	B	B	2	2	EXACT	0.159477075473	32	0	0	0.0304199164295	72	0	0	0.0659702944767	104	0.0680614657994	104	0.0388024036044	68	-0.112082494589	4	-0.014979528095	6	0	0	0.189896991903	0.189896991903	0.198279479077	0.174917463808	0.189896991903
M07_L_TO_DY_ALL28:G808-E1117	M07_L_TO_DY_ALL28	ALL28	L	DY	G808-E1117	ch	edy	0	f82r	f82r	G808-P0285	f82r.21	21	8	B	B	2	3	EXACT	0.226315030938	46	-0.318363547215	2	0.02381147698	72	0.130721358455	4	0.0957357863961	120	0.0970807258584	124	0.0212606363297	68	0.0671756389905	4	6.44866707706e-05	6	0.153740349107	4	-0.0682370392966	0.0624843191583	-0.0707878799469	-0.0681725526258	0.0855033098102
M07_L_TO_DY_ALL28:G808-E1128	M07_L_TO_DY_ALL28	ALL28	L	DY	G808-E1128	ch	edy	0	f82v	f82v	G808-P0286	f82v.7	7	4	B	B	2	3	EXACT	0.291941058075	11	-0.607252550363	2	0.0213826658767	72	0	0	0.0274307754997	85	0.0294674213943	85	0.0271324429287	68	-0.0763637075364	4	0.0358005001207	6	0.00903959389189	2	-0.293928826412	-0.293928826412	-0.28817904936	-0.258128326291	-0.28488923252
M07_L_TO_DY_ALL28:G808-E1136	M07_L_TO_DY_ALL28	ALL28	L	DY	G808-E1136	ch	edy	0	f82v	f82v	G808-P0287	f82v.12	12	7	B	B	2	3	EXACT	0.175853988572	18	-0.0691570268463	2	0.0310597088208	72	0.0848099166874	2	0.0467253910654	92	0.0483692699771	94	0.0271875641903	68	0.096886004011	4	0.00390147264812	6	0.0544590172776	3	0.137756670546	0.222566587234	0.133884525916	0.141658143195	0.192215687824
M07_L_TO_DY_ALL28:G808-E1143	M07_L_TO_DY_ALL28	ALL28	L	DY	G808-E1143	ch	edy	0	f82v	f82v	G808-P0289	f82v.22	22	2	B	B	2	3	EXACT	0.282343301615	25	0.120693127889	3	0.0237949451398	72	0	0	0.083879844414	100	0.0859164903086	100	0.0261797345328	68	-0.0167466380683	4	0.0198155115565	6	0	0	0.426831374643	0.426831374643	0.429216164036	0.4466468862	0.426831374643
M07_L_TO_DY_ALL28:G808-E1155	M07_L_TO_DY_ALL28	ALL28	L	DY	G808-E1155	ch	edy	0	f83r	f83r	G808-P0292	f83r.2	2	10	B	B	2	3	EXACT	0.133205973761	17	-0.0221347484982	4	-0.000633057767585	72	-0.152411841575	1	0.0116633319459	93	0.0113312191309	94	0.00611974979265	68	-0.115430955715	4	0.0670235485794	6	-0.273013352273	2	0.110438167495	-0.04197367408	0.117190975055	0.177461716075	-0.162575184778
M07_L_TO_DY_ALL28:G808-E1159	M07_L_TO_DY_ALL28	ALL28	L	DY	G808-E1159	ch	edy	0	f83r	f83r	G808-P0292	f83r.6	6	6	B	B	2	3	EXACT	0.133205973761	17	-0.142659308997	2	0.0121053108434	72	0.491933586042	1	0.0203182802145	91	0.0268452068763	92	0.00668129961553	68	0.104313332294	4	-0.0845332925655	6	0.454454619456	2	0.00265197560723	0.494585561649	-0.00277203562063	-0.0818813169583	0.457106595063
M07_L_TO_DY_ALL28:G808-E1163	M07_L_TO_DY_ALL28	ALL28	L	DY	G808-E1163	ch	edy	0	f83r	f83r	G808-P0292	f83r.8	8	5	B	B	2	2	EXACT	0.133205973761	17	0	0	0.0191769452016	72	0.128786127598	1	0.0301947247625	89	0.0326775995185	90	0.0150441999196	68	0.0894334455718	4	-0.108485725789	6	0.166894003784	1	0.152382918963	0.28116904656	0.148250173681	0.0438971931733	0.319276922746
M07_L_TO_DY_ALL28:G808-E1177	M07_L_TO_DY_ALL28	ALL28	L	DY	G808-E1177	ch	edy	0	f83r	f83r	G808-P0294	f83r.22	22	5	B	B	2	2	EXACT	0.151900956909	18	0	0	0.0163399612607	72	-0.146673152943	2	0.0331899853239	90	0.0300839528498	92	0.023832588525	68	-0.111034871656	4	0.0373446791552	6	-0.143946325674	2	0.168240918169	0.0215677652258	0.175733545434	0.205585597324	0.0242945924953
M07_L_TO_DY_ALL28:G808-E1184	M07_L_TO_DY_ALL28	ALL28	L	DY	G808-E1184	ch	edy	0	f83r	f83r	G808-P0295	f83r.25	25	5	B	B	2	2	EXACT	0.26408400792	12	0	0	0.0437908903571	72	-0.0691213673526	1	0.0618150518225	84	0.061626161839	85	0.0411060242019	68	0.0894334455718	4	-0.158966563281	6	-0.0663945400831	1	0.307874898277	0.238753530924	0.305190032122	0.148908334996	0.241480358194
M07_L_TO_DY_ALL28:G808-E1186	M07_L_TO_DY_ALL28	ALL28	L	DY	G808-E1186	ch	edy	0	f83r	f83r	G808-P0295	f83r.27	27	2	B	B	2	2	EXACT	0.26408400792	12	0	0	0.0262136479419	72	-0.0568587487266	1	0.0467488440381	84	0.0468814696593	85	0.0282147497615	68	-0.00780525241519	4	-0.0553495468715	6	0.11896304944	2	0.290297655862	0.233438907135	0.292298757681	0.23494810899	0.409260705302
M07_L_TO_DY_ALL28:G808-E1194	M07_L_TO_DY_ALL28	ALL28	L	DY	G808-E1194	ch	edy	0	f83r	f83r	G808-P0296	f83r.43	43	3	B	B	2	1	EXACT	0.112368267321	30	0	0	0.0054917679335	72	-0.315720357689	1	0.0319082719434	102	0.0299976286191	103	0.0183196104507	68	-0.212581724282	4	-0.0532636066951	6	-0.718716780733	1	0.117860035254	-0.197860322435	0.130687877771	0.064596428559	-0.600856745479
M07_L_TO_DY_ALL28:G808-E1197	M07_L_TO_DY_ALL28	ALL28	L	DY	G808-E1197	ch	edy	0	f83r	f83r	G808-P0297	f83r.49	49	3	B	B	2	1	EXACT	0.60037733261	3	0	0	0.0565751605391	72	-0.247883658919	1	0.0591495676196	75	0.0563847221682	76	0.0622257323893	68	-0.0394847303384	4	-0.077413732061	6	-0.24515683165	1	0.656952493149	0.40906883423	0.662603065	0.579538761088	0.4117956615
M07_L_TO_DY_ALL28:G808-E1200	M07_L_TO_DY_ALL28	ALL28	L	DY	G808-E1200	ch	edy	0	f83v	f83v	G808-P0299	f83v.5	5	4	B	B	2	3	EXACT	0.182972439451	19	-0.0687269957943	3	0.0117894581282	72	0	0	0.0336106715323	94	0.0356004144355	94	0.0173969163598	68	-0.0835372927387	4	-0.0195469389502	6	-0.799080183963	1	0.126034901785	0.126034901785	0.131642360017	0.106487962835	-0.673045282178
M07_L_TO_DY_ALL28:G808-E1203	M07_L_TO_DY_ALL28	ALL28	L	DY	G808-E1203	ch	edy	0	f83v	f83v	G808-P0299	f83v.7	7	4	B	B	2	3	EXACT	0.182972439451	19	-0.164074674324	4	0.0198360366301	72	-0.354322464686	1	0.0343975763728	95	0.0317630183397	96	0.0259168230089	68	-0.0835372927387	4	0.00814686379118	6	-0.351940418306	1	0.0387338017571	-0.315588662929	0.0448145881359	0.0468806655482	-0.313206616549
M07_L_TO_DY_ALL28:G808-E1207	M07_L_TO_DY_ALL28	ALL28	L	DY	G808-E1207	ch	edy	0	f83v	f83v	G808-P0300	f83v.16	16	8	B	B	2	3	EXACT	0.314181217866	21	-0.0314345460064	3	0.0457208739547	72	0.168294255574	3	0.0927551048987	96	0.0953607963426	99	0.0446927441738	68	0.0631991193018	4	-0.0659788201359	6	0.164929033143	3	0.328467545814	0.496761801388	0.327439416033	0.262488725678	0.493396578957
M07_L_TO_DY_ALL28:G808-E1209	M07_L_TO_DY_ALL28	ALL28	L	DY	G808-E1209	ch	edy	0	f83v	f83v	G808-P0300	f83v.18	18	7	B	B	2	3	EXACT	0.314181217866	21	-0.0660391828881	2	0.0362710962083	72	0.467263128259	1	0.0863915858486	95	0.0917736068099	96	0.0346870971481	68	0.0631991193018	4	0.0250584374382	6	0.328676783507	3	0.284413131186	0.751676259445	0.282829132126	0.309471568624	0.613089914693
M07_L_TO_DY_ALL28:G808-E1217	M07_L_TO_DY_ALL28	ALL28	L	DY	G808-E1217	ch	edy	0	f83v	f83v	G808-P0301	f83v.31	31	4	B	B	2	2	EXACT	0.223740045947	37	0	0	0.0164378588901	72	0.0586931238536	1	0.0842582397712	109	0.0855136375403	110	0.0106037040691	68	0.115618529917	4	0.0500705989049	6	-0.194364544257	1	0.240177904837	0.298871028691	0.234343750016	0.290248503742	0.0458133605803
M07_L_TO_DY_ALL28:G808-E1247	M07_L_TO_DY_ALL28	ALL28	L	DY	G808-E1247	ch	edy	0	f85r2	f85r	G808-P0313	f85r2.15	15	3	C	B	2	2	EXACT	-0.0441888049293	12	0	0	-0.0116074821432	70	0.043806680794	2	-0.0307377670807	82	-0.0282970738657	84	-0.000209859717999	66	-0.199665663113	4	0.0880203094942	6	0.0172041021991	2	-0.0557962870725	-0.0119896062785	-0.0443986646473	0.0322240224217	-0.0385921848733
M07_L_TO_DY_ALL28:G808-E1248	M07_L_TO_DY_ALL28	ALL28	L	DY	G808-E1248	ch	edy	0	f85r2	f85r	G808-P0314	f85r2.19	19	5	C	B	2	2	EXACT	-0.0252276413218	14	0	0	0.0113623829842	70	0.154621773744	1	-0.0078687711582	84	-0.00463401933324	85	0.0208135870913	66	-0.144579895737	4	0.0608328966059	6	0.157736076474	1	-0.0138652583376	0.140756515406	-0.00441405423049	0.0469676382683	0.143870818136
M07_L_TO_DY_ALL28:G808-E1261	M07_L_TO_DY_ALL28	ALL28	L	DY	G808-E1261	ch	edy	0	f86v3	f86v	G808-P0320	f86v3.34	34	3	C	B	2	2	EXACT	0.0150388370784	22	1.18122930729	1	-0.000800229309052	69	0	0	0.00659832573215	92	0.00850216992986	92	0.0108349108238	65	-0.18987076451	4	0.0195252495095	6	-0.490467242667	1	1.19546791506	1.19546791506	1.20710305519	1.21499316457	0.705000672388
M07_L_TO_DY_ALL28:G808-E1282	M07_L_TO_DY_ALL28	ALL28	L	DY	G808-E1282	ch	edy	0	f86v5	f86v	G808-P0325	f86v5.39	39	2	T	B	2	2	EXACT	-0.0794442352746	61	-0.551636144868	1	0.0331227313962	72	0	0	-0.0174207767911	134	-0.0155169325934	134	0.0359138539992	68	-0.0143267995585	4	-0.0468560582736	6	0	0	-0.597957648746	-0.597957648746	-0.595166526143	-0.64481370702	-0.597957648746
M07_L_TO_DY_ALL28:G808-E1283	M07_L_TO_DY_ALL28	ALL28	L	DY	G808-E1283	ch	edy	0	f86v6	f86v	G808-P0326	f86v6.1	1	6	T	B	2	3	EXACT	-0.0429943479086	37	0	0	0.0266204039767	72	-0.0580210190749	1	0.000415580470341	109	0.00129880645425	110	0.0225613043622	68	0.095624650721	4	0.000890960966279	6	0.126606208627	1	-0.0163739439319	-0.0743949630068	-0.0204330435465	-0.0154829829656	0.110232264695
M07_L_TO_DY_ALL28:G808-E1285	M07_L_TO_DY_ALL28	ALL28	L	DY	G808-E1285	ch	edy	0	f86v6	f86v	G808-P0326	f86v6.3	3	4	T	B	2	3	EXACT	-0.0429943479086	37	0.250713810629	3	0.0317148852428	72	0.082413114406	2	0.00965520960376	112	0.0118910976757	114	0.0378142750186	68	-0.0719751876485	4	0.0211284664882	6	0.00189157336835	2	0.239434347963	0.321847462369	0.245533737739	0.260562814451	0.241325921332
M07_L_TO_DY_ALL28:G808-E1288	M07_L_TO_DY_ALL28	ALL28	L	DY	G808-E1288	ch	edy	0	f86v6	f86v	G808-P0326	f86v6.6	6	5	T	B	2	3	EXACT	-0.0429943479086	37	0.132748523251	3	0.0283066738235	72	0	0	0.00430443206513	112	0.00620827626284	112	0.0366454687122	68	-0.113453285988	4	0.0311042777976	6	0.0617863578451	1	0.118060849166	0.118060849166	0.126399644055	0.149165126964	0.179847207011
M07_L_TO_DY_ALL28:G808-E1298	M07_L_TO_DY_ALL28	ALL28	L	DY	G808-E1298	ch	edy	0	f86v6	f86v	G808-P0328	f86v6.23	23	4	T	B	2	3	EXACT	-0.0232663934743	40	0.424083820572	5	0.0324087339174	72	0	0	0.0275884897154	117	0.0294923339131	117	0.0312573028548	68	0.0519826152796	4	-0.00381389773679	6	0.106053102203	1	0.433226161015	0.433226161015	0.432074729953	0.429412263278	0.539279263219
M07_L_TO_DY_ALL28:G808-E1302	M07_L_TO_DY_ALL28	ALL28	L	DY	G808-E1302	ch	edy	0	f86v6	f86v	G808-P0328	f86v6.26	26	4	T	B	2	3	EXACT	-0.0232663934743	40	0.390899909176	1	0.0412970454289	72	-0.0843993333812	2	0.0199006286439	113	0.0190543621286	115	0.0479600916862	68	-0.0719751876485	4	0.0752853428058	6	-0.0804045209712	2	0.408930561131	0.32453122775	0.415593607388	0.484215903937	0.32852604016
M07_L_TO_DY_ALL28:G808-E1307	M07_L_TO_DY_ALL28	ALL28	L	DY	G808-E1307	ch	edy	0	f86v6	f86v	G808-P0328	f86v6.29	29	7	T	B	2	3	EXACT	-0.0232663934743	40	0	0	0.0531333842307	72	-0.0644287544895	2	0.0244438138174	112	0.023844079554	114	0.0493251692572	68	0.117872592078	4	-0.00683132307688	6	-0.0604339420795	2	0.0298669907565	-0.034561763733	0.0260587757829	0.0230356676796	-0.0305669513231
M07_L_TO_DY_ALL28:G808-E1309	M07_L_TO_DY_ALL28	ALL28	L	DY	G808-E1309	ch	eody	1	f86v6	f86v	G808-P0329	f86v6.35	35	4	T	B	2	3	EXACT	0.0296987495863	73	0.285072867003	4	0.0222176441897	72	0.0617688458643	3	0.0402482019747	149	0.0415143338024	152	0.027758372727	68	-0.0719751876485	4	0.0211284664882	6	0.125974463372	3	0.336989260779	0.398758106644	0.342529989317	0.358117727267	0.462963724151
M07_L_TO_DY_ALL28:G808-E1330	M07_L_TO_DY_ALL28	ALL28	L	DY	G808-E1330	ch	eody	1	f88r	f88r	G808-P0334	f88r.9	9	11	P	A	1	3	EXACT	-0.185969885809	17	-0.163116621579	2	-0.0189375276104	71	0.306923670736	1	-0.0650251344992	90	-0.0595890556433	91	-0.0102238828492	67	-0.164891134291	4	-0.106087830042	6	0.359793526793	1	-0.368024034999	-0.0611003642628	-0.359310390237	-0.474111865041	-0.00823050820524
M07_L_TO_DY_ALL28:G808-E1347	M07_L_TO_DY_ALL28	ALL28	L	DY	G808-E1347	ch	eody	1	f88v	f88v	G808-P0338	f88v.16	16	7	P	A	1	2	EXACT	0.136106088707	8	0	0	-0.0233987411694	72	0.237280621279	1	-0.0236010798534	80	-0.0190369683757	81	-0.0283533773734	68	0.0608299434039	4	-0.102059020096	6	0.115315268421	2	0.112707347538	0.349987968817	0.107752711334	0.0106483274417	0.228022615958
M07_L_TO_DY_ALL28:G808-E1351	M07_L_TO_DY_ALL28	ALL28	L	DY	G808-E1351	ch	eody	1	f88v	f88v	G808-P0338	f88v.18	18	5	P	A	1	2	EXACT	0.136106088707	8	0	0	0.0169636912729	72	0	0	0.0127251093447	80	0.0147670893857	80	0.0117770980655	68	0.105135644906	4	-0.128154900297	6	0	0	0.15306977998	0.15306977998	0.147883186773	0.0249148796835	0.15306977998
M07_L_TO_DY_ALL28:G808-E1352	M07_L_TO_DY_ALL28	ALL28	L	DY	G808-E1352	ch	eody	1	f88v	f88v	G808-P0338	f88v.19	19	6	P	A	1	3	EXACT	0.136106088707	8	-0.331452970889	2	0.00138317467578	72	-0.131393686928	1	-0.00988035753873	82	-0.00998418935496	83	-0.00471991950794	68	0.105135644906	4	-0.012346450556	6	-0.128944031292	1	-0.193963707506	-0.325357394434	-0.20006680169	-0.206310158062	-0.322907738799
M07_L_TO_DY_ALL28:G808-E1354	M07_L_TO_DY_ALL28	ALL28	L	DY	G808-E1354	ch	eody	1	f88v	f88v	G808-P0338	f88v.20	20	2	P	A	1	2	EXACT	0.136106088707	8	0	0	-0.0042004396267	72	0	0	-0.00632260846493	80	-0.00428062842393	80	-0.00422857599575	68	-0.00372225224634	4	0.00571401391867	6	0	0	0.13190564908	0.13190564908	0.131877512711	0.137619662999	0.13190564908
M07_L_TO_DY_ALL28:G808-E1358	M07_L_TO_DY_ALL28	ALL28	L	DY	G808-E1358	ch	edy	0	f89r1	f89r	G808-P0340	f89r1.7	7	5	P	A	1	3	EXACT	0.0127680848363	12	-0.395274520958	1	-0.0086054460586	72	0	0	-0.024243963093	85	-0.0223090353481	85	-0.00258963555752	68	-0.110874467331	4	0.0126251568812	6	-0.0562590277083	1	-0.391111882181	-0.391111882181	-0.38509607168	-0.3784867253	-0.447370909889
M07_L_TO_DY_ALL28:G808-E1366	M07_L_TO_DY_ALL28	ALL28	L	DY	G808-E1366	ch	eody	1	f89r1	f89r	G808-P0342	f89r1.20	20	5	P	A	1	3	EXACT	-0.203699937537	16	0	0	-0.04322591468	71	0.233554476543	1	-0.0843622386023	87	-0.0794207496036	88	-0.0391871991424	67	-0.110874467331	4	0.0637399855401	6	0.236532665223	1	-0.246925852217	-0.0133713756738	-0.24288713668	-0.183185866677	-0.0103931869947
M07_L_TO_DY_ALL28:G808-E1368	M07_L_TO_DY_ALL28	ALL28	L	DY	G808-E1368	ch	eody	1	f89r1	f89r	G808-P0342	f89r1.23	23	3	P	A	1	2	EXACT	-0.203699937537	16	0	0	-0.00245423778672	72	-0.708074061366	1	-0.0507895155395	88	-0.056839125667	89	0.00738951990333	68	-0.169798361271	4	0.0674539383788	6	-0.809726291368	1	-0.206154175324	-0.91422823669	-0.196310417634	-0.138700236945	-1.01588046669
M07_L_TO_DY_ALL28:G808-E1376	M07_L_TO_DY_ALL28	ALL28	L	DY	G808-E1376	ch	eody	1	f89v1	f89v	G808-P0344	f89v1.13	13	9	P	A	1	3	EXACT	-0.0438292317136	34	-0.227384563342	1	0.0126361246519	72	0	0	-0.0113661153103	107	-0.00941690518173	107	0.0212181816634	68	-0.133259234088	4	-0.0351365301263	6	0	0	-0.258577670403	-0.258577670403	-0.249995613392	-0.29371420053	-0.258577670403
M07_L_TO_DY_ALL28:G808-E1417	M07_L_TO_DY_ALL28	ALL28	L	DY	G808-E1417	ch	eody	1	f94r	f94r	G808-P0348	f94r.2	2	2	H	B	3	3	EXACT	0.0661940360493	29	0.274683058457	1	0.0215455894524	72	0.0215458268261	2	0.0310869586422	102	0.031852787771	104	0.0237905228617	68	-0.0166184423773	4	0.0547894616419	6	-0.066405265088	2	0.362422683959	0.383968510785	0.364667617368	0.417212145601	0.296017418871
M07_L_TO_DY_ALL28:G808-E1420	M07_L_TO_DY_ALL28	ALL28	L	DY	G808-E1420	ch	edy	0	f94v	f94v	G808-P0350	f94v.5	5	2	H	B	3	3	EXACT	-0.0252774338815	9	0.391191485302	1	-0.0121623263495	71	0	0	-0.0246589212994	81	-0.0226961267901	81	-0.0112256049499	67	-0.0278525436979	4	0.0374609912462	6	0	0	0.353751725071	0.353751725071	0.354688446471	0.391212716317	0.353751725071
M07_L_TO_DY_ALL28:G808-E1432	M07_L_TO_DY_ALL28	ALL28	L	DY	G808-E1432	ch	edy	0	f95r2	f95r	G808-P0355	f95r2.5	5	6	H	B	3	3	EXACT	0.258511915779	13	0	0	0.019809594122	71	0	0	0.0438808050578	84	0.0458431319814	84	0.0146382565205	67	0.106429848492	4	0.0513669012801	6	0	0	0.278321509901	0.278321509901	0.273150172299	0.329688411181	0.278321509901
M07_L_TO_DY_ALL28:G808-E1462	M07_L_TO_DY_ALL28	ALL28	L	DY	G808-E1462	ch	eody	1	f99r	f99r	G808-P0364	f99r.30	30	2	P	A	1	2	EXACT	-0.110435932766	9	-0.579002423962	1	-0.0152927460401	72	0	0	-0.0506105760952	82	-0.0483852494538	82	-0.0124370139746	68	-0.0638405565673	4	-0.0704924930989	6	0	0	-0.704731102769	-0.704731102769	-0.701875370703	-0.775223595867	-0.704731102769
M07_L_TO_DY_ALL28:G808-E1790	M07_L_TO_DY_ALL28	ALL28	L	DY	G808-E1790	chok	edy	0	f107v	f107v	G808-P0504	f107v.10	10	5	S	B	3	2	EXACT	0.308998852961	10	0.123422246493	1	0.0542093183253	72	0.0770687633799	1	0.0775410938028	83	0.0788770982305	84	0.0532899104115	68	0.0698398398731	4	0.110385071011	6	0.0769602768123	1	0.486630417779	0.563699181159	0.485711009865	0.59701548879	0.563590694591
M07_L_TO_DY_ALL28:G808-E1851	M07_L_TO_DY_ALL28	ALL28	L	DY	G808-E1851	chok	edy	0	f108r	f108r	G808-P0524	f108r.30	30	3	S	B	3	2	EXACT	0.411852347207	2	0.255841698786	1	0.026665006454	72	0	0	0.0232674056964	75	0.0255431148666	75	0.0414268485128	68	-0.22428449017	4	0.0310586696082	6	-0.0197014629312	1	0.694359052447	0.694359052447	0.709120894506	0.725417722055	0.674657589516
M07_L_TO_DY_ALL28:G808-E0037	M07_L_TO_DY_ALL28	ALL28	L	DY	G808-E0037	chok	eody	1	f4v	f4v	G808-P0014	f4v.10	10	5	H	A	1	1	EXACT	-0.0797925363878	19	0	0	-0.0691839045536	72	0	0	-0.0765071783277	91	-0.0745621846016	91	-0.0647186702016	68	-0.145092519277	4	-0.104756083346	6	0	0	-0.148976440941	-0.148976440941	-0.144511206589	-0.253732524287	-0.148976440941
M07_L_TO_DY_ALL28:G808-E2005	M07_L_TO_DY_ALL28	ALL28	L	DY	G808-E2005	ckh	edy	0	f112v	f112v	G808-P0568	f112v.24	24	7	S	B	3	3	EXACT	0.407423612093	20	0.00703815112861	2	0.0534782517513	72	0	0	0.110483008578	94	0.112080062299	94	0.0567662944466	68	-0.00240509448458	4	-0.149684170759	6	-0.12192494167	1	0.467940014973	0.467940014973	0.471228057668	0.318255844214	0.346015073303
M07_L_TO_DY_ALL28:G808-E0567	M07_L_TO_DY_ALL28	ALL28	L	DY	G808-E0567	ckh	eody	1	f51r	f51r	G808-P0191	f51r.2	2	2	H	A	1	2	EXACT	-0.136598543457	34	0	0	-0.0498862253831	72	-0.0835304749376	1	-0.0824315362144	106	-0.0803748702814	107	-0.0432653110087	68	-0.162440887056	4	0.148031430367	6	-0.0867981152302	1	-0.18648476884	-0.270015243777	-0.179863854466	-0.0384533384731	-0.27328288407
M07_L_TO_DY_ALL28:G808-E0571	M07_L_TO_DY_ALL28	ALL28	L	DY	G808-E0571	ckh	eody	1	f51r	f51r	G808-P0191	f51r.8	8	4	H	A	1	2	EXACT	-0.136598543457	34	0	0	-0.031676213512	72	0.2693987522	1	-0.0700624715472	106	-0.0648230003575	107	-0.037899151988	68	0.0741146232715	4	0.0476582746509	6	0.266131111907	1	-0.168274756969	0.101123995231	-0.174497695445	-0.120616482318	0.0978563549384
M07_L_TO_DY_ALL28:G808-E1403	M07_L_TO_DY_ALL28	ALL28	L	DY	G808-E1403	ckh	eody	1	f93r	f93r	G808-P0346	f93r.27	27	4	H	A	1	2	EXACT	-0.051256617966	54	0	0	-0.0349457726116	72	0	0	-0.0387207011371	126	-0.0361789988475	126	-0.0315405849039	68	-0.0928330571591	4	-0.0421796976962	6	0.175893146117	1	-0.0862023905775	-0.0862023905775	-0.0827972028699	-0.128382088274	0.0896907555395
M07_L_TO_DY_ALL28:G808-E1411	M07_L_TO_DY_ALL28	ALL28	L	DY	G808-E1411	ckh	eody	1	f93v	f93v	G808-P0347	f93v.7	7	2	H	A	1	3	EXACT	-0.103535633783	30	0	0	-0.0208608246043	71	0	0	-0.0519281824102	101	-0.049390408094	101	-0.0219534411997	67	-0.00256051993577	4	0.124829391666	6	0	0	-0.124396458387	-0.124396458387	-0.125489074983	0.000432933278631	-0.124396458387
M07_L_TO_DY_ALL28:G808-E1442	M07_L_TO_DY_ALL28	ALL28	L	DY	G808-E1442	ckh	eody	1	f96r	f96r	G808-P0361	f96r.3	3	4	H	A	1	2	EXACT	-0.0716183393995	39	-0.046321511204	1	-0.0485370344878	72	0	0	-0.0589378334454	112	-0.056511683336	112	-0.046887996545	68	-0.0765696711424	4	-0.00155272181637	6	0	0	-0.166476885091	-0.166476885091	-0.164827847149	-0.168029606908	-0.166476885091
M07_L_TO_DY_ALL28:G808-E1684	M07_L_TO_DY_ALL28	ALL28	L	DY	G808-E1684	cph	edy	0	f105r	f105r	G808-P0444	f105r.27	27	7	S	B	3	2	EXACT	-0.0195182723959	3	0.0297095660946	2	0.0109146858057	72	0	0	-0.0105234726595	77	-0.00810012069102	77	0.0198906536852	68	-0.141675865765	4	-0.072121707119	6	0	0	0.0211059795044	0.0211059795044	0.0300819473839	-0.0510157276147	0.0211059795044
M07_L_TO_DY_ALL28:G808-E2076	M07_L_TO_DY_ALL28	ALL28	L	DY	G808-E2076	cph	edy	0	f113v	f113v	G808-P0600	f113v.28	28	8	S	B	3	3	EXACT	0.16257982279	32	-0.0630310757295	2	0.046486094103	71	0	0	0.074942776312	105	0.0773126008311	105	0.0445488810472	67	0.078934552803	4	0.01462633918	6	0	0	0.146034841164	0.146034841164	0.144097628108	0.160661180344	0.146034841164
M07_L_TO_DY_ALL28:G808-E1087	M07_L_TO_DY_ALL28	ALL28	L	DY	G808-E1087	cph	edy	0	f81v	f81v	G808-P0281	f81v.8	8	8	B	B	2	2	EXACT	0.151439391315	48	-0.186302025552	1	0.00620422993539	72	0	0	0.0630198094971	121	0.0653148214055	121	0.0126025283918	68	-0.102566371084	4	0.0764469222639	6	-0.723224052695	1	-0.0286584043011	-0.0286584043011	-0.0222601058447	0.0477885179628	-0.751882456996
M07_L_TO_DY_ALL28:G808-E1238	M07_L_TO_DY_ALL28	ALL28	L	DY	G808-E1238	cph	edy	0	f85r1	f85r	G808-P0309	f85r1.28	28	11	T	B	2	3	EXACT	0.149802019122	16	-0.0269809793885	1	0.0232081895847	72	-0.0429844354954	1	0.0326197764088	89	0.0335630950781	90	0.0316934244657	68	-0.12104625016	4	-0.0129274729254	6	-0.0586816354743	1	0.146029229319	0.103044793823	0.1545144642	0.133101756393	0.0873475938443
M07_L_TO_DY_ALL28:G808-E1356	M07_L_TO_DY_ALL28	ALL28	L	DY	G808-E1356	cph	eody	1	f88v	f88v	G808-P0339	f88v.21	21	3	P	A	1	3	EXACT	0.00614950976915	22	0	0	-0.0148840888895	72	0	0	-0.0187692287356	94	-0.0163746716973	94	-0.0070400947246	68	-0.148231615502	4	0.0547532234274	6	-0.178167890776	1	-0.00873457912033	-0.00873457912033	-0.000890584955452	0.046018644307	-0.186902469896
M07_L_TO_DY_ALL28:G808-E1422	M07_L_TO_DY_ALL28	ALL28	L	DY	G808-E1422	cph	edy	0	f94v	f94v	G808-P0351	f94v.8	8	4	H	B	3	3	EXACT	-0.0228035226456	27	0.968412383247	1	-0.00303464843739	72	0.276610866018	1	-0.0055097679972	100	-0.000871736913625	101	0.000602665722242	68	-0.0648680001952	4	0.0676724614353	6	0.463396217075	1	0.942574212164	1.21918507818	0.946211526324	1.0102466736	1.40597042924
M07_L_TO_DY_ALL28:G808-E1523	M07_L_TO_DY_ALL28	ALL28	L	DY	G808-E1523	cth	edy	0	f102r1	f102r	G808-P0375	f102r1.10	10	9	P	A	1	2	EXACT	-0.136634155866	8	0	0	-0.0248620717584	72	0	0	-0.0562236865828	80	-0.0537075338554	80	-0.0218642480535	68	-0.0758252359394	4	0.00451705854084	6	-0.0603578558835	1	-0.161496227625	-0.161496227625	-0.15849840392	-0.156979169084	-0.221854083508
M07_L_TO_DY_ALL28:G808-E1768	M07_L_TO_DY_ALL28	ALL28	L	DY	G808-E1768	cth	edy	0	f107r	f107r	G808-P0491	f107r.14	14	1	S	B	3	3	EXACT	0.0840168022256	14	-0.000960546306747	3	0.0387837466927	72	0	0	0.0298721220705	89	0.032431726864	89	0.0359836428086	68	0.0863853636729	4	0.0305824698926	6	0	0	0.121840002612	0.121840002612	0.119039898727	0.152422472504	0.121840002612
M07_L_TO_DY_ALL28:G808-E2118	M07_L_TO_DY_ALL28	ALL28	L	DY	G808-E2118	cth	edy	0	f114v	f114v	G808-P0621	f114v.6	6	3	S	B	3	3	EXACT	0.178602420339	7	0.247539983612	1	0.0284082499272	72	0.0568208333087	1	0.0253115894993	80	0.0274564728402	81	0.0346899390511	68	-0.0783816629162	4	-0.117062121377	6	0.0532975781422	1	0.454550653878	0.511371487187	0.460832343002	0.337488532502	0.50784823202
M07_L_TO_DY_ALL28:G808-E2205	M07_L_TO_DY_ALL28	ALL28	L	DY	G808-E2205	cth	edy	0	f116r	f116r	G808-P0663	f116r.28	28	7	S	B	3	3	EXACT	0.218304383059	73	-0.0451028206305	1	0.0583994839275	72	0	0	0.145061030685	146	0.147525260906	146	0.0563915039891	68	0.0925349316571	4	0.104076639502	6	0	0	0.231601046356	0.231601046356	0.229593066418	0.335677685858	0.231601046356
M07_L_TO_DY_ALL28:G808-E0268	M07_L_TO_DY_ALL28	ALL28	L	DY	G808-E0268	cth	edy	0	f26r	f26r	G808-P0090	f26r.5	5	8	H	B	2	2	EXACT	0.0400023405118	13	0.188716489584	2	-0.0133223860795	72	0.30405255962	1	-0.0155560948178	87	-0.0100863686935	88	-0.020367673464	68	0.106447291011	4	0.0300141763964	6	0.273323652584	3	0.215396444016	0.519449003636	0.208351156632	0.245410620413	0.488720096601
M07_L_TO_DY_ALL28:G808-E0583	M07_L_TO_DY_ALL28	ALL28	L	DY	G808-E0583	cth	eody	1	f51v	f51v	G808-P0192	f51v.6	6	2	H	A	1	2	EXACT	-0.0362449832941	40	-0.215524022505	2	-0.0352426788184	72	0	0	-0.040906822208	114	-0.0384645459759	114	-0.0359828267089	68	-0.0226606615702	4	0.00814367801523	6	0.178541244051	1	-0.287011684617	-0.287011684617	-0.287751832508	-0.278868006602	-0.108470440567
M07_L_TO_DY_ALL28:G808-E0610	M07_L_TO_DY_ALL28	ALL28	L	DY	G808-E0610	cth	eody	1	f53v	f53v	G808-P0197	f53v.5	5	5	H	A	1	2	EXACT	-0.181326040809	29	0	0	-0.0180506441171	72	0.292654301648	1	-0.0709979768238	101	-0.0655064916737	102	-0.0243486148132	68	0.0890145858443	4	0.0870420433337	6	0.500200363432	1	-0.199376684926	0.0932776167222	-0.205674655622	-0.112334641592	0.300823678506
M07_L_TO_DY_ALL28:G808-E0719	M07_L_TO_DY_ALL28	ALL28	L	DY	G808-E0719	cth	edy	0	f75v	f75v	G808-P0226	f75v.5	5	10	B	B	2	3	EXACT	0.169312248374	54	-0.121899833336	1	0.032667494484	72	0	0	0.0922464599687	127	0.0946677016909	127	0.0403494593001	68	-0.097926026465	4	-0.0624740527221	6	0	0	0.0800799095222	0.0800799095222	0.0877618743383	0.0176058568001	0.0800799095222
M07_L_TO_DY_ALL28:G808-E0793	M07_L_TO_DY_ALL28	ALL28	L	DY	G808-E0793	cth	edy	0	f76v	f76v	G808-P0236	f76v.14	14	5	B	B	2	3	EXACT	0.345539441491	19	0.347075417032	1	0.0150710737228	72	0.463504577509	1	0.0750121427412	92	0.0810347396119	93	0.0236454089875	68	-0.130692858395	4	-0.107964443269	6	0.38945673268	1	0.707685932245	1.17119050975	0.71626026751	0.599721488976	1.09714266493
M07_L_TO_DY_ALL28:G808-E0804	M07_L_TO_DY_ALL28	ALL28	L	DY	G808-E0804	cth	edy	0	f76v	f76v	G808-P0237	f76v.21	21	1	B	B	2	3	EXACT	0.273914802412	29	0.310436123656	1	0.032864132329	72	0	0	0.0974755912895	102	0.099887060281	102	0.0298426429102	68	0.0842292198319	4	-0.001867426304	6	0	0	0.617215058397	0.617215058397	0.614193568978	0.615347632093	0.617215058397
M07_L_TO_DY_ALL28:G808-E1316	M07_L_TO_DY_ALL28	ALL28	L	DY	G808-E1316	cth	eody	1	f87r	f87r	G808-P0330	f87r.10	10	4	H	A	1	2	EXACT	-0.037219502276	28	-0.366229139615	1	-0.0557729702443	72	0.0010932391266	1	-0.0655137958367	101	-0.0637740400419	102	-0.0582255935665	68	-0.0140654670776	4	-0.122186528311	6	-0.0028051854032	1	-0.459221612136	-0.458128373009	-0.461674235458	-0.581408140447	-0.462026797539
M07_L_TO_DY_ALL28:G808-E1361	M07_L_TO_DY_ALL28	ALL28	L	DY	G808-E1361	cth	eody	1	f89r1	f89r	G808-P0340	f89r1.8	8	8	P	A	1	2	EXACT	-0.0787891637161	21	0	0	-0.0225901367261	72	0	0	-0.0454492037282	93	-0.0430570079571	93	-0.0181021483278	68	-0.0988861417962	4	-0.00192355482472	6	0.581834776414	1	-0.101379300442	-0.101379300442	-0.0968913120439	-0.103302855267	0.480455475972
M07_L_TO_DY_ALL28:G808-E1702	M07_L_TO_DY_ALL28	ALL28	L	DY	G808-E1702	dch	edy	0	f105v	f105v	G808-P0456	f105v.30	30	1	S	B	3	3	EXACT	-0.0140659177105	9	-0.0626832402535	7	0.0635031887902	72	-0.310323771331	1	0.0324635938308	88	0.0304352319681	89	0.0637873554298	68	0.0586697081577	4	0.0383386854264	6	-0.315877559084	1	-0.0132459691739	-0.323569740505	-0.0129618025342	0.0250927162525	-0.329123528258
M07_L_TO_DY_ALL28:G808-E1838	M07_L_TO_DY_ALL28	ALL28	L	DY	G808-E1838	dch	edy	0	f108r	f108r	G808-P0521	f108r.19	19	1	S	B	3	2	EXACT	0.107766496623	12	0.0794895051848	4	0.029586310098	72	0	0	0.0266574466385	88	0.0292502427284	88	0.0289077387756	68	0.041120182475	4	0.0459060179165	6	0	0	0.216842311906	0.216842311906	0.216163740583	0.262748329822	0.216842311906
M07_L_TO_DY_ALL28:G808-E1883	M07_L_TO_DY_ALL28	ALL28	L	DY	G808-E1883	dch	edy	0	f108v	f108v	G808-P0531	f108v.4	4	1	S	B	3	2	EXACT	0.366103480166	17	0.404862597437	1	0.0496897671192	72	0	0	0.110094465375	90	0.11193840988	90	0.0482993137056	68	0.0733250264137	4	-0.0213652825046	6	0	0	0.820655844722	0.820655844722	0.819265391308	0.799290562217	0.820655844722
M07_L_TO_DY_ALL28:G808-E2098	M07_L_TO_DY_ALL28	ALL28	L	DY	G808-E2098	dch	edy	0	f114r	f114r	G808-P0612	f114r.19	19	4	S	B	3	3	EXACT	0.243953616277	11	-0.0407531046114	3	0.0115312684978	72	0	0	0.0261001165474	86	0.0284211091076	86	0.0160905984178	68	-0.06598000486	4	-0.0144843895289	6	0	0	0.214731780164	0.214731780164	0.219291110084	0.200247390635	0.214731780164
M07_L_TO_DY_ALL28:G808-E2161	M07_L_TO_DY_ALL28	ALL28	L	DY	G808-E2161	dch	edy	0	f115r	f115r	G808-P0644	f115r.45	45	2	S	B	@	2	EXACT	0.0466667439454	18	0	0	0.0107452862011	70	0	0	0.00980599883789	88	0.012180270451	88	0.011497197323	66	-0.00166110625111	4	0.0760395968002	6	0.8543853049	2	0.0574120301464	0.0574120301464	0.0581639412684	0.133451626947	0.911797335047
M07_L_TO_DY_ALL28:G808-E2166	M07_L_TO_DY_ALL28	ALL28	L	DY	G808-E2166	dch	edy	0	f115v	f115v	G808-P0646	f115v.7	7	1	S	B	3	3	EXACT	-0.0434304839762	7	-0.0583027416063	2	0.0484645639758	72	0.383387545641	1	0.0224314328797	81	0.028574080983	82	0.0478250086005	68	0.0593344857574	4	-0.00958701654942	6	0.379875869118	1	-0.0532686616067	0.330118884035	-0.0539082169821	-0.0628556781562	0.326607207512
M07_L_TO_DY_ALL28:G808-E0502	M07_L_TO_DY_ALL28	ALL28	L	DY	G808-E0502	dch	edy	0	f46v	f46v	G808-P0175	f46v.7	7	1	H	B	2	2	EXACT	0.00121816818083	51	0	0	-0.000875501481474	72	0	0	0.00256157557788	123	0.00489877134043	123	-0.00455339914889	68	0.0616461461816	4	-0.0101662062309	6	-0.179932143692	1	0.00034266669936	0.00034266669936	-0.00333523096805	-0.0098235395315	-0.179589476992
M07_L_TO_DY_ALL28:G808-E0533	M07_L_TO_DY_ALL28	ALL28	L	DY	G808-E0533	dch	edy	0	f48v	f48v	G808-P0181	f48v.4	4	1	H	B	5	3	EXACT	0.110973688704	36	-0.0367213989124	3	0.0100705063934	72	0	0	0.0389183446975	111	0.0412781160093	111	0.00661436819879	68	0.0688221982648	4	0.0576096950546	6	0	0	0.0843227961855	0.0843227961855	0.0808666579908	0.14193249124	0.0843227961855
M07_L_TO_DY_ALL28:G808-E0716	M07_L_TO_DY_ALL28	ALL28	L	DY	G808-E0716	dch	edy	0	f75r	f75r	G808-P0224	f75r.44	44	1	B	B	2	3	EXACT	0.196013466743	43	-0.157480658855	4	0.0294774861903	72	-0.0313719851592	1	0.0826595041973	119	0.0836749761507	120	0.0275229322785	68	0.0627022626207	4	0.0135256328814	6	-0.0348044859947	1	0.068010294079	0.0366383089198	0.0660557401671	0.0815359269603	0.0332058080842
M07_L_TO_DY_ALL28:G808-E0723	M07_L_TO_DY_ALL28	ALL28	L	DY	G808-E0723	dch	edy	0	f75v	f75v	G808-P0226	f75v.10	10	8	B	B	2	3	EXACT	0.164410747914	57	-0.00893072057702	1	0.0320978308397	72	-0.335047364305	2	0.093530660065	130	0.088623876977	132	0.0277949201015	68	0.105244719554	4	-0.0497791239774	6	-0.246348314035	3	0.187577858177	-0.147469506127	0.183274947439	0.1377987342	-0.0587704558582
M07_L_TO_DY_ALL28:G808-E0807	M07_L_TO_DY_ALL28	ALL28	L	DY	G808-E0807	dch	edy	0	f76v	f76v	G808-P0237	f76v.23	23	1	B	B	2	2	EXACT	0.268986860608	31	0.261916848643	1	0.0142569952243	72	0	0	0.0884339542626	104	0.0907597821884	104	0.0114590183933	68	0.061819930863	4	-0.0112196345807	6	0.418327171812	1	0.545160704475	0.545160704475	0.542362727644	0.533941069894	0.963487876287
M07_L_TO_DY_ALL28:G808-E1047	M07_L_TO_DY_ALL28	ALL28	L	DY	G808-E1047	dch	edy	0	f80v	f80v	G808-P0274	f80v.22	22	1	B	B	2	2	EXACT	0.0988247190255	17	0.00193002885659	3	0.0263015753393	72	-0.110414570459	1	0.027081668205	92	0.0272514201441	93	0.0241680007337	68	0.0625695740712	4	0.0276002942516	6	-0.0770727114478	1	0.127056323221	0.016641752762	0.124922748616	0.154656617473	0.0499836117736
M07_L_TO_DY_ALL28:G808-E1063	M07_L_TO_DY_ALL28	ALL28	L	DY	G808-E1063	dch	edy	0	f81r	f81r	G808-P0279	f81r.4	4	1	B	B	2	2	EXACT	0.151682994591	37	0.404070247665	2	0.0347175721348	72	0.152130670514	2	0.0782950275279	111	0.0811511442749	113	0.0327375587873	68	0.068374218837	4	-0.0280196829485	6	0.165723653611	2	0.59047081439	0.742601484904	0.588490801043	0.562451131442	0.756194468001
M07_L_TO_DY_ALL28:G808-E1097	M07_L_TO_DY_ALL28	ALL28	L	DY	G808-E1097	dch	edy	0	f81v	f81v	G808-P0282	f81v.23	23	7	B	B	2	2	EXACT	0.144280071395	59	0	0	0.015673513139	72	0.0439338083201	1	0.0779188756707	131	0.0795748829945	132	0.0115271415215	68	0.0861593166998	4	-0.0491784238517	6	0.0749787730206	1	0.159953584534	0.203887392854	0.155807212916	0.110775160682	0.234932357555
M07_L_TO_DY_ALL28:G808-E1256	M07_L_TO_DY_ALL28	ALL28	L	DY	G808-E1256	dch	eody	1	f86v3	f86v	G808-P0317	f86v3.16	16	1	C	B	2	2	EXACT	-0.222654113737	7	-0.0370754494394	1	0.00815678152154	70	0	0	-0.0304389790011	78	-0.0280982229134	78	0.00485961465425	66	0.0625616231988	4	0.0860626538142	6	0	0	-0.251572781655	-0.251572781655	-0.254869948522	-0.165510127841	-0.251572781655
M07_L_TO_DY_ALL28:G808-E1305	M07_L_TO_DY_ALL28	ALL28	L	DY	G808-E1305	dch	edy	0	f86v6	f86v	G808-P0328	f86v6.29	29	1	T	B	2	3	EXACT	-0.0486648061666	51	-0.0455947281787	3	0.0487395184896	72	0	0	0.00926181648775	126	0.0116025725754	126	0.0479262696866	68	0.0625616231988	4	0.0670355529791	6	0	0	-0.0455200158558	-0.0455200158558	-0.0463332646587	0.0215155371234	-0.0455200158558
M07_L_TO_DY_ALL28:G808-E1323	M07_L_TO_DY_ALL28	ALL28	L	DY	G808-E1323	dch	eody	1	f87v	f87v	G808-P0332	f87v.1	1	5	H	A	1	3	EXACT	0.0842828618094	20	-0.00903884148509	2	-0.032244154286	72	-0.0911182013309	1	-0.0156127607404	94	-0.0145836546604	95	-0.0413091444027	68	0.121858061341	4	0.0638514267202	6	-0.0943312403855	1	0.0429998660383	-0.0481183352926	0.0339348759217	0.106851292758	-0.0513313743473
M07_L_TO_DY_ALL28:G808-E1514	M07_L_TO_DY_ALL28	ALL28	L	DY	G808-E1514	dsh	eody	1	f102r1	f102r	G808-P0374	f102r1.4	4	1	P	A	1	2	EXACT	0.0295013076182	9	0	0	0.00293489428239	72	0	0	-0.0119253194327	81	-0.00923942310112	81	-0.00397573087032	68	0.12041487891	4	0.0931473117297	6	0	0	0.0324362019006	0.0324362019006	0.0255255767479	0.12558351363	0.0324362019006
M07_L_TO_DY_ALL28:G808-E1743	M07_L_TO_DY_ALL28	ALL28	L	DY	G808-E1743	dsh	edy	0	f106r	f106r	G808-P0472	f106r.44	44	1	S	B	3	3	EXACT	0.0680496576389	25	0.0269086804851	4	0.0351507372146	72	-0.194755297448	1	0.0350555964038	101	0.0349148572359	102	0.030684688484	68	0.111072957576	4	0.0862852075435	6	-0.198852676114	1	0.130109075338	-0.0646462221094	0.125643026608	0.216394282882	-0.0687436007754
M07_L_TO_DY_ALL28:G808-E2144	M07_L_TO_DY_ALL28	ALL28	L	DY	G808-E2144	dsh	edy	0	f115r	f115r	G808-P0636	f115r.16	16	1	S	B	@	3	EXACT	0.148085275822	27	-0.15223433386	1	0.0326565951361	70	-0.137914252537	1	0.0564455049611	98	0.0565904930607	99	0.0279984038234	66	0.109516653441	4	0.0542409223101	6	-0.139633349511	1	0.0285075370979	-0.109406715439	0.0238493457852	0.082748459408	-0.111125812413
M07_L_TO_DY_ALL28:G808-E0414	M07_L_TO_DY_ALL28	ALL28	L	DY	G808-E0414	dsh	edy	0	f41v	f41v	G808-P0147	f41v.3	3	1	H	B	5	3	EXACT	0.264288442713	21	-0.079638530819	3	0.0323561828733	72	0	0	0.070138287608	96	0.0727143773884	96	0.0275396888021	68	0.114235897121	4	0.0374085218418	6	-0.154762684959	1	0.217006094767	0.217006094767	0.212189600696	0.254414616609	0.0622434098085
M07_L_TO_DY_ALL28:G808-E0529	M07_L_TO_DY_ALL28	ALL28	L	DY	G808-E0529	dsh	edy	0	f48v	f48v	G808-P0181	f48v.1	1	2	H	B	5	3	EXACT	0.121423254934	35	-0.215412890232	4	0.0159763815523	72	0	0	0.0367796815988	111	0.0393969751115	111	0.0181651128179	68	-0.021232749179	4	-0.000239939597487	6	0	0	-0.0780132537452	-0.0780132537452	-0.0758245224795	-0.0782531933427	-0.0780132537452
M07_L_TO_DY_ALL28:G808-E0702	M07_L_TO_DY_ALL28	ALL28	L	DY	G808-E0702	dsh	edy	0	f75r	f75r	G808-P0222	f75r.16	16	1	B	B	2	3	EXACT	0.236652244275	90	0.0159130806624	2	0.0162050335031	72	0.0224012863542	1	0.146680461967	164	0.14823338387	165	0.0105295939322	68	0.112686824346	4	0.0464876547594	6	0.0199792640394	1	0.26877035844	0.291171644794	0.263094918869	0.315258013199	0.288749622479
M07_L_TO_DY_ALL28:G808-E0712	M07_L_TO_DY_ALL28	ALL28	L	DY	G808-E0712	dsh	edy	0	f75r	f75r	G808-P0223	f75r.31	31	1	B	B	2	2	EXACT	0.259992756414	29	0.243906880396	1	0.0115990704987	72	0.0840324133608	2	0.0785376378891	102	0.0802239289125	104	0.00565269192757	68	0.112686824346	4	0.0137998149868	6	0.0816103910461	2	0.515498707309	0.59953112067	0.509552328738	0.529298522296	0.597109098355
M07_L_TO_DY_ALL28:G808-E0714	M07_L_TO_DY_ALL28	ALL28	L	DY	G808-E0714	dsh	edy	0	f75r	f75r	G808-P0224	f75r.42	42	1	B	B	2	2	EXACT	0.221834587332	45	-0.0859868546745	1	0.0306196960433	72	0	0	0.102266609888	118	0.104906600436	118	0.0257921777983	68	0.112686824346	4	0.0546682280076	6	0.37313020886	1	0.166467428701	0.166467428701	0.161639910456	0.221135656709	0.539597637561
M07_L_TO_DY_ALL28:G808-E0738	M07_L_TO_DY_ALL28	ALL28	L	DY	G808-E0738	dsh	edy	0	f76r	f76r	G808-P0231	f76r.2	2	1	T	B	2	3	EXACT	0.181638422295	127	-0.0257526858597	4	-0.00554008078662	70	0	0	0.12628517204	201	0.128879458605	201	-0.0127371823537	66	0.113212395157	4	0.0466407043025	6	0	0	0.150345655648	0.150345655648	0.143148554081	0.196986359951	0.150345655648
M07_L_TO_DY_ALL28:G808-E0788	M07_L_TO_DY_ALL28	ALL28	L	DY	G808-E0788	dsh	edy	0	f76v	f76v	G808-P0236	f76v.10	10	4	B	B	2	3	EXACT	0.40673638132	18	-0.552668592237	2	0.0353080160654	72	0	0	0.0845847346573	92	0.087234489394	92	0.0418226994611	68	-0.0754423101004	4	0.0151337325444	6	0	0	-0.110624194852	-0.110624194852	-0.104109511456	-0.0954904623074	-0.110624194852
M07_L_TO_DY_ALL28:G808-E0851	M07_L_TO_DY_ALL28	ALL28	L	DY	G808-E0851	dsh	edy	0	f77r	f77r	G808-P0242	f77r.36	36	1	B	B	2	2	EXACT	0.345829283133	38	0.114571996374	1	0.0542350295915	72	0	0	0.152291852997	111	0.154870430069	111	0.0507725180263	68	0.113096992007	4	-0.0715034173965	6	0	0	0.514636309099	0.514636309099	0.511173797533	0.443132891702	0.514636309099
M07_L_TO_DY_ALL28:G808-E0903	M07_L_TO_DY_ALL28	ALL28	L	DY	G808-E0903	dsh	edy	0	f78r	f78r	G808-P0247	f78r.8	8	1	B	B	2	1	EXACT	0.183750158758	59	-0.0795042222271	1	0.0441518901566	72	-0.00859088674427	1	0.109148897349	132	0.110458542239	133	0.040200740163	68	0.111320711047	4	0.0250082156036	6	-0.0692723332535	1	0.148397826687	0.139806939943	0.144446676694	0.173406042291	0.0791254934339
M07_L_TO_DY_ALL28:G808-E0937	M07_L_TO_DY_ALL28	ALL28	L	DY	G808-E0937	dsh	edy	0	f78v	f78v	G808-P0249	f78v.10	10	1	B	B	2	2	EXACT	0.189631354123	69	-0.938035288857	1	0.0539711821274	72	-0.107138336439	1	0.118409452635	142	0.119103460365	143	0.0502739255962	68	0.116823887668	4	0.0323862981936	6	-0.148067483049	1	-0.694432752607	-0.801571089046	-0.698130009138	-0.662046454413	-0.842500235656
M07_L_TO_DY_ALL28:G808-E1075	M07_L_TO_DY_ALL28	ALL28	L	DY	G808-E1075	dsh	edy	0	f81r	f81r	G808-P0280	f81r.21	21	1	B	B	2	2	EXACT	0.141507307216	47	0	0	0.047124895302	72	0	0	0.0850113848781	119	0.0877463366767	119	0.0426869902123	68	0.122567596582	4	-0.0387472605185	6	0	0	0.188632202518	0.188632202518	0.184194297429	0.149884942	0.188632202518
M07_L_TO_DY_ALL28:G808-E1089	M07_L_TO_DY_ALL28	ALL28	L	DY	G808-E1089	dsh	edy	0	f81v	f81v	G808-P0282	f81v.14	14	1	B	B	2	2	EXACT	0.149084501995	55	0.202041577893	1	0.00579284741671	72	0	0	0.0713518873078	128	0.0739279999245	128	-0.000746786424775	68	0.11696593776	4	0.079135372238	6	0	0	0.356918927304	0.356918927304	0.350379293463	0.436054299542	0.356918927304
M07_L_TO_DY_ALL28:G808-E1105	M07_L_TO_DY_ALL28	ALL28	L	DY	G808-E1105	dsh	edy	0	f82r	f82r	G808-P0283	f82r.7	7	1	B	B	2	3	EXACT	0.257029097159	34	0.0648233165526	2	0.0271095900334	72	0.0724048495946	1	0.0963768167992	108	0.0983341000923	109	0.0225217270755	68	0.10510263496	4	0.0380163357302	6	0.0711560539114	1	0.348962003745	0.42136685334	0.344374140787	0.386978339475	0.420118057656
M07_L_TO_DY_ALL28:G808-E1114	M07_L_TO_DY_ALL28	ALL28	L	DY	G808-E1114	dsh	edy	0	f82r	f82r	G808-P0284	f82r.17	17	1	B	B	2	2	EXACT	0.138860355594	34	0.0956856942723	1	0.0592118652995	72	0	0	0.0812160389859	107	0.0839107653174	107	0.0565123714749	68	0.10510263496	4	0.0413750432889	6	0	0	0.293757915166	0.293757915166	0.291058421341	0.335132958455	0.293757915166
M07_L_TO_DY_ALL28:G808-E1218	M07_L_TO_DY_ALL28	ALL28	L	DY	G808-E1218	dsh	edy	0	f85r1	f85r	G808-P0302	f85r1.1	1	5	T	B	2	3	EXACT	0.121755690077	24	-0.0638029077495	1	0.00376472748292	72	0.0512519627013	1	0.023772400369	97	0.0260712312177	98	0.00972917110447	68	-0.0976373185598	4	0.00630321041741	6	0.0628395430656	1	0.0617175098101	0.112969472511	0.0676819534317	0.0680207202275	0.124557052876
M07_L_TO_DY_ALL28:G808-E1257	M07_L_TO_DY_ALL28	ALL28	L	DY	G808-E1257	dsh	eody	1	f86v3	f86v	G808-P0317	f86v3.17	17	1	C	B	2	2	EXACT	0.194695710364	7	-0.0746278940242	1	0.0051881263715	70	0.23373684086	1	0.00146586101417	78	0.00633124879864	79	-0.00157582932449	66	0.116793992342	4	-0.0501345891202	6	0.232014835603	1	0.125255942711	0.358992783571	0.118491987015	0.0751213535911	0.357270778314
M07_L_TO_DY_ALL28:G808-E1259	M07_L_TO_DY_ALL28	ALL28	L	DY	G808-E1259	dsh	edy	0	f86v3	f86v	G808-P0318	f86v3.21	21	1	C	B	2	3	EXACT	-0.00236245809079	16	-0.804759731662	1	0.0300080662876	70	0	0	0.00108613404978	87	0.00371630652307	87	0.0247483493744	66	0.116793992342	4	0.0858397163231	6	0	0	-0.777114123465	-0.777114123465	-0.782373840378	-0.691274407142	-0.777114123465
M07_L_TO_DY_ALL28:G808-E1434	M07_L_TO_DY_ALL28	ALL28	L	DY	G808-E1434	dsh	edy	0	f95r2	f95r	G808-P0355	f95r2.7	7	1	H	B	3	2	EXACT	0.0432565936783	16	-0.00900939425686	3	0.00606395202262	72	0.185661896016	1	0.000220235455542	91	0.0041752192076	92	-0.000238051111127	68	0.113197272441	4	0.0210012657357	6	0.183565190482	1	0.040311151444	0.22597304746	0.0340091483103	0.0613124171798	0.223876341926
M07_L_TO_DY_ALL28:G808-E1603	M07_L_TO_DY_ALL28	ALL28	L	DY	G808-E1603	fch	edy	0	f103v	f103v	G808-P0407	f103v.30	30	5	S	B	3	2	EXACT	0.140106949704	13	0	0	0.00514152828915	72	0	0	0.00670163246704	85	0.00999729670004	85	0.0136612737029	68	-0.139693803985	4	-0.122983600953	6	0	0	0.145248477993	0.145248477993	0.153768223407	0.0222648770398	0.145248477993
M07_L_TO_DY_ALL28:G808-E1701	M07_L_TO_DY_ALL28	ALL28	L	DY	G808-E1701	fch	edy	0	f105v	f105v	G808-P0455	f105v.25	25	6	S	B	3	3	EXACT	0.0428172591035	13	-0.112902289826	2	0.0477948792288	72	0	0	0.0253139482363	87	0.0286921759401	87	0.0606177584591	68	-0.170193723781	4	0.0135913209745	6	0	0	-0.0222901514937	-0.0222901514937	-0.00946727226336	-0.00869883051919	-0.0222901514937
M07_L_TO_DY_ALL28:G808-E0309	M07_L_TO_DY_ALL28	ALL28	L	DY	G808-E0309	fch	eody	1	f30r	f30r	G808-P0104	f30r.1	1	4	H	A	1	3	EXACT	-0.0743784436652	30	0.0846541205181	3	-0.0410773967184	72	-0.0985834104035	1	-0.0550872473812	105	-0.0527909314494	106	-0.0375840447444	68	-0.100464039064	4	0.00655170387484	6	-0.01473405519	1	-0.0308017198655	-0.129385130269	-0.0273083678915	-0.0242500159907	-0.0455357750556
M07_L_TO_DY_ALL28:G808-E0530	M07_L_TO_DY_ALL28	ALL28	L	DY	G808-E0530	fch	edy	0	f48v	f48v	G808-P0181	f48v.1	1	3	H	B	5	3	EXACT	0.123016220787	35	-0.256657666201	2	-0.00124563962004	72	0.071748383772	1	0.029026583434	109	0.0321391387654	110	0.0022434165466	68	-0.0605592648007	4	-0.110133275194	6	0.20432850339	1	-0.134887085035	-0.0631387012627	-0.131398028868	-0.245020360228	0.0694414183557
M07_L_TO_DY_ALL28:G808-E0876	M07_L_TO_DY_ALL28	ALL28	L	DY	G808-E0876	fch	edy	0	f77v	f77v	G808-P0245	f77v.27	27	4	B	B	2	3	EXACT	0.0918945157289	36	0.323136106047	2	0.0218872232292	72	0.144453482536	1	0.046041471652	110	0.0496029116562	111	0.0286416463007	68	-0.0929369000195	4	-0.0717474150262	6	0.118979784503	1	0.436917845005	0.581371327541	0.443672268076	0.365170429979	0.555897629508
M07_L_TO_DY_ALL28:G808-E1374	M07_L_TO_DY_ALL28	ALL28	L	DY	G808-E1374	fch	eody	1	f89v1	f89v	G808-P0344	f89v1.13	13	2	P	A	1	3	EXACT	-0.02949705325	39	0	0	0.0119384059559	72	0	0	-0.00472736474661	111	-0.00142854399079	111	0.00996055998006	68	0.0455621072838	4	0.00146035359272	6	-0.144627505812	1	-0.0175586472941	-0.0175586472941	-0.01953649327	-0.0160982937014	-0.162186153107
M07_L_TO_DY_ALL28:G808-E1836	M07_L_TO_DY_ALL28	ALL28	L	DY	G808-E1836	k	edy	0	f108r	f108r	G808-P0519	f108r.9	9	9	S	B	3	3	EXACT	0.00893118848234	29	0	0	0.0514778402809	72	0	0	0.0326690296725	101	0.0354101707263	101	0.0472784297363	68	0.122870125171	4	-0.0368088028896	6	-0.105952972395	2	0.0604090287633	0.0604090287633	0.0562096182187	0.0236002258737	-0.0455439436315
M07_L_TO_DY_ALL28:G808-E1840	M07_L_TO_DY_ALL28	ALL28	L	DY	G808-E1840	k	edy	0	f108r	f108r	G808-P0521	f108r.19	19	5	S	B	3	2	EXACT	0.105019037044	12	0.11744864859	2	0.0242381610506	72	0	0	0.0206892189442	86	0.0234303599981	86	0.0316855763647	68	-0.102365593658	4	-0.0636533534788	6	-0.0396286565608	1	0.246705846685	0.246705846685	0.254153261999	0.183052493206	0.207077190124
M07_L_TO_DY_ALL28:G808-E1984	M07_L_TO_DY_ALL28	ALL28	L	DY	G808-E1984	k	edy	0	f112r	f112r	G808-P0556	f112r.25	25	6	S	B	3	3	EXACT	0.283828601585	10	0	0	0.0253579423327	72	-0.0472622318067	2	0.0422272268674	82	0.041305493545	84	0.0332402173668	68	-0.108639898467	4	-0.176200588407	6	0.00483357801658	2	0.309186543918	0.261924312111	0.317068818952	0.13298595551	0.314020121934
M07_L_TO_DY_ALL28:G808-E2001	M07_L_TO_DY_ALL28	ALL28	L	DY	G808-E2001	k	edy	0	f112v	f112v	G808-P0564	f112v.8	8	8	S	B	3	3	EXACT	0.0605420607655	11	-0.0365913340605	1	0.0521550266494	72	0	0	0.0316704366515	84	0.0332177590994	84	0.059399780438	68	-0.0709924994554	4	-0.0449348762417	6	0	0	0.0761057533544	0.0761057533544	0.083350507143	0.0311708771126	0.0761057533544
M07_L_TO_DY_ALL28:G808-E2016	M07_L_TO_DY_ALL28	ALL28	L	DY	G808-E2016	k	edy	0	f112v	f112v	G808-P0572	f112v.37	37	10	S	B	3	3	EXACT	0.222373593291	15	-0.0747335791842	2	0.078920580279	72	-0.011146319885	1	0.0821487148468	89	0.0822903793555	90	0.0877397783987	68	-0.0709924994554	4	-0.144159385503	6	-0.0258972163649	1	0.226560594386	0.215414274501	0.235379792506	0.0824012088826	0.200663378021
M07_L_TO_DY_ALL28:G808-E2186	M07_L_TO_DY_ALL28	ALL28	L	DY	G808-E2186	k	eody	1	f115v	f115v	G808-P0657	f115v.42	42	5	S	B	3	3	EXACT	0.0572378231364	15	-0.0926952233082	1	0.0614391670614	72	0	0	0.0469010216628	88	0.0493505248436	88	0.0713202419654	68	-0.106538151596	4	0.0742093525427	6	0	0	0.0259817668895	0.0259817668895	0.0358628417936	0.100191119432	0.0259817668895
M07_L_TO_DY_ALL28:G808-E2202	M07_L_TO_DY_ALL28	ALL28	L	DY	G808-E2202	k	edy	0	f116r	f116r	G808-P0663	f116r.24	24	9	S	B	3	3	EXACT	0.238509479652	77	0.0868949961144	2	0.0331327779989	72	-0.174273871173	1	0.145950798676	151	0.14598233316	152	0.0308273776356	68	0.0723254126431	4	-0.0112161616769	6	-0.196297404332	1	0.358537253765	0.184263382592	0.356231853402	0.347321092088	0.162239849433
M07_L_TO_DY_ALL28:G808-E0208	M07_L_TO_DY_ALL28	ALL28	L	DY	G808-E0208	k	eody	1	f20v	f20v	G808-P0069	f20v.9	9	2	H	A	1	2	EXACT	-0.189843858005	31	-0.434960838939	2	-0.0721953193694	72	-0.117835239975	1	-0.118695652665	105	-0.116727190986	106	-0.0745057337732	68	-0.032917450205	4	-0.0938771774753	6	-0.137137177609	1	-0.697000016314	-0.814835256288	-0.699310430718	-0.790877193789	-0.834137193923
M07_L_TO_DY_ALL28:G808-E0278	M07_L_TO_DY_ALL28	ALL28	L	DY	G808-E0278	k	eody	1	f26v	f26v	G808-P0092	f26v.6	6	2	H	B	2	3	EXACT	0.00781974526685	36	0.11786315326	4	-0.00894427299594	72	-0.141318274471	1	-0.00252542455514	112	-0.00175990240391	113	-0.00758019140863	68	-0.0321328288229	4	-0.0258445122473	6	-0.145186199073	1	0.116738625531	-0.0245796489401	0.118102707118	0.0908941132835	-0.0284475735422
M07_L_TO_DY_ALL28:G808-E0281	M07_L_TO_DY_ALL28	ALL28	L	DY	G808-E0281	k	eody	1	f26v	f26v	G808-P0092	f26v.8	8	6	H	B	2	3	EXACT	0.00781974526685	36	0	0	-0.00940442970571	72	0	0	-0.00626969556494	108	-0.00381336537346	108	-0.00358515572242	68	-0.108331256264	4	0.0573907886184	6	0.150746855808	2	-0.00158468443885	-0.00158468443885	0.00423458954443	0.0558061041796	0.14916217137
M07_L_TO_DY_ALL28:G808-E0402	M07_L_TO_DY_ALL28	ALL28	L	DY	G808-E0402	k	edy	0	f40v	f40v	G808-P0144	f40v.13	13	3	H	B	2	2	EXACT	0.030202980941	31	-0.224036785753	1	-0.0124705783839	72	0	0	-0.00641275784642	104	-0.00395892946697	104	-0.00105961958472	68	-0.206456077271	4	0.0174751090599	6	0	0	-0.206304383196	-0.206304383196	-0.194893424396	-0.188829274136	-0.206304383196
M07_L_TO_DY_ALL28:G808-E0449	M07_L_TO_DY_ALL28	ALL28	L	DY	G808-E0449	k	edy	0	f43v	f43v	G808-P0158	f43v.12	12	2	H	B	2	3	EXACT	-0.0223728149955	24	0.32547027	3	0.002230330287	72	-0.314904988733	2	-0.00187711728323	99	-0.00663943799314	101	0.00416962415154	68	-0.0307368342528	4	-0.0328257693137	6	-0.337243808635	2	0.305327785291	-0.00957720344192	0.307267079156	0.272502015977	-0.0319160233438
M07_L_TO_DY_ALL28:G808-E0452	M07_L_TO_DY_ALL28	ALL28	L	DY	G808-E0452	k	eody	1	f43v	f43v	G808-P0158	f43v.13	13	6	H	B	2	2	EXACT	-0.0223728149955	24	0	0	0.0291562346477	72	-0.294709994694	1	0.00894680500021	96	0.00775384570546	97	0.0251205125554	68	0.0977643413741	4	-0.0335186160255	6	-0.483909705759	1	0.0067834196522	-0.287926575042	0.0027476975599	-0.0267351963733	-0.477126286107
M07_L_TO_DY_ALL28:G808-E0498	M07_L_TO_DY_ALL28	ALL28	L	DY	G808-E0498	k	eody	1	f46v	f46v	G808-P0175	f46v.3	3	2	H	B	2	3	EXACT	0.076566007693	41	-0.0381678983107	5	0.00375918514998	72	0	0	0.0252538154424	118	0.0277049495936	118	0.00585656575131	68	-0.0318954236308	4	0.0571250800572	6	0	0	0.0421572945322	0.0421572945322	0.0442546751336	0.0992823745894	0.0421572945322
M07_L_TO_DY_ALL28:G808-E0520	M07_L_TO_DY_ALL28	ALL28	L	DY	G808-E0520	k	edy	0	f48r	f48r	G808-P0180	f48r.3	3	8	H	B	5	3	EXACT	-0.0613229671199	36	-0.0154132264167	2	0.0248646953768	72	0	0	-0.00711930926566	110	-0.00469156854298	110	0.0203678371841	68	0.101312128422	4	0.00119760602804	6	0.0724598077241	1	-0.0518714981598	-0.0518714981598	-0.0563683563525	-0.0506738921318	0.0205883095643
M07_L_TO_DY_ALL28:G808-E0688	M07_L_TO_DY_ALL28	ALL28	L	DY	G808-E0688	k	eody	1	f66v	f66v	G808-P0220	f66v.6	6	7	H	B	5	3	EXACT	0.262011145003	10	0	0	0.0349275979122	72	0.247085250671	1	0.0480062963944	82	0.0522271859565	83	0.03296705403	68	0.0682576604211	4	-0.000181229420525	6	0.229238551017	1	0.296938742915	0.544023993585	0.294978199033	0.296757513494	0.526177293932
M07_L_TO_DY_ALL28:G808-E0913	M07_L_TO_DY_ALL28	ALL28	L	DY	G808-E0913	k	edy	0	f78r	f78r	G808-P0247	f78r.14	14	6	B	B	2	3	EXACT	0.149192110599	53	0.203207403621	3	0.0343703909083	72	0	0	0.0878543807298	128	0.0903467626683	128	0.0296796833198	68	0.114113207095	4	0.000658949078362	6	0	0	0.386769905129	0.386769905129	0.38207919754	0.387428854207	0.386769905129
M07_L_TO_DY_ALL28:G808-E0917	M07_L_TO_DY_ALL28	ALL28	L	DY	G808-E0917	k	edy	0	f78r	f78r	G808-P0247	f78r.24	24	2	B	B	2	2	EXACT	0.149192110599	53	0	0	0.0362477345291	72	0.649618180434	2	0.0868563317416	125	0.0973771944732	127	0.039539572104	68	-0.0197127170622	4	0.042724441019	6	0.648829445125	2	0.185439845129	0.835058025562	0.188731682704	0.228164286148	0.834269290253
M07_L_TO_DY_ALL28:G808-E0958	M07_L_TO_DY_ALL28	ALL28	L	DY	G808-E0958	k	edy	0	f78v	f78v	G808-P0250	f78v.24	24	9	B	B	2	2	EXACT	0.176700242844	49	0.0998920565281	3	0.000372385259147	72	0	0	0.0732837346519	124	0.0757971884866	124	0.00799505009749	68	-0.129212056269	4	-0.0616516265607	6	0	0	0.276964684632	0.276964684632	0.28458734947	0.215313058071	0.276964684632
M07_L_TO_DY_ALL28:G808-E1223	M07_L_TO_DY_ALL28	ALL28	L	DY	G808-E1223	k	edy	0	f85r1	f85r	G808-P0302	f85r1.5	5	8	T	B	2	2	EXACT	0.14540788618	21	0	0	-0.00488524095985	72	0	0	0.0196466166858	93	0.0220535732127	93	-0.00980395157495	68	0.0787279018976	4	-0.0544426590952	6	0	0	0.140522645221	0.140522645221	0.135603934605	0.0860799861253	0.140522645221
M07_L_TO_DY_ALL28:G808-E1227	M07_L_TO_DY_ALL28	ALL28	L	DY	G808-E1227	k	eody	1	f85r1	f85r	G808-P0304	f85r1.14	14	3	T	B	2	3	EXACT	-0.0610387691747	30	0.30759736889	6	-0.00313331184102	72	0	0	-0.00855337538272	108	-0.00614641885576	108	0.00121910497423	68	-0.0771293352996	4	0.0205950131869	6	-0.0952479762427	2	0.243425287874	0.243425287874	0.247777704689	0.264020301061	0.148177311631
M07_L_TO_DY_ALL28:G808-E1300	M07_L_TO_DY_ALL28	ALL28	L	DY	G808-E1300	k	eody	1	f86v6	f86v	G808-P0328	f86v6.24	24	2	T	B	2	3	EXACT	-0.0394055547909	48	0.345805183478	4	0.0419671919591	72	0.212347046011	2	0.0207952176061	124	0.0254677983436	126	0.047461352137	68	-0.0514331099695	4	-0.00812686637905	6	0.0781716354156	3	0.348366820646	0.560713866657	0.353860980824	0.340239954267	0.426538456062
M07_L_TO_DY_ALL28:G808-E1419	M07_L_TO_DY_ALL28	ALL28	L	DY	G808-E1419	k	edy	0	f94v	f94v	G808-P0349	f94v.4	4	4	H	B	3	2	EXACT	0.225990798788	14	-0.104993073277	1	0.00140910326639	72	-0.17074969046	2	0.0233609850228	87	0.0202610063347	89	0.00628668393308	68	-0.0815082916707	4	0.115019107488	6	-0.157204179543	2	0.122406828777	-0.0483428616828	0.127284409444	0.237425936266	-0.0347973507654
M07_L_TO_DY_ALL28:G808-E1470	M07_L_TO_DY_ALL28	ALL28	L	DY	G808-E1470	k	eody	1	f99r	f99r	G808-P0365	f99r.43	43	7	P	A	1	3	EXACT	0.0630933472514	17	-0.109382455481	3	-0.00538830910793	72	0.0113610572343	2	-0.00924848137783	92	-0.00737961622817	94	-0.0126844120534	68	0.118646250263	4	0.0791204660073	6	0.107110327976	2	-0.051677417338	-0.0403163601036	-0.0589735202835	0.0274430486694	0.0554329106377
M07_L_TO_DY_ALL28:G808-E1631	M07_L_TO_DY_ALL28	ALL28	L	DY	G808-E1631	kch	eody	1	f104r	f104r	G808-P0422	f104r.38	38	4	S	B	3	2	EXACT	0.0603952589048	10	0.107423404433	1	0.0687450262011	72	0	0	0.051587450647	83	0.0544695997608	83	0.0662821382428	68	0.110614452079	4	0.0420252114809	6	0	0	0.236563689539	0.236563689539	0.234100801581	0.27858890102	0.236563689539
M07_L_TO_DY_ALL28:G808-E1665	M07_L_TO_DY_ALL28	ALL28	L	DY	G808-E1665	kch	eody	1	f105r	f105r	G808-P0438	f105r.3	3	4	S	B	3	3	EXACT	0.0886883044421	28	-0.191922290584	2	0.0287802395117	72	0.205850364852	1	0.0337443418408	102	0.037649596629	103	0.0363016938806	68	-0.0990835823776	4	-0.0311837890627	6	0.0492562306799	1	-0.0744537466298	0.131396618222	-0.0669322922609	-0.105637535692	-0.0251975159499
M07_L_TO_DY_ALL28:G808-E1667	M07_L_TO_DY_ALL28	ALL28	L	DY	G808-E1667	kch	edy	0	f105r	f105r	G808-P0440	f105r.12	12	6	S	B	3	3	EXACT	-0.135299982029	9	-0.0932240359858	2	0.0236932117685	72	0	0	-0.0148283981255	83	-0.0120136262115	83	0.0319616135541	68	-0.116868716204	4	-0.00252456208961	6	0	0	-0.204830806246	-0.204830806246	-0.19656240446	-0.207355368336	-0.204830806246
M07_L_TO_DY_ALL28:G808-E2047	M07_L_TO_DY_ALL28	ALL28	L	DY	G808-E2047	kch	eody	1	f113r	f113r	G808-P0585	f113r.29	29	5	S	B	3	3	EXACT	-0.0830274787024	14	0.0959801803454	3	0.0509836185502	72	-0.00402678249899	1	0.0166159970958	89	0.0185417407361	90	0.0611232744023	68	-0.121390099524	4	0.0273638904616	6	-0.0096875629252	1	0.0639363201931	0.0599095376941	0.0740759760453	0.0913002106548	0.0542487572679
M07_L_TO_DY_ALL28:G808-E2089	M07_L_TO_DY_ALL28	ALL28	L	DY	G808-E2089	kch	edy	0	f114r	f114r	G808-P0608	f114r.5	5	9	S	B	3	3	EXACT	0.0633110406956	13	0.0234581877267	2	0.0409233467409	72	0	0	0.0284649217643	87	0.0311962612699	87	0.0370335731394	68	0.107049828811	4	-0.0255926726471	6	0.240360711165	1	0.127692575163	0.127692575163	0.123802801562	0.102099902516	0.368053286328
M07_L_TO_DY_ALL28:G808-E2127	M07_L_TO_DY_ALL28	ALL28	L	DY	G808-E2127	kch	edy	0	f114v	f114v	G808-P0624	f114v.15	15	10	S	B	3	3	EXACT	0.115107855937	19	0	0	0.0273633871072	72	0	0	0.0342996698691	91	0.0370293137714	91	0.0344653455946	68	-0.0933705235955	4	-0.0413332525563	6	0	0	0.142471243044	0.142471243044	0.149573201532	0.101137990488	0.142471243044
M07_L_TO_DY_ALL28:G808-E2157	M07_L_TO_DY_ALL28	ALL28	L	DY	G808-E2157	kch	edy	0	f115r	f115r	G808-P0642	f115r.38	38	9	S	B	@	3	EXACT	-0.0352814036398	11	-0.0601780316034	3	-0.00661154687882	70	-0.100462902053	2	-0.028581969344	84	-0.0288242893099	86	-0.0127981185118	66	0.0954661865396	4	0.0124241550874	6	0.0317705187616	2	-0.102070982122	-0.202533884175	-0.108257553755	-0.0896468270347	-0.0703004633605
M07_L_TO_DY_ALL28:G808-E2181	M07_L_TO_DY_ALL28	ALL28	L	DY	G808-E2181	kch	edy	0	f115v	f115v	G808-P0652	f115v.26	26	2	S	B	3	3	EXACT	0.215545122886	22	0.163093214078	3	0.032537758353	72	0	0	0.0677385654995	97	0.0704859356371	97	0.0343975653601	68	0.000921506640683	4	-0.00354011584403	6	0	0	0.411176095316	0.411176095316	0.413035902324	0.407635979472	0.411176095316
M07_L_TO_DY_ALL28:G808-E0437	M07_L_TO_DY_ALL28	ALL28	L	DY	G808-E0437	kch	edy	0	f43r	f43r	G808-P0153	f43r.6	6	1	H	B	2	1	EXACT	-0.15495830661	33	0	0	0.0223307330753	72	0	0	-0.0377283546564	105	-0.0349807321194	105	0.0189338156598	68	0.0800786569276	4	0.0147116626464	6	0	0	-0.132627573535	-0.132627573535	-0.13602449095	-0.117915910888	-0.132627573535
M07_L_TO_DY_ALL28:G808-E0980	M07_L_TO_DY_ALL28	ALL28	L	DY	G808-E0980	kch	edy	0	f79r	f79r	G808-P0256	f79r.34	34	2	B	B	2	2	EXACT	0.153759008651	17	-0.0406383009834	1	0.0428385853983	72	0	0	0.0491341681866	90	0.0519770389486	90	0.044744700482	68	0.0104349695555	4	-0.0400985963544	6	0	0	0.155959293066	0.155959293066	0.15786540815	0.115860696712	0.155959293066
M07_L_TO_DY_ALL28:G808-E1222	M07_L_TO_DY_ALL28	ALL28	L	DY	G808-E1222	kch	edy	0	f85r1	f85r	G808-P0302	f85r1.5	5	2	T	B	2	2	EXACT	0.146658644582	21	0	0	-0.00369063960094	72	0.03495544982	2	0.0194899003332	93	0.0213082751655	95	-0.00193877194844	68	-0.0334778364615	4	-0.0895540219017	6	0.0463466693343	2	0.142968004981	0.177923454801	0.144719872634	0.0534139830798	0.189314674316
M07_L_TO_DY_ALL28:G808-E1541	M07_L_TO_DY_ALL28	ALL28	L	DY	G808-E1541	ksh	eody	1	f102v1	f102v	G808-P0378	f102v1.23	23	1	P	A	1	2	EXACT	-0.105045799292	21	0	0	-0.0103429720391	72	-0.102266514139	2	-0.0405585265804	93	-0.0405810368425	95	-0.0156422153293	68	0.079742971019	4	-0.0254524915116	6	-0.107139849541	2	-0.115388771331	-0.21765528547	-0.120688014621	-0.140841262843	-0.222528620872
M07_L_TO_DY_ALL28:G808-E1752	M07_L_TO_DY_ALL28	ALL28	L	DY	G808-E1752	ksh	eody	1	f106v	f106v	G808-P0482	f106v.30	30	7	S	B	3	3	EXACT	0.115075441576	15	-0.0627796099064	1	0.0464190418895	71	0	0	0.0450672627038	87	0.047511238524	87	0.0455892358815	67	0.0603183716706	4	0.0621978404131	6	0.334102007744	2	0.0987148735591	0.0987148735591	0.0978850675512	0.160912713972	0.432816881303
M07_L_TO_DY_ALL28:G808-E0970	M07_L_TO_DY_ALL28	ALL28	L	DY	G808-E0970	ksh	edy	0	f79r	f79r	G808-P0253	f79r.16	16	4	B	B	2	3	EXACT	0.203711493119	39	-0.248444707422	2	0.0401726138295	72	0.0554854041676	1	0.0893049294818	113	0.0910482636812	114	0.0454447974398	68	-0.0494541669637	4	0.047657099256	6	0.0520013944012	1	-0.00456060047369	0.0509248036939	0.000711583136557	0.0430964987823	0.0474407939275
M07_L_TO_DY_ALL28:G808-E0101	M07_L_TO_DY_ALL28	ALL28	L	DY	G808-E0101	ksh	eody	1	f9v	f9v	G808-P0033	f9v.6	6	3	H	A	1	3	EXACT	-0.214792461611	24	-0.070029236239	1	-0.065284397271	72	0.0117827773116	1	-0.109743919439	97	-0.10670113229	98	-0.060687902766	68	-0.143424466084	4	0.0521150133101	6	-0.0300097872204	3	-0.350106095121	-0.338323317809	-0.345509600616	-0.297991081811	-0.380115882341
M07_L_TO_DY_ALL28:G808-E1566	M07_L_TO_DY_ALL28	ALL28	L	DY	G808-E1566	lch	edy	0	f103r	f103r	G808-P0387	f103r.23	23	3	S	B	3	2	EXACT	0.280522772816	12	0	0	0.0135505548305	72	-0.0323623248763	2	0.0376587728114	84	0.0375387057876	86	0.0280170567323	68	-0.232379492655	4	-0.0859688854276	6	-0.226515431812	2	0.294073327647	0.261711002771	0.308539829549	0.208104442219	0.0675578958348
M07_L_TO_DY_ALL28:G808-E1591	M07_L_TO_DY_ALL28	ALL28	L	DY	G808-E1591	lch	eody	1	f103v	f103v	G808-P0403	f103v.15	15	8	S	B	3	3	EXACT	0.345433086048	13	0.406297839246	1	0.0329784692006	72	-0.046013554171	1	0.0699187793212	86	0.070881786868	87	0.0286936729226	68	0.105820345686	4	0.0156953472776	6	-0.361734376691	2	0.784709394494	0.738695840323	0.780424598216	0.800404741771	0.422975017802
M07_L_TO_DY_ALL28:G808-E1596	M07_L_TO_DY_ALL28	ALL28	L	DY	G808-E1596	lch	edy	0	f103v	f103v	G808-P0404	f103v.18	18	5	S	B	3	3	EXACT	0.256955816027	11	-0.0617934886951	1	0.056589727751	72	0.0488149359198	1	0.0655048984798	84	0.0675870283544	85	0.0667280294796	68	-0.115761061875	4	-0.00143499871737	6	0.0441493543782	1	0.251752055083	0.300566991002	0.261890356811	0.250317056365	0.295901409461
M07_L_TO_DY_ALL28:G808-E1605	M07_L_TO_DY_ALL28	ALL28	L	DY	G808-E1605	lch	edy	0	f103v	f103v	G808-P0407	f103v.30	30	8	S	B	3	2	EXACT	0.142576717355	13	0.153075972658	1	0.0320507907328	72	0	0	0.035533343167	86	0.0385548372486	86	0.0301059675965	68	0.065113123812	4	-0.120537466879	6	0	0	0.327703480746	0.327703480746	0.325758657609	0.207166013867	0.327703480746
M07_L_TO_DY_ALL28:G808-E1612	M07_L_TO_DY_ALL28	ALL28	L	DY	G808-E1612	lch	edy	0	f103v	f103v	G808-P0410	f103v.40	40	9	S	B	3	3	EXACT	0.25182668011	17	0.192599608049	2	0.0208110684511	72	0	0	0.0553299250773	91	0.058351419159	91	0.0297225593036	68	-0.130683936282	4	0.0228500189484	6	-0.360628660266	2	0.465237356611	0.465237356611	0.474148847463	0.488087375559	0.104608696345
M07_L_TO_DY_ALL28:G808-E1653	M07_L_TO_DY_ALL28	ALL28	L	DY	G808-E1653	lch	edy	0	f104v	f104v	G808-P0431	f104v.25	25	3	S	B	3	3	EXACT	-0.0795630363945	30	0.249662233894	4	0.0464903997178	72	0	0	0.0115016660676	106	0.0145880668719	106	0.0527977417916	68	-0.0607334521551	4	0.00796644705422	6	0.0564831464235	1	0.216589597217	0.216589597217	0.222896939291	0.224556044271	0.273072743641
M07_L_TO_DY_ALL28:G808-E1708	M07_L_TO_DY_ALL28	ALL28	L	DY	G808-E1708	lch	edy	0	f106r	f106r	G808-P0458	f106r.3	3	2	S	B	3	2	EXACT	0.108191778039	12	-0.0297081596367	1	0.0413424381491	72	0	0	0.0340541856877	85	0.0371803362002	85	0.0450034974772	68	-0.0208950205021	4	0.0266543331457	6	-0.0564385907182	1	0.119826056551	0.119826056551	0.123487115879	0.146480389697	0.0633874658332
M07_L_TO_DY_ALL28:G808-E1710	M07_L_TO_DY_ALL28	ALL28	L	DY	G808-E1710	lch	edy	0	f106r	f106r	G808-P0459	f106r.4	4	9	S	B	3	3	EXACT	0.121035499409	19	-0.245103068595	1	0.0419286403978	72	0	0	0.0435763164854	92	0.046702466998	92	0.0525571151783	68	-0.138754880946	4	0.06259914534	6	0	0	-0.082138928788	-0.082138928788	-0.0715104540074	-0.019539783448	-0.082138928788
M07_L_TO_DY_ALL28:G808-E1716	M07_L_TO_DY_ALL28	ALL28	L	DY	G808-E1716	lch	edy	0	f106r	f106r	G808-P0460	f106r.9	9	5	S	B	3	2	EXACT	0.218918511787	7	0	0	0.0541732087226	72	0.128742401842	2	0.0494652550282	79	0.0529329824466	81	0.0536290668176	68	0.0634241710338	4	-0.122582479998	6	0.109274777	2	0.27309172051	0.401834122352	0.272547578605	0.150509240512	0.382366497509
M07_L_TO_DY_ALL28:G808-E1717	M07_L_TO_DY_ALL28	ALL28	L	DY	G808-E1717	lch	edy	0	f106r	f106r	G808-P0461	f106r.10	10	6	S	B	3	2	EXACT	0.236837754433	8	-0.0292839915592	1	0.046973088435	72	0	0	0.0460898415978	81	0.0492159921103	81	0.0422345653515	68	0.12752853078	4	-0.0508841601805	6	0	0	0.254526851308	0.254526851308	0.249788328225	0.203642691128	0.254526851308
M07_L_TO_DY_ALL28:G808-E1739	M07_L_TO_DY_ALL28	ALL28	L	DY	G808-E1739	lch	edy	0	f106r	f106r	G808-P0469	f106r.35	35	5	S	B	3	2	EXACT	0	0	0	0	0.0122593261998	72	-0.152962014807	1	-0.0128986736789	72	-0.0125876823891	73	0.0224732219097	68	-0.161376350943	4	-0.0907171349395	6	-0.327500687725	1	0.0122593261998	-0.140702688607	0.0224732219097	-0.0784578087397	-0.315241361525
M07_L_TO_DY_ALL28:G808-E1767	M07_L_TO_DY_ALL28	ALL28	L	DY	G808-E1767	lch	edy	0	f107r	f107r	G808-P0490	f107r.10	10	4	S	B	3	3	EXACT	0.10856200239	21	0.151963797961	1	0.0126500050099	72	0	0	0.0251184230503	94	0.0283117401452	94	0.0200427972342	68	-0.113027062762	4	-0.0502677564698	6	-0.12069193598	1	0.273175805361	0.273175805361	0.280568597585	0.222908048891	0.152483869381
M07_L_TO_DY_ALL28:G808-E1814	M07_L_TO_DY_ALL28	ALL28	L	DY	G808-E1814	lch	edy	0	f107v	f107v	G808-P0511	f107v.34	34	4	S	B	3	2	EXACT	0.112244193799	16	0	0	0.0338169389155	72	-0.13535258793	1	0.0353663428574	88	0.0356625576037	89	0.0308893803681	68	0.0835860212341	4	0.00274823266308	6	-0.0518316910723	1	0.146061132714	0.0107085447848	0.143133574167	0.148809365377	0.0942294416421
M07_L_TO_DY_ALL28:G808-E1871	M07_L_TO_DY_ALL28	ALL28	L	DY	G808-E1871	lch	edy	0	f108r	f108r	G808-P0529	f108r.45	45	5	S	B	3	3	EXACT	0.355543052488	14	0.364218999551	2	0.0405577055502	72	0.256110934866	2	0.080079562737	88	0.0858151177612	90	0.049760302839	68	-0.115884744857	4	-0.0253467967223	6	0.150743734209	2	0.760319757589	1.01643069246	0.769522354878	0.734972960867	0.911063491798
M07_L_TO_DY_ALL28:G808-E1886	M07_L_TO_DY_ALL28	ALL28	L	DY	G808-E1886	lch	edy	0	f108v	f108v	G808-P0532	f108v.6	6	4	S	B	3	3	EXACT	0.0643391602535	9	-0.0404964881125	1	0.0397998743398	72	-0.115539725196	1	0.0325464416406	82	0.0326755256109	83	0.0493813180803	68	-0.123084131408	4	0.0740909545586	6	-0.0356339194534	1	0.0636425464809	-0.0518971787149	0.0732239902214	0.137733501039	0.0280086270275
M07_L_TO_DY_ALL28:G808-E1890	M07_L_TO_DY_ALL28	ALL28	L	DY	G808-E1890	lch	edy	0	f108v	f108v	G808-P0533	f108v.9	9	7	S	B	3	3	EXACT	0.2412755352	23	0.068149381266	1	0.0502894991629	72	0	0	0.0919041774381	96	0.0944722276826	96	0.0478235842663	68	0.092210590245	4	0.160781778536	6	0	0	0.359714415629	0.359714415629	0.357248500733	0.520496194165	0.359714415629
M07_L_TO_DY_ALL28:G808-E1912	M07_L_TO_DY_ALL28	ALL28	L	DY	G808-E1912	lch	edy	0	f108v	f108v	G808-P0537	f108v.34	34	9	S	B	3	3	EXACT	0.206915435708	91	0.10594093493	2	0.0621527252749	72	0.278741988666	1	0.149271475987	165	0.152292071284	166	0.0725297109567	68	-0.114255493475	4	-0.0803860579792	6	0.273210918274	1	0.375009095912	0.653751084578	0.385386081594	0.294623037933	0.648220014187
M07_L_TO_DY_ALL28:G808-E1927	M07_L_TO_DY_ALL28	ALL28	L	DY	G808-E1927	lch	edy	0	f111r	f111r	G808-P0538	f111r.3	3	4	S	B	3	3	EXACT	0.24460355353	16	0.201629402903	2	0.0381725778036	72	0.115553713487	2	0.0654221248618	90	0.0681816335156	92	0.0465234791829	68	-0.103790883053	4	0.0330583321304	6	0.110436104846	2	0.484405534237	0.599959247724	0.492756435616	0.517463866367	0.594841639083
M07_L_TO_DY_ALL28:G808-E1931	M07_L_TO_DY_ALL28	ALL28	L	DY	G808-E1931	lch	edy	0	f111r	f111r	G808-P0539	f111r.7	7	5	S	B	3	3	EXACT	0.202181501374	131	0.295297042222	5	0.0447922661857	69	0.223966144824	1	0.167767711339	205	0.170783392664	206	0.0549868802618	65	-0.120872602872	4	-0.110891200753	6	0.218848536182	1	0.542270809781	0.766236954604	0.552465423857	0.431379609028	0.761119345963
M07_L_TO_DY_ALL28:G808-E1935	M07_L_TO_DY_ALL28	ALL28	L	DY	G808-E1935	lch	edy	0	f111r	f111r	G808-P0539	f111r.9	9	4	S	B	3	3	EXACT	0.202181501374	131	0.548883627939	2	0.0330603237908	69	0.274881579651	1	0.164764920596	202	0.168045680886	203	0.0414817894229	65	-0.103790883053	4	-0.0133257646027	6	0.26976397101	1	0.784125453104	1.05900703275	0.792546918736	0.770799688501	1.05388942411
M07_L_TO_DY_ALL28:G808-E1937	M07_L_TO_DY_ALL28	ALL28	L	DY	G808-E1937	lch	edy	0	f111r	f111r	G808-P0539	f111r.14	14	12	S	B	3	3	EXACT	0.202181501374	131	-0.110540958229	2	0.0439998740714	69	0	0	0.161972741373	202	0.165024154561	202	0.0565115458754	65	-0.159317183064	4	-0.0919812296895	6	0	0	0.135640417216	0.135640417216	0.14815208902	0.0436591875263	0.135640417216
M07_L_TO_DY_ALL28:G808-E1945	M07_L_TO_DY_ALL28	ALL28	L	DY	G808-E1945	lch	edy	0	f111r	f111r	G808-P0540	f111r.41	41	7	S	B	3	3	EXACT	0.268900053734	32	0.173736863361	1	0.0568518830734	72	-0.404029091616	2	0.117617134468	105	0.109730128529	107	0.0527320121033	68	0.126891552156	4	-0.0692028952159	6	-0.457992874876	2	0.499488800169	0.0954597085531	0.495368929199	0.430285904953	0.0414959252926
M07_L_TO_DY_ALL28:G808-E1946	M07_L_TO_DY_ALL28	ALL28	L	DY	G808-E1946	lch	edy	0	f111r	f111r	G808-P0542	f111r.49	49	5	S	B	3	3	EXACT	0.309834912982	12	0.314045793297	2	0.0475473436126	72	0.350535207933	1	0.0748241872503	86	0.0803141271449	87	0.0574545088524	68	-0.120872602872	4	0.150190746138	6	0.348414869841	2	0.671428049892	1.02196325783	0.681335215131	0.82161879603	1.01984291973
M07_L_TO_DY_ALL28:G808-E1960	M07_L_TO_DY_ALL28	ALL28	L	DY	G808-E1960	lch	edy	0	f111v	f111v	G808-P0544	f111v.16	16	5	S	B	3	3	EXACT	0.19811315594	109	0.501668274166	2	0.0452885442998	72	0.0365407135591	3	0.152974793966	183	0.153041197716	186	0.0548934701384	68	-0.117994816176	4	-0.0571080683685	6	0.0224633449152	3	0.745069974406	0.781610687965	0.754674900244	0.687961906037	0.767533319321
M07_L_TO_DY_ALL28:G808-E1972	M07_L_TO_DY_ALL28	ALL28	L	DY	G808-E1972	lch	edy	0	f111v	f111v	G808-P0550	f111v.46	46	7	S	B	3	3	EXACT	0.301609739882	11	0.0387707517502	2	0.0400612719293	72	0	0	0.0604439845481	85	0.0633718753855	85	0.0347591899043	68	0.130197045134	4	0.0463983310082	6	0.158964813753	1	0.380441763562	0.380441763562	0.375139681537	0.42684009457	0.539406577315
M07_L_TO_DY_ALL28:G808-E1988	M07_L_TO_DY_ALL28	ALL28	L	DY	G808-E1988	lch	edy	0	f112r	f112r	G808-P0558	f112r.31	31	7	S	B	3	3	EXACT	0.239247905387	10	0.0294846442744	2	0.06835133053	72	0.127941272025	1	0.0708090209795	84	0.0737974839445	85	0.0648893582709	68	0.127205206455	4	0.0330873063832	6	0.122719276433	1	0.337083880191	0.465025152216	0.333621907932	0.370171186574	0.459803156624
M07_L_TO_DY_ALL28:G808-E2017	M07_L_TO_DY_ALL28	ALL28	L	DY	G808-E2017	lch	edy	0	f112v	f112v	G808-P0573	f112v.40	40	3	S	B	3	3	EXACT	0.0840517550191	8	-0.356763394349	3	0.0604224115639	72	0.259452404643	1	0.0230368976442	83	0.0274387530744	84	0.0668677721277	68	-0.0491359169877	4	-0.166846478229	6	-0.0412123419869	2	-0.212289227766	0.0471631768767	-0.205843867202	-0.379135705995	-0.253501569753
M07_L_TO_DY_ALL28:G808-E2081	M07_L_TO_DY_ALL28	ALL28	L	DY	G808-E2081	lch	edy	0	f113v	f113v	G808-P0600	f113v.31	31	5	S	B	3	3	EXACT	0.165032532451	33	-0.0174983616886	2	0.0380168424911	72	0.115961228502	1	0.0714001887893	107	0.0742717096409	108	0.0479691023004	68	-0.131170922495	4	-0.00981481797289	6	-0.066331419377	1	0.185551013254	0.301512241756	0.195503273063	0.175736195281	0.119219593877
M07_L_TO_DY_ALL28:G808-E2082	M07_L_TO_DY_ALL28	ALL28	L	DY	G808-E2082	lch	edy	0	f113v	f113v	G808-P0602	f113v.37	37	5	S	B	3	3	EXACT	0.298342330325	7	-0.0301976725912	2	0.042479724266	72	-0.017643331017	1	0.0434606737014	81	0.044988782818	82	0.038055691746	68	0.117688928879	4	0.0131548721853	6	0.473252360021	2	0.310624382	0.292981050983	0.30620034948	0.323779254185	0.783876742021
M07_L_TO_DY_ALL28:G808-E2179	M07_L_TO_DY_ALL28	ALL28	L	DY	G808-E2179	lch	edy	0	f115v	f115v	G808-P0651	f115v.23	23	6	S	B	3	2	EXACT	0.391159133717	10	0	0	0.0127740817507	72	0	0	0.0420715156967	82	0.0451309912195	82	0.0228039864635	68	-0.157733830958	4	-0.021634502647	6	0	0	0.403933215468	0.403933215468	0.413963120181	0.382298712821	0.403933215468
M07_L_TO_DY_ALL28:G808-E2184	M07_L_TO_DY_ALL28	ALL28	L	DY	G808-E2184	lch	edy	0	f115v	f115v	G808-P0654	f115v.33	33	5	S	B	3	2	EXACT	0.324119405524	10	-0.299343904648	1	0.0465794578311	72	0	0	0.0588737630438	83	0.0619332385665	83	0.0585979140779	68	-0.157733830958	4	-0.0780253474154	6	0	0	0.0713549587071	0.0713549587071	0.083373414954	-0.00667038870826	0.0713549587071
M07_L_TO_DY_ALL28:G808-E2188	M07_L_TO_DY_ALL28	ALL28	L	DY	G808-E2188	lch	edy	0	f116r	f116r	G808-P0659	f116r.6	6	3	S	B	3	2	EXACT	0.27967133908	18	0	0	0.0218303041223	72	0.260839231035	2	0.0617013191597	90	0.0677289485994	92	0.0267981270451	68	-0.0626223443538	4	0.00739267099568	6	0.240616437656	2	0.301501643202	0.562340874238	0.306469466125	0.308894314198	0.542118080859
M07_L_TO_DY_ALL28:G808-E2194	M07_L_TO_DY_ALL28	ALL28	L	DY	G808-E2194	lch	edy	0	f116r	f116r	G808-P0660	f116r.8	8	10	S	B	3	3	EXACT	0.488058087949	7	0.0420962994451	3	0.0166887749612	72	0	0	0.0387116454523	82	0.041809458783	82	0.0269781308072	68	-0.158229933209	4	-0.130668480313	6	0	0	0.546843162355	0.546843162355	0.557132518201	0.416174682043	0.546843162355
M07_L_TO_DY_ALL28:G808-E2206	M07_L_TO_DY_ALL28	ALL28	L	DY	G808-E2206	lch	edy	0	f116r	f116r	G808-P0664	f116r.32	32	8	S	B	3	3	EXACT	0.141384412631	75	0.27088345956	2	0.0497207177777	72	0.228297982287	3	0.10654919436	149	0.110779555396	152	0.0462949378492	68	0.107959317775	4	0.0319532529015	6	0.222388049525	3	0.461988589969	0.690286572256	0.45856281004	0.49394184287	0.684376639494
M07_L_TO_DY_ALL28:G808-E0387	M07_L_TO_DY_ALL28	ALL28	L	DY	G808-E0387	lch	edy	0	f39r	f39r	G808-P0137	f39r.8	8	1	H	B	2	3	EXACT	-0.0660135265101	19	-0.143579836209	4	0.0144565225101	72	0.20920570036	1	-0.0201295256261	95	-0.015331981242	96	0.00934777121764	68	0.1013056467	4	0.0180695385534	6	0.22358374848	1	-0.195136840209	0.0140688601513	-0.200245591502	-0.177067301656	0.0284469082709
M07_L_TO_DY_ALL28:G808-E0652	M07_L_TO_DY_ALL28	ALL28	L	DY	G808-E0652	lch	edy	0	f58v	f58v	G808-P0210	f58v.7	7	5	S	A	3	3	EXACT	0.0469668516357	97	-0.0303315383333	4	0.0413724487738	71	-0.0842442491749	1	0.0544635907984	172	0.0563244860694	173	0.0511986069012	67	-0.123215595526	4	0.0319971577841	6	-0.0895914443634	1	0.0580077620762	-0.0262364870987	0.0678339202036	0.0900049198603	-0.0315836822872
M07_L_TO_DY_ALL28:G808-E0681	M07_L_TO_DY_ALL28	ALL28	L	DY	G808-E0681	lch	edy	0	f66r	f66r	G808-P0218	f66r.78	78	5	T	B	5	3	EXACT	0.14100028594	45	0.121141445667	2	0.00637208086856	71	-0.0892892108652	1	0.059458923642	118	0.0607272484209	119	0.0141751515655	67	-0.1243298805	4	-0.0774093349579	6	-0.0958174895629	1	0.268513812476	0.179224601611	0.276316883173	0.191104477518	0.172696322913
M07_L_TO_DY_ALL28:G808-E0697	M07_L_TO_DY_ALL28	ALL28	L	DY	G808-E0697	lch	edy	0	f75r	f75r	G808-P0222	f75r.10	10	10	B	B	2	3	EXACT	0.25735114569	86	-0.00406369121413	4	0.0225225390715	72	0	0	0.156285459996	162	0.159389517627	162	0.0332982867733	68	-0.160664824759	4	-0.180780250278	6	0	0	0.275809993547	0.275809993547	0.286585741249	0.0950297432696	0.275809993547
M07_L_TO_DY_ALL28:G808-E0722	M07_L_TO_DY_ALL28	ALL28	L	DY	G808-E0722	lch	edy	0	f75v	f75v	G808-P0226	f75v.10	10	5	B	B	2	3	EXACT	0.194932580719	57	0.0880059886168	2	0.025220571004	72	-0.191554940063	1	0.103343491676	131	0.103674899017	132	0.0337937536569	68	-0.120521177041	4	-0.0166285170544	6	-0.248324701741	1	0.30815914034	0.116604200277	0.316732322993	0.291530623286	0.0598344385992
M07_L_TO_DY_ALL28:G808-E0758	M07_L_TO_DY_ALL28	ALL28	L	DY	G808-E0758	lch	edy	0	f76r	f76r	G808-P0231	f76r.20	20	4	T	B	2	3	EXACT	0.197511620008	125	0.27694646589	1	-0.0194173766105	70	0.283565123295	1	0.136953814766	196	0.140435312966	197	-0.0143629953812	66	-0.102814940715	4	-0.0977074188192	6	0.27840709095	1	0.455040709288	0.738605832583	0.460095090518	0.357333290469	0.733447800239
M07_L_TO_DY_ALL28:G808-E0759	M07_L_TO_DY_ALL28	ALL28	L	DY	G808-E0759	lch	edy	0	f76r	f76r	G808-P0231	f76r.21	21	3	T	B	2	3	EXACT	0.197511620008	125	-0.139599898542	1	-0.0319838173619	70	0.25225521393	1	0.130340563659	196	0.133696698111	197	-0.0303787414996	66	-0.0584678429118	4	0.0136419601288	6	0.247097181585	1	0.0259279041048	0.278183118035	0.0275329799671	0.0395698642336	0.27302508569
M07_L_TO_DY_ALL28:G808-E0769	M07_L_TO_DY_ALL28	ALL28	L	DY	G808-E0769	lch	edy	0	f76r	f76r	G808-P0232	f76r.42	42	6	T	B	2	3	EXACT	0.292576585301	17	-0.250748345085	3	-0.0106646286742	72	-0.0177905170349	2	0.0246710897272	92	0.0254669205632	94	-0.0042372042421	68	-0.119930345002	4	0.0168784305526	6	-0.21847240457	2	0.0311636115415	0.0133730945067	0.0375910359737	0.0480420420941	-0.187308793028
M07_L_TO_DY_ALL28:G808-E0773	M07_L_TO_DY_ALL28	ALL28	L	DY	G808-E0773	lch	edy	0	f76r	f76r	G808-P0233	f76r.46	46	6	T	B	2	2	EXACT	0.183165343124	39	-0.344671784383	1	0.0129074966275	72	-6.40835979926e-06	1	0.0667713303472	112	0.0686758818244	113	0.00747042111781	68	0.105338279311	4	-0.086071733749	6	-0.0635153344145	1	-0.148598944632	-0.148605352992	-0.154036020141	-0.234670678381	-0.212114279046
M07_L_TO_DY_ALL28:G808-E0786	M07_L_TO_DY_ALL28	ALL28	L	DY	G808-E0786	lch	edy	0	f76v	f76v	G808-P0235	f76v.6	6	10	B	B	2	3	EXACT	0.279507520604	37	0.138877019168	1	0.0271103553586	72	0	0	0.109895986323	110	0.112939111912	110	0.0377949768985	68	-0.154527890362	4	0.0484891034626	6	-0.197018313811	1	0.445494895131	0.445494895131	0.456179516671	0.493983998593	0.24847658132
M07_L_TO_DY_ALL28:G808-E0810	M07_L_TO_DY_ALL28	ALL28	L	DY	G808-E0810	lch	edy	0	f76v	f76v	G808-P0237	f76v.24	24	4	B	B	2	2	EXACT	0.336687269811	20	0.0144852278899	1	0.034715473033	72	-0.0298188089969	1	0.088019436209	93	0.0891280618133	94	0.0304533681856	68	0.107171575896	4	-0.066618842629	6	-0.0518783103928	1	0.385887970734	0.356069161737	0.381625865887	0.319269128105	0.334009660341
M07_L_TO_DY_ALL28:G808-E0814	M07_L_TO_DY_ALL28	ALL28	L	DY	G808-E0814	lch	edy	0	f76v	f76v	G808-P0238	f76v.28	28	9	B	B	2	3	EXACT	0.183546333819	44	0.0102999263096	2	0.0229154730794	72	0	0	0.0819469503656	118	0.0849900759538	118	0.0333533368382	68	-0.154527890362	4	-0.000186044789138	6	0	0	0.216761733208	0.216761733208	0.227199596967	0.216575688419	0.216761733208
M07_L_TO_DY_ALL28:G808-E0820	M07_L_TO_DY_ALL28	ALL28	L	DY	G808-E0820	lch	edy	0	f76v	f76v	G808-P0239	f76v.35	35	6	B	B	2	3	EXACT	0.116077543958	9	-0.0196578672048	1	0.0414262305366	72	-0.0469492993994	2	0.0302594071219	82	0.0299403074767	84	0.0363044127897	68	0.128497452692	4	-0.0605937004659	6	-0.00989590199925	2	0.13784590729	0.0908966078904	0.132724089543	0.0772522068239	0.127950005291
M07_L_TO_DY_ALL28:G808-E0822	M07_L_TO_DY_ALL28	ALL28	L	DY	G808-E0822	lch	edy	0	f76v	f76v	G808-P0240	f76v.37	37	2	B	B	2	3	EXACT	0.322302984892	22	0.165211224863	4	0.0358608820096	72	0	0	0.0946009565909	98	0.0976440821791	98	0.0390434518937	68	-0.0182424855628	4	0.0560460153194	6	-0.405782700345	1	0.523375091764	0.523375091764	0.526557661648	0.579421107083	0.117592391419
M07_L_TO_DY_ALL28:G808-E0835	M07_L_TO_DY_ALL28	ALL28	L	DY	G808-E0835	lch	edy	0	f77r	f77r	G808-P0241	f77r.15	15	9	B	B	2	2	EXACT	0.29113973686	46	-0.0769006568673	2	0.0314656676863	72	0	0	0.129407685059	120	0.132440895373	120	0.0409523670645	68	-0.129807927012	4	-0.00138360716933	6	1.19421686763	1	0.245704747679	0.245704747679	0.255191447057	0.24432114051	1.43992161531
M07_L_TO_DY_ALL28:G808-E0840	M07_L_TO_DY_ALL28	ALL28	L	DY	G808-E0840	lch	edy	0	f77r	f77r	G808-P0241	f77r.22	22	3	B	B	2	3	EXACT	0.29113973686	46	0.0350481929213	3	0.0131205959902	72	0	0	0.11933131796	121	0.122364528274	121	0.0172199799852	68	-0.0565686371927	4	-0.00804965257697	6	-0.246203776589	1	0.339308525772	0.339308525772	0.343407909767	0.331258873195	0.0931047491824
M07_L_TO_DY_ALL28:G808-E0865	M07_L_TO_DY_ALL28	ALL28	L	DY	G808-E0865	lch	edy	0	f77v	f77v	G808-P0244	f77v.12	12	1	B	B	2	2	EXACT	0.240778363824	34	-0.18276160206	3	0.0120445080264	72	0	0	0.0736030504496	109	0.0766212363125	109	0.00655417095898	68	0.10538130714	4	0.0967476275698	6	0	0	0.0700612697904	0.0700612697904	0.064570932723	0.16680889736	0.0700612697904
M07_L_TO_DY_ALL28:G808-E0887	M07_L_TO_DY_ALL28	ALL28	L	DY	G808-E0887	lch	edy	0	f77v	f77v	G808-P0246	f77v.36	36	5	B	B	2	2	EXACT	0.250940413635	36	0.175188764412	2	0.00414345814675	72	0.0178449245953	1	0.0845679695936	110	0.0864191915158	111	0.0115389620386	68	-0.121579039048	4	-0.0863955342001	6	0.0136484851588	1	0.430272636194	0.448117560789	0.437668140085	0.343877101993	0.443921121352
M07_L_TO_DY_ALL28:G808-E0893	M07_L_TO_DY_ALL28	ALL28	L	DY	G808-E0893	lch	edy	0	f77v	f77v	G808-P0246	f77v.41	41	2	B	B	2	3	EXACT	0.250940413635	36	0.151967660475	4	0.0180641527558	72	-0.293684917689	2	0.0938427652895	112	0.0889602908822	114	0.0200265891481	68	-0.0152961969452	4	-0.0727021005259	6	-0.297881357126	2	0.420972226866	0.127287309177	0.422934663258	0.34827012634	0.12309086974
M07_L_TO_DY_ALL28:G808-E0894	M07_L_TO_DY_ALL28	ALL28	L	DY	G808-E0894	lch	edy	0	f77v	f77v	G808-P0246	f77v.42	42	4	B	B	2	2	EXACT	0.250940413635	36	0	0	0.0376830360564	72	0	0	0.105729803739	108	0.108747989602	108	0.0352941934743	68	0.078294428919	4	0.096274903133	6	-0.141199143963	2	0.288623449692	0.288623449692	0.28623460711	0.384898352825	0.147424305729
M07_L_TO_DY_ALL28:G808-E0949	M07_L_TO_DY_ALL28	ALL28	L	DY	G808-E0949	lch	edy	0	f78v	f78v	G808-P0249	f78v.16	16	7	B	B	2	3	EXACT	0.22081691092	57	-0.00410296279397	3	0.054360892162	72	-0.704281718888	1	0.128071256556	132	0.12441977616	133	0.0500113641565	68	0.128303241726	4	-0.032331573884	6	-0.807096659619	1	0.271074840288	-0.4332068786	0.266725312282	0.238743266404	-0.536021819331
M07_L_TO_DY_ALL28:G808-E0959	M07_L_TO_DY_ALL28	ALL28	L	DY	G808-E0959	lch	edy	0	f78v	f78v	G808-P0250	f78v.29	29	1	B	B	2	3	EXACT	0.203498999455	45	0.313955237379	4	0.0115846498827	72	0.0180053433508	1	0.0922053689869	121	0.0941604720725	122	0.00609242391156	68	0.104952864863	4	0.0788701887186	6	0.0128330531404	1	0.529038886717	0.547044230068	0.523546660746	0.607909075435	0.541871939857
M07_L_TO_DY_ALL28:G808-E0994	M07_L_TO_DY_ALL28	ALL28	L	DY	G808-E0994	lch	edy	0	f79v	f79v	G808-P0260	f79v.11	11	2	B	B	2	2	EXACT	0.324764082692	3	-0.0924568032134	1	0.0323642986705	72	-0.132392249082	1	0.020697880878	76	0.0209188502133	77	0.0371712707802	68	-0.0493539006492	4	0.0372817612624	6	-0.137789149604	1	0.26467157815	0.132279329067	0.269478550259	0.301953339412	0.126882428545
M07_L_TO_DY_ALL28:G808-E1042	M07_L_TO_DY_ALL28	ALL28	L	DY	G808-E1042	lch	edy	0	f80v	f80v	G808-P0273	f80v.14	14	8	B	B	2	2	EXACT	0.35404965806	14	-0.13379495826	1	0.030215429894	72	-0.239286127379	1	0.0642909271005	87	0.0630081505195	88	0.0433898117249	68	-0.193748838773	4	0.0308241528414	6	-0.242783992705	1	0.250470129694	0.0111840023146	0.263644511525	0.281294282535	0.00768613698841
M07_L_TO_DY_ALL28:G808-E1043	M07_L_TO_DY_ALL28	ALL28	L	DY	G808-E1043	lch	edy	0	f80v	f80v	G808-P0273	f80v.15	15	3	B	B	2	3	EXACT	0.35404965806	14	0.346822486374	5	0.0430496326024	72	0.185238042629	2	0.0909076633922	91	0.0944824214414	93	0.0489297384944	68	-0.0569119451048	4	0.0515910570715	6	0.157418912322	3	0.743921777036	0.929159819666	0.749801882928	0.795512834108	0.901340689358
M07_L_TO_DY_ALL28:G808-E1052	M07_L_TO_DY_ALL28	ALL28	L	DY	G808-E1052	lch	edy	0	f80v	f80v	G808-P0275	f80v.26	26	4	B	B	2	2	EXACT	0.13953457895	18	0	0	0.0158058233742	72	0.277364963041	1	0.027236626841	90	0.0321751848114	91	0.0117451175309	68	0.0848380451679	4	0.0219625226009	6	0.273867097714	1	0.155340402325	0.432705365365	0.151279696481	0.177302924925	0.429207500039
M07_L_TO_DY_ALL28:G808-E1111	M07_L_TO_DY_ALL28	ALL28	L	DY	G808-E1111	lch	edy	0	f82r	f82r	G808-P0284	f82r.15	15	2	B	B	2	3	EXACT	0.231059476396	29	-0.51369604169	3	0.0329557921427	72	0	0	0.0660820729065	104	0.0692672248626	104	0.035865926586	68	-0.0165160896983	4	-0.0295656451873	6	0	0	-0.249680773152	-0.249680773152	-0.246770638709	-0.279246418339	-0.249680773152
M07_L_TO_DY_ALL28:G808-E1113	M07_L_TO_DY_ALL28	ALL28	L	DY	G808-E1113	lch	edy	0	f82r	f82r	G808-P0284	f82r.16	16	2	B	B	2	3	EXACT	0.231059476396	29	0.304489030492	7	0.0594430179208	72	0.514326406052	2	0.114308757443	108	0.123553717999	110	0.0639112244687	68	-0.0165160896983	4	0.0341257816688	6	0.4840677605	3	0.594991524808	1.10931793086	0.599459731356	0.629117306477	1.07905928531
M07_L_TO_DY_ALL28:G808-E1118	M07_L_TO_DY_ALL28	ALL28	L	DY	G808-E1118	lch	edy	0	f82r	f82r	G808-P0285	f82r.25	25	7	B	B	2	3	EXACT	0.24256767058	43	-5.96824667678e-05	1	0.0465449949393	72	0	0	0.118158034422	116	0.121343186378	116	0.0415400437693	68	0.131629568525	4	0.0246072318071	6	0	0	0.289052983053	0.289052983053	0.284048031883	0.31366021486	0.289052983053
M07_L_TO_DY_ALL28:G808-E1156	M07_L_TO_DY_ALL28	ALL28	L	DY	G808-E1156	lch	edy	0	f83r	f83r	G808-P0292	f83r.3	3	7	B	B	2	3	EXACT	0.137193947113	23	0.00851940502543	2	0.0252723537814	72	-0.158400986907	3	0.0421425652063	97	0.037273951726	100	0.0192905814359	68	0.126962837237	4	-0.0902281932991	6	-0.293806698737	3	0.17098570592	0.0125847190131	0.165003933574	0.0807575126208	-0.122820992818
M07_L_TO_DY_ALL28:G808-E1160	M07_L_TO_DY_ALL28	ALL28	L	DY	G808-E1160	lch	edy	0	f83r	f83r	G808-P0292	f83r.6	6	8	B	B	2	3	EXACT	0.137193947113	23	0.127305089502	2	0.00644788545066	72	0.407143363921	2	0.0306189533417	97	0.0399947884032	99	0.0145047549217	68	-0.130518541976	4	-0.119177308245	6	0.405800520615	2	0.270946922066	0.678090285987	0.279003791537	0.151769613821	0.676747442681
M07_L_TO_DY_ALL28:G808-E1167	M07_L_TO_DY_ALL28	ALL28	L	DY	G808-E1167	lch	edy	0	f83r	f83r	G808-P0293	f83r.11	11	9	B	B	2	3	EXACT	0.189692285898	27	-0.166921038266	2	0.00717159027955	72	0	0	0.0451235758803	101	0.0481744824074	101	0.0152710306229	68	-0.130518541976	4	-0.118325400884	6	-0.162926816637	1	0.029942837911	0.029942837911	0.0380422782544	-0.0883825629732	-0.132983978726
M07_L_TO_DY_ALL28:G808-E1172	M07_L_TO_DY_ALL28	ALL28	L	DY	G808-E1172	lch	edy	0	f83r	f83r	G808-P0293	f83r.14	14	6	B	B	2	3	EXACT	0.189692285898	27	-0.314923962868	1	0.00964481860424	72	-0.18334130565	3	0.0478189146163	100	0.0422892191512	103	0.00395845134155	68	0.106313415652	4	0.0359185327794	6	-0.1937017108	3	-0.115586858366	-0.298928164016	-0.121273225628	-0.0796683255864	-0.309288569166
M07_L_TO_DY_ALL28:G808-E1188	M07_L_TO_DY_ALL28	ALL28	L	DY	G808-E1188	lch	edy	0	f83r	f83r	G808-P0296	f83r.32	32	3	B	B	2	1	EXACT	0.150585412198	32	0	0	0.0215201001756	72	0.283275438538	1	0.0564734951045	104	0.0610802253964	105	0.0222869874051	68	0.00848337085647	4	-0.0119308125281	6	0.278233250662	1	0.172105512373	0.455380950911	0.172872399603	0.160174699845	0.450338763035
M07_L_TO_DY_ALL28:G808-E1189	M07_L_TO_DY_ALL28	ALL28	L	DY	G808-E1189	lch	edy	0	f83r	f83r	G808-P0296	f83r.37	37	3	B	B	2	1	EXACT	0.150585412198	32	0	0	0.0228629909117	72	-0.24999241625	1	0.057403188691	104	0.0569223232841	105	0.038330916049	68	-0.240091382841	4	-0.0351361463189	6	-0.255034604126	1	0.173448403109	-0.0765440131406	0.188916328247	0.13831225679	-0.0815862010171
M07_L_TO_DY_ALL28:G808-E1192	M07_L_TO_DY_ALL28	ALL28	L	DY	G808-E1192	lch	edy	0	f83r	f83r	G808-P0296	f83r.41	41	2	B	B	2	2	EXACT	0.150585412198	32	0	0	0.00149164001096	72	0.241602742138	1	0.0426076380675	104	0.0469495413178	105	0.013160973239	68	-0.196886671283	4	-0.0545113606421	6	0.236560554261	1	0.152077052209	0.393679794346	0.163746385437	0.0975656915665	0.38863760647
M07_L_TO_DY_ALL28:G808-E1426	M07_L_TO_DY_ALL28	ALL28	L	DY	G808-E1426	lch	edy	0	f95r1	f95r	G808-P0353	f95r1.8	8	7	H	B	3	3	EXACT	0.013154712779	28	-0.0198655914203	1	0.0126349138476	72	0	0	0.00570484322118	101	0.00870778518937	101	0.00948422369541	68	0.0661969424462	4	-0.0352420139963	6	0.132667232321	2	0.00592403520631	0.00592403520631	0.00277334505417	-0.02931797879	0.138591267527
M07_L_TO_DY_ALL28:G808-E1621	M07_L_TO_DY_ALL28	ALL28	L	DY	G808-E1621	lk	eody	1	f104r	f104r	G808-P0413	f104r.8	8	4	S	B	3	3	EXACT	0.049735848433	24	0.126828192725	4	0.056968516082	72	-0.444548240229	1	0.0499718309913	100	0.0471953194936	101	0.0649762834178	68	-0.0791655086236	4	0.0806368971043	6	-0.449630074326	1	0.23353255724	-0.211015682988	0.241540324576	0.314169454345	-0.216097517085
M07_L_TO_DY_ALL28:G808-E1624	M07_L_TO_DY_ALL28	ALL28	L	DY	G808-E1624	lk	eody	1	f104r	f104r	G808-P0414	f104r.11	11	2	S	B	3	3	EXACT	0.046372972695	7	0.189556180905	2	0.0689237368289	72	0	0	0.0534912907968	81	0.0561687463605	81	0.0763459617023	68	-0.0572560660156	4	0.0302595252067	6	0	0	0.304852890429	0.304852890429	0.312275115302	0.335112415635	0.304852890429
M07_L_TO_DY_ALL28:G808-E1680	M07_L_TO_DY_ALL28	ALL28	L	DY	G808-E1680	lk	edy	0	f105r	f105r	G808-P0442	f105r.21	21	2	S	B	3	3	EXACT	0.0771356717807	31	0.0164091048695	3	0.048658844121	72	0	0	0.0507661198198	106	0.0534348309106	106	0.0551937355436	68	-0.0624365350817	4	0.108936969458	6	0	0	0.142203620771	0.142203620771	0.148738512194	0.251140590229	0.142203620771
M07_L_TO_DY_ALL28:G808-E1688	M07_L_TO_DY_ALL28	ALL28	L	DY	G808-E1688	lk	edy	0	f105r	f105r	G808-P0446	f105r.31	31	8	S	B	3	3	EXACT	0.0731343260966	14	0.20583632305	3	0.0588771661424	71	-0.317305133943	1	0.0528992065555	88	0.0507762270433	89	0.0563282061361	67	0.101571749586	4	0.0786967643856	6	-0.322348572681	1	0.337847815289	0.0205426813463	0.335298855283	0.416544579675	0.0154992426085
M07_L_TO_DY_ALL28:G808-E1811	M07_L_TO_DY_ALL28	ALL28	L	DY	G808-E1811	lk	eody	1	f107v	f107v	G808-P0510	f107v.30	30	4	S	B	3	3	EXACT	0.534637251005	5	-0.0077766417707	4	0.0729520671039	72	0.0967993464722	2	0.0783962442778	81	0.0800013896943	83	0.080923864553	68	-0.0625702133129	4	0.095597902453	6	0.10708756664	3	0.599812676338	0.69661202281	0.607784473787	0.695410578791	0.706900242978
M07_L_TO_DY_ALL28:G808-E1835	M07_L_TO_DY_ALL28	ALL28	L	DY	G808-E1835	lk	edy	0	f108r	f108r	G808-P0519	f108r.9	9	5	S	B	3	3	EXACT	-0.0345897659595	28	0.253616498509	3	0.0388580318676	72	0	0	0.0174043043271	103	0.020187120785	103	0.0451860474553	68	-0.0687195054883	4	-0.0287387754695	6	0.0641506577386	1	0.257884764417	0.257884764417	0.264212780004	0.229145988947	0.322035422155
M07_L_TO_DY_ALL28:G808-E1845	M07_L_TO_DY_ALL28	ALL28	L	DY	G808-E1845	lk	edy	0	f108r	f108r	G808-P0523	f108r.24	24	4	S	B	3	3	EXACT	0.126678895059	20	0.154363489346	4	0.0420624489131	72	0.0572596174009	1	0.052052191565	96	0.0542835014082	97	0.0480248932835	68	-0.0593003777491	4	0.060032976211	6	-0.270253751572	2	0.323104833318	0.380364450718	0.329067277688	0.383137809529	0.0528510817458
M07_L_TO_DY_ALL28:G808-E1882	M07_L_TO_DY_ALL28	ALL28	L	DY	G808-E1882	lk	edy	0	f108v	f108v	G808-P0531	f108v.3	3	3	S	B	3	3	EXACT	0.370414357659	19	0	0	0.0439469121588	72	0.285188467078	1	0.108122371451	91	0.111631699538	92	0.0528593938428	68	-0.107567050462	4	0.00965868481616	6	0.252671856253	1	0.414361269818	0.699549736896	0.423273751502	0.424019954634	0.667033126071
M07_L_TO_DY_ALL28:G808-E1889	M07_L_TO_DY_ALL28	ALL28	L	DY	G808-E1889	lk	edy	0	f108v	f108v	G808-P0533	f108v.7	7	8	S	B	3	3	EXACT	0.261177875124	26	0	0	0.0763023482193	72	0.455287702216	1	0.123052414954	98	0.128026905264	99	0.074649315385	68	0.104402132409	4	-0.19775259961	6	0.251283476662	1	0.337480223343	0.792767925559	0.335827190509	0.139727623733	0.588763700005
M07_L_TO_DY_ALL28:G808-E1917	M07_L_TO_DY_ALL28	ALL28	L	DY	G808-E1917	lk	edy	0	f108v	f108v	G808-P0537	f108v.38	38	8	S	B	3	3	EXACT	0.204701952804	90	-0.0720994212967	3	0.0673392503486	72	0	0	0.145487861572	165	0.147551742293	165	0.0682138256294	68	0.0524696965821	4	0.0324745434962	6	0.0293256774439	1	0.199941781856	0.199941781856	0.200816357137	0.232416325353	0.2292674593
M07_L_TO_DY_ALL28:G808-E2013	M07_L_TO_DY_ALL28	ALL28	L	DY	G808-E2013	lk	edy	0	f112v	f112v	G808-P0572	f112v.36	36	8	S	B	3	3	EXACT	0.161545859695	13	0.391093362997	1	0.0622372236214	72	-0.115572047762	1	0.0616865235057	86	0.0609701012205	87	0.0650216264313	68	0.014912695948	4	0.011859105339	6	-0.117494398749	1	0.614876446313	0.499304398552	0.617660849123	0.626735551652	0.497382047564
M07_L_TO_DY_ALL28:G808-E2052	M07_L_TO_DY_ALL28	ALL28	L	DY	G808-E2052	lk	eody	1	f113r	f113r	G808-P0589	f113r.39	39	5	S	B	3	3	EXACT	0.156535296544	12	0.0169943406953	1	0.0296499606174	72	0	0	0.0335626979529	85	0.0361935236885	85	0.0355446441261	68	-0.0705615388574	4	0.047445707473	6	0	0	0.203179597856	0.203179597856	0.209074281365	0.250625305329	0.203179597856
M07_L_TO_DY_ALL28:G808-E2154	M07_L_TO_DY_ALL28	ALL28	L	DY	G808-E2154	lk	edy	0	f115r	f115r	G808-P0640	f115r.30	30	9	S	B	@	3	EXACT	0.148068095644	29	0	0	0.0108772394355	70	0	0	0.0464066939925	99	0.0490276632019	99	0.0120873062993	66	-0.00908820771698	4	-0.00427115096831	6	0	0	0.158945335079	0.158945335079	0.160155401943	0.154674184111	0.158945335079
M07_L_TO_DY_ALL28:G808-E0744	M07_L_TO_DY_ALL28	ALL28	L	DY	G808-E0744	lk	edy	0	f76r	f76r	G808-P0231	f76r.5	5	9	T	B	2	3	EXACT	0.18524541224	125	-0.231935751613	4	0.0193904780488	70	0.241370430862	1	0.133025448582	199	0.135850818442	200	0.014567618362	66	0.0989686845996	4	-0.0441670387761	6	0.201279274342	1	-0.0272998613244	0.214070569538	-0.0321227210112	-0.0714669001005	0.173979413018
M07_L_TO_DY_ALL28:G808-E0779	M07_L_TO_DY_ALL28	ALL28	L	DY	G808-E0779	lk	edy	0	f76r	f76r	G808-P0234	f76r.52	52	5	T	B	2	2	EXACT	0.227033034502	31	0	0	-0.0110239718324	72	-0.0668220920351	2	0.0561009847392	103	0.055285845255	105	-0.00743506522608	68	-0.0720372287899	4	-0.0318770053904	6	-0.100860685382	2	0.21600906267	0.149186970635	0.219597969276	0.18413205728	0.115148377288
M07_L_TO_DY_ALL28:G808-E0799	M07_L_TO_DY_ALL28	ALL28	L	DY	G808-E0799	lk	edy	0	f76v	f76v	G808-P0237	f76v.17	17	9	B	B	2	3	EXACT	0.312846836297	30	-0.0194327989816	1	0.0269383487472	72	0.237211631537	1	0.104242643189	103	0.107487483237	104	0.0291435333968	68	-0.0105517803568	4	-0.0129574957417	6	0.197171289574	1	0.320352386063	0.557564017599	0.322557570712	0.307394890321	0.517523675637
M07_L_TO_DY_ALL28:G808-E1116	M07_L_TO_DY_ALL28	ALL28	L	DY	G808-E1116	lk	edy	0	f82r	f82r	G808-P0285	f82r.21	21	3	B	B	2	3	EXACT	0.240816253531	54	-0.0250938465619	4	0.0202594478277	72	-0.514488493907	2	0.112369567848	130	0.104689087115	132	0.0274319566619	68	-0.101675109532	4	0.0620341825675	6	-0.583016166109	2	0.235981854797	-0.27850663911	0.243154363632	0.298016037365	-0.347034311312
M07_L_TO_DY_ALL28:G808-E1141	M07_L_TO_DY_ALL28	ALL28	L	DY	G808-E1141	lk	edy	0	f82v	f82v	G808-P0288	f82v.18	18	6	B	B	2	3	EXACT	0.202014829308	27	0.0359228130722	2	0.0378374440345	72	0.0311270845571	3	0.0751216288892	101	0.074870549826	104	0.0340046215152	68	0.102993469105	4	-0.0124518880708	6	0.0224329297496	3	0.275775086414	0.306902170972	0.271942263895	0.263323198344	0.298208016164
M07_L_TO_DY_ALL28:G808-E1175	M07_L_TO_DY_ALL28	ALL28	L	DY	G808-E1175	lk	edy	0	f83r	f83r	G808-P0294	f83r.21	21	6	B	B	2	2	EXACT	0.259047592558	23	0	0	0.0203813701929	72	0	0	0.0703135765963	95	0.0728556624275	95	0.0157070854935	68	0.0998422529347	4	0.0443248581791	6	-0.262443237048	1	0.279428962751	0.279428962751	0.274754678052	0.32375382093	0.0169857257035
M07_L_TO_DY_ALL28:G808-E1524	M07_L_TO_DY_ALL28	ALL28	L	DY	G808-E1524	ok	eody	1	f102r1	f102r	G808-P0375	f102r1.11	11	5	P	A	1	3	EXACT	-0.0544422911871	6	0	0	0.0107849836522	72	-0.109535122859	2	-0.0154463285172	78	-0.0166664070425	80	0.00462911347801	68	0.115435162707	4	-0.0638176238672	6	-0.0505829712918	2	-0.0436573075349	-0.153192430394	-0.0498131777091	-0.107474931402	-0.0942402788267
M07_L_TO_DY_ALL28:G808-E1545	M07_L_TO_DY_ALL28	ALL28	L	DY	G808-E1545	ok	eody	1	f102v2	f102v	G808-P0379	f102v2.22	22	13	P	A	1	3	EXACT	0.0218654087238	34	-0.145389135101	6	-0.0444875894049	71	0	0	-0.034696248597	111	-0.032318785086	111	-0.0389376329234	67	-0.13744963196	4	0.00375913690722	6	0.450291677649	1	-0.168011315782	-0.168011315782	-0.1624613593	-0.164252178875	0.282280361867
M07_L_TO_DY_ALL28:G808-E1552	M07_L_TO_DY_ALL28	ALL28	L	DY	G808-E1552	ok	edy	0	f103r	f103r	G808-P0381	f103r.4	4	3	S	B	3	2	EXACT	-0.0759185085213	25	-0.0975817704678	1	0.0302591986505	71	0.269188365609	1	-0.0052517934485	97	-0.000608866069113	98	0.0364181326972	67	-0.0729028422584	4	-0.102792648439	6	0.27094339502	1	-0.143241080339	0.12594728527	-0.137082146292	-0.246033728777	0.127702314682
M07_L_TO_DY_ALL28:G808-E1565	M07_L_TO_DY_ALL28	ALL28	L	DY	G808-E1565	ok	edy	0	f103r	f103r	G808-P0387	f103r.21	21	7	S	B	3	3	EXACT	0.207770393763	10	0.427248921147	2	0.0531187765118	72	-0.136025445375	1	0.0657212017454	84	0.0651052871893	85	0.0508947617523	68	0.0909275122685	4	-0.0136981514632	6	-0.134270415964	1	0.688138091421	0.552112646046	0.685914076662	0.674439939958	0.553867675458
M07_L_TO_DY_ALL28:G808-E1610	M07_L_TO_DY_ALL28	ALL28	L	DY	G808-E1610	ok	edy	0	f103v	f103v	G808-P0408	f103v.35	35	9	S	B	3	3	EXACT	0.287374199618	21	0.378560214451	2	0.00077610258713	72	-0.0833030815158	1	0.0623895843185	95	0.0627830507221	96	0.00713919347344	68	-0.107396102719	4	0.0372688986066	6	-0.0851263521386	1	0.666710516657	0.583407435141	0.673073607543	0.703979415263	0.581584164518
M07_L_TO_DY_ALL28:G808-E1628	M07_L_TO_DY_ALL28	ALL28	L	DY	G808-E1628	ok	eody	1	f104r	f104r	G808-P0420	f104r.30	30	8	S	B	3	3	EXACT	0.313978698833	15	-0.109861851148	2	0.0610965556843	71	0	0	0.0877005156788	88	0.0903105322572	88	0.0587036428421	67	0.101177916922	4	0.0104963227854	6	0	0	0.265213403369	0.265213403369	0.262820490527	0.275709726155	0.265213403369
M07_L_TO_DY_ALL28:G808-E1675	M07_L_TO_DY_ALL28	ALL28	L	DY	G808-E1675	ok	edy	0	f105r	f105r	G808-P0442	f105r.17	17	10	S	B	3	3	EXACT	0.0795753588236	31	0	0	0.0501201723641	71	0.282801637688	1	0.0545570306646	102	0.0587702987785	103	0.060518788495	67	-0.1240564433	4	0.0467419523942	6	0.468202961962	1	0.129695531188	0.412497168876	0.140094147319	0.176437483582	0.597898493149
M07_L_TO_DY_ALL28:G808-E1831	M07_L_TO_DY_ALL28	ALL28	L	DY	G808-E1831	ok	edy	0	f108r	f108r	G808-P0518	f108r.7	7	2	S	B	3	3	EXACT	0.19976792251	14	0.0815230126729	4	0.045271309456	72	-0.10395969556	1	0.0531566738661	90	0.0535435300896	91	0.0488384858555	68	-0.0153688709606	4	0.0269161903474	6	-0.107080590345	1	0.326562244639	0.222602549079	0.330129421038	0.353478434986	0.219481654293
M07_L_TO_DY_ALL28:G808-E1834	M07_L_TO_DY_ALL28	ALL28	L	DY	G808-E1834	ok	edy	0	f108r	f108r	G808-P0519	f108r.9	9	4	S	B	3	3	EXACT	-0.0198589487146	28	0.335210839222	3	0.0404785095741	72	0	0	0.0239722153908	103	0.026780224415	103	0.0465433933023	68	-0.0626226954304	4	-0.0556207037673	6	0	0	0.355830400082	0.355830400082	0.36189528381	0.300209696314	0.355830400082
M07_L_TO_DY_ALL28:G808-E1842	M07_L_TO_DY_ALL28	ALL28	L	DY	G808-E1842	ok	edy	0	f108r	f108r	G808-P0521	f108r.20	20	6	S	B	3	2	EXACT	0.0625709633361	9	-0.154653130529	3	0.0314467458054	72	0	0	0.00671426867614	84	0.00952227770029	84	0.0422552182985	68	-0.152295468201	4	0.0810057654408	6	0	0	-0.0606354213874	-0.0606354213874	-0.0498269488944	0.0203703440534	-0.0606354213874
M07_L_TO_DY_ALL28:G808-E1848	M07_L_TO_DY_ALL28	ALL28	L	DY	G808-E1848	ok	edy	0	f108r	f108r	G808-P0524	f108r.29	29	2	S	B	3	2	EXACT	-0.0981367395538	3	0.0672669742549	2	0.0362439537459	72	0	0	0.005216487715	77	0.00802449673916	77	0.0392801092213	68	-0.0153688709606	4	0.00590929139697	6	0.0850627413209	1	0.005374188447	0.005374188447	0.00841034392239	0.011283479844	0.0904369297679
M07_L_TO_DY_ALL28:G808-E1876	M07_L_TO_DY_ALL28	ALL28	L	DY	G808-E1876	ok	edy	0	f108r	f108r	G808-P0529	f108r.47	47	5	S	B	3	3	EXACT	0.182548430173	5	0.160842868099	2	0.0532362240834	72	0	0	0.0394256004235	79	0.0422336094476	79	0.0620489484776	68	-0.0965782722421	4	0.0277937754095	6	0.0431627231837	1	0.396627522355	0.396627522355	0.405440246749	0.424421297764	0.439790245539
M07_L_TO_DY_ALL28:G808-E1880	M07_L_TO_DY_ALL28	ALL28	L	DY	G808-E1880	ok	edy	0	f108r	f108r	G808-P0530	f108r.50	50	6	S	B	3	3	EXACT	0.522137579944	5	0.071352458473	3	0.0572659540101	72	0	0	0.0619767130058	80	0.06478472203	80	0.0546310086846	68	0.102061842918	4	-0.0229066502002	6	0	0	0.650755992427	0.650755992427	0.648121047102	0.627849342227	0.650755992427
M07_L_TO_DY_ALL28:G808-E1887	M07_L_TO_DY_ALL28	ALL28	L	DY	G808-E1887	ok	edy	0	f108v	f108v	G808-P0533	f108v.7	7	2	S	B	3	3	EXACT	0.268918384588	26	0.213091767053	3	0.0731299722033	72	0	0	0.123911871676	101	0.12599628864	101	0.0787387907297	68	-0.0222194049061	4	-0.099384489627	6	0	0	0.555140123844	0.555140123844	0.56074894237	0.455755634217	0.555140123844
M07_L_TO_DY_ALL28:G808-E1970	M07_L_TO_DY_ALL28	ALL28	L	DY	G808-E1970	ok	edy	0	f111v	f111v	G808-P0549	f111v.41	41	7	S	B	3	3	EXACT	0.167760650989	45	-0.0528966781321	2	0.0370540485956	72	0.295265256133	2	0.0853233869454	119	0.0902307801	121	0.0338807728251	68	0.0910001154736	4	-0.0129911313988	6	0.293152585298	2	0.151918021453	0.447183277586	0.148744745682	0.138926890054	0.445070606751
M07_L_TO_DY_ALL28:G808-E1986	M07_L_TO_DY_ALL28	ALL28	L	DY	G808-E1986	ok	eody	1	f112r	f112r	G808-P0557	f112r.30	30	4	S	B	3	2	EXACT	0.29628461404	19	0.111263231185	1	0.0448563249789	72	-0.402111457063	2	0.0868471697156	92	0.0777528965876	94	0.051607677149	68	-0.0699163143918	4	-0.111769073439	6	-0.391042487352	2	0.452404170205	0.0502927131413	0.459155522375	0.340635096766	0.061361682853
M07_L_TO_DY_ALL28:G808-E1993	M07_L_TO_DY_ALL28	ALL28	L	DY	G808-E1993	ok	edy	0	f112r	f112r	G808-P0560	f112r.37	37	4	S	B	3	3	EXACT	0	0	-0.0704885181153	1	0.0405483055659	72	0.0405715389266	1	0.0154865830823	73	0.017569655239	74	0.0470462448293	68	-0.0699163143918	4	-0.0392215181881	6	0.172437193325	2	-0.0299402125495	0.0106313263771	-0.023442273286	-0.0691617307376	0.142496980775
M07_L_TO_DY_ALL28:G808-E2000	M07_L_TO_DY_ALL28	ALL28	L	DY	G808-E2000	ok	edy	0	f112v	f112v	G808-P0563	f112v.5	5	7	S	B	3	3	EXACT	0.0907199126896	23	-0.509002109444	1	0.0316641557978	72	0.312607730199	2	0.0271303529816	96	0.0338623523369	98	0.0319935244767	68	0.0260776892896	4	0.0379594470168	6	0.218771163548	2	-0.386618040957	-0.0740103107581	-0.386288672278	-0.34865859394	-0.167846877409
M07_L_TO_DY_ALL28:G808-E2008	M07_L_TO_DY_ALL28	ALL28	L	DY	G808-E2008	ok	edy	0	f112v	f112v	G808-P0570	f112v.30	30	7	S	B	3	3	EXACT	0.212188449457	2	0	0	0.0537312321312	72	0	0	0.0280680179362	74	0.0297432965435	74	0.0528482485425	68	0.0687547541725	4	-0.0426398452767	6	0.105856790723	1	0.265919681588	0.265919681588	0.265036697999	0.223279836311	0.371776472311
M07_L_TO_DY_ALL28:G808-E0270	M07_L_TO_DY_ALL28	ALL28	L	DY	G808-E0270	ok	edy	0	f26r	f26r	G808-P0091	f26r.9	9	3	H	B	2	3	EXACT	-0.0805589447559	13	-0.214945923345	4	0.0285486719137	72	0.0587017596103	2	-0.013079842934	89	-0.0102350475413	91	0.0346829699691	68	-0.0757340511218	4	0.0195841523644	6	0.0648677490986	2	-0.266956196187	-0.208254436577	-0.260821898132	-0.247372043823	-0.202088447088
M07_L_TO_DY_ALL28:G808-E0321	M07_L_TO_DY_ALL28	ALL28	L	DY	G808-E0321	ok	edy	0	f31r	f31r	G808-P0109	f31r.12	12	3	H	B	2	2	EXACT	-0.109708939362	15	0.364921251036	1	-0.0167842441101	72	-0.122704776592	1	-0.0411577429472	88	-0.0402071923234	89	-0.00713090297948	68	-0.180890683393	4	0.0278836763442	6	-0.124800665036	1	0.238428067564	0.115723290972	0.248081408694	0.266311743908	0.113627402528
M07_L_TO_DY_ALL28:G808-E0339	M07_L_TO_DY_ALL28	ALL28	L	DY	G808-E0339	ok	edy	0	f33v	f33v	G808-P0116	f33v.8	8	7	H	B	2	3	EXACT	-0.0205515585321	23	-0.0646106065571	6	0.00573784201329	72	0.0288649646481	2	-0.0142145528768	101	-0.0119739750667	103	0.0120450156429	68	-0.101483757473	4	0.0039469133661	6	-0.285856199943	3	-0.0794243230759	-0.0505593584278	-0.0731171494463	-0.0754774097098	-0.365280523018
M07_L_TO_DY_ALL28:G808-E0410	M07_L_TO_DY_ALL28	ALL28	L	DY	G808-E0410	ok	edy	0	f41r	f41r	G808-P0146	f41r.9	9	2	H	B	5	3	EXACT	0.111591103836	13	-0.0575461113048	3	-0.00951744366106	72	0.94511725616	1	-0.0078020729379	88	0.00477003402543	89	-0.00886938157085	68	-0.0205341552888	4	0.00908961092362	6	0.928464019891	1	0.0445275488705	0.98964480503	0.0451756109607	0.0536171597941	0.972991568761
M07_L_TO_DY_ALL28:G808-E0416	M07_L_TO_DY_ALL28	ALL28	L	DY	G808-E0416	ok	eody	1	f41v	f41v	G808-P0147	f41v.7	7	8	H	B	5	3	EXACT	0.343838309762	15	0	0	-0.00329718426022	72	-0.0194824918429	1	0.0439866282894	87	0.045103772008	88	0.00258200428036	68	-0.103243045544	4	0.0131284887169	6	0.0535295257294	2	0.340541125502	0.321058633659	0.346420314042	0.353669614219	0.394070651231
M07_L_TO_DY_ALL28:G808-E0438	M07_L_TO_DY_ALL28	ALL28	L	DY	G808-E0438	ok	edy	0	f43r	f43r	G808-P0154	f43r.7	7	6	H	B	2	3	EXACT	0.0578688803544	8	0.0249414887591	3	-0.0111192730921	72	0.241741840605	1	-0.0208841426388	83	-0.0159369688532	84	-0.00580844114582	68	-0.101403088389	4	-0.00671475435937	6	0.241552228994	1	0.0716910960214	0.313432936626	0.0770019279677	0.0649763416621	0.313243325015
M07_L_TO_DY_ALL28:G808-E0445	M07_L_TO_DY_ALL28	ALL28	L	DY	G808-E0445	ok	eody	1	f43v	f43v	G808-P0156	f43v.2	2	7	H	B	2	3	EXACT	0.0892695124	15	0.0176878032282	1	-0.00702097159432	72	-0.126274012281	2	-0.00312911454566	88	-0.00459749825275	90	-0.0128909871062	68	0.0927696089231	4	-0.0608970832071	6	-0.133352407482	2	0.0999363440339	-0.0263376682469	0.094066328522	0.0390392608268	-0.0334160634481
M07_L_TO_DY_ALL28:G808-E0523	M07_L_TO_DY_ALL28	ALL28	L	DY	G808-E0523	ok	eody	1	f48r	f48r	G808-P0180	f48r.5	5	3	H	B	5	3	EXACT	0.000153617370398	31	0.592166959129	1	0.0245145577036	72	0	0	0.017777659446	104	0.0202392213044	104	0.0306862389442	68	-0.080403666898	4	-0.0448774056015	6	0	0	0.616835134203	0.616835134203	0.623006815443	0.571957728601	0.616835134203
M07_L_TO_DY_ALL28:G808-E0650	M07_L_TO_DY_ALL28	ALL28	L	DY	G808-E0650	ok	eody	1	f58v	f58v	G808-P0210	f58v.2	2	9	S	A	3	3	EXACT	0.0193320980502	96	-0.0918337808651	4	0.0445610033883	71	0.181065914019	1	0.0385128762349	171	0.0414789616789	172	0.0416989138204	67	0.0925011079844	4	0.0170039857143	6	0.0103786655266	3	-0.0279406794266	0.153125234592	-0.0308027689945	-0.0109366937122	-0.0175620139
M07_L_TO_DY_ALL28:G808-E0664	M07_L_TO_DY_ALL28	ALL28	L	DY	G808-E0664	ok	edy	0	f66r	f66r	G808-P0214	f66r.54	54	7	T	B	5	2	EXACT	-0.0610492063257	15	0.00642127662713	1	-0.00730980221937	71	0	0	-0.0275715705461	87	-0.0249970569745	87	-0.00206729263932	67	-0.095122364881	4	0.0168209857397	6	0	0	-0.0619377319179	-0.0619377319179	-0.0566952223378	-0.0451167461782	-0.0619377319179
M07_L_TO_DY_ALL28:G808-E0671	M07_L_TO_DY_ALL28	ALL28	L	DY	G808-E0671	ok	eody	1	f66r	f66r	G808-P0217	f66r.67	67	4	T	B	5	2	EXACT	-0.0555572363853	13	0.16622895277	1	-0.000550200979817	71	0	0	-0.0192082112859	85	-0.0166336977143	85	0.00349048750255	67	-0.0682322602552	4	0.0256982876922	6	0	0	0.110121515404	0.110121515404	0.114162203887	0.135819803097	0.110121515404
M07_L_TO_DY_ALL28:G808-E0717	M07_L_TO_DY_ALL28	ALL28	L	DY	G808-E0717	ok	edy	0	f75r	f75r	G808-P0224	f75r.45	45	4	B	B	2	2	EXACT	0.216832516963	40	-0.0176023181221	1	0.0156116425054	72	-0.156590283399	2	0.085055973651	113	0.0823937095616	115	0.0206826978124	68	-0.0705959506149	4	0.0424308991624	6	-0.15883025942	2	0.214841841346	0.0582515579474	0.219912896653	0.257272740509	0.0560115819263
M07_L_TO_DY_ALL28:G808-E0740	M07_L_TO_DY_ALL28	ALL28	L	DY	G808-E0740	ok	edy	0	f76r	f76r	G808-P0231	f76r.3	3	5	T	B	2	3	EXACT	0.193897203556	123	-0.00915251796916	3	-0.00150048734597	70	-0.0655415664323	1	0.136645074534	196	0.137772168795	197	0.00456514126803	66	-0.101583633298	4	0.0358299594579	6	-0.0666934473463	1	0.183244198241	0.117702631808	0.189309826855	0.219074157699	0.116550750894
M07_L_TO_DY_ALL28:G808-E0784	M07_L_TO_DY_ALL28	ALL28	L	DY	G808-E0784	ok	edy	0	f76v	f76v	G808-P0235	f76v.5	5	8	B	B	2	3	EXACT	0.297396463303	37	0.02804636437	3	0.0557625217563	72	0	0	0.131542272646	112	0.134005280822	112	0.0527884702926	68	0.106321717099	4	-0.0439268109312	6	-0.3327129902	1	0.381205349429	0.381205349429	0.378231297966	0.337278538498	0.0484923592294
M07_L_TO_DY_ALL28:G808-E0825	M07_L_TO_DY_ALL28	ALL28	L	DY	G808-E0825	ok	edy	0	f76v	f76v	G808-P0240	f76v.39	39	5	B	B	2	3	EXACT	0.279601194215	24	-0.0709773463723	1	0.00749424787755	72	-0.128203592803	2	0.0653354032204	97	0.0627657346257	99	0.0138765414385	68	-0.1010044222	4	-0.0570808075093	6	-0.121253866507	2	0.21611809572	0.087914502917	0.222500389281	0.159037288211	0.094864229213
M07_L_TO_DY_ALL28:G808-E0841	M07_L_TO_DY_ALL28	ALL28	L	DY	G808-E0841	ok	edy	0	f77r	f77r	G808-P0241	f77r.22	22	9	B	B	2	3	EXACT	0.269631592297	51	-0.037248385319	1	0.00832154024444	72	-0.029477575307	2	0.117726215889	124	0.116985440172	126	0.0150725524969	68	-0.106445373317	4	0.046635444359	6	-0.0151856151562	3	0.240704747223	0.211227171916	0.247455759475	0.287340191582	0.225519132066
M07_L_TO_DY_ALL28:G808-E0858	M07_L_TO_DY_ALL28	ALL28	L	DY	G808-E0858	ok	edy	0	f77v	f77v	G808-P0244	f77v.7	7	6	B	B	2	3	EXACT	0.249455137772	33	0	0	0.0298303019469	72	0	0	0.0952183594906	105	0.0976454906663	105	0.0376379517963	68	-0.102898676526	4	0.0110546753598	6	0	0	0.279285439718	0.279285439718	0.287093089568	0.290340115078	0.279285439718
M07_L_TO_DY_ALL28:G808-E0929	M07_L_TO_DY_ALL28	ALL28	L	DY	G808-E0929	ok	edy	0	f78v	f78v	G808-P0249	f78v.3	3	4	B	B	2	2	EXACT	0.218830959881	62	0.0687679151953	2	0.0537748007638	72	0	0	0.133950024889	136	0.13648802466	136	0.0618123504584	68	-0.0828631705736	4	0.0261614522957	6	0	0	0.34137367584	0.34137367584	0.349411225534	0.367535128135	0.34137367584
M07_L_TO_DY_ALL28:G808-E0931	M07_L_TO_DY_ALL28	ALL28	L	DY	G808-E0931	ok	edy	0	f78v	f78v	G808-P0249	f78v.6	6	8	B	B	2	3	EXACT	0.218830959881	62	0.0939579154902	2	0.064252794719	72	0.0857904931378	2	0.139867639341	136	0.140798135639	138	0.0643381930308	68	0.0628013968896	4	0.00341140449177	6	0.083634042119	2	0.37704167009	0.462832163228	0.377127068402	0.380453074582	0.460675712209
M07_L_TO_DY_ALL28:G808-E0941	M07_L_TO_DY_ALL28	ALL28	L	DY	G808-E0941	ok	edy	0	f78v	f78v	G808-P0249	f78v.10	10	8	B	B	2	2	EXACT	0.218830959881	62	-0.179562582738	1	0.0431586733695	72	0	0	0.127172050942	135	0.129710050713	135	0.0518270415744	68	-0.104203212642	4	-0.00519132082395	6	-0.541866826621	1	0.0824270505117	0.0824270505117	0.0910954187165	0.0772357296877	-0.459439776109
M07_L_TO_DY_ALL28:G808-E0992	M07_L_TO_DY_ALL28	ALL28	L	DY	G808-E0992	ok	edy	0	f79v	f79v	G808-P0259	f79v.8	8	3	B	B	2	2	EXACT	0.19182489183	29	0.210235727931	1	0.0105390012402	72	0	0	0.0583691998464	102	0.0608307011443	102	0.022833045449	68	-0.198459423763	4	0.0543905315103	6	0	0	0.412599621001	0.412599621001	0.42489366521	0.466990152511	0.412599621001
M07_L_TO_DY_ALL28:G808-E1090	M07_L_TO_DY_ALL28	ALL28	L	DY	G808-E1090	ok	edy	0	f81v	f81v	G808-P0282	f81v.14	14	5	B	B	2	2	EXACT	0.14836086599	57	0	0	0.00792238204106	72	0.283123661246	1	0.0739499273662	129	0.0775533111506	130	0.00242308110119	68	0.101410970758	4	0.0674159815333	6	0.468438383657	1	0.156283248031	0.439406909277	0.150783947091	0.223699229565	0.624721631688
M07_L_TO_DY_ALL28:G808-E1168	M07_L_TO_DY_ALL28	ALL28	L	DY	G808-E1168	ok	edy	0	f83r	f83r	G808-P0293	f83r.12	12	7	B	B	2	2	EXACT	0.154452330779	41	-0.0416644030213	1	0.0236914055483	72	0.1298156382	1	0.0690361076577	114	0.07156039522	115	0.021252491116	68	0.0651533044797	4	-0.0287950895016	6	0.127725829335	1	0.136479333306	0.266294971506	0.134040418874	0.107684243804	0.264205162641
M07_L_TO_DY_ALL28:G808-E1226	M07_L_TO_DY_ALL28	ALL28	L	DY	G808-E1226	ok	eody	1	f85r1	f85r	G808-P0304	f85r1.12	12	2	T	B	2	3	EXACT	-0.0203316638994	29	-0.0141061583199	3	-0.018862698513	72	0	0	-0.0259553851987	104	-0.0235044307707	104	-0.0166982919524	68	-0.0556630568112	4	0.0510993209367	6	0.250160631534	1	-0.0533005207323	-0.0533005207323	-0.0511361141717	-0.00220119979559	0.196860110802
M07_L_TO_DY_ALL28:G808-E1230	M07_L_TO_DY_ALL28	ALL28	L	DY	G808-E1230	ok	edy	0	f85r1	f85r	G808-P0306	f85r1.22	22	6	T	B	2	2	EXACT	0.12299507586	10	0	0	-0.0205215567939	72	0	0	-0.0199489175983	82	-0.0174979631704	82	-0.0127234623201	68	-0.153094609616	4	-0.0562307167081	6	0	0	0.102473519066	0.102473519066	0.11027161354	0.0462428023581	0.102473519066
M07_L_TO_DY_ALL28:G808-E1236	M07_L_TO_DY_ALL28	ALL28	L	DY	G808-E1236	ok	edy	0	f85r1	f85r	G808-P0308	f85r1.27	27	4	T	B	2	3	EXACT	-0.18987223854	7	0.425550402926	1	-0.000359504884684	72	0.0362312537668	1	-0.030966777272	80	-0.0283712665893	81	0.00364155472996	68	-0.0683829651019	4	0.00463339376718	6	0.116857508605	1	0.235318659501	0.271549913268	0.239319719116	0.239952053269	0.352176168106
M07_L_TO_DY_ALL28:G808-E1423	M07_L_TO_DY_ALL28	ALL28	L	DY	G808-E1423	ok	edy	0	f94v	f94v	G808-P0351	f94v.9	9	2	H	B	3	3	EXACT	-0.0432104639394	23	0.117121613951	6	0.0269246470096	72	0	0	0.00608486028379	101	0.00853033489188	101	0.0303561118829	68	-0.0314092668798	4	0.0503825868577	6	-0.0386015763365	1	0.100835797021	0.100835797021	0.104267261894	0.151218383879	0.0622342206845
M07_L_TO_DY_ALL28:G808-E1662	M07_L_TO_DY_ALL28	ALL28	L	DY	G808-E1662	okch	edy	0	f104v	f104v	G808-P0436	f104v.40	40	2	S	B	3	2	EXACT	0.109484596532	25	-0.0819159228405	1	0.0548990759119	72	0.160408279618	2	0.0635446721832	98	0.0664939845659	100	0.0596237878524	68	-0.0254200636932	4	0.0627593910795	6	0.223057035508	2	0.0824677496037	0.242876029222	0.0871924615441	0.145227140683	0.305524785112
M07_L_TO_DY_ALL28:G808-E1709	M07_L_TO_DY_ALL28	ALL28	L	DY	G808-E1709	okch	edy	0	f106r	f106r	G808-P0459	f106r.4	4	2	S	B	3	3	EXACT	0.112073470945	19	-0.0283802935109	1	0.0478463566407	72	-0.132684125255	1	0.0556178594971	92	0.0549686391515	93	0.0524689356515	68	-0.030736936618	4	-0.0199371881521	6	-0.174481602809	1	0.131539534075	-0.00114459118007	0.136162113086	0.111602345923	-0.0429420687334
M07_L_TO_DY_ALL28:G808-E1761	M07_L_TO_DY_ALL28	ALL28	L	DY	G808-E1761	okch	edy	0	f107r	f107r	G808-P0489	f107r.4	4	11	S	B	3	3	EXACT	0.130524691162	10	-0.103896546904	2	0.03392428571	72	0	0	0.0351871240213	84	0.0370220814503	84	0.0412963340409	68	-0.0914001358751	4	0.0550794051769	6	0	0	0.0605524299674	0.0605524299674	0.0679244782983	0.115631835144	0.0605524299674
M07_L_TO_DY_ALL28:G808-E1762	M07_L_TO_DY_ALL28	ALL28	L	DY	G808-E1762	okch	edy	0	f107r	f107r	G808-P0489	f107r.5	5	4	S	B	3	3	EXACT	0.130524691162	10	0.656153041496	2	0.041138700998	72	0	0	0.0594673273254	84	0.0613022847543	84	0.0478574915469	68	-0.0730803382921	4	-0.0112199957539	6	0	0	0.827816433656	0.827816433656	0.834535224204	0.816596437902	0.827816433656
M07_L_TO_DY_ALL28:G808-E1995	M07_L_TO_DY_ALL28	ALL28	L	DY	G808-E1995	okch	edy	0	f112r	f112r	G808-P0561	f112r.40	40	5	S	B	3	3	EXACT	0.0495857710549	9	-0.0513860621314	2	0.0473067585124	72	0	0	0.0382624928446	83	0.0399788164541	83	0.0548194230069	68	-0.0804081903735	4	0.070905426214	6	0	0	0.0455064674359	0.0455064674359	0.0530191319304	0.11641189365	0.0455064674359
M07_L_TO_DY_ALL28:G808-E2002	M07_L_TO_DY_ALL28	ALL28	L	DY	G808-E2002	okch	edy	0	f112v	f112v	G808-P0564	f112v.9	9	7	S	B	3	3	EXACT	0.066364009596	8	0.14318765787	3	0.0414068630698	72	0	0	0.0343254523021	83	0.0350619259768	83	0.0459898047458	68	-0.0364903443878	4	0.0693500922902	6	0	0	0.250958530536	0.250958530536	0.255541472212	0.320308622826	0.250958530536
M07_L_TO_DY_ALL28:G808-E2041	M07_L_TO_DY_ALL28	ALL28	L	DY	G808-E2041	okch	edy	0	f113r	f113r	G808-P0583	f113r.22	22	5	S	B	3	3	EXACT	0.125946016713	14	0	0	0.0483313423441	72	-0.448873397532	1	0.0555001930285	86	0.0510579724871	87	0.0557795655946	68	-0.0782880215025	4	0.085810567001	6	-0.453255746282	1	0.174277359058	-0.274596038474	0.181725582308	0.260087926059	-0.278978387225
M07_L_TO_DY_ALL28:G808-E2049	M07_L_TO_DY_ALL28	ALL28	L	DY	G808-E2049	okch	edy	0	f113r	f113r	G808-P0587	f113r.35	35	8	S	B	3	3	EXACT	0.323739171033	6	-0.109273492593	2	0.0362632344014	72	-0.0291731076645	3	0.0466408591062	80	0.0443472385129	83	0.0324861765646	68	0.100473649039	4	0.0609557234924	6	0.0161968193401	3	0.250728912841	0.221555805177	0.246951855005	0.311684636334	0.266925732181
M07_L_TO_DY_ALL28:G808-E2090	M07_L_TO_DY_ALL28	ALL28	L	DY	G808-E2090	okch	edy	0	f114r	f114r	G808-P0608	f114r.6	6	2	S	B	3	3	EXACT	-0.036384449151	10	-0.0745730209497	3	0.0498688874428	72	0	0	0.0285378149652	85	0.0302196551983	85	0.0540405638805	68	-0.0210492811547	4	0.0416587575339	6	0	0	-0.061088582658	-0.061088582658	-0.0569169062203	-0.0194298251241	-0.061088582658
M07_L_TO_DY_ALL28:G808-E2093	M07_L_TO_DY_ALL28	ALL28	L	DY	G808-E2093	okch	edy	0	f114r	f114r	G808-P0609	f114r.8	8	6	S	B	3	3	EXACT	0.0357783757315	10	0	0	0.0742993573551	72	-0.24879608355	1	0.0629478653187	82	0.0604567992995	83	0.072797423616	68	0.0998325617635	4	-0.000381552555633	6	-0.252382029726	1	0.110077733087	-0.138718350464	0.108575799347	0.109696180531	-0.142304296639
M07_L_TO_DY_ALL28:G808-E2178	M07_L_TO_DY_ALL28	ALL28	L	DY	G808-E2178	okch	edy	0	f115v	f115v	G808-P0651	f115v.21	21	8	S	B	3	3	EXACT	0.158896451588	7	0	0	0.0154410696023	72	0.0664550144894	1	0.0206004349123	79	0.022436093929	80	0.00970946632347	68	0.11287879275	4	0.0762714016951	6	0.188686764565	1	0.17433752119	0.24079253568	0.168605917912	0.250608922886	0.363024285756
M07_L_TO_DY_ALL28:G808-E1004	M07_L_TO_DY_ALL28	ALL28	L	DY	G808-E1004	okch	edy	0	f79v	f79v	G808-P0265	f79v.42	42	1	B	B	2	2	EXACT	0.137120193042	27	-0.239419246534	3	0.036334913053	72	-0.176293953141	1	0.0520777854569	102	0.0512031743018	103	0.0361005703478	68	0.0403190655872	4	0.0227596211982	6	-0.179929084971	1	-0.0659641404385	-0.24225809358	-0.0661984831437	-0.0432045192403	-0.245893225409
M07_L_TO_DY_ALL28:G808-E1219	M07_L_TO_DY_ALL28	ALL28	L	DY	G808-E1219	okch	edy	0	f85r1	f85r	G808-P0302	f85r1.2	2	9	T	B	2	3	EXACT	0.16530280962	20	-0.068396742163	3	-0.000847008394416	72	0	0	0.0269333690042	95	0.0286151931862	95	-0.00823362306011	68	0.124719994154	4	0.0069696112231	6	0.0687829513269	1	0.0960590590625	0.0960590590625	0.0886724443968	0.103028670286	0.164842010389
M07_L_TO_DY_ALL28:G808-E1394	M07_L_TO_DY_ALL28	ALL28	L	DY	G808-E1394	okch	eody	1	f93r	f93r	G808-P0346	f93r.9	9	2	H	A	1	1	EXACT	-0.0752614891869	56	0	0	-0.0192618620103	72	0	0	-0.0422169600301	128	-0.0404981240329	128	-0.0151620920346	68	-0.0889576236907	4	0.134763182527	6	0	0	-0.0945233511973	-0.0945233511973	-0.0904235812215	0.0402398313295	-0.0945233511973
M07_L_TO_DY_ALL28:G808-E1569	M07_L_TO_DY_ALL28	ALL28	L	DY	G808-E1569	opch	edy	0	f103r	f103r	G808-P0388	f103r.24	24	6	S	B	3	3	EXACT	0.310763114575	14	-0.314737816676	1	0.024617802129	72	-0.0709834207663	2	0.0529499621227	87	0.0515192539709	89	0.0327600639355	68	-0.113800163735	4	-0.111559907721	6	-0.0725845509247	2	0.0206431000287	-0.0503403207376	0.0287853618351	-0.0909168076928	-0.051941450896
M07_L_TO_DY_ALL28:G808-E1573	M07_L_TO_DY_ALL28	ALL28	L	DY	G808-E1573	opch	edy	0	f103r	f103r	G808-P0390	f103r.30	30	7	S	B	3	3	EXACT	0.0335302185427	12	0.0251239149885	2	0.053085268428	72	0	0	0.034685365629	86	0.0372906543686	86	0.056203053067	68	8.34144120907e-05	4	-0.147668106906	6	0	0	0.111739401959	0.111739401959	0.114857186598	-0.0359287049466	0.111739401959
M07_L_TO_DY_ALL28:G808-E1601	M07_L_TO_DY_ALL28	ALL28	L	DY	G808-E1601	opch	edy	0	f103v	f103v	G808-P0407	f103v.30	30	3	S	B	3	2	EXACT	0.132550466754	13	0	0	0.0214540323034	72	0	0	0.0230522920163	85	0.0257585060795	85	0.0250725715272	68	-0.0400607947404	4	-0.0594083352017	6	0	0	0.154004499058	0.154004499058	0.157623038282	0.0945961638561	0.154004499058
M07_L_TO_DY_ALL28:G808-E1635	M07_L_TO_DY_ALL28	ALL28	L	DY	G808-E1635	opch	edy	0	f104v	f104v	G808-P0425	f104v.1	1	5	S	B	3	3	EXACT	0.19803394428	20	0.220731088788	1	0.0700425723107	72	0.00839420669691	1	0.0867659744428	93	0.0880745673889	94	0.0807943922189	68	-0.112737402747	4	0.0679743385617	6	-0.0714526173733	1	0.488807605378	0.497201812075	0.499559425286	0.55678194394	0.417354988005
M07_L_TO_DY_ALL28:G808-E1694	M07_L_TO_DY_ALL28	ALL28	L	DY	G808-E1694	opch	edy	0	f105v	f105v	G808-P0450	f105v.8	8	6	S	B	3	3	EXACT	0.0506551567144	34	0.309330835595	1	0.0720170294667	72	0	0	0.0631539255392	107	0.0659434385141	107	0.0844773745388	68	-0.139808492854	4	0.0145859633537	6	0	0	0.432003021776	0.432003021776	0.444463366848	0.446588985129	0.432003021776
M07_L_TO_DY_ALL28:G808-E1724	M07_L_TO_DY_ALL28	ALL28	L	DY	G808-E1724	opch	edy	0	f106r	f106r	G808-P0463	f106r.15	15	7	S	B	3	3	EXACT	0.166727836018	12	0	0	0.0570983104738	72	0.0693029105172	1	0.0561207419143	84	0.0583828747822	85	0.0584483577831	68	0.0341480561408	4	-0.0663227415835	6	0.212996703419	1	0.223826146492	0.293129057009	0.225176193801	0.157503404909	0.436822849911
M07_L_TO_DY_ALL28:G808-E1730	M07_L_TO_DY_ALL28	ALL28	L	DY	G808-E1730	opch	edy	0	f106r	f106r	G808-P0465	f106r.22	22	9	S	B	3	3	EXACT	-0.188431855054	6	-0.0829881327384	1	0.0332078603536	72	0	0	-0.00621408112747	79	-0.00340608036863	79	0.0413635679022	68	-0.105438618048	4	0.100440839117	6	0	0	-0.238212127439	-0.238212127439	-0.23005641989	-0.137771288321	-0.238212127439
M07_L_TO_DY_ALL28:G808-E1776	M07_L_TO_DY_ALL28	ALL28	L	DY	G808-E1776	opch	edy	0	f107r	f107r	G808-P0498	f107r.38	38	6	S	B	3	3	EXACT	0.160598326059	19	0	0	0.056552548205	72	-0.0541369556389	1	0.0659623178215	91	0.0668451486599	92	0.0578546095966	68	0.0344179045876	4	-0.0753108511136	6	-0.0575103581948	1	0.217150874264	0.163013918626	0.218452935656	0.141840023151	0.15964051607
M07_L_TO_DY_ALL28:G808-E1785	M07_L_TO_DY_ALL28	ALL28	L	DY	G808-E1785	opch	edy	0	f107v	f107v	G808-P0503	f107v.5	5	8	S	B	3	3	EXACT	-0.0520796335708	13	0	0	0.0403400251868	72	0	0	0.0103322120578	85	0.0130875404069	85	0.0404617847805	68	0.0382706991073	4	-0.0721853242151	6	0	0	-0.011739608384	-0.011739608384	-0.0116178487904	-0.0839249325992	-0.011739608384
M07_L_TO_DY_ALL28:G808-E1846	M07_L_TO_DY_ALL28	ALL28	L	DY	G808-E1846	opch	edy	0	f108r	f108r	G808-P0523	f108r.25	25	8	S	B	3	3	EXACT	0.0907169732266	20	0.054414951425	6	0.0646879442058	72	0.175610294131	1	0.0543511799374	98	0.0579904165178	99	0.0644263401351	68	0.0691370317822	4	-0.0274776716513	6	0.171088693263	1	0.209819868857	0.385430162988	0.209558264787	0.182342197206	0.38090856212
M07_L_TO_DY_ALL28:G808-E1969	M07_L_TO_DY_ALL28	ALL28	L	DY	G808-E1969	opch	edy	0	f111v	f111v	G808-P0548	f111v.34	34	7	S	B	3	3	EXACT	0.186834689932	13	-0.0359016474922	1	0.0462042740255	72	-0.0527659501018	2	0.0553987205779	86	0.054253646723	88	0.0455486402327	68	0.0573504272828	4	-0.0399824909212	6	-0.0564607526447	2	0.197137316466	0.144371366364	0.196481682673	0.157154825545	0.140676563821
M07_L_TO_DY_ALL28:G808-E1971	M07_L_TO_DY_ALL28	ALL28	L	DY	G808-E1971	opch	edy	0	f111v	f111v	G808-P0550	f111v.45	45	8	S	B	3	3	EXACT	0.336864659565	12	0.149191700297	1	0.0461229534691	72	0	0	0.0768036630674	85	0.0793248692249	85	0.0491792030238	68	-0.00583291017859	4	0.0357073907121	6	0	0	0.532179313331	0.532179313331	0.535235562885	0.567886704043	0.532179313331
M07_L_TO_DY_ALL28:G808-E2051	M07_L_TO_DY_ALL28	ALL28	L	DY	G808-E2051	opch	edy	0	f113r	f113r	G808-P0588	f113r.37	37	8	S	B	3	3	EXACT	-0.135785094326	5	0.0343990352127	1	0.0586088600449	72	0	0	0.024584411041	78	0.0273415418608	78	0.0619133759069	68	0.00243252180142	4	-0.113805249435	6	0	0	-0.0427771990687	-0.0427771990687	-0.0394726832067	-0.156582448503	-0.0427771990687
M07_L_TO_DY_ALL28:G808-E2059	M07_L_TO_DY_ALL28	ALL28	L	DY	G808-E2059	opch	edy	0	f113v	f113v	G808-P0592	f113v.1	1	6	S	B	3	3	EXACT	-0.0734363649669	14	0.00758188040461	1	0.0567495112083	72	0	0	0.0194527795796	87	0.0222064410916	87	0.0675383394552	68	-0.126659917216	4	0.0146802060629	6	-0.0796405665433	1	-0.00910497335395	-0.00910497335395	0.00168385489291	0.00557523270897	-0.0887455398972
M07_L_TO_DY_ALL28:G808-E2077	M07_L_TO_DY_ALL28	ALL28	L	DY	G808-E2077	opch	eody	1	f113v	f113v	G808-P0600	f113v.28	28	9	S	B	3	3	EXACT	0.161527022265	32	-0.163962926248	2	0.0427939358885	71	0	0	0.0691616235468	105	0.0719152850588	105	0.0438550193028	67	0.0250209287143	4	0.0448637996783	6	0	0	0.0403580319047	0.0403580319047	0.041419115319	0.085221831583	0.0403580319047
M07_L_TO_DY_ALL28:G808-E2086	M07_L_TO_DY_ALL28	ALL28	L	DY	G808-E2086	opch	edy	0	f113v	f113v	G808-P0605	f113v.45	45	8	S	B	3	3	EXACT	0.259824291065	4	0	0	0.0597486457921	72	0	0	0.0470357816723	76	0.0497894431844	76	0.0617914910185	68	0.0250209287143	4	0.103712199614	6	-0.677255070662	1	0.319572936857	0.319572936857	0.321615782083	0.423285136471	-0.357682133805
M07_L_TO_DY_ALL28:G808-E2109	M07_L_TO_DY_ALL28	ALL28	L	DY	G808-E2109	opch	edy	0	f114r	f114r	G808-P0618	f114r.39	39	8	S	B	3	3	EXACT	0.096734404665	13	-0.0433712492041	2	0.0489680823146	72	0	0	0.0381835320315	87	0.0409444201933	87	0.057486263631	68	-0.095840669219	4	0.0470911080974	6	0	0	0.102331237776	0.102331237776	0.110849419092	0.149422345873	0.102331237776
M07_L_TO_DY_ALL28:G808-E2119	M07_L_TO_DY_ALL28	ALL28	L	DY	G808-E2119	opch	edy	0	f114v	f114v	G808-P0621	f114v.6	6	6	S	B	3	3	EXACT	0.168496843412	7	0.00457517314942	1	0.0260083387666	72	-0.0577739386015	1	0.0180680071774	80	0.01914389451	81	0.0239821382458	68	0.0604531312027	4	-0.111890909881	6	-0.0610357077121	1	0.199080355328	0.141306416726	0.197054154807	0.0871894454468	0.138044647616
M07_L_TO_DY_ALL28:G808-E0277	M07_L_TO_DY_ALL28	ALL28	L	DY	G808-E0277	opch	edy	0	f26v	f26v	G808-P0092	f26v.5	5	7	H	B	2	2	EXACT	-0.00170531584715	40	0.364857280812	1	0.00475604693535	72	0	0	0.00316249285554	113	0.00591263809971	113	0.0030792403698	68	0.0332621024556	4	-0.0851384553132	6	0	0	0.3679080119	0.3679080119	0.366231205334	0.282769556587	0.3679080119
M07_L_TO_DY_ALL28:G808-E0496	M07_L_TO_DY_ALL28	ALL28	L	DY	G808-E0496	opch	edy	0	f46v	f46v	G808-P0175	f46v.1	1	5	H	B	2	3	EXACT	0.00520665782359	52	-0.619210556294	1	0.0120859281117	72	0	0	0.00574126449456	125	0.00848486356557	125	0.019394753071	68	-0.112163722006	4	-0.0279943302234	6	0	0	-0.601917970358	-0.601917970358	-0.594609145399	-0.629912300582	-0.601917970358
M07_L_TO_DY_ALL28:G808-E0563	M07_L_TO_DY_ALL28	ALL28	L	DY	G808-E0563	opch	edy	0	f50v	f50v	G808-P0190	f50v.1	1	6	H	B	2	3	EXACT	-0.0571406658126	54	0	0	0.0326773875559	72	-0.784008343415	1	-0.00343679278925	126	-0.00729145904318	127	0.0311109049879	68	0.0593079204503	4	0.0251402340394	6	-0.592317940631	2	-0.0244632782567	-0.808471621672	-0.0260297608246	0.000676955782751	-0.616781218888
M07_L_TO_DY_ALL28:G808-E0661	M07_L_TO_DY_ALL28	ALL28	L	DY	G808-E0661	opch	edy	0	f66r	f66r	G808-P0214	f66r.50	50	3	T	B	5	3	EXACT	0.0473995220487	25	0	0	-0.0150910632413	71	0.221745410885	1	-0.00657621666302	96	-0.00201313252803	97	-0.0147074516401	67	-0.0215170847572	4	0.0600943949392	6	0.216140058561	1	0.0323084588074	0.254053869692	0.0326920704086	0.0924028537467	0.248448517368
M07_L_TO_DY_ALL28:G808-E0766	M07_L_TO_DY_ALL28	ALL28	L	DY	G808-E0766	opch	edy	0	f76r	f76r	G808-P0232	f76r.39	39	3	T	B	2	3	EXACT	0.153437400043	26	0.0760188942071	2	0.00664644094209	72	0	0	0.037522511585	100	0.0402713106247	100	0.00920111013809	68	-0.0367824363709	4	0.0434121853311	6	0	0	0.236102735193	0.236102735193	0.238657404389	0.279514920524	0.236102735193
M07_L_TO_DY_ALL28:G808-E0812	M07_L_TO_DY_ALL28	ALL28	L	DY	G808-E0812	opch	edy	0	f76v	f76v	G808-P0238	f76v.25	25	7	B	B	2	3	EXACT	0.169221930913	42	0	0	0.0101405418993	72	0.0322462005102	3	0.0671441057658	114	0.0674878752448	117	0.00869127311797	68	0.0347784316409	4	-0.0424562195342	6	0.0490086899054	3	0.179362472812	0.211608673322	0.177913204031	0.136906253278	0.228371162717
M07_L_TO_DY_ALL28:G808-E0942	M07_L_TO_DY_ALL28	ALL28	L	DY	G808-E0942	opch	edy	0	f78v	f78v	G808-P0249	f78v.10	10	9	B	B	2	2	EXACT	0.188408939112	69	-0.192045841975	1	0.0370270635342	72	0	0	0.115005312058	142	0.117812188044	142	0.0476278408597	68	-0.143185777528	4	-0.0426964324223	6	-0.0576515992853	1	0.0333901606711	0.0333901606711	0.0439909379966	-0.00930627175125	-0.0242614386142
M07_L_TO_DY_ALL28:G808-E0953	M07_L_TO_DY_ALL28	ALL28	L	DY	G808-E0953	opch	edy	0	f78v	f78v	G808-P0250	f78v.20	20	2	B	B	2	3	EXACT	0.129313570513	48	0.646653550901	1	0.0198090546769	72	0.506843298006	1	0.0687881706888	121	0.0746999469497	122	0.0207304948489	68	0.00414494522444	4	0.00847326635814	6	0.503114223809	1	0.795776176091	1.3026194741	0.796697616263	0.804249442449	1.2988903999
M07_L_TO_DY_ALL28:G808-E0974	M07_L_TO_DY_ALL28	ALL28	L	DY	G808-E0974	opch	edy	0	f79r	f79r	G808-P0255	f79r.26	26	6	B	B	2	2	EXACT	0.0820671071071	25	0	0	0.00650021613575	72	0	0	0.0164866611735	97	0.0193263031436	97	0.00633833263505	68	0.0092525762286	4	-0.00851534264492	6	-0.392204124856	1	0.0885673232428	0.0885673232428	0.0884054397422	0.0800519805979	-0.303636801614
M07_L_TO_DY_ALL28:G808-E0993	M07_L_TO_DY_ALL28	ALL28	L	DY	G808-E0993	opch	edy	0	f79v	f79v	G808-P0260	f79v.10	10	6	B	B	2	2	EXACT	0.281649070561	6	0.00992594006599	1	0.0325205303185	72	-0.112555775649	1	0.0308984707794	79	0.0311050025244	80	0.0315427541539	68	0.0491430516615	4	-0.107868332478	6	-0.131650441695	1	0.324095540945	0.211539765296	0.323117764781	0.216227208467	0.192445099251
M07_L_TO_DY_ALL28:G808-E1018	M07_L_TO_DY_ALL28	ALL28	L	DY	G808-E1018	opch	edy	0	f80r	f80r	G808-P0268	f80r.38	38	9	B	B	2	3	EXACT	0.16146751034	29	-0.199683001302	4	-0.0103797614516	72	0.485689258122	1	0.0234633613859	105	0.0286166770211	106	-0.0114262373643	68	0.00742387670302	4	-0.00387514886893	6	0.485761982556	1	-0.048595252414	0.437094005708	-0.0496417283267	-0.052470401283	0.437166730142
M07_L_TO_DY_ALL28:G808-E1148	M07_L_TO_DY_ALL28	ALL28	L	DY	G808-E1148	opch	edy	0	f82v	f82v	G808-P0291	f82v.33	33	7	B	B	2	3	EXACT	0.306962238277	22	0	0	0.0213927404713	72	0	0	0.078000390539	94	0.0807848688816	94	0.0207602315792	68	0.0321457447663	4	0.0169587889532	6	0	0	0.328354978748	0.328354978748	0.327722469856	0.345313767701	0.328354978748
M07_L_TO_DY_ALL28:G808-E1199	M07_L_TO_DY_ALL28	ALL28	L	DY	G808-E1199	opch	edy	0	f83v	f83v	G808-P0299	f83v.1	1	5	B	B	2	2	EXACT	0.170824676681	28	0	0	0.0143150544973	72	0	0	0.050792442889	100	0.0535173572051	100	0.0218633166973	68	-0.114004841203	4	-0.000837359505731	6	0	0	0.185139731179	0.185139731179	0.192687993379	0.184302371673	0.185139731179
M07_L_TO_DY_ALL28:G808-E1293	M07_L_TO_DY_ALL28	ALL28	L	DY	G808-E1293	opch	edy	0	f86v6	f86v	G808-P0327	f86v6.13	13	8	T	B	2	3	EXACT	-0.0617393489989	37	0	0	0.0323340219892	72	0	0	-0.00326596836432	109	-0.00049434871307	109	0.0398828061062	68	-0.095995392	4	0.00137472400904	6	0	0	-0.0294053270098	-0.0294053270098	-0.0218565428927	-0.0280306030007	-0.0294053270098
M07_L_TO_DY_ALL28:G808-E1299	M07_L_TO_DY_ALL28	ALL28	L	DY	G808-E1299	opch	edy	0	f86v6	f86v	G808-P0328	f86v6.23	23	6	T	B	2	3	EXACT	-0.0578657280302	48	0.202052517253	5	0.0217661613357	72	-0.565841418124	1	-0.00180216245137	125	-0.00397947952918	126	0.0298710951123	68	-0.116017796866	4	-0.0384944799675	6	-0.605038769303	1	0.165952950559	-0.399888467565	0.174057884335	0.127458470591	-0.439085818744
M07_L_TO_DY_ALL28:G808-E1540	M07_L_TO_DY_ALL28	ALL28	L	DY	G808-E1540	ot	eody	1	f102v1	f102v	G808-P0378	f102v1.22	22	7	P	A	1	2	EXACT	-0.131614595352	21	0	0	-0.0113624473755	72	-0.141240558339	1	-0.0476711262534	93	-0.0467167735795	94	-0.00681347567394	68	-0.0886961591776	4	-0.0376192225477	6	-0.145014548408	1	-0.142977042728	-0.284217601066	-0.138428071026	-0.180596265275	-0.287991591135
M07_L_TO_DY_ALL28:G808-E1600	M07_L_TO_DY_ALL28	ALL28	L	DY	G808-E1600	ot	edy	0	f103v	f103v	G808-P0406	f103v.27	27	8	S	B	3	3	EXACT	0.269627933799	15	0.388145503403	2	0.0605735052252	72	0	0	0.0909278643409	89	0.0935249857003	89	0.059618896054	68	0.0768022008956	4	0.0403236425574	6	-0.0288885649993	1	0.718346942427	0.718346942427	0.717392333256	0.758670584984	0.689458377428
M07_L_TO_DY_ALL28:G808-E1604	M07_L_TO_DY_ALL28	ALL28	L	DY	G808-E1604	ot	edy	0	f103v	f103v	G808-P0407	f103v.30	30	6	S	B	3	2	EXACT	0.134394839099	13	0.0972606950602	1	0.0352063971042	72	0	0	0.0377688531571	86	0.0403659745165	86	0.031161248579	68	0.103974261793	4	-0.153166852131	6	0	0	0.266861931263	0.266861931263	0.262816782738	0.113695079133	0.266861931263
M07_L_TO_DY_ALL28:G808-E1609	M07_L_TO_DY_ALL28	ALL28	L	DY	G808-E1609	ot	edy	0	f103v	f103v	G808-P0408	f103v.34	34	9	S	B	3	3	EXACT	0.328352464136	19	-0.00537535721672	5	0.0406238071408	72	-0.109592021825	1	0.0843711835946	96	0.0843813050002	97	0.0384956863176	68	0.0768022008956	4	0.026936610435	6	-0.128517791341	1	0.36360091406	0.254008892235	0.361472793237	0.390537524495	0.23508312272
M07_L_TO_DY_ALL28:G808-E1617	M07_L_TO_DY_ALL28	ALL28	L	DY	G808-E1617	ot	edy	0	f104r	f104r	G808-P0412	f104r.3	3	6	S	B	3	3	EXACT	0.0551879255474	19	0.0147310934678	3	0.0214772575024	72	0	0	0.0179191862188	94	0.02073552369	94	0.0291981428814	68	-0.109777463353	4	0.0231699271444	6	0	0	0.0913962765175	0.0913962765175	0.0991171618965	0.114566203662	0.0913962765175
M07_L_TO_DY_ALL28:G808-E1677	M07_L_TO_DY_ALL28	ALL28	L	DY	G808-E1677	ot	edy	0	f105r	f105r	G808-P0442	f105r.18	18	8	S	B	3	3	EXACT	0.0243594214443	20	0.0393128192824	2	0.0503204738517	72	0	0	0.0345122153828	94	0.0371702459913	94	0.0469356334439	68	0.107863663166	4	0.00585406046578	6	0	0	0.113992714578	0.113992714578	0.110607874171	0.119846775044	0.113992714578
M07_L_TO_DY_ALL28:G808-E1733	M07_L_TO_DY_ALL28	ALL28	L	DY	G808-E1733	ot	edy	0	f106r	f106r	G808-P0465	f106r.23	23	8	S	B	3	3	EXACT	0.212740695622	5	-0.00386564918492	1	0.0662008497346	72	-0.406165973175	2	0.055553766982	78	0.045224430394	80	0.0656334705277	68	0.0758468461789	4	0.0512676334894	6	-0.429710980353	2	0.275075896172	-0.131090077003	0.274508516965	0.326343529661	-0.154635084181
M07_L_TO_DY_ALL28:G808-E1751	M07_L_TO_DY_ALL28	ALL28	L	DY	G808-E1751	ot	eody	1	f106v	f106v	G808-P0482	f106v.28	28	7	S	B	3	3	EXACT	0.337199423063	13	0	0	0.0629851443851	72	-0.0242176505514	4	0.0916275486371	85	0.0864679154811	89	0.0595269019795	68	0.121775633116	4	0.022332200674	6	-0.0282862202734	4	0.400184567448	0.375966916897	0.396726325043	0.422516768122	0.371898347175
M07_L_TO_DY_ALL28:G808-E1758	M07_L_TO_DY_ALL28	ALL28	L	DY	G808-E1758	ot	edy	0	f106v	f106v	G808-P0486	f106v.41	41	1	S	B	3	3	EXACT	-0.104182401397	6	-0.0327871881715	3	0.0378030798249	72	0.392096175983	2	0.0064078241741	81	0.0169593208243	83	0.0352371834751	68	0.0814236856073	4	0.045455103967	6	0.382977058268	2	-0.0991665097438	0.292929666239	-0.101732406094	-0.0537114057768	0.283810548524
M07_L_TO_DY_ALL28:G808-E1797	M07_L_TO_DY_ALL28	ALL28	L	DY	G808-E1797	ot	edy	0	f107v	f107v	G808-P0506	f107v.16	16	6	S	B	3	3	EXACT	0.0618621347792	16	0	0	0.0646372349723	72	0	0	0.05266106542	88	0.0552274096741	88	0.0623996559834	68	0.102676664797	4	0.0282319629928	6	0	0	0.126499369752	0.126499369752	0.124261790763	0.154731332744	0.126499369752
M07_L_TO_DY_ALL28:G808-E1822	M07_L_TO_DY_ALL28	ALL28	L	DY	G808-E1822	ot	edy	0	f108r	f108r	G808-P0517	f108r.1	1	10	S	B	3	3	EXACT	0.225506525575	4	0	0	0.0344011556727	71	0	0	0.0202827935323	75	0.0231548236719	75	0.0410562426298	67	-0.0770711566508	4	0.0515322293604	6	0	0	0.259907681248	0.259907681248	0.266562768205	0.311439910608	0.259907681248
M07_L_TO_DY_ALL28:G808-E1824	M07_L_TO_DY_ALL28	ALL28	L	DY	G808-E1824	ot	edy	0	f108r	f108r	G808-P0517	f108r.2	2	8	S	B	3	3	EXACT	0.225506525575	4	-0.0731310211097	1	0.0482200583002	72	0.430184067933	1	0.0313238340392	77	0.0384995461321	78	0.0431751288841	68	0.133985676749	4	-0.0138857837242	6	0.427148006829	1	0.200595562766	0.630779630699	0.19555063335	0.186709779041	0.627743569595
M07_L_TO_DY_ALL28:G808-E1825	M07_L_TO_DY_ALL28	ALL28	L	DY	G808-E1825	ot	edy	0	f108r	f108r	G808-P0517	f108r.3	3	7	S	B	3	3	EXACT	0.225506525575	4	0	0	0.071597845553	72	0	0	0.0553352596768	76	0.0582072898163	76	0.0679280800929	68	0.133985676749	4	-0.0274629030859	6	0	0	0.297104371128	0.297104371128	0.293434605668	0.269641468042	0.297104371128
M07_L_TO_DY_ALL28:G808-E1830	M07_L_TO_DY_ALL28	ALL28	L	DY	G808-E1830	ot	edy	0	f108r	f108r	G808-P0518	f108r.6	6	8	S	B	3	3	EXACT	-0.178174440227	6	-0.0214719618364	5	0.0356339851335	72	-0.12228651859	1	-0.00669489892821	83	-0.00595101951724	84	0.0310943142581	68	0.112810208392	4	-0.112684529792	6	-0.125322579694	1	-0.16401241693	-0.28629893552	-0.168552087805	-0.276696946722	-0.289334996624
M07_L_TO_DY_ALL28:G808-E1841	M07_L_TO_DY_ALL28	ALL28	L	DY	G808-E1841	ot	edy	0	f108r	f108r	G808-P0521	f108r.19	19	9	S	B	3	2	EXACT	0.0995255016586	12	0	0	0.0314568951249	72	0	0	0.0235543341739	84	0.0264263643135	84	0.0274200190989	68	0.100085605943	4	0.00702929105318	6	0.0962816684306	1	0.130982396784	0.130982396784	0.126945520758	0.138011687837	0.227264065214
M07_L_TO_DY_ALL28:G808-E1855	M07_L_TO_DY_ALL28	ALL28	L	DY	G808-E1855	ot	edy	0	f108r	f108r	G808-P0525	f108r.31	31	7	S	B	3	2	EXACT	0.0457946618973	5	-0.0312322963369	2	0.0368396341707	72	0	0	0.0118900584084	79	0.014762088548	79	0.0311252680411	68	0.133985676749	4	-0.0146636598102	6	0	0	0.0514019997311	0.0514019997311	0.0456876336015	0.0367383399209	0.0514019997311
M07_L_TO_DY_ALL28:G808-E1866	M07_L_TO_DY_ALL28	ALL28	L	DY	G808-E1866	ot	edy	0	f108r	f108r	G808-P0528	f108r.39	39	6	S	B	3	3	EXACT	0.183260277217	22	-0.0338247308861	2	0.026222851171	72	0	0	0.0495911350134	96	0.052463165153	96	0.0334918756421	68	-0.097348746463	4	-0.0228296406355	6	-0.0575745713778	1	0.175658397502	0.175658397502	0.182927421973	0.152828756866	0.118083826124
M07_L_TO_DY_ALL28:G808-E1873	M07_L_TO_DY_ALL28	ALL28	L	DY	G808-E1873	ot	edy	0	f108r	f108r	G808-P0529	f108r.46	46	5	S	B	3	3	EXACT	0.453981770819	11	0.200135270074	2	0.0538459155401	72	0.190438428314	1	0.0902299154293	85	0.0935325905845	86	0.0627398261506	68	-0.097348746463	4	0.0267059218	6	-0.0748496467044	2	0.707962956434	0.898401384748	0.716856867044	0.734668878234	0.633113309729
M07_L_TO_DY_ALL28:G808-E1879	M07_L_TO_DY_ALL28	ALL28	L	DY	G808-E1879	ot	edy	0	f108r	f108r	G808-P0530	f108r.48	48	8	S	B	3	3	EXACT	0.340840004931	10	0.118977394115	1	0.0316913603645	72	0.143961426901	3	0.0505851321466	83	0.0545107641425	86	0.026919770385	68	0.112810208392	4	-0.00830421824387	6	0.099294095361	3	0.49150875941	0.635470186311	0.48673716943	0.483204541166	0.590802854771
M07_L_TO_DY_ALL28:G808-E1881	M07_L_TO_DY_ALL28	ALL28	L	DY	G808-E1881	ot	edy	0	f108v	f108v	G808-P0531	f108v.1	1	3	S	B	3	3	EXACT	0.390493670063	15	0.442353041289	3	0.046982246709	72	0	0	0.111536685644	90	0.113719551044	90	0.0546351611098	68	-0.0831167602632	4	-0.0993854896974	6	0.288417665945	1	0.87982895806	0.87982895806	0.887481872461	0.780443468363	1.16824662401
M07_L_TO_DY_ALL28:G808-E1898	M07_L_TO_DY_ALL28	ALL28	L	DY	G808-E1898	ot	edy	0	f108v	f108v	G808-P0536	f108v.20	20	5	S	B	3	3	EXACT	0.108862045999	51	0.252688228378	3	0.037195616299	72	0	0	0.0727914768384	126	0.0749743422386	126	0.0460679582423	68	-0.113633658896	4	0.00319455094107	6	0	0	0.398745890676	0.398745890676	0.40761823262	0.401940441617	0.398745890676
M07_L_TO_DY_ALL28:G808-E1908	M07_L_TO_DY_ALL28	ALL28	L	DY	G808-E1908	ot	edy	0	f108v	f108v	G808-P0537	f108v.31	31	8	S	B	3	3	EXACT	0.201499887064	88	0.293957478621	2	0.0484709689526	72	0	0	0.140450869511	162	0.142633734911	162	0.0460152491296	68	0.090218743783	4	-0.0372892597037	6	0	0	0.543928334638	0.543928334638	0.541472614815	0.506639074934	0.543928334638
M07_L_TO_DY_ALL28:G808-E1925	M07_L_TO_DY_ALL28	ALL28	L	DY	G808-E1925	ot	edy	0	f108v	f108v	G808-P0537	f108v.53	53	5	S	B	3	2	EXACT	0.201499887064	88	-0.043884726356	1	0.0450291781872	72	0	0	0.136029547545	161	0.138212412946	161	0.0561661192431	68	-0.144298281922	4	-0.0449476036802	6	0	0	0.202644338895	0.202644338895	0.213781279951	0.157696735215	0.202644338895
M07_L_TO_DY_ALL28:G808-E1934	M07_L_TO_DY_ALL28	ALL28	L	DY	G808-E1934	ot	edy	0	f111r	f111r	G808-P0539	f111r.7	7	10	S	B	3	3	EXACT	0.21402671497	128	-0.475286069106	1	0.0616516500824	69	-0.00431447965004	2	0.173659226363	198	0.173938196877	200	0.0581089768398	65	0.119217699954	4	-0.139170272429	6	0.0744181836078	3	-0.199607704054	-0.203922183704	-0.203150377297	-0.338777976483	-0.125189520446
M07_L_TO_DY_ALL28:G808-E1938	M07_L_TO_DY_ALL28	ALL28	L	DY	G808-E1938	ot	eody	1	f111r	f111r	G808-P0539	f111r.18	18	3	S	B	3	3	EXACT	0.21402671497	128	0.128643629396	2	0.0576716477327	69	0.389665458599	1	0.174936751794	199	0.178357059101	200	0.065771228966	65	-0.0739489376288	4	0.0100099868999	6	-0.160868788458	2	0.400341992098	0.790007450697	0.408441573332	0.410351978998	0.23947320364
M07_L_TO_DY_ALL28:G808-E1943	M07_L_TO_DY_ALL28	ALL28	L	DY	G808-E1943	ot	edy	0	f111r	f111r	G808-P0540	f111r.40	40	5	S	B	3	3	EXACT	0.20578784252	27	0.348572605363	1	0.0382428473716	72	0.509311931504	1	0.0801113561587	100	0.086425276483	101	0.0464813161383	68	-0.101809259071	4	0.0574828754983	6	0.520990179104	1	0.592603295255	1.10191522676	0.600841764022	0.650086170753	1.11359347436
M07_L_TO_DY_ALL28:G808-E1951	M07_L_TO_DY_ALL28	ALL28	L	DY	G808-E1951	ot	edy	0	f111v	f111v	G808-P0544	f111v.5	5	4	S	B	3	3	EXACT	0.155738164121	107	0.234144621235	2	0.0500248586453	72	0.0813103082661	1	0.123520045078	181	0.125404443656	182	0.0578750121943	68	-0.0834273729075	4	0.0484192583304	6	0.0412406184443	2	0.439907644001	0.521217952267	0.44775779755	0.488326902332	0.481148262445
M07_L_TO_DY_ALL28:G808-E1957	M07_L_TO_DY_ALL28	ALL28	L	DY	G808-E1957	ot	edy	0	f111v	f111v	G808-P0544	f111v.11	11	7	S	B	3	3	EXACT	0.155738164121	107	0.0183169823992	2	0.0732138281975	72	0.54136836781	1	0.130359550769	181	0.134734161182	182	0.0715517053259	68	0.101470295795	4	0.0636483935889	6	0.537436387402	1	0.247268974717	0.788637342527	0.245606851846	0.310917368306	0.78470536212
M07_L_TO_DY_ALL28:G808-E1977	M07_L_TO_DY_ALL28	ALL28	L	DY	G808-E1977	ot	edy	0	f112r	f112r	G808-P0554	f112r.15	15	4	S	B	3	2	EXACT	0.219318546729	21	0	0	0.0510707230594	72	0	0	0.0801688330002	93	0.082816434532	93	0.0588947841471	68	-0.0819379679116	4	0.0965213274524	6	0.42668779583	1	0.270389269788	0.270389269788	0.278213330876	0.366910597241	0.697077065618
M07_L_TO_DY_ALL28:G808-E1992	M07_L_TO_DY_ALL28	ALL28	L	DY	G808-E1992	ot	edy	0	f112r	f112r	G808-P0559	f112r.35	35	8	S	B	3	3	EXACT	0.232207351405	12	0	0	0.080506133153	72	0.139210911076	3	0.0883765720997	84	0.090774953769	87	0.0780842544289	68	0.121678418984	4	-0.0185388239982	6	0.0968022660328	3	0.312713484559	0.451924395634	0.310291605834	0.29417466056	0.409515750591
M07_L_TO_DY_ALL28:G808-E1997	M07_L_TO_DY_ALL28	ALL28	L	DY	G808-E1997	ot	eody	1	f112r	f112r	G808-P0562	f112r.42	42	9	S	B	3	3	EXACT	-0.0563106210768	18	-0.0181482187384	3	0.0125014414836	72	0	0	-0.0128763594368	93	-0.010228757905	93	0.0185620019159	68	-0.0905277383449	4	-0.00681237021013	6	0.102382492733	1	-0.0619573983315	-0.0619573983315	-0.0558968378992	-0.0687697685416	0.0404250944016
M07_L_TO_DY_ALL28:G808-E2009	M07_L_TO_DY_ALL28	ALL28	L	DY	G808-E2009	ot	eody	1	f112v	f112v	G808-P0570	f112v.31	31	4	S	B	3	2	EXACT	0.0539708138853	4	0	0	0.0641675305237	72	-0.0555793892197	1	0.0368355498831	76	0.0368884768868	77	0.0607926692811	68	0.121552972682	4	0.136611798232	6	0.137375863072	1	0.118138344409	0.0625589551893	0.114763483166	0.254750142641	0.255514207481
M07_L_TO_DY_ALL28:G808-E2061	M07_L_TO_DY_ALL28	ALL28	L	DY	G808-E2061	ot	eody	1	f113v	f113v	G808-P0593	f113v.4	4	8	S	B	3	3	EXACT	0.28882665292	1	0	0	0.0725563791042	72	-0.239136996831	1	0.0533337132154	73	0.0512263760204	74	0.0699237400671	68	0.117311894507	4	0.0370513745763	6	-0.242276769676	1	0.361383032024	0.122246035194	0.358750392987	0.398434406601	0.119106262348
M07_L_TO_DY_ALL28:G808-E2100	M07_L_TO_DY_ALL28	ALL28	L	DY	G808-E2100	ot	edy	0	f114r	f114r	G808-P0612	f114r.20	20	11	S	B	3	3	EXACT	-0.0815330658754	7	0	0	0.00868616688287	72	-0.0559095424091	1	-0.0164348950297	79	-0.0150344096025	80	0.0174789895763	68	-0.140791488061	4	0.0631719683509	6	0.118633888553	1	-0.0728468989925	-0.128756441402	-0.0640540762991	-0.00967493064157	0.0457869895609
M07_L_TO_DY_ALL28:G808-E2106	M07_L_TO_DY_ALL28	ALL28	L	DY	G808-E2106	ot	edy	0	f114r	f114r	G808-P0615	f114r.31	31	5	S	B	3	2	EXACT	0.146984371775	23	0.0746022906846	1	0.0497631973677	72	0.439643224907	1	0.0650903520469	96	0.0709702635706	97	0.0494448439613	68	0.0551755361199	4	0.0226605248635	6	0.435436531443	1	0.271349859827	0.710993084734	0.271031506421	0.29401038469	0.70678639127
M07_L_TO_DY_ALL28:G808-E2165	M07_L_TO_DY_ALL28	ALL28	L	DY	G808-E2165	ot	eody	1	f115v	f115v	G808-P0646	f115v.6	6	8	S	B	3	3	EXACT	0.147852358256	5	0.0961360762595	1	0.0529725642723	72	-0.00264587233977	2	0.0408874452433	78	0.0410023854957	80	0.0513727279837	68	0.0801702485858	4	-0.0548346731958	6	-0.00686230912374	2	0.296960998788	0.294315126448	0.295361162499	0.242126325592	0.290098689664
M07_L_TO_DY_ALL28:G808-E2189	M07_L_TO_DY_ALL28	ALL28	L	DY	G808-E2189	ot	edy	0	f116r	f116r	G808-P0659	f116r.6	6	8	S	B	3	2	EXACT	0.264304229675	18	0.176664311097	1	0.0215732533697	72	1.10301678871	1	0.0606783584418	91	0.0740467195614	92	0.02819630442	68	-0.0910182732719	4	-0.0623618820395	6	1.10558204293	1	0.462541794141	1.56555858285	0.469164845192	0.400179912102	1.56812383707
M07_L_TO_DY_ALL28:G808-E2191	M07_L_TO_DY_ALL28	ALL28	L	DY	G808-E2191	ot	edy	0	f116r	f116r	G808-P0660	f116r.7	7	8	S	B	3	3	EXACT	0.682822816419	4	-0.0270361683914	1	0.0402636708381	72	0	0	0.0535457482334	77	0.0562173877612	77	0.0379467556948	68	0.0796515694869	4	0.00845128280762	6	0	0	0.696050318866	0.696050318866	0.693733403722	0.704501601673	0.696050318866
M07_L_TO_DY_ALL28:G808-E2193	M07_L_TO_DY_ALL28	ALL28	L	DY	G808-E2193	ot	edy	0	f116r	f116r	G808-P0660	f116r.8	8	8	S	B	3	3	EXACT	0.682822816419	4	0.0266186025896	3	0.0365284292043	72	0	0	0.0493790357265	79	0.0520506752542	79	0.0339917939649	68	0.0796515694869	4	-0.0693318517501	6	0	0	0.745969848213	0.745969848213	0.743433212974	0.676637996463	0.745969848213
M07_L_TO_DY_ALL28:G808-E2200	M07_L_TO_DY_ALL28	ALL28	L	DY	G808-E2200	ot	edy	0	f116r	f116r	G808-P0663	f116r.18	18	5	S	B	3	3	EXACT	0.284449644719	71	0.215885351633	4	0.0395176089006	72	0	0	0.168686215942	147	0.17135785547	147	0.047925225634	68	-0.103411534357	4	0.0398442029083	6	0.0523741326598	1	0.539852605253	0.539852605253	0.548260221986	0.579696808161	0.592226737912
M07_L_TO_DY_ALL28:G808-E0273	M07_L_TO_DY_ALL28	ALL28	L	DY	G808-E0273	ot	edy	0	f26v	f26v	G808-P0092	f26v.2	2	4	H	B	2	3	EXACT	0.10574089002	34	0.295900160432	1	-0.0146687938809	72	0	0	0.0229533906794	107	0.025594166437	107	-0.010764475315	68	-0.081041865596	4	-0.055323328168	6	0.962895292597	1	0.386972256571	0.386972256571	0.390876575137	0.331648928403	1.34986754917
M07_L_TO_DY_ALL28:G808-E0341	M07_L_TO_DY_ALL28	ALL28	L	DY	G808-E0341	ot	edy	0	f34r	f34r	G808-P0117	f34r.3	3	6	H	B	2	3	EXACT	-0.0106747359576	29	-0.149561875571	1	-0.0246147546417	72	-0.192626896071	1	-0.0274058505846	102	-0.0269443812964	103	-0.0201899917155	68	-0.0998353947347	4	0.0147473560805	6	-0.196598271018	1	-0.18485136617	-0.377478262241	-0.180426603244	-0.17010401009	-0.381449637188
M07_L_TO_DY_ALL28:G808-E0488	M07_L_TO_DY_ALL28	ALL28	L	DY	G808-E0488	ot	edy	0	f46r	f46r	G808-P0171	f46r.7	7	10	H	B	2	3	EXACT	0.0573326367419	16	0.172636859682	2	0.019671075057	72	0.0303998409162	2	0.0174606400678	90	0.0191692391243	92	0.0147254771256	68	0.103746801881	4	-0.0124824145552	6	0.0257463182107	2	0.249640571481	0.280040412398	0.24469497355	0.237158156926	0.275386889692
M07_L_TO_DY_ALL28:G808-E0497	M07_L_TO_DY_ALL28	ALL28	L	DY	G808-E0497	ot	edy	0	f46v	f46v	G808-P0175	f46v.2	2	10	H	B	2	3	EXACT	-0.0236609787382	45	-0.251705042531	4	0.016273964125	72	-0.662841155127	1	-0.00795050659235	121	-0.0111551148477	122	0.0111656098807	68	0.103116360468	4	-0.024285477631	6	-0.675566978024	1	-0.259092057144	-0.921933212271	-0.264200411389	-0.283377534775	-0.934659035168
M07_L_TO_DY_ALL28:G808-E0504	M07_L_TO_DY_ALL28	ALL28	L	DY	G808-E0504	ot	edy	0	f46v	f46v	G808-P0175	f46v.11	11	2	H	B	2	2	EXACT	-0.0236609787382	45	-0.0450250523113	1	-0.00570012681782	72	-0.342644756457	1	-0.012640260016	118	-0.0132619318091	119	-0.00540692383335	68	-0.0106842033633	4	0.0626571904197	6	-0.346681265942	1	-0.0743861578673	-0.417030914325	-0.0740929548828	-0.0117289674476	-0.42106742381
M07_L_TO_DY_ALL28:G808-E0534	M07_L_TO_DY_ALL28	ALL28	L	DY	G808-E0534	ot	edy	0	f48v	f48v	G808-P0181	f48v.5	5	6	H	B	5	3	EXACT	0.165589307679	32	-0.347652039725	1	0.00714069676081	72	-0.375184373279	1	0.0477438043944	105	0.04586239218	106	0.00155879077392	68	0.10203342819	4	0.0244534987594	6	-0.194192321722	2	-0.174922035286	-0.550106408566	-0.180503941273	-0.150468536527	-0.369114357008
M07_L_TO_DY_ALL28:G808-E0678	M07_L_TO_DY_ALL28	ALL28	L	DY	G808-E0678	ot	eody	1	f66r	f66r	G808-P0218	f66r.75	75	3	T	B	5	3	EXACT	0.122853388543	44	0.366512506579	3	0.0296168509016	71	0.00766780259084	2	0.072562033456	118	0.0732034520652	120	0.0349952776392	67	-0.0604723241489	4	0.0212555379139	6	0.0190486964966	2	0.518982746024	0.526650548614	0.524361172761	0.540238283938	0.53803144252
M07_L_TO_DY_ALL28:G808-E0720	M07_L_TO_DY_ALL28	ALL28	L	DY	G808-E0720	ot	edy	0	f75v	f75v	G808-P0226	f75v.7	7	9	B	B	2	3	EXACT	0.127844357739	49	0.191567581957	2	0.0359550692384	72	-0.0809734965051	1	0.0762542618533	123	0.0771413236911	124	0.0336097372293	68	0.0758261518388	4	-0.0407549576608	6	-0.0850301382327	1	0.355367008934	0.274393512429	0.353021676925	0.314612051273	0.270336870701
M07_L_TO_DY_ALL28:G808-E0742	M07_L_TO_DY_ALL28	ALL28	L	DY	G808-E0742	ot	edy	0	f76r	f76r	G808-P0231	f76r.3	3	8	T	B	2	3	EXACT	0.183064995854	124	0.0197318174829	3	0.00965520017552	70	-0.034632218622	1	0.13391764538	197	0.135410696362	198	0.00396838387212	66	0.103487395361	4	-0.0466375306679	6	-0.0387431298139	1	0.212452013512	0.17781979489	0.206765197209	0.165814482844	0.173708883698
M07_L_TO_DY_ALL28:G808-E0767	M07_L_TO_DY_ALL28	ALL28	L	DY	G808-E0767	ot	edy	0	f76r	f76r	G808-P0232	f76r.41	41	7	T	B	2	3	EXACT	0.128330865406	22	-0.155588167904	3	0.0158422617057	72	-0.355575664335	2	0.0268965967678	97	0.0206368232797	99	0.0227589974916	68	-0.101741747636	4	0.0132528344406	6	-0.172090298198	3	-0.011415040792	-0.366990705127	-0.00449830500603	0.00183779364862	-0.18350533899
M07_L_TO_DY_ALL28:G808-E0772	M07_L_TO_DY_ALL28	ALL28	L	DY	G808-E0772	ot	edy	0	f76r	f76r	G808-P0233	f76r.46	46	4	T	B	2	2	EXACT	0.214971266134	35	-0.0626065945963	2	0.00471678339677	72	0	0	0.0675574657176	109	0.0701942366602	109	0.00972619782382	68	-0.0804427628441	4	-0.0531236758046	6	0	0	0.157081454934	0.157081454934	0.162090869361	0.103957779129	0.157081454934
M07_L_TO_DY_ALL28:G808-E0774	M07_L_TO_DY_ALL28	ALL28	L	DY	G808-E0774	ot	edy	0	f76r	f76r	G808-P0233	f76r.47	47	9	T	B	2	3	EXACT	0.214971266134	35	-0.235181281973	3	0.0183108521579	72	0.0420745162069	1	0.0702880429438	110	0.072148956094	111	0.0148988531411	68	0.0763153344631	4	0.0220344078342	6	0.160066301816	1	-0.00189916368184	0.040175352525	-0.00531116269867	0.0201352441523	0.158167138134
M07_L_TO_DY_ALL28:G808-E0797	M07_L_TO_DY_ALL28	ALL28	L	DY	G808-E0797	ot	edy	0	f76v	f76v	G808-P0237	f76v.17	17	5	B	B	2	3	EXACT	0.320019082658	25	0.07754766649	1	0.0144019511665	72	0	0	0.0852610152357	98	0.0878088895347	98	0.0212341304752	68	-0.101744776624	4	0.045676524736	6	0	0	0.411968700315	0.411968700315	0.418800879624	0.457645225051	0.411968700315
M07_L_TO_DY_ALL28:G808-E0816	M07_L_TO_DY_ALL28	ALL28	L	DY	G808-E0816	ot	edy	0	f76v	f76v	G808-P0238	f76v.31	31	8	B	B	2	3	EXACT	0.155232680773	37	0	0	0.0330247465581	72	0.204571448677	2	0.0721555829512	109	0.0760834924745	111	0.0303990949939	68	0.077661143608	4	0.0279900310635	6	0.201084228516	2	0.188257427331	0.392828876008	0.185631775767	0.216247458394	0.389341655847
M07_L_TO_DY_ALL28:G808-E0842	M07_L_TO_DY_ALL28	ALL28	L	DY	G808-E0842	ot	edy	0	f77r	f77r	G808-P0242	f77r.25	25	1	B	B	2	2	EXACT	0.355695726771	36	0.380975234424	2	0.0511106117267	72	0	0	0.153956137029	110	0.156571471135	110	0.0492977870178	68	0.0819289265104	4	0.120427604631	6	0.0206241695647	1	0.787781572922	0.787781572922	0.785968748213	0.908209177553	0.808405742486
M07_L_TO_DY_ALL28:G808-E0870	M07_L_TO_DY_ALL28	ALL28	L	DY	G808-E0870	ot	edy	0	f77v	f77v	G808-P0245	f77v.16	16	7	B	B	2	2	EXACT	0.195145811204	39	-0.192849218679	1	0.0224068646181	72	0.123594170104	1	0.0790012598412	112	0.0814855062849	113	0.0287991648209	68	-0.0862611698623	4	-0.0107377347488	6	0.120535655378	1	0.0247034571428	0.148297627247	0.0310957573456	0.013965722394	0.145239112521
M07_L_TO_DY_ALL28:G808-E0907	M07_L_TO_DY_ALL28	ALL28	L	DY	G808-E0907	ot	edy	0	f78r	f78r	G808-P0247	f78r.10	10	4	B	B	2	2	EXACT	0.166045281968	56	0	0	0.0139848293282	72	1.0737731462	1	0.0842639791689	128	0.0941298707522	129	0.0192013127184	68	-0.0746950884377	4	0.0187142515812	6	1.07527577972	1	0.180030111296	1.25380325749	0.185246594686	0.198744362877	1.25530589102
M07_L_TO_DY_ALL28:G808-E0909	M07_L_TO_DY_ALL28	ALL28	L	DY	G808-E0909	ot	edy	0	f78r	f78r	G808-P0247	f78r.12	12	5	B	B	2	2	EXACT	0.166045281968	56	0.124394359917	1	0.0478736167262	72	-0.229245450786	1	0.103250477628	129	0.10289152268	130	0.0435846135802	68	0.120786970075	4	-0.0309929315113	6	-0.296866676243	1	0.338313258611	0.109067807826	0.334024255465	0.3073203271	0.0414465823687
M07_L_TO_DY_ALL28:G808-E0927	M07_L_TO_DY_ALL28	ALL28	L	DY	G808-E0927	ot	edy	0	f78v	f78v	G808-P0249	f78v.2	2	5	B	B	2	3	EXACT	0.223676488028	62	0.325344973392	3	0.056348587324	72	0.240065568058	1	0.142233401828	137	0.145214672356	138	0.0659862804541	68	-0.107491822416	4	0.00710172356732	6	0.236035248304	1	0.605370048744	0.845435616802	0.615007741874	0.612471772311	0.841405297048
M07_L_TO_DY_ALL28:G808-E0935	M07_L_TO_DY_ALL28	ALL28	L	DY	G808-E0935	ot	edy	0	f78v	f78v	G808-P0249	f78v.8	8	2	B	B	2	2	EXACT	0.223676488028	62	0.145433752389	3	0.0519035034076	72	0.541315557546	1	0.135957637558	137	0.141167355577	138	0.0564887919228	68	-0.0260460278788	4	-0.067001696115	6	0.537285237792	1	0.421013743825	0.962329301371	0.42559903234	0.35401204771	0.958298981617
M07_L_TO_DY_ALL28:G808-E1078	M07_L_TO_DY_ALL28	ALL28	L	DY	G808-E1078	ot	edy	0	f81r	f81r	G808-P0280	f81r.24	24	6	B	B	2	2	EXACT	0.184369682628	48	0	0	0.0459391854187	72	-0.0140292389578	1	0.102890008246	120	0.10421380415	121	0.0428275576078	68	0.0988362018847	4	-0.0642274209851	6	-0.0190196489862	1	0.230308868047	0.216279629089	0.227197240236	0.166081447062	0.211289219061
M07_L_TO_DY_ALL28:G808-E1162	M07_L_TO_DY_ALL28	ALL28	L	DY	G808-E1162	ot	edy	0	f83r	f83r	G808-P0292	f83r.8	8	2	B	B	2	2	EXACT	0.188884411963	29	0	0	0.0154671288301	72	0	0	0.0600327074676	101	0.0626592591607	101	0.0182816961516	68	-0.0323801620536	4	-0.0985319197662	6	0	0	0.204351540793	0.204351540793	0.207166108114	0.105819621027	0.204351540793
M07_L_TO_DY_ALL28:G808-E1198	M07_L_TO_DY_ALL28	ALL28	L	DY	G808-E1198	ot	edy	0	f83v	f83v	G808-P0299	f83v.1	1	3	B	B	2	2	EXACT	0.167689176078	28	0	0	0.0200315794657	72	0	0	0.0556997003195	100	0.0583366004051	100	0.025589124001	68	-0.0744461159364	4	0.0380309928903	6	0	0	0.187720755543	0.187720755543	0.193278300079	0.225751748434	0.187720755543
M07_L_TO_DY_ALL28:G808-E1228	M07_L_TO_DY_ALL28	ALL28	L	DY	G808-E1228	ot	edy	0	f85r1	f85r	G808-P0306	f85r1.21	21	8	T	B	2	3	EXACT	0.208914344016	5	0.0465870751715	2	0.019344120513	72	0.157087667352	2	0.0119581873967	79	0.0167395478443	81	0.0131370850922	68	0.124858275897	4	-0.0213779524393	6	0.129017551587	2	0.2748455397	0.431933207052	0.268638504279	0.253467587261	0.403863091286
M07_L_TO_DY_ALL28:G808-E1234	M07_L_TO_DY_ALL28	ALL28	L	DY	G808-E1234	ot	eody	1	f85r1	f85r	G808-P0307	f85r1.25	25	2	T	B	2	2	EXACT	0.102054072754	12	0	0	0.00352934908945	72	0.186228416827	1	0.00278723010392	84	0.00689758119555	85	0.00672174656399	68	-0.0507468547459	4	0.0569168534368	6	0.201780175273	1	0.105583421843	0.29181183867	0.108775819318	0.16250027528	0.307363597116
M07_L_TO_DY_ALL28:G808-E1242	M07_L_TO_DY_ALL28	ALL28	L	DY	G808-E1242	ot	edy	0	f85r1	f85r	G808-P0310	f85r1.33	33	6	T	B	2	3	EXACT	-0.0946376723311	22	-0.0636840439892	1	0.016571907301	72	-0.0616299225325	3	-0.0193271486579	95	-0.0197697138211	98	0.02319507107	68	-0.0960273235404	4	0.0276849850685	6	-0.0225401800365	3	-0.141749809019	-0.203379731552	-0.13512664525	-0.114064823951	-0.164289989056
M07_L_TO_DY_ALL28:G808-E1314	M07_L_TO_DY_ALL28	ALL28	L	DY	G808-E1314	ot	eody	1	f87r	f87r	G808-P0330	f87r.9	9	3	H	A	1	2	EXACT	-0.0461407993712	28	0	0	-0.0617770327357	72	0	0	-0.0682733369291	100	-0.0666923742292	100	-0.0533879249957	68	-0.20437910729	4	0.0166319200425	6	0	0	-0.107917832107	-0.107917832107	-0.099528724367	-0.0912859120644	-0.107917832107
M07_L_TO_DY_ALL28:G808-E1348	M07_L_TO_DY_ALL28	ALL28	L	DY	G808-E1348	ot	eody	1	f88v	f88v	G808-P0338	f88v.17	17	4	P	A	1	2	EXACT	-0.0424473671766	7	0.0219650425042	1	-0.000944692801725	72	-0.291992002665	1	-0.0214342557542	80	-0.0228160145448	81	0.00391721610697	68	-0.0835967700591	4	-0.018714048284	6	-0.296283937557	1	-0.0214270174741	-0.313419020139	-0.0165651085654	-0.0401410657582	-0.317710955031
M07_L_TO_DY_ALL28:G808-E1353	M07_L_TO_DY_ALL28	ALL28	L	DY	G808-E1353	ot	eody	1	f88v	f88v	G808-P0338	f88v.19	19	8	P	A	1	3	EXACT	-0.0424473671766	7	0.0641065052198	2	-0.00825739552655	72	-0.371721843757	1	-0.0267333542062	81	-0.0289731994732	82	-0.00337359233751	68	-0.0912816755499	4	-0.0468960836755	6	-0.382542264745	1	0.0134017425166	-0.35832010124	0.0182855457057	-0.0334943411588	-0.369140522228
M07_L_TO_DY_ALL28:G808-E1437	M07_L_TO_DY_ALL28	ALL28	L	DY	G808-E1437	ot	edy	0	f95v2	f95v	G808-P0360	f95v2.1	1	6	H	B	3	3	EXACT	0.112130355637	32	0	0	0.0186044414473	72	-0.781031029837	1	0.0433226463399	104	0.037563612111	105	0.0125492914675	68	0.121542335009	4	0.0219158196171	6	-0.789656283909	1	0.130734797084	-0.650296232753	0.124679647104	0.152650616701	-0.658921486824
M07_L_TO_DY_ALL28:G808-E1451	M07_L_TO_DY_ALL28	ALL28	L	DY	G808-E1451	ot	eody	1	f99r	f99r	G808-P0363	f99r.15	15	2	P	A	1	3	EXACT	0.0254712290151	15	-0.304891359092	1	-0.0123199995102	72	-1.04405692105	1	-0.0233274860552	88	-0.0326639734894	89	-0.00853781561684	68	-0.0766168040124	4	-0.0708198986358	6	-0.79607642604	1	-0.291740129587	-1.33579705064	-0.287957945693	-0.362560028223	-1.08781655563
M07_L_TO_DY_ALL28:G808-E1618	M07_L_TO_DY_ALL28	ALL28	L	DY	G808-E1618	otch	edy	0	f104r	f104r	G808-P0413	f104r.7	7	4	S	B	3	3	EXACT	0.127406016593	29	0.590900809514	2	0.0595715041057	72	0.0769036982449	1	0.0826439630486	103	0.0845709190329	104	0.0715034247707	68	-0.143270430776	4	-0.0956709657938	6	0.073442632428	1	0.777878330212	0.854782028457	0.789810250877	0.682207364419	0.85132096264
M07_L_TO_DY_ALL28:G808-E1696	M07_L_TO_DY_ALL28	ALL28	L	DY	G808-E1696	otch	edy	0	f105v	f105v	G808-P0450	f105v.9	9	6	S	B	3	3	EXACT	0.100343227355	31	0.082384909689	6	0.0505786520974	72	-0.330018696977	1	0.0608576830612	109	0.0592445590866	110	0.0600804925616	68	-0.110951906088	4	0.0789847355347	6	-0.166043077699	2	0.233306789141	-0.0967119078359	0.242808629605	0.312291524676	0.0672637114419
M07_L_TO_DY_ALL28:G808-E1706	M07_L_TO_DY_ALL28	ALL28	L	DY	G808-E1706	otch	edy	0	f106r	f106r	G808-P0458	f106r.1	1	7	S	B	3	3	EXACT	0.0540209060323	11	0	0	0.0535284790767	72	0	0	0.0376724247013	83	0.0400912349964	83	0.0515059179641	68	0.0879129537216	4	-0.0118361718468	6	0	0	0.107549385109	0.107549385109	0.105526823996	0.0957132132622	0.107549385109
M07_L_TO_DY_ALL28:G808-E1728	M07_L_TO_DY_ALL28	ALL28	L	DY	G808-E1728	otch	edy	0	f106r	f106r	G808-P0464	f106r.19	19	1	S	B	3	3	EXACT	0.117093980841	14	-0.0154471319772	3	0.05215913364	72	0.284808344008	1	0.0456048092477	89	0.0501104821611	90	0.047200156024	68	0.136462688842	4	0.04828522651	6	0.280303199456	1	0.153805982504	0.438614326512	0.148847004888	0.202091209014	0.434109181959
M07_L_TO_DY_ALL28:G808-E1885	M07_L_TO_DY_ALL28	ALL28	L	DY	G808-E1885	otch	edy	0	f108v	f108v	G808-P0532	f108v.5	5	4	S	B	3	3	EXACT	0.396914628823	5	-0.0225990803075	4	0.0270734480948	72	-0.322857089087	1	0.0370302626268	81	0.0340197245814	82	0.0375731784307	68	-0.151421043971	4	0.0565092185265	6	-0.0234944380964	2	0.401388996611	0.0785319075231	0.411888726946	0.457898215137	0.377894558514
M07_L_TO_DY_ALL28:G808-E2031	M07_L_TO_DY_ALL28	ALL28	L	DY	G808-E2031	otch	edy	0	f113r	f113r	G808-P0579	f113r.10	10	11	S	B	3	3	EXACT	-0.0433177263753	12	0	0	0.0310988664727	72	3.92298879879e-05	1	0.0055886590746	84	0.00734811654608	85	0.0427139905138	68	-0.166357424986	4	-0.0290389442644	6	-0.00420852665841	1	-0.0122188599026	-0.0121796300146	-0.000603735861486	-0.041257804167	-0.016427386561
M07_L_TO_DY_ALL28:G808-E2053	M07_L_TO_DY_ALL28	ALL28	L	DY	G808-E2053	otch	edy	0	f113r	f113r	G808-P0590	f113r.42	42	5	S	B	3	3	EXACT	0.178002365991	12	0.084779827298	1	0.0646260951358	72	0	0	0.0658917082272	85	0.0683226961091	85	0.0733131569181	68	-0.0830531379244	4	0.0383655921992	6	-0.683435008297	1	0.327408288425	0.327408288425	0.336095350207	0.365773880624	-0.356026719872
M07_L_TO_DY_ALL28:G808-E2105	M07_L_TO_DY_ALL28	ALL28	L	DY	G808-E2105	otch	edy	0	f114r	f114r	G808-P0615	f114r.29	29	13	S	B	3	3	EXACT	0.12033256651	20	-0.0803981329959	2	0.0076601111936	72	-0.00220581265186	1	0.0190023143025	94	0.020594348107	95	0.0178334340451	68	-0.165285660612	4	-0.128586357684	6	-0.00565929717551	1	0.047594544708	0.0453887320561	0.0577678675595	-0.0809918129761	0.0419352475325
M07_L_TO_DY_ALL28:G808-E2107	M07_L_TO_DY_ALL28	ALL28	L	DY	G808-E2107	otch	edy	0	f114r	f114r	G808-P0617	f114r.36	36	9	S	B	3	3	EXACT	0.03372165143	25	-0.0409128707992	2	0.0351540744974	72	0.0148860670763	1	0.0249567913084	99	0.0266972728515	100	0.0469446893079	68	-0.165285660612	4	-0.0452660742966	6	0.0114325825527	1	0.0279628551282	0.0428489222045	0.0397534699387	-0.0173032191684	0.0393954376809
M07_L_TO_DY_ALL28:G808-E2125	M07_L_TO_DY_ALL28	ALL28	L	DY	G808-E2125	otch	edy	0	f114v	f114v	G808-P0623	f114v.12	12	7	S	B	3	3	EXACT	0.0839874398548	9	0.35610787162	1	0.0227029571851	72	-0.0821273372135	3	0.0162703389741	82	0.0133835881614	85	0.0186592562074	68	0.0914456443054	4	0.00441933822607	6	-0.21291799092	3	0.46279826866	0.380670931446	0.458754567682	0.467217606886	0.249880277739
M07_L_TO_DY_ALL28:G808-E2133	M07_L_TO_DY_ALL28	ALL28	L	DY	G808-E2133	otch	eody	1	f114v	f114v	G808-P0629	f114v.31	31	3	S	B	3	2	EXACT	-0.00715991376891	13	0.00688897138425	2	-0.00017930240896	72	-0.0314311987889	1	-0.0158396673793	87	-0.0142445186876	88	0.00278467545661	68	-0.0505671556243	4	-0.0929118710421	6	-0.0341446037583	1	-0.000450244793624	-0.0318814435825	0.00251373307194	-0.0933621158357	-0.0345948485519
M07_L_TO_DY_ALL28:G808-E2162	M07_L_TO_DY_ALL28	ALL28	L	DY	G808-E2162	otch	edy	0	f115v	f115v	G808-P0645	f115v.1	1	2	S	B	3	3	EXACT	0.0823395434339	25	0.126798048321	4	0.0630641307751	72	0	0	0.0616932997137	101	0.0640473699289	101	0.0667012083809	68	0.00123466472564	4	0.0298919652198	6	0	0	0.27220172253	0.27220172253	0.275838800136	0.30209368775	0.27220172253
M07_L_TO_DY_ALL28:G808-E2177	M07_L_TO_DY_ALL28	ALL28	L	DY	G808-E2177	otch	edy	0	f115v	f115v	G808-P0650	f115v.20	20	8	S	B	3	2	EXACT	0.188237361777	6	0.291561082393	1	0.0134480169149	72	0	0	0.011021648807	79	0.0133757190222	79	0.021908014357	68	-0.130371086351	4	-0.207763475749	6	0	0	0.493246461086	0.493246461086	0.501706458528	0.285482985337	0.493246461086
M07_L_TO_DY_ALL28:G808-E0346	M07_L_TO_DY_ALL28	ALL28	L	DY	G808-E0346	otch	edy	0	f34r	f34r	G808-P0118	f34r.11	11	6	H	B	2	3	EXACT	0.0702516379605	35	-0.265378510559	2	0.00122753964901	72	0	0	0.0144523681824	109	0.0167846383729	109	-0.00458252351997	68	0.0999993289905	4	0.0127434371165	6	-0.0143067668193	1	-0.19389933295	-0.19389933295	-0.199709396119	-0.181155895833	-0.208206099769
M07_L_TO_DY_ALL28:G808-E0677	M07_L_TO_DY_ALL28	ALL28	L	DY	G808-E0677	otch	edy	0	f66r	f66r	G808-P0218	f66r.74	74	3	T	B	5	2	EXACT	0.106621710085	47	-0.192946838613	3	0.0177816986174	71	0	0	0.047038177675	121	0.0494746945617	121	0.020996107759	67	-0.0360601012091	4	-0.0812966743683	6	0	0	-0.0685434299103	-0.0685434299103	-0.0653290207687	-0.149840104279	-0.0685434299103
M07_L_TO_DY_ALL28:G808-E0962	M07_L_TO_DY_ALL28	ALL28	L	DY	G808-E0962	otch	edy	0	f79r	f79r	G808-P0251	f79r.2	2	3	B	B	2	3	EXACT	0.31328776712	31	0	0	0.0292439621226	72	0	0	0.109055485031	103	0.111506008482	103	0.034052886128	68	-0.0525070194637	4	0.0772491295957	6	0	0	0.342531729242	0.342531729242	0.347340653248	0.419780858838	0.342531729242
M07_L_TO_DY_ALL28:G808-E1176	M07_L_TO_DY_ALL28	ALL28	L	DY	G808-E1176	otch	edy	0	f83r	f83r	G808-P0294	f83r.22	22	2	B	B	2	2	EXACT	0.174017107139	22	0.0252630151603	2	0.0195695087786	72	0	0	0.0454563683778	96	0.0478029152837	96	0.0207739269381	68	-0.000904860516682	4	-0.000456982454845	6	0.418417398389	1	0.218849631078	0.218849631078	0.220054049238	0.218392648623	0.637267029468
M07_L_TO_DY_ALL28:G808-E1260	M07_L_TO_DY_ALL28	ALL28	L	DY	G808-E1260	otch	edy	0	f86v3	f86v	G808-P0320	f86v3.31	31	4	C	B	2	2	EXACT	0.139852193485	21	0	0	0.0146937295605	69	-0.0377133559466	1	0.0332306695948	90	0.0342645308634	91	0.0219170892659	65	-0.102686269137	4	-0.0146411426056	6	-0.198057829465	1	0.154545923045	0.116832567099	0.161769282751	0.13990478044	-0.0435119064192
M07_L_TO_DY_ALL28:G808-E1576	M07_L_TO_DY_ALL28	ALL28	L	DY	G808-E1576	pch	edy	0	f103r	f103r	G808-P0393	f103r.37	37	1	S	B	3	3	EXACT	0.569224938064	9	0.317610707669	1	0.0731682475732	72	0.270604031183	1	0.116515449709	82	0.120262570296	83	0.0728142790536	68	0.0791861972518	4	0.0246484316945	6	0.270142643683	1	0.960003893306	1.23060792449	0.959649924786	0.984652325	1.23014653699
M07_L_TO_DY_ALL28:G808-E1589	M07_L_TO_DY_ALL28	ALL28	L	DY	G808-E1589	pch	edy	0	f103v	f103v	G808-P0401	f103v.9	9	7	S	B	3	3	EXACT	0.369961523617	12	0.418329353113	1	0.069110910175	72	-0.107686449433	2	0.101771456554	85	0.0983192372078	87	0.0683304510579	68	0.0823790549269	4	-0.0341971871285	6	0.0273276551932	3	0.857401786905	0.749715337472	0.856621327787	0.823204599776	0.884729442098
M07_L_TO_DY_ALL28:G808-E1590	M07_L_TO_DY_ALL28	ALL28	L	DY	G808-E1590	pch	edy	0	f103v	f103v	G808-P0402	f103v.12	12	10	S	B	3	3	EXACT	-0.0562015631315	9	-0.259753583493	2	0.0408420572495	72	0	0	0.00726016094808	83	0.00989789029599	83	0.0386197103533	68	0.0786222942451	4	-0.0437129144722	6	0	0	-0.275113089375	-0.275113089375	-0.277335436271	-0.318826003847	-0.275113089375
M07_L_TO_DY_ALL28:G808-E1633	M07_L_TO_DY_ALL28	ALL28	L	DY	G808-E1633	pch	edy	0	f104r	f104r	G808-P0424	f104r.43	43	5	S	B	3	3	EXACT	0.133947972127	12	0.194724919404	4	0.0459469495314	72	-0.00341425651372	1	0.0504875317067	88	0.051992612324	89	0.0540703368192	68	-0.0921503037735	4	0.0407014115554	6	0.209554593227	2	0.374619841062	0.371205584549	0.38274322835	0.415321252618	0.58417443429
M07_L_TO_DY_ALL28:G808-E1695	M07_L_TO_DY_ALL28	ALL28	L	DY	G808-E1695	pch	edy	0	f105v	f105v	G808-P0450	f105v.8	8	7	S	B	3	3	EXACT	0.0757719825678	37	0	0	0.0862370521698	72	0	0	0.08054979938	109	0.0832282939085	109	0.0873419081071	68	0.0674548451423	4	-0.0760653955856	6	0	0	0.162009034738	0.162009034738	0.163113890675	0.085943639152	0.162009034738
M07_L_TO_DY_ALL28:G808-E1753	M07_L_TO_DY_ALL28	ALL28	L	DY	G808-E1753	pch	edy	0	f106v	f106v	G808-P0483	f106v.32	32	9	S	B	3	3	EXACT	-0.0394241230815	6	0	0	0.0685710027148	72	-0.122963557449	1	0.042482666154	78	0.0423543091297	79	0.0696629995181	68	0.0500074248953	4	0.103855979205	6	-0.12660018325	1	0.0291468796333	-0.0938166778153	0.0302388764366	0.133002858838	-0.0974533036163
M07_L_TO_DY_ALL28:G808-E1754	M07_L_TO_DY_ALL28	ALL28	L	DY	G808-E1754	pch	eody	1	f106v	f106v	G808-P0484	f106v.34	34	9	S	B	3	3	EXACT	0.0574414496756	13	-0.0460360751053	1	0.114720293251	72	-0.291593843509	2	0.0906622797799	86	0.0833742346071	88	0.116745605215	68	0.0802903576991	4	-0.084898954667	6	-0.299613406278	2	0.126125667821	-0.165468175687	0.128150979785	0.0412267131544	-0.173487738457
M07_L_TO_DY_ALL28:G808-E1826	M07_L_TO_DY_ALL28	ALL28	L	DY	G808-E1826	pch	edy	0	f108r	f108r	G808-P0518	f108r.5	5	10	S	B	3	3	EXACT	0.00919448798988	16	-0.0014850385469	4	0.0228407521764	72	0	0	0.00399417423544	92	0.00695818088531	92	0.0308373442685	68	-0.113099495014	4	0.0090471182772	6	0	0	0.0305502016194	0.0305502016194	0.0385467937115	0.0395973198966	0.0305502016194
M07_L_TO_DY_ALL28:G808-E1966	M07_L_TO_DY_ALL28	ALL28	L	DY	G808-E1966	pch	edy	0	f111v	f111v	G808-P0546	f111v.29	29	5	S	B	3	3	EXACT	0.474824649872	6	0	0	0.0450170629569	72	-0.134591183765	1	0.0665980078124	78	0.0658240711465	79	0.0533726702608	68	-0.0970278824276	4	-0.0670769419408	6	-0.138487547273	1	0.519841712829	0.385250529065	0.528197320133	0.452764770889	0.381354165556
M07_L_TO_DY_ALL28:G808-E1978	M07_L_TO_DY_ALL28	ALL28	L	DY	G808-E1978	pch	edy	0	f112r	f112r	G808-P0554	f112r.15	15	7	S	B	3	2	EXACT	0.256751988365	21	0	0	0.0557870841832	72	0	0	0.0921803264831	93	0.0948255152402	93	0.0657513158997	68	-0.113604507475	4	0.0380332550217	6	-0.127104185345	1	0.312539072548	0.312539072548	0.322503304264	0.35057232757	0.185434887202
M07_L_TO_DY_ALL28:G808-E2050	M07_L_TO_DY_ALL28	ALL28	L	DY	G808-E2050	pch	eody	1	f113r	f113r	G808-P0588	f113r.37	37	6	S	B	3	3	EXACT	-0.136671208245	5	-0.142456678237	1	0.0845991856501	72	0	0	0.0494465374121	78	0.0521570707567	78	0.0846947996636	68	0.0829741788321	4	-0.0807812645981	6	0	0	-0.194528700832	-0.194528700832	-0.194433086818	-0.27530996543	-0.194528700832
M07_L_TO_DY_ALL28:G808-E2152	M07_L_TO_DY_ALL28	ALL28	L	DY	G808-E2152	pch	edy	0	f115r	f115r	G808-P0639	f115r.26	26	10	S	B	@	3	EXACT	0.219694757827	10	-0.19168962305	2	0.0332595099642	70	0.00803311058748	1	0.0358701363978	82	0.0375563484806	83	0.0433265623715	66	-0.132847553282	4	-0.0834351278555	6	0.00471460353705	1	0.0612646447413	0.0692977553288	0.0713316971487	-0.0221704831142	0.0659792482784
M07_L_TO_DY_ALL28:G808-E0280	M07_L_TO_DY_ALL28	ALL28	L	DY	G808-E0280	pch	edy	0	f26v	f26v	G808-P0092	f26v.7	7	1	H	B	2	3	EXACT	0.0715721437098	38	-0.259507216514	1	-0.0104224327269	72	-0.72449561992	1	0.0129785428075	111	0.00853878275393	112	-0.0156757640294	68	0.078884543322	4	-0.0570295157135	6	-0.764994727443	1	-0.198357505531	-0.922853125452	-0.203610836834	-0.255387021245	-0.963352232974
M07_L_TO_DY_ALL28:G808-E0413	M07_L_TO_DY_ALL28	ALL28	L	DY	G808-E0413	pch	eody	1	f41v	f41v	G808-P0147	f41v.2	2	1	H	B	5	3	EXACT	0.205007597782	26	-0.138193883788	1	0.0309505740824	72	0	0	0.0680831146882	99	0.0707013870974	99	0.0280835145129	68	0.0796909306688	4	-0.0856795030751	6	0	0	0.097764288076	0.097764288076	0.0948972285066	0.0120847850009	0.097764288076
M07_L_TO_DY_ALL28:G808-E0694	M07_L_TO_DY_ALL28	ALL28	L	DY	G808-E0694	pch	edy	0	f75r	f75r	G808-P0222	f75r.7	7	1	B	B	2	2	EXACT	0.220569253113	87	-0.0576417373011	2	-0.00983302755772	72	0	0	0.123183771897	161	0.125860976654	161	-0.0150099156054	68	0.0781744163527	4	0.0684857989103	6	0	0	0.153094488254	0.153094488254	0.147917600206	0.221580287164	0.153094488254
M07_L_TO_DY_ALL28:G808-E0699	M07_L_TO_DY_ALL28	ALL28	L	DY	G808-E0699	pch	edy	0	f75r	f75r	G808-P0222	f75r.13	13	1	B	B	2	2	EXACT	0.220569253113	87	0.394876821614	1	0.010584057709	72	0.0295338693135	1	0.136493450618	160	0.138156071287	161	0.00660817467698	68	0.0781744163527	4	0.0572593502959	6	0.0884707514939	1	0.626030132436	0.65556400175	0.622054249404	0.683289482732	0.71450088393
M07_L_TO_DY_ALL28:G808-E0709	M07_L_TO_DY_ALL28	ALL28	L	DY	G808-E0709	pch	edy	0	f75r	f75r	G808-P0223	f75r.28	28	2	B	B	2	3	EXACT	0.200374499159	27	0.127629357498	3	0.0122148321224	72	0.269920923879	1	0.0583332574994	102	0.0625172506985	103	0.013723775473	68	-0.0134368577384	4	-0.068864840093	6	0.265863686774	1	0.340218688779	0.610139612659	0.34172763213	0.271353848686	0.606082375553
M07_L_TO_DY_ALL28:G808-E0765	M07_L_TO_DY_ALL28	ALL28	L	DY	G808-E0765	pch	edy	0	f76r	f76r	G808-P0231	f76r.33	33	8	T	B	2	3	EXACT	0.187890733984	124	0.0939738992215	4	-0.00532334685434	70	-0.0304315715363	2	0.131465163733	198	0.131925980996	200	-0.000147411715856	66	-0.0907265504601	4	0.0062444682145	6	0.00236354047292	3	0.276541286351	0.246109714815	0.281717221489	0.282785754565	0.278904826824
M07_L_TO_DY_ALL28:G808-E0852	M07_L_TO_DY_ALL28	ALL28	L	DY	G808-E0852	pch	edy	0	f77r	f77r	G808-P0242	f77r.36	36	2	B	B	2	2	EXACT	0.333686027077	38	0.31920613693	1	0.0422795987617	72	0	0	0.142336075459	111	0.144949918681	111	0.0455015980982	68	-0.0124940952286	4	-0.123113955031	6	0	0	0.695171762769	0.695171762769	0.698393762106	0.572057807738	0.695171762769
M07_L_TO_DY_ALL28:G808-E0926	M07_L_TO_DY_ALL28	ALL28	L	DY	G808-E0926	pch	edy	0	f78r	f78r	G808-P0248	f78r.43	43	2	B	B	2	1	EXACT	0.171530388267	53	0	0	0.0253718353932	72	0	0	0.0896944030554	125	0.0923336149544	125	0.0356939811558	68	-0.150104342704	4	0.027551831433	6	-0.297048290328	2	0.19690222366	0.19690222366	0.207224369423	0.224454055093	-0.100146066668
M07_L_TO_DY_ALL28:G808-E0940	M07_L_TO_DY_ALL28	ALL28	L	DY	G808-E0940	pch	edy	0	f78v	f78v	G808-P0249	f78v.10	10	5	B	B	2	2	EXACT	0.186622347568	69	0	0	0.0344720898285	72	0.328746924748	1	0.11478058872	141	0.118585140552	142	0.0421656147182	68	-0.0963174598249	4	0.00694059926522	6	-0.149410700459	2	0.221094437396	0.549841362144	0.228787962286	0.228035036661	0.071683736937
M07_L_TO_DY_ALL28:G808-E1081	M07_L_TO_DY_ALL28	ALL28	L	DY	G808-E1081	pch	edy	0	f81r	f81r	G808-P0280	f81r.26	26	1	B	B	2	2	EXACT	0.157678330191	50	0	0	0.0253497331128	72	0.279504093963	1	0.0812087596125	122	0.0851198909181	123	0.0216936356065	68	0.0875027343999	4	0.0557430255389	6	0.274620522614	1	0.183028063304	0.462532157267	0.179371965798	0.238771088843	0.457648585918
M07_L_TO_DY_ALL28:G808-E1086	M07_L_TO_DY_ALL28	ALL28	L	DY	G808-E1086	pch	edy	0	f81v	f81v	G808-P0281	f81v.1	1	8	B	B	2	3	EXACT	0.131083733015	46	0.147550818717	2	0.0178193500684	72	0.30005386721	1	0.0633711798181	120	0.0674515536411	121	0.0144249409886	68	0.0755247771635	4	0.146055592942	6	0.0219561931091	3	0.296453901801	0.596507769012	0.293059492721	0.442509494743	0.31841009491
M07_L_TO_DY_ALL28:G808-E1138	M07_L_TO_DY_ALL28	ALL28	L	DY	G808-E1138	pch	edy	0	f82v	f82v	G808-P0288	f82v.15	15	8	B	B	2	3	EXACT	0.17049901203	28	0.0796332996639	2	0.0191393616991	72	0.236975403468	1	0.055543109964	102	0.0594072049863	103	0.017518788993	68	0.0466894508325	4	0.0261051965271	6	0.232928214061	1	0.269271673393	0.506247076861	0.267651100686	0.29537686992	0.502199887453
M07_L_TO_DY_ALL28:G808-E1225	M07_L_TO_DY_ALL28	ALL28	L	DY	G808-E1225	pch	edy	0	f85r1	f85r	G808-P0303	f85r1.7	7	1	T	B	2	3	EXACT	-0.0275384874794	16	-0.0842984789521	2	-0.00730293238911	72	0	0	-0.0252994068294	90	-0.0226927626529	90	-0.0117019641192	68	0.0674751602542	4	-0.00595291289734	6	0	0	-0.119139898821	-0.119139898821	-0.123538930551	-0.125092811718	-0.119139898821
M07_L_TO_DY_ALL28:G808-E1301	M07_L_TO_DY_ALL28	ALL28	L	DY	G808-E1301	pch	edy	0	f86v6	f86v	G808-P0328	f86v6.24	24	7	T	B	2	3	EXACT	-0.0620073901503	48	-0.0968378751336	6	0.0324604146288	72	0.934315807181	1	-0.00988238819959	126	-0.000231594108197	127	0.0399185597551	68	-0.0943281365171	4	0.0498506541111	6	0.938312853164	1	-0.126384850655	0.807930956526	-0.118926705529	-0.076534196544	0.811928002509
M07_L_TO_DY_ALL28:G808-E1450	M07_L_TO_DY_ALL28	ALL28	L	DY	G808-E1450	pch	eody	1	f99r	f99r	G808-P0363	f99r.15	15	1	P	A	1	3	EXACT	0.0485783222257	15	0.804800799116	1	-0.00788816585304	72	-0.735795318794	1	-0.0030328494921	88	-0.0091470964922	89	-0.0119245331907	68	0.0607304005721	4	0.0204941715327	6	-0.842670457403	1	0.845490955489	0.109695636695	0.841454588151	0.865985127022	0.00282049808623
M07_L_TO_DY_ALL28:G808-E1536	M07_L_TO_DY_ALL28	ALL28	L	DY	G808-E1536	qok	eody	1	f102v1	f102v	G808-P0378	f102v1.20	20	5	P	A	1	3	EXACT	-0.18830735607	20	-0.0950892556384	2	-0.00510748161387	72	-0.10777797502	1	-0.0561397192739	94	-0.0548656266193	95	0.000609429550631	68	-0.102296075796	4	0.0197618766123	6	-0.110469206902	1	-0.288504093323	-0.396282068343	-0.282787182158	-0.26874221671	-0.398973300225
M07_L_TO_DY_ALL28:G808-E1551	M07_L_TO_DY_ALL28	ALL28	L	DY	G808-E1551	qok	edy	0	f103r	f103r	G808-P0381	f103r.4	4	2	S	B	3	2	EXACT	-0.0737460900966	25	0.654193600883	1	0.0344891122074	71	0.389891684844	1	0.00672613725868	97	0.012437176923	98	0.0376624244098	67	-0.0186637445873	4	-0.0740634239575	6	0.391509082796	1	0.614936622994	1.00482830784	0.618109935196	0.540873199036	1.00644570579
M07_L_TO_DY_ALL28:G808-E1672	M07_L_TO_DY_ALL28	ALL28	L	DY	G808-E1672	qok	edy	0	f105r	f105r	G808-P0442	f105r.17	17	4	S	B	3	3	EXACT	0.0953110193188	27	-0.702875881765	1	0.0506214395803	71	0	0	0.0490196026113	99	0.0515331550016	99	0.0588718758215	67	-0.0875731148568	4	-0.0061838084433	6	0	0	-0.556943422866	-0.556943422866	-0.548692986624	-0.563127231309	-0.556943422866
M07_L_TO_DY_ALL28:G808-E1681	M07_L_TO_DY_ALL28	ALL28	L	DY	G808-E1681	qok	edy	0	f105r	f105r	G808-P0442	f105r.21	21	4	S	B	3	3	EXACT	0.0953110193188	27	-0.0165138629575	1	0.0391024357243	72	-0.0219123873886	1	0.0473809431315	100	0.0486481880715	101	0.046554001966	68	-0.0875731148568	4	-0.0564790015877	6	-0.0228228072042	1	0.117899592086	0.095987204697	0.125351158327	0.0614205904979	0.0950767848814
M07_L_TO_DY_ALL28:G808-E1692	M07_L_TO_DY_ALL28	ALL28	L	DY	G808-E1692	qok	edy	0	f105v	f105v	G808-P0448	f105v.3	3	8	S	B	3	3	EXACT	-0.0733066426289	13	0.188191813578	1	0.0597384591249	72	0	0	0.0296066298581	86	0.0321196391515	86	0.0562651558187	68	0.118785123757	4	-0.0593665664476	6	0	0	0.174623630074	0.174623630074	0.171150326768	0.115257063627	0.174623630074
M07_L_TO_DY_ALL28:G808-E1732	M07_L_TO_DY_ALL28	ALL28	L	DY	G808-E1732	qok	edy	0	f106r	f106r	G808-P0465	f106r.23	23	5	S	B	3	3	EXACT	0.219587917378	5	0.238305082844	1	0.0581706121332	72	0.0167271011486	2	0.0520889885956	78	0.052297841751	80	0.0678826476558	68	-0.106933304211	4	0.0820850225161	6	-0.0108790238451	2	0.516063612355	0.532790713503	0.525775647878	0.598148634871	0.50518458851
M07_L_TO_DY_ALL28:G808-E1781	M07_L_TO_DY_ALL28	ALL28	L	DY	G808-E1781	qok	edy	0	f107v	f107v	G808-P0502	f107v.2	2	6	S	B	3	3	EXACT	0.312261354089	20	0.250229729087	5	0.0490221696469	72	-0.315692270772	1	0.103101628785	97	0.100605015402	98	0.0579195381177	68	-0.102232423535	4	-0.0929775767282	6	-0.749152983401	1	0.611513252822	0.295820982051	0.620410621293	0.518535676094	-0.137639730579
M07_L_TO_DY_ALL28:G808-E1798	M07_L_TO_DY_ALL28	ALL28	L	DY	G808-E1798	qok	eody	1	f107v	f107v	G808-P0506	f107v.16	16	7	S	B	3	3	EXACT	0.0755706092333	16	0	0	0.0657795234515	72	0	0	0.0560996548209	88	0.0584179279811	88	0.0638638232173	68	0.0983470982559	4	0.0273448660712	6	0	0	0.141350132685	0.141350132685	0.139434432451	0.168694998756	0.141350132685
M07_L_TO_DY_ALL28:G808-E1832	M07_L_TO_DY_ALL28	ALL28	L	DY	G808-E1832	qok	edy	0	f108r	f108r	G808-P0518	f108r.7	7	5	S	B	3	3	EXACT	0.222840785275	14	-0.00950355834141	1	0.040354704029	72	-0.0260908878946	2	0.052946101648	87	0.0525299248531	89	0.0487867528572	68	-0.102986900969	4	-0.0500393103339	6	-0.0293904028308	2	0.253691930963	0.227601043068	0.262123979791	0.203652620629	0.224301528132
M07_L_TO_DY_ALL28:G808-E1847	M07_L_TO_DY_ALL28	ALL28	L	DY	G808-E1847	qok	edy	0	f108r	f108r	G808-P0523	f108r.27	27	8	S	B	3	3	EXACT	0.126451835063	14	0.200623136666	2	0.0629813802841	72	-0.00986504188031	1	0.0597819787985	88	0.0610627033055	89	0.0612338138118	68	0.0926932353949	4	-0.00967164232735	6	-0.0131645568165	1	0.390056352013	0.380191310133	0.388308785541	0.380384709686	0.376891795197
M07_L_TO_DY_ALL28:G808-E1852	M07_L_TO_DY_ALL28	ALL28	L	DY	G808-E1852	qok	edy	0	f108r	f108r	G808-P0524	f108r.30	30	5	S	B	3	2	EXACT	0.544548697323	2	0	0	0.0403131727269	71	-0.020476189175	1	0.0282080645494	73	0.0294708756168	74	0.035516274145	67	0.120661987142	4	-0.00834636155518	6	0.0637801869132	1	0.58486187005	0.564385680875	0.580064971468	0.576515508495	0.648642056964
M07_L_TO_DY_ALL28:G808-E1858	M07_L_TO_DY_ALL28	ALL28	L	DY	G808-E1858	qok	edy	0	f108r	f108r	G808-P0525	f108r.33	33	3	S	B	3	2	EXACT	0.445772932759	3	0.0159268250634	1	0.0181578547094	72	0	0	0.00987045328664	76	0.0126370685593	76	0.0240004939847	68	-0.0811637878889	4	0.0313475494856	6	0	0	0.479857612532	0.479857612532	0.485700251807	0.511205162018	0.479857612532
M07_L_TO_DY_ALL28:G808-E1860	M07_L_TO_DY_ALL28	ALL28	L	DY	G808-E1860	qok	edy	0	f108r	f108r	G808-P0525	f108r.34	34	3	S	B	3	1	EXACT	0.445772932759	3	0	0	0.0175714413387	72	-0.0212672466565	1	0.00970570386945	75	0.0112411321949	76	0.0185728921442	68	0.000550002726292	4	-0.138740706227	6	-0.0245667615927	1	0.463344374098	0.442077127441	0.464345824903	0.324603667871	0.438777612505
M07_L_TO_DY_ALL28:G808-E1874	M07_L_TO_DY_ALL28	ALL28	L	DY	G808-E1874	qok	edy	0	f108r	f108r	G808-P0529	f108r.46	46	10	S	B	3	3	EXACT	0.565534562009	7	-0.0151229223556	3	0.0536938047653	72	0	0	0.0729170040729	82	0.0756836193456	82	0.0633897429157	68	-0.11113391871	4	-0.0255413337118	6	0	0	0.604105444419	0.604105444419	0.613801382569	0.578564110707	0.604105444419
M07_L_TO_DY_ALL28:G808-E1891	M07_L_TO_DY_ALL28	ALL28	L	DY	G808-E1891	qok	edy	0	f108v	f108v	G808-P0533	f108v.11	11	6	S	B	3	3	EXACT	0.273806321708	22	0	0	0.0500804109256	72	0	0	0.0993352174003	94	0.101318932651	94	0.0600276105445	68	-0.119021266447	4	0.0224450029299	6	0.456715679829	1	0.323886732633	0.323886732633	0.333833932252	0.346331735563	0.780602412462
M07_L_TO_DY_ALL28:G808-E1892	M07_L_TO_DY_ALL28	ALL28	L	DY	G808-E1892	qok	edy	0	f108v	f108v	G808-P0534	f108v.12	12	6	S	B	3	3	EXACT	0.114053467048	13	0.229266704002	3	0.0262570138937	72	0	0	0.039939193736	88	0.0419229089868	88	0.0348028372166	68	-0.119021266447	4	-0.0531399047377	6	0.287543651426	1	0.369577184944	0.369577184944	0.378123008267	0.316437280207	0.65712083637
M07_L_TO_DY_ALL28:G808-E1913	M07_L_TO_DY_ALL28	ALL28	L	DY	G808-E1913	qok	edy	0	f108v	f108v	G808-P0537	f108v.36	36	3	S	B	3	3	EXACT	0.245802624382	82	0.0634039254436	3	0.0687170718134	72	0.167332803225	3	0.16605400926	157	0.16721356291	160	0.0766431862612	68	-0.0660261576507	4	-0.0297042509098	6	0.00212423044082	3	0.377923621639	0.545256424864	0.385849736087	0.348219370729	0.38004785208
M07_L_TO_DY_ALL28:G808-E1916	M07_L_TO_DY_ALL28	ALL28	L	DY	G808-E1916	qok	edy	0	f108v	f108v	G808-P0537	f108v.38	38	6	S	B	3	3	EXACT	0.245802624382	82	-0.0692738851233	1	0.0741830330484	72	-0.121827919398	1	0.169413158872	155	0.169239982087	156	0.073585549535	68	0.0843409689248	4	-0.0307694589175	6	0.482550340538	2	0.250711772307	0.128883852909	0.250114288794	0.219942313389	0.733262112845
M07_L_TO_DY_ALL28:G808-E1928	M07_L_TO_DY_ALL28	ALL28	L	DY	G808-E1928	qok	edy	0	f111r	f111r	G808-P0538	f111r.4	4	7	S	B	3	3	EXACT	0.352940677679	21	0.292527860884	5	0.0399100391141	72	0	0	0.109879627095	98	0.112338119442	98	0.0485617520336	68	-0.107167030131	4	0.0293699564397	6	0	0	0.685378577678	0.685378577678	0.694030290597	0.714748534117	0.685378577678
M07_L_TO_DY_ALL28:G808-E1933	M07_L_TO_DY_ALL28	ALL28	L	DY	G808-E1933	qok	eody	1	f111r	f111r	G808-P0539	f111r.7	7	8	S	B	3	3	EXACT	0.253828751919	122	-0.0536799758335	3	0.0604590589103	69	0	0	0.195122923918	194	0.197581416265	194	0.0583391083147	65	0.0949056736963	4	-0.118433904829	6	0	0	0.260607834996	0.260607834996	0.2584878844	0.142173930167	0.260607834996
M07_L_TO_DY_ALL28:G808-E1981	M07_L_TO_DY_ALL28	ALL28	L	DY	G808-E1981	qok	edy	0	f112r	f112r	G808-P0556	f112r.24	24	6	S	B	3	2	EXACT	0.189388451942	14	0	0	0.0304415405044	72	0	0	0.0438863632683	86	0.0463453466951	86	0.0258324858643	68	0.108795982992	4	-0.0184859375544	6	0	0	0.219829992446	0.219829992446	0.215220937806	0.201344054892	0.219829992446
M07_L_TO_DY_ALL28:G808-E1987	M07_L_TO_DY_ALL28	ALL28	L	DY	G808-E1987	qok	edy	0	f112r	f112r	G808-P0557	f112r.30	30	8	S	B	3	2	EXACT	0.336694896698	18	-0.0567685009254	1	0.044896489477	72	0.0453552604562	1	0.091015409918	91	0.092374047671	92	0.054950887091	68	-0.126027756354	4	-0.163521120488	6	0.0798088789381	1	0.32482288525	0.370178145706	0.334877282864	0.161301764762	0.404631764188
M07_L_TO_DY_ALL28:G808-E2004	M07_L_TO_DY_ALL28	ALL28	L	DY	G808-E2004	qok	edy	0	f112v	f112v	G808-P0567	f112v.20	20	5	S	B	3	3	EXACT	0.320003295046	4	-0.0766646040962	1	0.0604575376457	72	0	0	0.0455858105585	77	0.0471985276827	77	0.0597773177008	68	0.0720345262099	4	0.0430003792131	6	0	0	0.303796228596	0.303796228596	0.303116008651	0.346796607809	0.303796228596
M07_L_TO_DY_ALL28:G808-E2011	M07_L_TO_DY_ALL28	ALL28	L	DY	G808-E2011	qok	edy	0	f112v	f112v	G808-P0571	f112v.33	33	4	S	B	3	3	EXACT	0.373967244009	16	0.193290911701	2	0.0665982682373	72	0	0	0.107129385091	90	0.108742102215	90	0.0752080469515	68	-0.0797547204051	4	0.0237975215476	6	0.440160769857	1	0.633856423947	0.633856423947	0.642466202661	0.657653945494	1.0740171938
M07_L_TO_DY_ALL28:G808-E2019	M07_L_TO_DY_ALL28	ALL28	L	DY	G808-E2019	qok	edy	0	f112v	f112v	G808-P0574	f112v.42	42	10	S	B	3	3	EXACT	0.0684027255632	9	0	0	0.0481972259069	71	0	0	0.0281210045298	80	0.029733721654	80	0.0606916073708	67	-0.161080521474	4	0.0609492722384	6	0	0	0.11659995147	0.11659995147	0.129094332934	0.177549223708	0.11659995147
M07_L_TO_DY_ALL28:G808-E2025	M07_L_TO_DY_ALL28	ALL28	L	DY	G808-E2025	qok	edy	0	f113r	f113r	G808-P0576	f113r.2	2	4	S	B	3	3	EXACT	0.176990483589	7	0.103617395209	5	0.0427229015122	72	0	0	0.0401586607894	84	0.0425633824472	84	0.0427161355108	68	0.0428384912162	4	-0.000849861851728	6	0	0	0.32333078031	0.32333078031	0.323324014308	0.322480918458	0.32333078031
M07_L_TO_DY_ALL28:G808-E2026	M07_L_TO_DY_ALL28	ALL28	L	DY	G808-E2026	qok	edy	0	f113r	f113r	G808-P0577	f113r.4	4	7	S	B	3	3	EXACT	0.193812989396	24	0.207104395468	2	0.065038623701	72	0	0	0.0916167676066	98	0.0940214892644	98	0.0630642511697	68	0.0986035244117	4	0.0472924841897	6	0	0	0.465956008565	0.465956008565	0.463981636034	0.513248492755	0.465956008565
M07_L_TO_DY_ALL28:G808-E2029	M07_L_TO_DY_ALL28	ALL28	L	DY	G808-E2029	qok	eody	1	f113r	f113r	G808-P0579	f113r.10	10	2	S	B	3	3	EXACT	-0.0581181952338	12	-0.281503162147	2	0.0418816334522	72	-0.0371738741506	1	0.00647596064274	86	0.00775342927851	87	0.0456733663032	68	-0.0225772573363	4	-0.0719205908494	6	-0.0714169916164	1	-0.297739723928	-0.334913598079	-0.293947991077	-0.369660314778	-0.369156715545
M07_L_TO_DY_ALL28:G808-E2139	M07_L_TO_DY_ALL28	ALL28	L	DY	G808-E2139	qok	edy	0	f115r	f115r	G808-P0633	f115r.6	6	4	S	B	@	3	EXACT	0.137917599863	12	0.265067985218	2	-0.0047061981213	70	-0.0368418992252	2	0.00863736184936	84	0.00878364839939	86	0.000170417091254	66	-0.0851713206271	4	0.064634260076	6	-0.0390143358784	2	0.398279386959	0.361437487734	0.403156002171	0.462913647035	0.35926505108
M07_L_TO_DY_ALL28:G808-E0269	M07_L_TO_DY_ALL28	ALL28	L	DY	G808-E0269	qok	edy	0	f26r	f26r	G808-P0091	f26r.7	7	2	H	B	2	3	EXACT	0.110987377829	8	0.430825994095	2	0.0208264155483	72	-0.550589191423	1	0.0232141442778	82	0.0180942485899	83	0.0231983709787	68	-0.0194963183438	4	0.024695240772	6	-0.589291208711	1	0.562639787472	0.0120505960495	0.565011742903	0.587335028244	-0.0266514212388
M07_L_TO_DY_ALL28:G808-E0313	M07_L_TO_DY_ALL28	ALL28	L	DY	G808-E0313	qok	edy	0	f31r	f31r	G808-P0108	f31r.6	6	2	H	B	2	2	EXACT	0.222507888382	3	0.571677998309	3	0.0054129866899	72	0	0	0.0155126085664	78	0.0179716083334	78	0.0067771015385	68	-0.0177764410886	4	0.00779385895068	6	0	0	0.79959887338	0.79959887338	0.800962988229	0.807392732331	0.79959887338
M07_L_TO_DY_ALL28:G808-E0316	M07_L_TO_DY_ALL28	ALL28	L	DY	G808-E0316	qok	edy	0	f31r	f31r	G808-P0108	f31r.7	7	5	H	B	2	2	EXACT	0.222507888382	3	0	0	0.00668235901619	72	0	0	-0.00433099440014	75	-0.00187199463317	75	0.000651323613909	68	0.109210485502	4	-0.0497956381709	6	0	0	0.229190247398	0.229190247398	0.223159211995	0.179394609227	0.229190247398
M07_L_TO_DY_ALL28:G808-E0320	M07_L_TO_DY_ALL28	ALL28	L	DY	G808-E0320	qok	edy	0	f31r	f31r	G808-P0109	f31r.10	10	5	H	B	2	2	EXACT	-0.0679251887287	19	0	0	-0.000991032104482	72	0	0	-0.0247789662287	91	-0.0223199664617	91	-0.00747344345503	68	0.109210485502	4	-0.0946672218764	6	0.14284820252	2	-0.0689162208331	-0.0689162208331	-0.0753986321837	-0.16358344271	0.0739319816867
M07_L_TO_DY_ALL28:G808-E0336	M07_L_TO_DY_ALL28	ALL28	L	DY	G808-E0336	qok	edy	0	f33r	f33r	G808-P0114	f33r.3	3	4	H	B	2	3	EXACT	0.0551939163628	35	0.0787144196045	1	0.0130596199574	72	0	0	0.0241847418352	108	0.0266420829556	108	0.018692924341	68	-0.0827060461399	4	-0.0176595374731	6	-0.357970014228	1	0.146967955925	0.146967955925	0.152601260308	0.129308418452	-0.211002058303
M07_L_TO_DY_ALL28:G808-E0344	M07_L_TO_DY_ALL28	ALL28	L	DY	G808-E0344	qok	edy	0	f34r	f34r	G808-P0117	f34r.7	7	1	H	B	2	3	EXACT	-0.0364983638428	41	-0.353694332161	2	0.00227880280187	72	-0.00373603810564	2	-0.0190452461336	115	-0.0172858069655	117	-0.0027533380582	68	0.0878256914369	4	0.00292977509323	6	-0.00586656021261	2	-0.387913893201	-0.391649931307	-0.392946034062	-0.384984118108	-0.393780453414
M07_L_TO_DY_ALL28:G808-E0349	M07_L_TO_DY_ALL28	ALL28	L	DY	G808-E0349	qok	edy	0	f34r	f34r	G808-P0118	f34r.15	15	6	H	B	2	3	EXACT	0.0753897702231	35	0	0	0.00962514776277	71	0	0	0.0286372158123	106	0.0310652720301	106	0.00596867114884	67	0.0708712414979	4	0.0323769719254	6	0	0	0.0850149179859	0.0850149179859	0.081358441372	0.117391889911	0.0850149179859
M07_L_TO_DY_ALL28:G808-E0386	M07_L_TO_DY_ALL28	ALL28	L	DY	G808-E0386	qok	edy	0	f39r	f39r	G808-P0136	f39r.2	2	3	H	B	2	3	EXACT	0.110682941468	18	-0.00396917599905	3	-0.0093610425197	72	0	0	0.00313125751986	93	0.00559714402784	93	-0.00646461019205	68	-0.0585998737348	4	0.0143857240882	6	0	0	0.097352722949	0.097352722949	0.100249155277	0.111738447037	0.097352722949
M07_L_TO_DY_ALL28:G808-E0403	M07_L_TO_DY_ALL28	ALL28	L	DY	G808-E0403	qok	edy	0	f40v	f40v	G808-P0144	f40v.13	13	5	H	B	2	2	EXACT	0.0593702388534	36	0	0	0.00646157312638	72	-1.13495328151	1	0.0215302709196	108	0.0128770228124	109	0.00279690692998	68	0.0687614061631	4	-0.0392197473061	6	-0.874889774955	1	0.0658318119798	-1.06912146953	0.0621671457834	0.0266120646737	-0.809057962976
M07_L_TO_DY_ALL28:G808-E0405	M07_L_TO_DY_ALL28	ALL28	L	DY	G808-E0405	qok	edy	0	f41r	f41r	G808-P0145	f41r.2	2	11	H	B	5	3	EXACT	0.0466341100523	11	0.0597170255034	2	-0.00976718500933	72	0	0	-0.0153857404673	85	-0.0129283993469	85	-0.00286851240006	68	-0.127044110942	4	0.0335243947651	6	-0.36495130579	1	0.0965839505464	0.0965839505464	0.103482623156	0.130108345312	-0.268367355244
M07_L_TO_DY_ALL28:G808-E0409	M07_L_TO_DY_ALL28	ALL28	L	DY	G808-E0409	qok	edy	0	f41r	f41r	G808-P0146	f41r.8	8	6	H	B	5	3	EXACT	0.218709313203	9	-0.107601483528	1	0.0145569566379	72	-0.0636129524207	1	0.019870975266	82	0.0206585423254	83	0.00971417185976	68	0.0968848062911	4	0.0519034944439	6	-0.00128590289359	1	0.125664786313	0.0620518338922	0.120822001535	0.177568280757	0.124378883419
M07_L_TO_DY_ALL28:G808-E0412	M07_L_TO_DY_ALL28	ALL28	L	DY	G808-E0412	qok	edy	0	f41r	f41r	G808-P0146	f41r.10	10	7	H	B	5	2	EXACT	0.218709313203	9	0	0	0.00231936662172	72	0	0	0.0109353962056	81	0.013392737326	81	0.00992901285634	68	-0.127044110942	4	-0.0782994852112	6	1.00147325405	1	0.221028679825	0.221028679825	0.22863832606	0.142729194614	1.22250193388
M07_L_TO_DY_ALL28:G808-E0440	M07_L_TO_DY_ALL28	ALL28	L	DY	G808-E0440	qok	edy	0	f43r	f43r	G808-P0155	f43r.10	10	9	H	B	2	3	EXACT	0.267448886454	16	0	0	0.0143329558655	72	-0.0102371825457	2	0.0490134120016	88	0.0489353458268	90	0.0110114148168	68	0.0707996606526	4	0.0148644243152	6	0.0841151400576	2	0.28178184232	0.271544659774	0.278460301271	0.296646266635	0.365896982377
M07_L_TO_DY_ALL28:G808-E0500	M07_L_TO_DY_ALL28	ALL28	L	DY	G808-E0500	qok	edy	0	f46v	f46v	G808-P0175	f46v.5	5	3	H	B	2	3	EXACT	-0.0543686883655	32	-0.102349545394	6	0.0188687131389	72	0.269625748662	1	-0.0144211917395	110	-0.00990619491861	111	0.0234550026923	68	-0.0590976702106	4	-0.056868381081	6	0.256799489871	1	-0.13784952062	0.131776228042	-0.133263231067	-0.194717901701	0.118949969251
M07_L_TO_DY_ALL28:G808-E0524	M07_L_TO_DY_ALL28	ALL28	L	DY	G808-E0524	qok	edy	0	f48r	f48r	G808-P0180	f48r.6	6	4	H	B	5	3	EXACT	-0.0580831736193	33	0.397625704806	1	0.0158251717157	72	0	0	-0.00744474434982	106	-0.00500817202331	106	0.0216514355851	68	-0.0832208252516	4	0.0337728872714	6	0	0	0.355367702902	0.355367702902	0.361193966771	0.389140590173	0.355367702902
M07_L_TO_DY_ALL28:G808-E0566	M07_L_TO_DY_ALL28	ALL28	L	DY	G808-E0566	qok	edy	0	f50v	f50v	G808-P0190	f50v.8	8	4	H	B	2	3	EXACT	-0.067791617066	38	0.255465747853	1	0.00603329832555	72	0	0	-0.0190678109311	111	-0.0166104698107	111	0.0112532896721	68	-0.0827060461399	4	0.0324475165141	6	0.10462429097	1	0.193707429113	0.193707429113	0.198927420459	0.226154945627	0.298331720083
M07_L_TO_DY_ALL28:G808-E0666	M07_L_TO_DY_ALL28	ALL28	L	DY	G808-E0666	qok	eody	1	f66r	f66r	G808-P0215	f66r.57	57	4	T	B	5	2	EXACT	-0.140069327943	28	0	0	0.027928070748	71	0	0	-0.0243230088455	99	-0.0217908286324	99	0.0344482155234	67	-0.0812849026263	4	-0.0283488782074	6	0	0	-0.112141257195	-0.112141257195	-0.105621112419	-0.140490135402	-0.112141257195
M07_L_TO_DY_ALL28:G808-E0674	M07_L_TO_DY_ALL28	ALL28	L	DY	G808-E0674	qok	eody	1	f66r	f66r	G808-P0218	f66r.71	71	8	T	B	5	2	EXACT	0.103983616623	41	0	0	0.0104088498821	71	0	0	0.0440526052898	112	0.046584785503	112	0.00997692522809	67	0.0176430394504	4	-0.0326458906836	6	-0.01311217565	1	0.114392466505	0.114392466505	0.113960541851	0.0817465758216	0.101280290855
M07_L_TO_DY_ALL28:G808-E0686	M07_L_TO_DY_ALL28	ALL28	L	DY	G808-E0686	qok	edy	0	f66v	f66v	G808-P0219	f66v.5	5	3	H	B	5	2	EXACT	0.0519355324456	20	0	0	0.0115109133706	72	0.235164417156	1	0.0110417437456	92	0.0153164542641	93	0.0247578256445	68	-0.213686086859	4	0.0344337551102	6	0.232952945546	1	0.0634464458162	0.298610862972	0.07669335809	0.0978802009264	0.296399391362
M07_L_TO_DY_ALL28:G808-E0695	M07_L_TO_DY_ALL28	ALL28	L	DY	G808-E0695	qok	edy	0	f75r	f75r	G808-P0222	f75r.9	9	4	B	B	2	3	EXACT	0.217400260099	86	0.114563940952	1	0.0120143128471	72	0	0	0.133558236222	159	0.136050764559	159	0.0176787291986	68	-0.0842802534586	4	-0.0636816187542	6	0	0	0.343978513898	0.343978513898	0.34964293025	0.280296895144	0.343978513898
M07_L_TO_DY_ALL28:G808-E0715	M07_L_TO_DY_ALL28	ALL28	L	DY	G808-E0715	qok	edy	0	f75r	f75r	G808-P0224	f75r.42	42	2	B	B	2	2	EXACT	0.21599977637	37	0.072090458081	2	0.0227361299964	72	0	0	0.0853265260253	111	0.087819054363	111	0.0252366617611	68	-0.0197723983335	4	-0.00873565552225	6	0.426964478877	1	0.310826364448	0.310826364448	0.313326896212	0.302090708925	0.737790843325
M07_L_TO_DY_ALL28:G808-E0718	M07_L_TO_DY_ALL28	ALL28	L	DY	G808-E0718	qok	edy	0	f75v	f75v	G808-P0226	f75v.1	1	3	B	B	2	2	EXACT	0.182145923649	51	-0.272703309495	2	0.0305101096137	72	0	0	0.0892031715435	125	0.0916507833462	125	0.0358592335522	68	-0.0604245033267	4	-0.0383246188191	6	0	0	-0.060047276232	-0.060047276232	-0.0546981522935	-0.0983718950512	-0.060047276232
M07_L_TO_DY_ALL28:G808-E0724	M07_L_TO_DY_ALL28	ALL28	L	DY	G808-E0724	qok	edy	0	f75v	f75v	G808-P0226	f75v.12	12	1	B	B	2	3	EXACT	0.182145923649	51	-0.100548210619	7	0.0428290829174	72	0.0409966224207	1	0.0902268978918	130	0.0918761656043	131	0.040026364758	68	0.0904757856419	4	0.0649504601868	6	0.0386865540546	1	0.124426795947	0.165423418368	0.121624077788	0.189377256134	0.163113350002
M07_L_TO_DY_ALL28:G808-E0731	M07_L_TO_DY_ALL28	ALL28	L	DY	G808-E0731	qok	edy	0	f75v	f75v	G808-P0228	f75v.47	47	7	B	B	2	3	EXACT	0.315263489388	30	-0.119983857937	3	0.0341769471121	72	0.0366177427893	1	0.104528847062	105	0.10581359184	106	0.0304650191933	68	0.0972802157458	4	-0.0292645189586	6	0.0723648664645	3	0.229456578563	0.266074321352	0.225744650644	0.200192059605	0.301821445028
M07_L_TO_DY_ALL28:G808-E0735	M07_L_TO_DY_ALL28	ALL28	L	DY	G808-E0735	qok	edy	0	f75v	f75v	G808-P0230	f75v.60	60	2	B	B	2	2	EXACT	0.217074724901	36	0	0	0.0308591993538	72	-0.205717521731	1	0.090379846898	108	0.0896031452239	109	0.0338734272401	68	-0.0203821806994	4	-0.0539658465818	6	-0.208027590097	1	0.247933924255	0.0422164025244	0.250948152142	0.193968077673	0.0399063341583
M07_L_TO_DY_ALL28:G808-E0747	M07_L_TO_DY_ALL28	ALL28	L	DY	G808-E0747	qok	edy	0	f76r	f76r	G808-P0231	f76r.6	6	7	T	B	2	3	EXACT	0.183787161745	114	-0.170768390103	3	-0.0271875867791	70	-0.121710789014	1	0.112666761601	187	0.113573379455	188	-0.0223448502367	66	-0.107093094989	4	-0.0145150197867	6	-0.123930257484	1	-0.0141688151375	-0.135879604151	-0.00932607859512	-0.0286838349242	-0.138099072621
M07_L_TO_DY_ALL28:G808-E0760	M07_L_TO_DY_ALL28	ALL28	L	DY	G808-E0760	qok	edy	0	f76r	f76r	G808-P0231	f76r.23	23	2	T	B	2	3	EXACT	0.183787161745	114	0.292331764222	3	0.00234801036785	70	0	0	0.131152281725	187	0.133600439467	187	0.00368985962463	66	-0.0197928576293	4	0.021423887387	6	-0.165933043529	1	0.478466936334	0.478466936334	0.479808785591	0.499890823721	0.312533892805
M07_L_TO_DY_ALL28:G808-E0764	M07_L_TO_DY_ALL28	ALL28	L	DY	G808-E0764	qok	edy	0	f76r	f76r	G808-P0231	f76r.33	33	1	T	B	2	3	EXACT	0.183787161745	114	0.0620077311013	6	0.00673663605184	70	0	0	0.127565210733	190	0.130013368475	190	0.00148776212629	66	0.0933427005631	4	0.00303448875314	6	0	0	0.252531528898	0.252531528898	0.247282654972	0.255566017651	0.252531528898
M07_L_TO_DY_ALL28:G808-E0787	M07_L_TO_DY_ALL28	ALL28	L	DY	G808-E0787	qok	edy	0	f76v	f76v	G808-P0235	f76v.7	7	9	B	B	2	3	EXACT	0.300782675947	39	-0.660188559712	1	0.036662590315	72	0	0	0.120551570798	112	0.12299633854	112	0.0346852577343	68	0.0702777605455	4	0.015842207858	6	0	0	-0.32274329345	-0.32274329345	-0.324720626031	-0.306901085592	-0.32274329345
M07_L_TO_DY_ALL28:G808-E0795	M07_L_TO_DY_ALL28	ALL28	L	DY	G808-E0795	qok	edy	0	f76v	f76v	G808-P0237	f76v.16	16	4	B	B	2	2	EXACT	0.316053404551	18	0	0	0.0396859128649	72	0	0	0.0837910123328	90	0.0862357800752	90	0.046866117163	68	-0.0823770438447	4	0.00532577581372	6	0	0	0.355739317416	0.355739317416	0.362919521714	0.36106509323	0.355739317416
M07_L_TO_DY_ALL28:G808-E0798	M07_L_TO_DY_ALL28	ALL28	L	DY	G808-E0798	qok	edy	0	f76v	f76v	G808-P0237	f76v.17	17	8	B	B	2	3	EXACT	0.316053404551	18	-0.0198314820954	1	0.0284999606272	72	-0.01280154418	1	0.0734564339318	91	0.0743615504204	92	0.026042473359	68	0.0702777605455	4	0.00944451818164	6	-0.0160505896032	1	0.324721883083	0.311920338903	0.322264395815	0.334166401265	0.30867129348
M07_L_TO_DY_ALL28:G808-E0800	M07_L_TO_DY_ALL28	ALL28	L	DY	G808-E0800	qok	edy	0	f76v	f76v	G808-P0237	f76v.18	18	5	B	B	2	2	EXACT	0.316053404551	18	0.21101481161	1	0.0189256024494	72	0	0	0.0684178900296	91	0.070862657772	91	0.0263147256748	68	-0.106688976024	4	-0.100237975017	6	0	0	0.545993818611	0.545993818611	0.553382941836	0.445755843594	0.545993818611
M07_L_TO_DY_ALL28:G808-E0803	M07_L_TO_DY_ALL28	ALL28	L	DY	G808-E0803	qok	edy	0	f76v	f76v	G808-P0237	f76v.20	20	3	B	B	2	3	EXACT	0.316053404551	18	0.297814755478	3	0.022675526769	72	-0.255494323143	1	0.0765116219422	93	0.074835156894	94	0.0275431432832	68	-0.0600734376146	4	-0.066380355486	6	-0.317677032475	1	0.636543686799	0.381049363656	0.641411303313	0.570163331313	0.318866654324
M07_L_TO_DY_ALL28:G808-E0811	M07_L_TO_DY_ALL28	ALL28	L	DY	G808-E0811	qok	edy	0	f76v	f76v	G808-P0238	f76v.25	25	4	B	B	2	3	EXACT	0.182537682696	39	-0.334609302269	1	0.00346016935083	72	-0.161843136352	2	0.0609395191123	112	0.0585040659301	114	0.00850944755989	68	-0.0823770438447	4	-0.0229190508712	6	-0.114602145199	2	-0.148611450222	-0.310454586574	-0.143562172013	-0.171530501093	-0.263213595421
M07_L_TO_DY_ALL28:G808-E0826	M07_L_TO_DY_ALL28	ALL28	L	DY	G808-E0826	qok	edy	0	f76v	f76v	G808-P0240	f76v.41	41	4	B	B	2	2	EXACT	0.235398056845	26	0.250761883841	3	0.0110515782157	72	0.039521236421	1	0.068162757877	101	0.0697836877891	102	0.0165474098874	68	-0.0823770438447	4	-0.158513219688	6	0.0183144115696	2	0.497211518901	0.536732755322	0.502707350573	0.338698299213	0.515525930471
M07_L_TO_DY_ALL28:G808-E0838	M07_L_TO_DY_ALL28	ALL28	L	DY	G808-E0838	qok	edy	0	f77r	f77r	G808-P0241	f77r.21	21	4	B	B	2	2	EXACT	0.287818483145	48	0	0	0.019427853293	72	0.632756320693	2	0.128282437777	120	0.138092609046	122	0.0254659656666	68	-0.0832195493796	4	-0.110055357393	6	0.633644535885	2	0.307246336438	0.940002657131	0.313284448811	0.197190979045	0.940890872323
M07_L_TO_DY_ALL28:G808-E0860	M07_L_TO_DY_ALL28	ALL28	L	DY	G808-E0860	qok	edy	0	f77v	f77v	G808-P0244	f77v.8	8	5	B	B	2	3	EXACT	0.203561046139	22	0	0	0.017405655101	72	-0.0980365798831	1	0.0530597695746	94	0.0533072321715	95	0.0248287421924	68	-0.108785583613	4	-0.0208751763528	6	-0.0992109311436	1	0.22096670124	0.122930121357	0.228389788332	0.200091524887	0.121755770097
M07_L_TO_DY_ALL28:G808-E0861	M07_L_TO_DY_ALL28	ALL28	L	DY	G808-E0861	qok	edy	0	f77v	f77v	G808-P0244	f77v.9	9	10	B	B	2	3	EXACT	0.203561046139	22	0.0549654365775	1	0.0284634439281	72	0.054695099369	1	0.0611615368653	95	0.0629380493314	96	0.0372934203015	68	-0.121644912579	4	-0.0410551805528	6	-0.0376340192279	2	0.286989926645	0.341685026014	0.295819903018	0.245934746092	0.249355907417
M07_L_TO_DY_ALL28:G808-E0863	M07_L_TO_DY_ALL28	ALL28	L	DY	G808-E0863	qok	edy	0	f77v	f77v	G808-P0244	f77v.10	10	8	B	B	2	3	EXACT	0.203561046139	22	0	0	0.0495090460501	72	0	0	0.0776496009399	94	0.0800559390215	94	0.0461585004091	68	0.106469563785	4	-0.0494796042145	6	0	0	0.253070092189	0.253070092189	0.249719546548	0.203590487975	0.253070092189
M07_L_TO_DY_ALL28:G808-E0866	M07_L_TO_DY_ALL28	ALL28	L	DY	G808-E0866	qok	edy	0	f77v	f77v	G808-P0244	f77v.12	12	3	B	B	2	2	EXACT	0.203561046139	22	-0.116411026265	3	0.00992618012446	72	0.434672774618	1	0.0413883232276	97	0.0472567799806	98	0.013994864875	68	-0.0592402187957	4	-0.0385291549205	6	0.433498423358	1	0.0970761999992	0.531748974617	0.10114488475	0.0585470450787	0.530574623357
M07_L_TO_DY_ALL28:G808-E0869	M07_L_TO_DY_ALL28	ALL28	L	DY	G808-E0869	qok	edy	0	f77v	f77v	G808-P0245	f77v.16	16	5	B	B	2	2	EXACT	0.227389031874	33	-0.400836332271	1	0.039625664911	72	0.506244259766	1	0.0902434146023	106	0.0960329678575	107	0.035693743909	68	0.106469563785	4	-0.022965498881	6	0.420829519586	2	-0.133821635486	0.37242262428	-0.137753556488	-0.156787134367	0.2870078841
M07_L_TO_DY_ALL28:G808-E0873	M07_L_TO_DY_ALL28	ALL28	L	DY	G808-E0873	qok	edy	0	f77v	f77v	G808-P0245	f77v.20	20	3	B	B	2	2	EXACT	0.227389031874	33	0	0	0.00347423892496	72	-0.312252781623	1	0.0704012778959	105	0.0686882680425	106	0.0137292353888	68	-0.170859459121	4	0.0323306159337	6	-0.753255026274	1	0.230863270799	-0.0813895108237	0.241118267263	0.263193886733	-0.522391755475
M07_L_TO_DY_ALL28:G808-E0879	M07_L_TO_DY_ALL28	ALL28	L	DY	G808-E0879	qok	edy	0	f77v	f77v	G808-P0246	f77v.30	30	4	B	B	2	2	EXACT	0.223940322163	39	-0.259146578791	3	0.0186242715468	72	0.0978213573244	3	0.0794609155799	114	0.0809535003321	117	0.0246090789681	68	-0.0831162127753	4	-0.0146252915168	6	0.157653591925	3	-0.0165819850811	0.0812393722433	-0.0105971776598	-0.0312072765979	0.141071606844
M07_L_TO_DY_ALL28:G808-E0884	M07_L_TO_DY_ALL28	ALL28	L	DY	G808-E0884	qok	edy	0	f77v	f77v	G808-P0246	f77v.34	34	7	B	B	2	2	EXACT	0.223940322163	39	-0.322489667664	1	0.0117140253586	72	0	0	0.0810067308853	112	0.0834130689669	112	0.0195587418161	68	-0.121644912579	4	-0.10498889527	6	0	0	-0.0868353201426	-0.0868353201426	-0.0789906036851	-0.191824215412	-0.0868353201426
M07_L_TO_DY_ALL28:G808-E0898	M07_L_TO_DY_ALL28	ALL28	L	DY	G808-E0898	qok	edy	0	f78r	f78r	G808-P0247	f78r.4	4	2	B	B	2	2	EXACT	0.167189022112	43	0.186783719213	1	0.0282918854712	72	1.09273076494	1	0.0807719375689	116	0.0913955473121	117	0.0313615417035	68	-0.0238917764646	4	0.0213932279335	6	1.09573173645	1	0.382264626796	1.47499539174	0.385334283028	0.40365785473	1.47799636325
M07_L_TO_DY_ALL28:G808-E0901	M07_L_TO_DY_ALL28	ALL28	L	DY	G808-E0901	qok	edy	0	f78r	f78r	G808-P0247	f78r.5	5	5	B	B	2	2	EXACT	0.167189022112	43	0	0	0.0298216733735	72	0.504897076126	1	0.0810691624683	115	0.0866932144372	116	0.0273756750726	68	0.0714041385022	4	-0.0807723326369	6	0.502660053795	1	0.197010695486	0.701907771611	0.194564697185	0.116238362849	0.699670749281
M07_L_TO_DY_ALL28:G808-E0911	M07_L_TO_DY_ALL28	ALL28	L	DY	G808-E0911	qok	edy	0	f78r	f78r	G808-P0247	f78r.13	13	1	B	B	2	2	EXACT	0.167189022112	43	-0.194794587553	2	0.0465464482899	72	0	0	0.0861320723976	117	0.0885734702416	117	0.0439599939877	68	0.0905166654401	4	0.0871766670499	6	-0.318809003112	1	0.0189408828487	0.0189408828487	0.0163544285466	0.106117549899	-0.299868120264
M07_L_TO_DY_ALL28:G808-E0914	M07_L_TO_DY_ALL28	ALL28	L	DY	G808-E0914	qok	edy	0	f78r	f78r	G808-P0247	f78r.15	15	3	B	B	2	2	EXACT	0.167189022112	43	0.0997400042186	2	0.0162802738909	72	0.234493447174	1	0.0725415136524	117	0.0758923343638	118	0.0279461830749	68	-0.182039688224	4	-0.011154922245	6	-0.0587715702532	2	0.283209300222	0.517702747395	0.294875209406	0.272054377977	0.224437729968
M07_L_TO_DY_ALL28:G808-E0921	M07_L_TO_DY_ALL28	ALL28	L	DY	G808-E0921	qok	edy	0	f78r	f78r	G808-P0248	f78r.31	31	3	B	B	2	2	EXACT	0.147178174127	46	0	0	0.0115693713336	72	0	0	0.0652529110547	118	0.0676943088987	118	0.0229581686025	68	-0.182039688224	4	0.0428348673207	6	0	0	0.15874754546	0.15874754546	0.170136342729	0.201582412781	0.15874754546
M07_L_TO_DY_ALL28:G808-E0922	M07_L_TO_DY_ALL28	ALL28	L	DY	G808-E0922	qok	edy	0	f78r	f78r	G808-P0248	f78r.32	32	1	B	B	2	3	EXACT	0.147178174127	46	-0.692321501799	1	0.048349742271	72	0.110402273508	1	0.0808879058323	119	0.0831199231138	120	0.0458693640854	68	0.0905166654401	4	0.0973903209526	6	0.108165251178	1	-0.496793585401	-0.386391311893	-0.499273963587	-0.399403264449	-0.388628334224
M07_L_TO_DY_ALL28:G808-E0928	M07_L_TO_DY_ALL28	ALL28	L	DY	G808-E0928	qok	edy	0	f78v	f78v	G808-P0249	f78v.3	3	1	B	B	2	2	EXACT	0.211943354171	34	0.417512642182	2	0.0663163103479	72	0	0	0.115082383728	108	0.117604912801	108	0.0645349209428	68	0.0966004685651	4	0.0433442585437	6	0	0	0.695772306701	0.695772306701	0.693990917296	0.739116565245	0.695772306701
M07_L_TO_DY_ALL28:G808-E0932	M07_L_TO_DY_ALL28	ALL28	L	DY	G808-E0932	qok	edy	0	f78v	f78v	G808-P0249	f78v.6	6	9	B	B	2	3	EXACT	0.211943354171	34	0.0350694603724	3	0.0524311021403	72	0.175339846982	1	0.0978934495194	109	0.100604684711	110	0.0627540006227	68	-0.123057633728	4	-0.0853971410521	6	0.172612809326	1	0.299443916684	0.474783763665	0.309766815166	0.214046775631	0.47205672601
M07_L_TO_DY_ALL28:G808-E0933	M07_L_TO_DY_ALL28	ALL28	L	DY	G808-E0933	qok	edy	0	f78v	f78v	G808-P0249	f78v.7	7	7	B	B	2	2	EXACT	0.211943354171	34	-0.173535663299	1	0.0763213885785	72	0.4845027538	2	0.113735155873	107	0.122020600057	109	0.0765972784864	68	0.0716317984763	4	-0.0304795920078	6	0.48509195935	2	0.11472907945	0.59923183325	0.115004969358	0.0842494874423	0.5998210388
M07_L_TO_DY_ALL28:G808-E0934	M07_L_TO_DY_ALL28	ALL28	L	DY	G808-E0934	qok	edy	0	f78v	f78v	G808-P0249	f78v.8	8	1	B	B	2	2	EXACT	0.211943354171	34	0.0638926356964	3	0.0624713157997	72	0.18069365561	1	0.105318815661	109	0.108011218512	110	0.0604637502448	68	0.0966004685651	4	0.0239090358774	6	0.177966617955	1	0.338307305667	0.519000961277	0.336299740112	0.362216341544	0.516273923622
M07_L_TO_DY_ALL28:G808-E0936	M07_L_TO_DY_ALL28	ALL28	L	DY	G808-E0936	qok	edy	0	f78v	f78v	G808-P0249	f78v.9	9	5	B	B	2	3	EXACT	0.211943354171	34	-0.11282218822	1	0.0649092372787	72	-0.224993472184	1	0.106623366915	107	0.105550474104	108	0.0753680635909	68	-0.112890271697	4	-0.0136613100339	6	-0.165505899538	2	0.16403040323	-0.0609630689541	0.174489229542	0.150369093196	-0.00147549630855
M07_L_TO_DY_ALL28:G808-E0938	M07_L_TO_DY_ALL28	ALL28	L	DY	G808-E0938	qok	edy	0	f78v	f78v	G808-P0249	f78v.10	10	2	B	B	2	2	EXACT	0.211943354171	34	-0.907878827113	1	0.0466527187549	72	0.0530276974156	1	0.0869081709097	107	0.0885920962986	108	0.0503163440655	68	-0.0156283731929	4	-0.0355195014256	6	0.0339888521313	1	-0.649282754188	-0.596255056772	-0.645619128877	-0.684802255613	-0.615293902056
M07_L_TO_DY_ALL28:G808-E0944	M07_L_TO_DY_ALL28	ALL28	L	DY	G808-E0944	qok	edy	0	f78v	f78v	G808-P0249	f78v.13	13	3	B	B	2	2	EXACT	0.211943354171	34	0.278246191555	2	0.0550318734058	72	0.0429713223493	1	0.104980417422	108	0.106413975674	109	0.0696930084875	68	-0.194206884651	4	-0.0256386965907	6	0.158130943357	2	0.545221419132	0.588192741481	0.559882554213	0.519582722541	0.703352362489
M07_L_TO_DY_ALL28:G808-E0948	M07_L_TO_DY_ALL28	ALL28	L	DY	G808-E0948	qok	edy	0	f78v	f78v	G808-P0249	f78v.16	16	5	B	B	2	3	EXACT	0.211943354171	34	-0.0381932984235	3	0.0363318513247	72	0	0	0.0852426758028	109	0.0877652048758	109	0.0451096549338	68	-0.112890271697	4	-0.048495958623	6	0	0	0.210081907072	0.210081907072	0.218859710681	0.161585948449	0.210081907072
M07_L_TO_DY_ALL28:G808-E0952	M07_L_TO_DY_ALL28	ALL28	L	DY	G808-E0952	qok	edy	0	f78v	f78v	G808-P0249	f78v.18	18	3	B	B	2	3	EXACT	0.211943354171	34	-0.27661789677	2	0.0844039072647	72	-0.305663157893	2	0.114286512433	108	0.108142888875	110	0.0929284458352	68	-0.0605127101029	4	0.000180224789634	6	-0.296373923267	2	0.0197293646659	-0.285933793227	0.0282539032364	0.0199095894555	-0.276644558601
M07_L_TO_DY_ALL28:G808-E0972	M07_L_TO_DY_ALL28	ALL28	L	DY	G808-E0972	qok	edy	0	f79r	f79r	G808-P0254	f79r.24	24	4	B	B	2	3	EXACT	0.154689974425	23	-0.00650428591306	2	0.0313199456122	72	0	0	0.0506636377662	97	0.0532107169918	97	0.0372612878888	68	-0.0696823363334	4	-0.0572323313786	6	0.0066722528982	1	0.179505634124	0.179505634124	0.185446976401	0.122273302746	0.186177887022
M07_L_TO_DY_ALL28:G808-E1007	M07_L_TO_DY_ALL28	ALL28	L	DY	G808-E1007	qok	edy	0	f80r	f80r	G808-P0266	f80r.15	15	1	B	B	2	3	EXACT	0.139817173816	82	0.217961496639	4	0.0441046211549	72	0	0	0.102167209927	158	0.102953759542	158	0.0372769443964	68	0.160189132409	4	0.0904229022152	6	0.434091173928	1	0.40188329161	0.40188329161	0.395055614852	0.492306193825	0.835974465538
M07_L_TO_DY_ALL28:G808-E1019	M07_L_TO_DY_ALL28	ALL28	L	DY	G808-E1019	qok	edy	0	f80r	f80r	G808-P0269	f80r.40	40	6	B	B	2	2	EXACT	0.264591148965	22	0	0	0.0333289520011	72	0.402814862448	1	0.0799045421482	94	0.0839075291513	95	0.0333749153178	68	0.0325615819763	4	0.0353109520199	6	0.404745208695	1	0.297920100966	0.700734963415	0.297966064283	0.333231052986	0.702665309661
M07_L_TO_DY_ALL28:G808-E1028	M07_L_TO_DY_ALL28	ALL28	L	DY	G808-E1028	qok	edy	0	f80v	f80v	G808-P0271	f80v.4	4	1	B	B	2	2	EXACT	0.327732608112	19	-0.30117340671	2	0.00689904837269	72	0.0702639042287	2	0.0542643469526	93	0.0557455545955	95	0.00178496196732	68	0.0938389503135	4	0.0337079421464	6	0.0703567252074	2	0.0334582497744	0.103722154003	0.028344163369	0.0671661919209	0.103814974982
M07_L_TO_DY_ALL28:G808-E1034	M07_L_TO_DY_ALL28	ALL28	L	DY	G808-E1034	qok	edy	0	f80v	f80v	G808-P0271	f80v.6	6	8	B	B	2	2	EXACT	0.327732608112	19	0	0	0.0137274739918	72	-0.0926034126202	1	0.0682138487266	91	0.0681272084252	92	0.0257312689091	68	-0.190336606553	4	0.0215699766419	6	0.00928749878232	2	0.341460082104	0.248856669484	0.353463877021	0.363030058746	0.350747580886
M07_L_TO_DY_ALL28:G808-E1070	M07_L_TO_DY_ALL28	ALL28	L	DY	G808-E1070	qok	edy	0	f81r	f81r	G808-P0280	f81r.17	17	5	B	B	2	2	EXACT	0.164781470013	44	-0.110013521804	1	0.0454980556446	72	0.281679917497	2	0.0890026399919	117	0.0938502159843	119	0.0444552620951	68	0.0632250611011	4	0.0159550875564	6	0.249005801814	2	0.100266003854	0.38194592135	0.0992232103042	0.11622109141	0.349271805668
M07_L_TO_DY_ALL28:G808-E1071	M07_L_TO_DY_ALL28	ALL28	L	DY	G808-E1071	qok	edy	0	f81r	f81r	G808-P0280	f81r.19	19	1	B	B	2	2	EXACT	0.164781470013	44	0.0828603384103	1	0.0435583573798	72	0	0	0.089457474053	117	0.0920402234209	117	0.0401153523664	68	0.102088957723	4	0.105654337151	6	0	0	0.291200165803	0.291200165803	0.28775716079	0.396854502955	0.291200165803
M07_L_TO_DY_ALL28:G808-E1085	M07_L_TO_DY_ALL28	ALL28	L	DY	G808-E1085	qok	edy	0	f81r	f81r	G808-P0280	f81r.30	30	3	B	B	2	2	EXACT	0.164781470013	44	0.464608919901	1	0.017219683927	72	0	0	0.0765118680093	117	0.0790946173772	117	0.0296495643985	68	-0.194088768973	4	-0.0839170119203	6	0	0	0.646610073841	0.646610073841	0.659039954313	0.562693061921	0.646610073841
M07_L_TO_DY_ALL28:G808-E1088	M07_L_TO_DY_ALL28	ALL28	L	DY	G808-E1088	qok	edy	0	f81v	f81v	G808-P0282	f81v.12	12	5	B	B	2	2	EXACT	0.161332354159	52	-0.00214417852389	1	0.00840345486016	72	0	0	0.074130566077	125	0.0765278104878	125	0.015225519004	68	-0.107570996842	4	-0.0624761643582	6	0	0	0.167591630495	0.167591630495	0.174413694639	0.105115466137	0.167591630495
M07_L_TO_DY_ALL28:G808-E1091	M07_L_TO_DY_ALL28	ALL28	L	DY	G808-E1091	qok	edy	0	f81v	f81v	G808-P0282	f81v.14	14	7	B	B	2	2	EXACT	0.161332354159	52	-0.399167699564	1	-0.000666911076128	72	0	0	0.0657298471294	125	0.0681270915402	125	0.00671213733045	68	-0.126110095244	4	-0.0211200456533	6	0	0	-0.238502256482	-0.238502256482	-0.231123208075	-0.259622302135	-0.238502256482
M07_L_TO_DY_ALL28:G808-E1107	M07_L_TO_DY_ALL28	ALL28	L	DY	G808-E1107	qok	edy	0	f82r	f82r	G808-P0284	f82r.11	11	2	B	B	2	2	EXACT	0.190743204401	28	-0.147868490864	1	0.0415048774315	72	0	0	0.0755282844421	101	0.078103036871	101	0.0451328582653	68	-0.0201702555044	4	-0.0306866833511	6	0	0	0.0843795909679	0.0843795909679	0.0880075718017	0.0536929076167	0.0843795909679
M07_L_TO_DY_ALL28:G808-E1112	M07_L_TO_DY_ALL28	ALL28	L	DY	G808-E1112	qok	edy	0	f82r	f82r	G808-P0284	f82r.15	15	3	B	B	2	3	EXACT	0.190743204401	28	-0.219396065721	5	0.033056616571	72	0	0	0.0567080363087	105	0.0592827887376	105	0.0385238678698	68	-0.0598861142701	4	-0.0292444105827	6	0.431618716759	1	0.00440375525069	0.00440375525069	0.00987100654951	-0.0248406553321	0.43602247201
M07_L_TO_DY_ALL28:G808-E1115	M07_L_TO_DY_ALL28	ALL28	L	DY	G808-E1115	qok	edy	0	f82r	f82r	G808-P0284	f82r.17	17	5	B	B	2	2	EXACT	0.190743204401	28	0	0	0.0622884704145	72	0	0	0.0930180048843	100	0.0955927573131	100	0.0593291272848	68	0.112597844857	4	-0.0490650024576	6	0	0	0.253031674815	0.253031674815	0.250072331685	0.203966672357	0.253031674815
M07_L_TO_DY_ALL28:G808-E1126	M07_L_TO_DY_ALL28	ALL28	L	DY	G808-E1126	qok	edy	0	f82v	f82v	G808-P0286	f82v.6	6	1	B	B	2	2	EXACT	0.169823293215	7	-0.690098208938	1	0.0302098597194	72	0	0	0.0166440648099	80	0.0191455798885	80	0.0269174974204	68	0.0861805666975	4	0.0329820920637	6	0	0	-0.490065056003	-0.490065056003	-0.493357418302	-0.457082963939	-0.490065056003
M07_L_TO_DY_ALL28:G808-E1129	M07_L_TO_DY_ALL28	ALL28	L	DY	G808-E1129	qok	edy	0	f82v	f82v	G808-P0286	f82v.7	7	11	B	B	2	3	EXACT	0.169823293215	7	-0.0177094409046	3	0.0226702088171	72	0.0573591665575	1	0.0166783986525	82	0.0189930389228	83	0.0312758332945	68	-0.123624859403	4	-0.0225572306665	6	-0.177534923096	1	0.174784061128	0.232143227686	0.183389685605	0.152226830462	-0.00275086196782
M07_L_TO_DY_ALL28:G808-E1131	M07_L_TO_DY_ALL28	ALL28	L	DY	G808-E1131	qok	edy	0	f82v	f82v	G808-P0286	f82v.9	9	9	B	B	2	3	EXACT	0.169823293215	7	0.14069014017	2	0.0206370399394	72	0.219170612307	1	0.0195648752054	81	0.023815345895	82	0.0321979422391	68	-0.175897751262	4	-0.0328492002728	6	0.216376738319	1	0.331150473325	0.550321085632	0.342711375625	0.298301273052	0.547527211644
M07_L_TO_DY_ALL28:G808-E1139	M07_L_TO_DY_ALL28	ALL28	L	DY	G808-E1139	qok	edy	0	f82v	f82v	G808-P0288	f82v.16	16	1	B	B	2	3	EXACT	0.242823612064	19	0.0198859904958	4	0.0503567417181	72	0.0650588361736	1	0.0770525892998	95	0.0788438426063	96	0.0482494901249	68	0.0861805666975	4	0.047448637999	6	0.0521125907218	1	0.313066344278	0.378125180452	0.310959092685	0.360514982277	0.365178935
M07_L_TO_DY_ALL28:G808-E1157	M07_L_TO_DY_ALL28	ALL28	L	DY	G808-E1157	qok	edy	0	f83r	f83r	G808-P0292	f83r.4	4	3	B	B	2	2	EXACT	0.243941200993	25	0	0	0.0260297927399	72	-0.696604631847	1	0.0753438067515	97	0.0693469953077	98	0.0310887597987	68	-0.0599721126817	4	-0.0195882679681	6	-0.797730474847	1	0.269970993733	-0.426633638114	0.275029960792	0.250382725765	-0.527759481114
M07_L_TO_DY_ALL28:G808-E1161	M07_L_TO_DY_ALL28	ALL28	L	DY	G808-E1161	qok	edy	0	f83r	f83r	G808-P0292	f83r.7	7	8	B	B	2	3	EXACT	0.243941200993	25	-0.0304699817632	1	0.0189271671946	72	0.250677751029	2	0.0687417001803	98	0.0737252160479	100	0.0157475752081	68	0.0729807655444	4	0.0279993368986	6	0.13934427997	3	0.232398386425	0.483076137453	0.229218794438	0.260397723324	0.371742666395
M07_L_TO_DY_ALL28:G808-E1164	M07_L_TO_DY_ALL28	ALL28	L	DY	G808-E1164	qok	edy	0	f83r	f83r	G808-P0293	f83r.9	9	3	B	B	2	3	EXACT	0.188415771226	29	0.393282076675	1	0.0135793047604	72	0	0	0.0616148653148	102	0.0640528064516	102	0.0179058901734	68	-0.0599721126817	4	0.0526500149086	6	0	0	0.595277152661	0.595277152661	0.599603738074	0.64792716757	0.595277152661
M07_L_TO_DY_ALL28:G808-E1166	M07_L_TO_DY_ALL28	ALL28	L	DY	G808-E1166	qok	edy	0	f83r	f83r	G808-P0293	f83r.11	11	6	B	B	2	3	EXACT	0.188415771226	29	-0.0630764234148	2	0.0201621229587	72	0	0	0.0602858313852	103	0.062723772522	103	0.0155612727692	68	0.0983771107598	4	-0.10463603807	6	0	0	0.14550147077	0.14550147077	0.14090062058	0.0408654326998	0.14550147077
M07_L_TO_DY_ALL28:G808-E1169	M07_L_TO_DY_ALL28	ALL28	L	DY	G808-E1169	qok	edy	0	f83r	f83r	G808-P0293	f83r.12	12	8	B	B	2	2	EXACT	0.188415771226	29	-0.0435209984244	1	0.0138927510408	72	0	0	0.0575537384236	102	0.0599916795604	102	0.0221533069181	68	-0.126536164294	4	-0.0546705994671	6	-0.282922205285	1	0.158787523842	0.158787523842	0.167048079719	0.104116924375	-0.124134681443
M07_L_TO_DY_ALL28:G808-E1181	M07_L_TO_DY_ALL28	ALL28	L	DY	G808-E1181	qok	edy	0	f83r	f83r	G808-P0294	f83r.23	23	5	B	B	2	2	EXACT	0.183215695641	16	0	0	0.0152827646854	72	0	0	0.0345902565242	88	0.037028197661	88	0.0224649359559	68	-0.106813612334	4	-0.0763702866461	6	0	0	0.198498460327	0.198498460327	0.205680631597	0.122128173681	0.198498460327
M07_L_TO_DY_ALL28:G808-E1183	M07_L_TO_DY_ALL28	ALL28	L	DY	G808-E1183	qok	edy	0	f83r	f83r	G808-P0295	f83r.25	25	4	B	B	2	2	EXACT	0.132172889698	11	-0.0139347661946	1	0.0508064352992	72	0.484071267214	1	0.0464358774599	84	0.0533794430137	85	0.0478266179812	68	0.101463864284	4	-0.0730197504654	6	0.481885072144	1	0.169044558802	0.653115826017	0.166064741484	0.0960248083371	0.650929630947
M07_L_TO_DY_ALL28:G808-E1187	M07_L_TO_DY_ALL28	ALL28	L	DY	G808-E1187	qok	edy	0	f83r	f83r	G808-P0295	f83r.28	28	4	B	B	2	2	EXACT	0.132172889698	11	0	0	0.0278657529361	72	0.0346980626086	1	0.0276219633602	83	0.0294934614606	84	0.0235364837144	68	0.101463864284	4	0.0215134970013	6	0.160345239049	1	0.160038642634	0.194736705242	0.155709373412	0.181552139635	0.320383881682
M07_L_TO_DY_ALL28:G808-E1233	M07_L_TO_DY_ALL28	ALL28	L	DY	G808-E1233	qok	edy	0	f85r1	f85r	G808-P0307	f85r1.24	24	9	T	B	2	3	EXACT	-0.0853838298481	8	-0.310126675699	2	0.00459203409889	72	0	0	-0.029528489587	82	-0.0270837662611	82	0.00935978239446	68	-0.0764650252275	4	0.0367620073687	6	0.149019525495	1	-0.390918471448	-0.390918471448	-0.386150723152	-0.354156464079	-0.241898945953
M07_L_TO_DY_ALL28:G808-E1249	M07_L_TO_DY_ALL28	ALL28	L	DY	G808-E1249	qok	eody	1	f85r2	f85r	G808-P0314	f85r2.21	21	1	C	B	2	2	EXACT	0.0492777830473	16	0	0	0.0263294196452	70	0	0	0.0186686277185	86	0.0211133510443	86	0.0229380541519	66	0.0822896233683	4	0.0301492855678	6	0	0	0.0756072026924	0.0756072026924	0.0722158371991	0.10575648826	0.0756072026924
M07_L_TO_DY_ALL28:G808-E1329	M07_L_TO_DY_ALL28	ALL28	L	DY	G808-E1329	qok	eody	1	f88r	f88r	G808-P0334	f88r.9	9	7	P	A	1	3	EXACT	-0.187203455614	17	-0.216840451785	1	-0.00692233065183	72	-0.33685479663	2	-0.0545010520605	90	-0.0594267746854	92	-0.0132915213925	68	0.101354549837	4	-0.0979550825193	6	-0.376885949695	2	-0.410966238051	-0.747821034681	-0.417335428792	-0.508921320571	-0.787852187746
M07_L_TO_DY_ALL28:G808-E1344	M07_L_TO_DY_ALL28	ALL28	L	DY	G808-E1344	qok	eody	1	f88v	f88v	G808-P0337	f88v.7	7	3	P	A	1	3	EXACT	-0.0682691567997	12	-0.705311098611	1	-0.0174166279846	72	-0.431116896823	1	-0.0465937199731	85	-0.049238979785	86	-0.0148695105868	68	-0.0607170846891	4	0.0936999782654	6	-0.433526661844	1	-0.790996883395	-1.22211378022	-0.788449765997	-0.69729690513	-1.22452354524
M07_L_TO_DY_ALL28:G808-E1359	M07_L_TO_DY_ALL28	ALL28	L	DY	G808-E1359	qok	eody	1	f89r1	f89r	G808-P0340	f89r1.7	7	6	P	A	1	3	EXACT	-0.0601789143597	18	-0.263316895024	1	0.00338079550606	72	-0.023873756101	1	-0.0228524520026	91	-0.0210567642456	92	-0.00327819382239	68	0.116584092504	4	-0.0431744350724	6	-0.0257152756678	1	-0.320115013878	-0.343988769979	-0.326774003206	-0.36328944895	-0.345830289545
M07_L_TO_DY_ALL28:G808-E1375	M07_L_TO_DY_ALL28	ALL28	L	DY	G808-E1375	qok	eody	1	f89v1	f89v	G808-P0344	f89v1.13	13	8	P	A	1	3	EXACT	-0.0493974398621	34	-0.185721970716	1	0.0194249161425	72	0	0	-0.00797843954353	107	-0.00555910569562	107	0.0169935823838	68	0.0607581056722	4	-0.0044464534227	6	0	0	-0.215694494436	-0.215694494436	-0.218125828195	-0.220140947859	-0.215694494436
M07_L_TO_DY_ALL28:G808-E1686	M07_L_TO_DY_ALL28	ALL28	L	DY	G808-E1686	qopch	edy	0	f105r	f105r	G808-P0445	f105r.29	29	9	S	B	3	3	EXACT	0.0231867111013	11	0.0307236505895	2	0.0552147768092	72	0.215376737468	1	0.0452073923294	85	0.0486164954744	86	0.0570469522344	68	0.0240724364448	4	-0.0432372743248	6	0.215782997308	1	0.1091251385	0.324501875968	0.110957313925	0.0658878641752	0.324908135808
M07_L_TO_DY_ALL28:G808-E1738	M07_L_TO_DY_ALL28	ALL28	L	DY	G808-E1738	qopch	eody	1	f106r	f106r	G808-P0469	f106r.34	34	8	S	B	3	3	EXACT	-0.307519102804	4	0	0	0.0438985938256	72	0	0	0.0186121463125	76	0.0204940229667	76	0.0542451482914	68	-0.131988597012	4	0.06777030691	6	0	0	-0.263620508979	-0.263620508979	-0.253273954513	-0.195850202069	-0.263620508979
M07_L_TO_DY_ALL28:G808-E1744	M07_L_TO_DY_ALL28	ALL28	L	DY	G808-E1744	qopch	edy	0	f106v	f106v	G808-P0474	f106v.5	5	6	S	B	3	3	EXACT	0.0980760409294	19	-0.0193331260425	3	0.0208779537372	72	-0.241040233159	1	0.0315407695769	94	0.0301245106003	95	0.0274993821785	68	-0.0916822766384	4	0.0707320203283	6	-0.241460630012	1	0.0996208686241	-0.141419364535	0.106242297065	0.170352888952	-0.141839761388
M07_L_TO_DY_ALL28:G808-E1843	M07_L_TO_DY_ALL28	ALL28	L	DY	G808-E1843	qopch	edy	0	f108r	f108r	G808-P0522	f108r.21	21	7	S	B	3	2	EXACT	0.217448994097	8	0	0	0.0453275482757	72	0	0	0.0526597844486	80	0.0548169503028	80	0.0452305662375	68	0.046981746457	4	-0.0850115613627	6	0	0	0.262776542373	0.262776542373	0.262679560335	0.17776498101	0.262776542373
M07_L_TO_DY_ALL28:G808-E1849	M07_L_TO_DY_ALL28	ALL28	L	DY	G808-E1849	qopch	edy	0	f108r	f108r	G808-P0524	f108r.29	29	3	S	B	3	2	EXACT	-0.0213239889361	3	0.0814558726681	2	0.0438272175788	72	0	0	0.0303125066703	77	0.0324696725246	77	0.0501193340578	68	-0.063133259033	4	-0.0380846381954	6	0	0	0.103959101311	0.103959101311	0.11025121779	0.0658744631154	0.103959101311
M07_L_TO_DY_ALL28:G808-E1948	M07_L_TO_DY_ALL28	ALL28	L	DY	G808-E1948	qopch	edy	0	f111v	f111v	G808-P0544	f111v.2	2	9	S	B	3	3	EXACT	0.13314187978	112	0	0	0.0503046774302	72	-0.0556113267577	1	0.100881766662	184	0.10146591416	185	0.0523264161832	68	0.0159391825569	4	-0.0161819939617	6	-0.086675957277	1	0.183446557211	0.127835230453	0.185468295964	0.167264563249	0.0967705999335
M07_L_TO_DY_ALL28:G808-E1964	M07_L_TO_DY_ALL28	ALL28	L	DY	G808-E1964	qopch	edy	0	f111v	f111v	G808-P0545	f111v.26	26	8	S	B	3	3	EXACT	0.15046215803	11	-0.213638951511	2	0.0610957976466	72	0	0	0.0661313643801	85	0.0677423448496	85	0.0636427487161	68	0.0178016933917	4	-0.00643518492393	6	0	0	-0.00208099583481	-0.00208099583481	0.000465955234775	-0.00851618075874	-0.00208099583481
M07_L_TO_DY_ALL28:G808-E2010	M07_L_TO_DY_ALL28	ALL28	L	DY	G808-E2010	qopch	edy	0	f112v	f112v	G808-P0571	f112v.32	32	6	S	B	3	3	EXACT	0.322194831195	15	-0.465845308024	1	0.0433536512016	72	0	0	0.0755209923418	88	0.076377058019	88	0.0532511181007	68	-0.124886799811	4	-0.0409131661712	6	0	0	-0.100296825628	-0.100296825628	-0.0903993587288	-0.141209991799	-0.100296825628
M07_L_TO_DY_ALL28:G808-E2035	M07_L_TO_DY_ALL28	ALL28	L	DY	G808-E2035	qopch	edy	0	f113r	f113r	G808-P0580	f113r.13	13	11	S	B	3	3	EXACT	0.0433517062972	9	0.0702396390118	2	0.035590177599	72	0	0	0.0321519724762	83	0.0340467624848	83	0.0449713102402	68	-0.123884960496	4	-0.0328011343919	6	0	0	0.149181522908	0.149181522908	0.158562655549	0.116380388516	0.149181522908
M07_L_TO_DY_ALL28:G808-E2099	M07_L_TO_DY_ALL28	ALL28	L	DY	G808-E2099	qopch	edy	0	f114r	f114r	G808-P0612	f114r.19	19	6	S	B	3	3	EXACT	0.214223470409	11	0.104695027383	2	0.0169553257997	72	-1.1093866975	1	0.0395608290543	85	0.0275659595627	86	0.0232348107457	68	-0.0897919020733	4	-0.0695345814714	6	-0.834435227899	1	0.335873823592	-0.773512873913	0.342153308538	0.26633924212	-0.498561404307
M07_L_TO_DY_ALL28:G808-E2153	M07_L_TO_DY_ALL28	ALL28	L	DY	G808-E2153	qopch	edy	0	f115r	f115r	G808-P0640	f115r.29	29	4	S	B	@	3	EXACT	0.17671995061	31	0.523522010275	1	0.0199367841926	70	0	0	0.0709562545029	102	0.0728413524266	102	0.0231740542753	66	-0.0334788706977	4	0.00426410232314	6	0	0	0.720178745078	0.720178745078	0.72341601516	0.724442847401	0.720178745078
M07_L_TO_DY_ALL28:G808-E2175	M07_L_TO_DY_ALL28	ALL28	L	DY	G808-E2175	qopch	edy	0	f115v	f115v	G808-P0650	f115v.18	18	8	S	B	3	3	EXACT	0.315305640511	10	0	0	0.0346956989048	72	0	0	0.0637221332792	82	0.0655387030655	82	0.0461598611252	68	-0.160190905917	4	0.0335675239387	6	0	0	0.350001339415	0.350001339415	0.361465501636	0.383568863354	0.350001339415
M07_L_TO_DY_ALL28:G808-E0211	M07_L_TO_DY_ALL28	ALL28	L	DY	G808-E0211	qopch	eody	1	f21r	f21r	G808-P0070	f21r.1	1	7	H	A	1	3	EXACT	-0.246969168645	18	0.0350493161525	2	-0.0633626149086	72	-0.237806030417	1	-0.100876207067	92	-0.100793784518	93	-0.0679972228594	68	0.0154297731851	4	0.0355738879578	6	-0.239073548854	1	-0.275282467401	-0.513088497818	-0.279917075352	-0.239708579443	-0.514356016255
M07_L_TO_DY_ALL28:G808-E0745	M07_L_TO_DY_ALL28	ALL28	L	DY	G808-E0745	qopch	edy	0	f76r	f76r	G808-P0231	f76r.6	6	3	T	B	2	3	EXACT	0.163324031175	124	0.125792306298	2	-0.016892647919	70	-0.155193903963	1	0.103430319822	196	0.103741651116	197	-0.0153426597155	66	-0.0424698124974	4	0.0268058634851	6	-0.106109307789	1	0.272223689554	0.117029785591	0.273773677757	0.299029553039	0.166114381765
M07_L_TO_DY_ALL28:G808-E0897	M07_L_TO_DY_ALL28	ALL28	L	DY	G808-E0897	qopch	edy	0	f78r	f78r	G808-P0247	f78r.3	3	3	B	B	2	2	EXACT	0.166532694213	61	-0.161528326285	1	0.0253386982001	72	-0.68993324544	1	0.0896521310926	134	0.0854177182388	135	0.0359630983484	68	-0.155272118845	4	-0.0241028307481	6	-0.690710182975	1	0.0303430661284	-0.659590179312	0.0409674662767	0.00624023538027	-0.660367116847
M07_L_TO_DY_ALL28:G808-E1073	M07_L_TO_DY_ALL28	ALL28	L	DY	G808-E1073	qopch	edy	0	f81r	f81r	G808-P0280	f81r.20	20	1	B	B	2	2	EXACT	0.128727439895	47	0.201587751546	1	0.0395577330017	72	0	0	0.0759240051467	120	0.0777449156424	120	0.0350925080468	68	0.115470515053	4	0.096137528797	6	0	0	0.369872924442	0.369872924442	0.365407699487	0.466010453239	0.369872924442
M07_L_TO_DY_ALL28:G808-E1153	M07_L_TO_DY_ALL28	ALL28	L	DY	G808-E1153	qopch	edy	0	f83r	f83r	G808-P0292	f83r.1	1	7	B	B	2	2	EXACT	0.148240259866	29	0	0	0.00643367686127	72	0	0	0.0453013486899	101	0.0471092218314	101	0.0162883329717	68	-0.161091437985	4	-0.0502931794796	6	0	0	0.154673936727	0.154673936727	0.164528592838	0.104380757248	0.154673936727
M07_L_TO_DY_ALL28:G808-E1235	M07_L_TO_DY_ALL28	ALL28	L	DY	G808-E1235	qopch	edy	0	f85r1	f85r	G808-P0308	f85r1.26	26	4	T	B	2	3	EXACT	0.306423458242	4	0.133756819582	6	0.00375396255401	72	0	0	0.0201091315491	82	0.0219038903554	82	1.51545463967e-05	68	0.0673159136357	4	0.0744279330167	6	0.387474232698	1	0.443934240378	0.443934240378	0.44019543237	0.518362173394	0.831408473076
M07_L_TO_DY_ALL28:G808-E1505	M07_L_TO_DY_ALL28	ALL28	L	DY	G808-E1505	qot	eody	1	f100v	f100v	G808-P0373	f100v.14	14	3	P	A	1	3	EXACT	-0.0557650174493	32	-0.458312031536	2	-0.03558553311	72	0.213433504976	1	-0.0545854946541	106	-0.0499153674636	107	-0.0344173762648	68	-0.0554431793848	4	0.0641062841107	6	0.0558906075829	1	-0.549662582095	-0.336229077119	-0.54849442525	-0.485556297985	-0.493771974513
M07_L_TO_DY_ALL28:G808-E1554	M07_L_TO_DY_ALL28	ALL28	L	DY	G808-E1554	qot	edy	0	f103r	f103r	G808-P0382	f103r.6	6	9	S	B	3	3	EXACT	0.270219200443	11	-0.340345117752	1	0.0444158551391	72	0.401586417335	1	0.0571092183521	84	0.0629578524481	85	0.0424650292044	68	0.0775809594072	4	0.0667645365682	6	0.401692654096	1	-0.0257100621705	0.375876355165	-0.0276608881052	0.0410544743977	0.375982591925
M07_L_TO_DY_ALL28:G808-E1558	M07_L_TO_DY_ALL28	ALL28	L	DY	G808-E1558	qot	edy	0	f103r	f103r	G808-P0384	f103r.13	13	3	S	B	3	3	EXACT	0.283244444398	9	0.326107601703	3	0.0549732016365	72	0.0810162651434	3	0.0754712953959	84	0.0762494248916	87	0.0611737218247	68	-0.0504345781836	4	-0.00818686999925	6	0.0683004082947	3	0.664325247737	0.745341512881	0.670525767926	0.656138377738	0.732625656032
M07_L_TO_DY_ALL28:G808-E1585	M07_L_TO_DY_ALL28	ALL28	L	DY	G808-E1585	qot	edy	0	f103v	f103v	G808-P0400	f103v.5	5	8	S	B	3	3	EXACT	0.265052797732	15	0.0566557028276	1	0.0535604401454	72	0	0	0.0783478999761	88	0.0808187305747	88	0.0549614067208	68	0.029744926664	4	0.0965249752391	6	-0.449185191375	1	0.375268940705	0.375268940705	0.37666990728	0.471793915944	-0.0739162506698
M07_L_TO_DY_ALL28:G808-E1669	M07_L_TO_DY_ALL28	ALL28	L	DY	G808-E1669	qot	eody	1	f105r	f105r	G808-P0440	f105r.13	13	8	S	B	3	2	EXACT	-0.117598677632	11	-0.111065784109	1	0.0411787857528	72	-0.0962922126243	1	0.0044680266722	84	0.00519833043783	85	0.0410335905525	68	0.0436485935683	4	-0.0584767153629	6	-0.0985800974705	1	-0.187485675988	-0.283777888613	-0.187630871189	-0.245962391351	-0.286065773459
M07_L_TO_DY_ALL28:G808-E1707	M07_L_TO_DY_ALL28	ALL28	L	DY	G808-E1707	qot	edy	0	f106r	f106r	G808-P0458	f106r.1	1	9	S	B	3	3	EXACT	0.119964750691	11	0	0	0.0505743317998	72	0	0	0.0458363307686	83	0.0483575989767	83	0.0518969434708	68	0.0280910618548	4	-0.0172170071041	6	0	0	0.17053908249	0.17053908249	0.171861694161	0.153322075386	0.17053908249
M07_L_TO_DY_ALL28:G808-E1740	M07_L_TO_DY_ALL28	ALL28	L	DY	G808-E1740	qot	edy	0	f106r	f106r	G808-P0470	f106r.36	36	4	S	B	3	3	EXACT	-0.00489591345854	2	0.32952877711	2	0.0559411073734	72	-0.0627273516352	2	0.0412346628417	76	0.0396884784569	78	0.0635242497143	68	-0.0729711839598	4	-0.00434318986476	6	0.00713948054358	2	0.380573971025	0.31784661939	0.388157113366	0.37623078116	0.387713451568
M07_L_TO_DY_ALL28:G808-E1748	M07_L_TO_DY_ALL28	ALL28	L	DY	G808-E1748	qot	edy	0	f106v	f106v	G808-P0476	f106v.11	11	8	S	B	3	3	EXACT	0.13121561178	21	0	0	0.0644784961339	72	0	0	0.0710263796433	93	0.0735512251065	93	0.0630062370791	68	0.0895078464595	4	-0.061432093475	6	0.243178767073	1	0.195694107914	0.195694107914	0.194221848859	0.134262014439	0.438872874987
M07_L_TO_DY_ALL28:G808-E1789	M07_L_TO_DY_ALL28	ALL28	L	DY	G808-E1789	qot	edy	0	f107v	f107v	G808-P0504	f107v.8	8	7	S	B	3	2	EXACT	0.307544804548	11	0	0	0.0544775781807	72	-0.0882771881495	1	0.0743247259665	83	0.07411278143	84	0.0554479273113	68	0.0379828267991	4	-0.189320712675	6	-0.104625482325	1	0.362022382729	0.273745194579	0.362992731859	0.172701670054	0.257396900404
M07_L_TO_DY_ALL28:G808-E1827	M07_L_TO_DY_ALL28	ALL28	L	DY	G808-E1827	qot	edy	0	f108r	f108r	G808-P0518	f108r.5	5	11	S	B	3	3	EXACT	0.028994102435	16	0.119643620524	3	0.0227366928429	72	0	0	0.0123597224406	91	0.0151857678912	91	0.0319287744563	68	-0.133526297673	4	-0.0814029546198	6	0.180745323821	1	0.171374415802	0.171374415802	0.180566497415	0.0899714611818	0.352119739622
M07_L_TO_DY_ALL28:G808-E1868	M07_L_TO_DY_ALL28	ALL28	L	DY	G808-E1868	qot	eody	1	f108r	f108r	G808-P0528	f108r.41	41	4	S	B	3	3	EXACT	0.186276122013	20	0	0	0.0437221067683	72	-0.374031577913	2	0.0632548426195	92	0.0554641029438	94	0.0504988471636	68	-0.071480083041	4	-0.00412559396302	6	-0.415354789967	2	0.229998228781	-0.144033349132	0.236774969177	0.225872634818	-0.185356561186
M07_L_TO_DY_ALL28:G808-E1911	M07_L_TO_DY_ALL28	ALL28	L	DY	G808-E1911	qot	edy	0	f108v	f108v	G808-P0537	f108v.34	34	4	S	B	3	3	EXACT	0.20043768928	90	-0.503692664574	1	0.0667439948376	72	0.309819316023	2	0.142419308467	163	0.145914443342	165	0.0763179836005	68	-0.0960126977538	4	-0.0520670915552	6	0.306235892452	2	-0.236510980457	0.0733083355665	-0.226936991694	-0.288578072012	0.0697249119952
M07_L_TO_DY_ALL28:G808-E1949	M07_L_TO_DY_ALL28	ALL28	L	DY	G808-E1949	qot	edy	0	f111v	f111v	G808-P0544	f111v.4	4	7	S	B	3	3	EXACT	0.16636331608	108	-0.110914431225	2	0.0453241715771	72	0	0	0.125426771532	182	0.127818030202	182	0.0435828689308	68	0.0749272738801	4	0.00152468337843	6	0	0	0.100773056433	0.100773056433	0.0990317537865	0.102297739811	0.100773056433
M07_L_TO_DY_ALL28:G808-E1990	M07_L_TO_DY_ALL28	ALL28	L	DY	G808-E1990	qot	edy	0	f112r	f112r	G808-P0559	f112r.34	34	8	S	B	3	3	EXACT	0.242759718614	11	-0.0788000937792	1	0.0787244468574	72	-0.341032388166	1	0.0846281133252	84	0.0814961455713	85	0.0781626279423	68	0.0882762944765	4	0.00144143095489	6	-0.344612436355	1	0.242684071692	-0.0983483164739	0.242122252777	0.244125502647	-0.101928364663
M07_L_TO_DY_ALL28:G808-E2007	M07_L_TO_DY_ALL28	ALL28	L	DY	G808-E2007	qot	edy	0	f112v	f112v	G808-P0569	f112v.27	27	10	S	B	3	3	EXACT	0.145712344162	10	-0.133538912985	1	0.0321273596961	72	0	0	0.0228627458337	83	0.0244935868436	83	0.0436610869607	68	-0.163932624217	4	0.0253409418552	6	0	0	0.0443007908726	0.0443007908726	0.0558345181372	0.0696417327278	0.0443007908726
M07_L_TO_DY_ALL28:G808-E2034	M07_L_TO_DY_ALL28	ALL28	L	DY	G808-E2034	qot	edy	0	f113r	f113r	G808-P0580	f113r.13	13	3	S	B	3	3	EXACT	0.0136517122486	9	0	0	0.0402643763768	72	0	0	0.0226816610812	81	0.0252665962252	81	0.0457156764754	68	-0.0524067153138	4	-0.0320652204713	6	-0.48607933653	1	0.0539160886254	0.0539160886254	0.059367388724	0.0218508681541	-0.432163247905
M07_L_TO_DY_ALL28:G808-E2115	M07_L_TO_DY_ALL28	ALL28	L	DY	G808-E2115	qot	edy	0	f114v	f114v	G808-P0620	f114v.4	4	6	S	B	3	3	EXACT	0.0244894850713	13	-0.153163206431	1	0.0591853006937	72	-0.68431141238	1	0.0386623035468	86	0.0322191164497	87	0.0579430640942	68	0.0803032866736	4	-0.0504615559558	6	-0.400245777363	2	-0.0694884206658	-0.753799833046	-0.0707306572653	-0.119949976622	-0.469734198029
M07_L_TO_DY_ALL28:G808-E2131	M07_L_TO_DY_ALL28	ALL28	L	DY	G808-E2131	qot	eody	1	f114v	f114v	G808-P0627	f114v.24	24	3	S	B	3	3	EXACT	0.0964750324474	8	0.528736029315	2	0.0553704480369	72	0	0	0.05499452213	82	0.057482922989	82	0.0617204293177	68	-0.0525792699479	4	0.0835460731035	6	0	0	0.680581509799	0.680581509799	0.68693149108	0.764127582903	0.680581509799
M07_L_TO_DY_ALL28:G808-E2164	M07_L_TO_DY_ALL28	ALL28	L	DY	G808-E2164	qot	edy	0	f115v	f115v	G808-P0645	f115v.3	3	6	S	B	3	3	EXACT	0.108527851505	25	0	0	0.0754760440084	72	0	0	0.0773059586544	97	0.0798098544944	97	0.0745859475926	68	0.0906087477254	4	0.00302546013064	6	0.386593084248	1	0.184003895514	0.184003895514	0.183113799098	0.187029355644	0.570596979762
M07_L_TO_DY_ALL28:G808-E2176	M07_L_TO_DY_ALL28	ALL28	L	DY	G808-E2176	qot	eody	1	f115v	f115v	G808-P0650	f115v.19	19	7	S	B	3	3	EXACT	0.0629779570506	8	-0.0733960950744	1	0.0508192711292	72	0.124608106134	2	0.034744808389	81	0.0381094651117	83	0.0484787763087	68	0.0906087477254	4	0.000548520219691	6	-0.0217202683263	2	0.0404011331054	0.165009239239	0.038060638285	0.0409496533251	0.0186808647791
M07_L_TO_DY_ALL28:G808-E0314	M07_L_TO_DY_ALL28	ALL28	L	DY	G808-E0314	qot	edy	0	f31r	f31r	G808-P0108	f31r.6	6	3	H	B	2	2	EXACT	0.530940451062	9	0.405073677911	3	-0.0059518990399	72	0	0	0.0509657183758	84	0.0534812640373	84	0.00459831116017	68	-0.185304533948	4	-0.0113006744798	6	0	0	0.930062229933	0.930062229933	0.940612440133	0.918761555453	0.930062229933
M07_L_TO_DY_ALL28:G808-E0439	M07_L_TO_DY_ALL28	ALL28	L	DY	G808-E0439	qot	edy	0	f43r	f43r	G808-P0155	f43r.10	10	4	H	B	2	3	EXACT	0.347482921954	13	-0.518999070506	1	0.000396581182932	72	0	0	0.0342358431227	86	0.0367436183689	86	0.00503130525741	68	-0.0783928217355	4	-0.00445310825463	6	0	0	-0.17111956737	-0.17111956737	-0.166484843295	-0.175572675624	-0.17111956737
M07_L_TO_DY_ALL28:G808-E0444	M07_L_TO_DY_ALL28	ALL28	L	DY	G808-E0444	qot	edy	0	f43r	f43r	G808-P0155	f43r.12	12	5	H	B	2	3	EXACT	0.347482921954	13	0.0156817997906	4	0.00419049581496	72	0.326561148531	1	0.0417510219754	89	0.0468191693159	90	0.0113108032141	68	-0.116853823623	4	-0.050709500046	6	0.374227568095	2	0.367355217559	0.69391636609	0.374475524958	0.316645717513	0.741582785654
M07_L_TO_DY_ALL28:G808-E0721	M07_L_TO_DY_ALL28	ALL28	L	DY	G808-E0721	qot	edy	0	f75v	f75v	G808-P0226	f75v.7	7	10	B	B	2	3	EXACT	0.167813599509	55	0.216053260743	2	0.0270936940551	72	-0.0325550941085	1	0.0926730620042	129	0.0937731433551	130	0.0371229104647	68	-0.143401959782	4	-0.0829829488689	6	-0.0359960662365	1	0.410960554307	0.378405460198	0.420989770716	0.327977605438	0.37496448807
M07_L_TO_DY_ALL28:G808-E0728	M07_L_TO_DY_ALL28	ALL28	L	DY	G808-E0728	qot	edy	0	f75v	f75v	G808-P0228	f75v.43	43	7	B	B	2	3	EXACT	0.282425586253	34	-0.168369170415	3	0.00946610202166	72	0	0	0.085923155862	109	0.0883999449332	109	0.005395206686	68	0.0786723478545	4	0.022758130323	6	0.227775863079	2	0.12352251786	0.12352251786	0.119451622524	0.146280648183	0.351298380938
M07_L_TO_DY_ALL28:G808-E0741	M07_L_TO_DY_ALL28	ALL28	L	DY	G808-E0741	qot	edy	0	f76r	f76r	G808-P0231	f76r.3	3	7	T	B	2	3	EXACT	0.180622677165	124	-0.237667496852	3	-0.00113162293324	70	0	0	0.123737176778	197	0.12624568908	197	0.00589331012948	66	-0.117043615552	4	0.0323696229827	6	0	0	-0.0581764426199	-0.0581764426199	-0.0511515095572	-0.0258068196372	-0.0581764426199
M07_L_TO_DY_ALL28:G808-E0806	M07_L_TO_DY_ALL28	ALL28	L	DY	G808-E0806	qot	edy	0	f76v	f76v	G808-P0237	f76v.22	22	3	B	B	2	3	EXACT	0.253407646384	30	0	0	0.00964575854895	72	0.0872212454817	3	0.0764270324542	102	0.0776737560279	105	0.013422303165	68	-0.0545546008788	4	-0.024882735351	6	0.0771936033753	3	0.263053404933	0.350274650415	0.266829949549	0.238170669582	0.340247008308
M07_L_TO_DY_ALL28:G808-E0829	M07_L_TO_DY_ALL28	ALL28	L	DY	G808-E0829	qot	edy	0	f77r	f77r	G808-P0241	f77r.10	10	5	B	B	2	3	EXACT	0.247581347098	43	-0.145734762181	3	0.0259724405431	72	-0.00394637538211	3	0.101672088746	118	0.100212263523	121	0.0344486157191	68	-0.118121645419	4	0.00308472616639	6	-0.00296309079663	3	0.12781902546	0.123872650078	0.136295200636	0.130903751627	0.124855934664
M07_L_TO_DY_ALL28:G808-E0836	M07_L_TO_DY_ALL28	ALL28	L	DY	G808-E0836	qot	edy	0	f77r	f77r	G808-P0241	f77r.20	20	7	B	B	2	3	EXACT	0.247581347098	43	-0.100771478979	1	0.0376703653146	72	-0.00209472247262	2	0.114090614191	116	0.113699471839	118	0.0485511940796	68	-0.147302831661	4	-0.0872888449796	6	0.0414510808224	2	0.184480233434	0.182385510961	0.195361062199	0.097191388454	0.225931314256
M07_L_TO_DY_ALL28:G808-E0846	M07_L_TO_DY_ALL28	ALL28	L	DY	G808-E0846	qot	edy	0	f77r	f77r	G808-P0242	f77r.27	27	6	B	B	2	2	EXACT	0.35729326728	36	0.110938278253	1	0.04971004119	72	0.970018576746	1	0.149466134735	109	0.158923838016	110	0.0631062752954	68	-0.178025046574	4	-0.019140086507	6	0.97329364243	1	0.517941586723	1.48796016347	0.531337820828	0.498801500216	1.49123522915
M07_L_TO_DY_ALL28:G808-E0855	M07_L_TO_DY_ALL28	ALL28	L	DY	G808-E0855	qot	edy	0	f77r	f77r	G808-P0243	f77r.41	41	4	B	B	2	3	EXACT	0.185769629869	38	-0.29480024817	3	-0.0051598596141	72	0	0	0.0491323432392	113	0.0516164016904	113	-0.000895624624381	68	-0.0776509624102	4	-0.0121516795333	6	0	0	-0.114190477916	-0.114190477916	-0.109926242926	-0.126342157449	-0.114190477916
M07_L_TO_DY_ALL28:G808-E0882	M07_L_TO_DY_ALL28	ALL28	L	DY	G808-E0882	qot	edy	0	f77v	f77v	G808-P0246	f77v.31	31	5	B	B	2	2	EXACT	0.202127674125	41	0	0	0.0416645352843	72	0.144579707939	2	0.099196448643	113	0.101524983431	115	0.0390679187864	68	0.0858086632462	4	-0.00442167264682	6	0.13449092103	2	0.243792209409	0.388371917348	0.241195592911	0.239370536762	0.378283130439
M07_L_TO_DY_ALL28:G808-E0906	M07_L_TO_DY_ALL28	ALL28	L	DY	G808-E0906	qot	edy	0	f78r	f78r	G808-P0247	f78r.9	9	7	B	B	2	2	EXACT	0.14610087499	59	0	0	0.0144643674745	72	-0.0451647016001	1	0.0779941619888	131	0.0791617820026	132	0.024104811637	68	-0.149422304814	4	-0.031553638536	6	-0.205954448779	2	0.160565242465	0.115400540865	0.170205686627	0.129011603929	-0.0453892063143
M07_L_TO_DY_ALL28:G808-E0930	M07_L_TO_DY_ALL28	ALL28	L	DY	G808-E0930	qot	edy	0	f78v	f78v	G808-P0249	f78v.3	3	7	B	B	2	2	EXACT	0.20210467931	62	0	0	0.0604185123201	72	-0.198164884032	2	0.130702985424	134	0.127619826365	136	0.062111819526	68	0.0316332418244	4	-0.0106526628603	6	-0.230572891916	2	0.26252319163	0.0643583075982	0.264216498836	0.25187052877	0.0319502997136
M07_L_TO_DY_ALL28:G808-E0995	M07_L_TO_DY_ALL28	ALL28	L	DY	G808-E0995	qot	edy	0	f79v	f79v	G808-P0261	f79v.12	12	7	B	B	2	2	EXACT	0.18683016493	48	-0.0410728482278	1	0.00726774751805	72	0.0061944218177	1	0.0791763084501	121	0.0806176823703	122	0.0169045044017	68	-0.156556214398	4	-0.0330525420369	6	-0.00754188254578	1	0.15302506422	0.159219486038	0.162661821104	0.119972522183	0.145483181674
M07_L_TO_DY_ALL28:G808-E0999	M07_L_TO_DY_ALL28	ALL28	L	DY	G808-E0999	qot	edy	0	f79v	f79v	G808-P0263	f79v.29	29	5	B	B	2	3	EXACT	0.365951280528	20	0.0127053529303	3	0.00492792530427	72	0	0	0.0719805997113	95	0.0744625998209	95	0.0124599412184	68	-0.123115440128	4	-0.0662508868467	6	0	0	0.383584558763	0.383584558763	0.391116574677	0.317333671916	0.383584558763
M07_L_TO_DY_ALL28:G808-E1026	M07_L_TO_DY_ALL28	ALL28	L	DY	G808-E1026	qot	edy	0	f80v	f80v	G808-P0271	f80v.1	1	4	B	B	2	2	EXACT	0.254352047076	19	0	0	0.0318841139887	72	0.937826120475	1	0.0673712859796	91	0.0786298618366	92	0.0293928926619	68	0.0742357163084	4	0.0112139853427	6	0.943276860283	1	0.286236161065	1.22406228154	0.283744939738	0.297450146408	1.22951302135
M07_L_TO_DY_ALL28:G808-E1027	M07_L_TO_DY_ALL28	ALL28	L	DY	G808-E1027	qot	edy	0	f80v	f80v	G808-P0271	f80v.2	2	2	B	B	2	2	EXACT	0.254352047076	19	-0.577323492791	1	0.0215614799286	72	0	0	0.051961523698	92	0.0543274241121	92	0.0225808179729	68	0.00423357293976	4	0.0681523332114	6	0	0	-0.301409965786	-0.301409965786	-0.300390627742	-0.233257632575	-0.301409965786
M07_L_TO_DY_ALL28:G808-E1099	M07_L_TO_DY_ALL28	ALL28	L	DY	G808-E1099	qot	edy	0	f81v	f81v	G808-P0282	f81v.25	25	2	B	B	2	3	EXACT	0.171761861008	61	0.166907561733	4	0.0201864847936	72	0	0	0.0954141303746	137	0.0978609924162	137	0.0212425066304	68	0.00223516483903	4	0.0322271268529	6	0	0	0.358855907535	0.358855907535	0.359911929372	0.391083034388	0.358855907535
M07_L_TO_DY_ALL28:G808-E1110	M07_L_TO_DY_ALL28	ALL28	L	DY	G808-E1110	qot	edy	0	f82r	f82r	G808-P0284	f82r.13	13	4	B	B	2	2	EXACT	0.138994031212	36	0	0	0.0401676700933	72	0.50864638433	2	0.0709828385776	108	0.080532384349	110	0.0468701830875	68	-0.0737740685806	4	-0.00572936399897	6	0.50487072277	2	0.179161701305	0.687808085635	0.185864214299	0.173432337306	0.684032424075
M07_L_TO_DY_ALL28:G808-E1120	M07_L_TO_DY_ALL28	ALL28	L	DY	G808-E1120	qot	edy	0	f82r	f82r	G808-P0285	f82r.29	29	8	B	B	2	3	EXACT	0.249645982985	53	-0.0339447071249	1	0.0272501346741	72	-0.0110286839045	2	0.122708630064	126	0.122357644109	128	0.0267494487753	68	0.03576277718	4	-0.0406897268153	6	0.00560341056347	3	0.242951410534	0.23192272663	0.242450724635	0.202261683719	0.248554821098
M07_L_TO_DY_ALL28:G808-E1134	M07_L_TO_DY_ALL28	ALL28	L	DY	G808-E1134	qot	edy	0	f82v	f82v	G808-P0287	f82v.11	11	10	B	B	2	3	EXACT	0.218499935744	17	-0.0442818467047	3	0.0349927204927	72	0	0	0.0554494501042	92	0.0580040515246	92	0.0456668413432	68	-0.146466383566	4	0.00931838941064	6	0	0	0.209210809532	0.209210809532	0.219884930382	0.218529198942	0.209210809532
M07_L_TO_DY_ALL28:G808-E1140	M07_L_TO_DY_ALL28	ALL28	L	DY	G808-E1140	qot	edy	0	f82v	f82v	G808-P0288	f82v.17	17	9	B	B	2	3	EXACT	0.223414259623	25	-0.0661409188083	2	0.0339827711411	72	-0.0526556532468	1	0.0727665308552	99	0.0735130320604	100	0.0307931962487	68	0.0882064947131	4	0.0509211924619	6	-0.0567922727742	1	0.191256111956	0.138600458709	0.188066537064	0.242177304418	0.134463839182
M07_L_TO_DY_ALL28:G808-E1179	M07_L_TO_DY_ALL28	ALL28	L	DY	G808-E1179	qot	edy	0	f83r	f83r	G808-P0294	f83r.23	23	2	B	B	2	2	EXACT	0.238166142286	23	0.475283807721	1	0.0180801262389	72	0	0	0.0679519715634	96	0.0704345347988	96	0.0193564297004	68	-0.00361610044028	4	-0.0348180335633	6	0	0	0.731530076246	0.731530076246	0.732806379707	0.696712042682	0.731530076246
M07_L_TO_DY_ALL28:G808-E1272	M07_L_TO_DY_ALL28	ALL28	L	DY	G808-E1272	qot	eody	1	f86v5	f86v	G808-P0325	f86v5.29	29	2	T	B	2	3	EXACT	-0.0830041713301	64	0.00935519212094	2	0.0319438066783	72	-0.0195118010423	1	-0.0159793276393	138	-0.0138533160839	139	0.0349697600167	68	-0.019496844408	4	0.055404223251	6	-0.0457461870738	2	-0.0417051725309	-0.0612169735732	-0.0386792191925	0.0136990507201	-0.0874513596047
M07_L_TO_DY_ALL28:G808-E1295	M07_L_TO_DY_ALL28	ALL28	L	DY	G808-E1295	qot	edy	0	f86v6	f86v	G808-P0327	f86v6.17	17	8	T	B	2	3	EXACT	-0.0533589516098	32	0.115303396047	5	0.0368386857698	72	0	0	0.00846764900478	109	0.0110217716395	109	0.0341515278807	68	0.0825209255511	4	0.0175141802376	6	0	0	0.0987831302071	0.0987831302071	0.096095972318	0.116297310445	0.0987831302071
M07_L_TO_DY_ALL28:G808-E1308	M07_L_TO_DY_ALL28	ALL28	L	DY	G808-E1308	qot	eody	1	f86v6	f86v	G808-P0329	f86v6.34	34	4	T	B	2	3	EXACT	0.050766418322	71	0.394614232716	3	0.030833403817	72	0.0453372979924	3	0.05510213906	146	0.0563326414056	149	0.036600800303	68	-0.0672117807791	4	0.0340161146933	6	0.0330465306431	3	0.476214054855	0.521551352848	0.481981451341	0.510230169549	0.509260585498
M07_L_TO_DY_ALL28:G808-E1345	M07_L_TO_DY_ALL28	ALL28	L	DY	G808-E1345	qot	eody	1	f88v	f88v	G808-P0338	f88v.15	15	5	P	A	1	2	EXACT	0.00576442547182	20	0	0	0.0108169525249	72	0	0	0.000802063594226	92	0.00334658817112	92	0.00982418165922	68	0.0276950099634	4	-0.00112381786203	6	0	0	0.0165813779968	0.0165813779968	0.015588607131	0.0154575601347	0.0165813779968
M07_L_TO_DY_ALL28:G808-E1537	M07_L_TO_DY_ALL28	ALL28	L	DY	G808-E1537	sh	eody	1	f102v1	f102v	G808-P0378	f102v1.20	20	6	P	A	1	3	EXACT	-0.16374555486	11	-0.00806888706974	3	0.00607136982876	72	0	0	-0.0320043379189	86	-0.0295973321867	86	0.000133182681523	68	0.107017714799	4	-0.0504380014789	6	0	0	-0.165743072101	-0.165743072101	-0.171681259248	-0.21618107358	-0.165743072101
M07_L_TO_DY_ALL28:G808-E1542	M07_L_TO_DY_ALL28	ALL28	L	DY	G808-E1542	sh	eody	1	f102v1	f102v	G808-P0378	f102v1.23	23	4	P	A	1	2	EXACT	-0.16374555486	11	0	0	-0.0250255953191	72	0.0332207111136	1	-0.0586790626515	83	-0.0558927943382	84	-0.0208929946303	68	-0.0952826435615	4	-0.00485105577399	6	0.0322732924201	1	-0.188771150179	-0.155550439065	-0.18463854949	-0.193622205953	-0.156497857759
M07_L_TO_DY_ALL28:G808-E1549	M07_L_TO_DY_ALL28	ALL28	L	DY	G808-E1549	sh	edy	0	f103r	f103r	G808-P0381	f103r.1	1	8	S	B	3	3	EXACT	0.0425882723218	24	0	0	0.0640048916733	71	0	0	0.0517079753868	95	0.0541936266882	95	0.0621845519316	67	0.0944953012058	4	-0.0572869107852	6	0.0101459389873	1	0.106593163995	0.106593163995	0.104772824253	0.0493062532099	0.116739102982
M07_L_TO_DY_ALL28:G808-E1553	M07_L_TO_DY_ALL28	ALL28	L	DY	G808-E1553	sh	edy	0	f103r	f103r	G808-P0382	f103r.6	6	6	S	B	3	3	EXACT	0	0	0.134181893195	2	0.0323192684412	72	0	0	0.0144706557521	74	0.0169563070535	74	0.0405168944636	68	-0.107041479268	4	-0.0353381210127	6	0	0	0.166501161637	0.166501161637	0.174698787659	0.131163040624	0.166501161637
M07_L_TO_DY_ALL28:G808-E1564	M07_L_TO_DY_ALL28	ALL28	L	DY	G808-E1564	sh	edy	0	f103r	f103r	G808-P0386	f103r.20	20	6	S	B	3	2	EXACT	0.141232075323	11	0.0528021203393	1	0.0680365546371	72	0	0	0.0639539849776	84	0.0664396362789	84	0.0668033702676	68	0.0889995835878	4	0.016641671267	6	0.278305789475	2	0.262070750299	0.262070750299	0.26083756593	0.278712421566	0.540376539774
M07_L_TO_DY_ALL28:G808-E1568	M07_L_TO_DY_ALL28	ALL28	L	DY	G808-E1568	sh	edy	0	f103r	f103r	G808-P0388	f103r.24	24	3	S	B	3	3	EXACT	0.308994949885	14	-0.0843758075086	1	0.0265347831746	72	-0.338698590903	1	0.0588388648916	87	0.0560945090582	88	0.0317084636973	68	-0.0614188910404	4	-0.110807691442	6	-0.338925565601	1	0.251153925551	-0.0875446653519	0.256327606073	0.140346234109	-0.0877716400505
M07_L_TO_DY_ALL28:G808-E1572	M07_L_TO_DY_ALL28	ALL28	L	DY	G808-E1572	sh	edy	0	f103r	f103r	G808-P0390	f103r.30	30	5	S	B	3	3	EXACT	-0.0729841080899	8	0	0	0.057907323086	72	0.197060179569	2	0.029733170581	80	0.034770622783	82	0.0676101287933	68	-0.107041479268	4	-0.0868223033027	6	0.230178892119	2	-0.0150767850039	0.181983394565	-0.00537397929664	-0.101899088307	0.215102107116
M07_L_TO_DY_ALL28:G808-E1574	M07_L_TO_DY_ALL28	ALL28	L	DY	G808-E1574	sh	edy	0	f103r	f103r	G808-P0390	f103r.32	32	2	S	B	3	2	EXACT	-0.0729841080899	8	0	0	0.060596699883	72	0.2099730991	2	0.0321536096983	80	0.0374469760568	82	0.0652352797426	68	-0.0182602630613	4	-0.00379895590897	6	0.209746124402	2	-0.0123874082069	0.197585690893	-0.00774882834725	-0.0161863641159	0.197358716195
M07_L_TO_DY_ALL28:G808-E1577	M07_L_TO_DY_ALL28	ALL28	L	DY	G808-E1577	sh	edy	0	f103r	f103r	G808-P0393	f103r.38	38	8	S	B	3	3	EXACT	0.279897039045	4	-0.121543083466	1	0.0540480038109	72	0	0	0.0457641516539	77	0.0482498029553	77	0.0641717328472	68	-0.118056495135	4	0.00901528293131	6	0	0	0.21240195939	0.21240195939	0.222525688427	0.221417242322	0.21240195939
M07_L_TO_DY_ALL28:G808-E1581	M07_L_TO_DY_ALL28	ALL28	L	DY	G808-E1581	sh	edy	0	f103r	f103r	G808-P0396	f103r.46	46	6	S	B	3	3	EXACT	0.507394952782	5	0.210379022246	2	0.0334374410332	72	0.331024444948	2	0.0507214999015	79	0.0585799851037	81	0.0417008419138	68	-0.107041479268	4	-0.0455912988096	6	0.330797470249	2	0.751211416061	1.08223586101	0.759474816942	0.705620117251	1.08200888631
M07_L_TO_DY_ALL28:G808-E1583	M07_L_TO_DY_ALL28	ALL28	L	DY	G808-E1583	sh	edy	0	f103v	f103v	G808-P0399	f103v.1	1	11	S	B	3	3	EXACT	0.255396252118	17	-0.117025956007	7	0.0509232904822	72	0.0108025910022	1	0.0625246065684	96	0.0638268208447	97	0.0607621234144	68	-0.116338099435	4	-0.00555660635502	6	0.00931707890651	1	0.189293586593	0.200096177595	0.199132419525	0.183736980238	0.198610665499
M07_L_TO_DY_ALL28:G808-E1586	M07_L_TO_DY_ALL28	ALL28	L	DY	G808-E1586	sh	edy	0	f103v	f103v	G808-P0400	f103v.6	6	8	S	B	3	3	EXACT	0.32923854417	11	-0.206604025014	2	0.0598595896056	72	-0.226680231304	2	0.0736723625306	85	0.0678249455603	87	0.0570760800423	68	0.107178022113	4	0.00842472638984	6	-0.228165743399	2	0.182494108761	-0.0441861225425	0.179710599198	0.190918835151	-0.0456716346381
M07_L_TO_DY_ALL28:G808-E1588	M07_L_TO_DY_ALL28	ALL28	L	DY	G808-E1588	sh	edy	0	f103v	f103v	G808-P0401	f103v.9	9	6	S	B	3	3	EXACT	0.368087153863	12	-0.0272120478917	3	0.0556380183296	72	0	0	0.0815145599666	87	0.083982725289	87	0.0652573314292	68	-0.107891534432	4	-0.0115517941485	6	0.25072128039	2	0.396513124301	0.396513124301	0.406132437401	0.384961330153	0.647234404691
M07_L_TO_DY_ALL28:G808-E1593	M07_L_TO_DY_ALL28	ALL28	L	DY	G808-E1593	sh	edy	0	f103v	f103v	G808-P0403	f103v.16	16	5	S	B	3	2	EXACT	0.0959201002786	7	0.0841433910566	1	0.0479826248056	72	0.208194966571	1	0.0354721545284	80	0.0393149812847	81	0.0445004702541	68	0.107178022113	4	-0.0160397446924	6	0.0556124531338	2	0.228046116141	0.436241082712	0.224563961589	0.212006371448	0.283658569275
M07_L_TO_DY_ALL28:G808-E1595	M07_L_TO_DY_ALL28	ALL28	L	DY	G808-E1595	sh	edy	0	f103v	f103v	G808-P0404	f103v.17	17	6	S	B	3	2	EXACT	0.23326116133	9	-0.0734473293191	1	0.0404430455294	72	-0.130026644368	1	0.0443714829546	82	0.0439990053466	83	0.0491685366996	68	-0.107891534432	4	-0.0739670403769	6	-0.0954845482076	1	0.20025687754	0.0702302331717	0.20898236871	0.126289837163	0.104772329333
M07_L_TO_DY_ALL28:G808-E1598	M07_L_TO_DY_ALL28	ALL28	L	DY	G808-E1598	sh	edy	0	f103v	f103v	G808-P0405	f103v.22	22	7	S	B	3	3	EXACT	0.185762817668	32	0	0	0.0446407675606	72	0.283305550877	1	0.083954503685	104	0.087736724353	105	0.054110040321	68	-0.116338099435	4	0.0513032962736	6	0.281820038781	1	0.230403585229	0.513709136106	0.239872857989	0.281706881502	0.51222362401
M07_L_TO_DY_ALL28:G808-E1613	M07_L_TO_DY_ALL28	ALL28	L	DY	G808-E1613	sh	edy	0	f103v	f103v	G808-P0410	f103v.41	41	10	S	B	3	3	EXACT	0.364553872306	13	-0.136705217318	2	0.0348844348893	72	0.0455345901576	1	0.0666038340607	87	0.0681351302944	88	0.030631798578	68	0.107178022113	4	0.0675068234016	6	-0.27616129766	1	0.262733089877	0.308267680035	0.258480453566	0.330239913279	-0.0134282077824
M07_L_TO_DY_ALL28:G808-E1614	M07_L_TO_DY_ALL28	ALL28	L	DY	G808-E1614	sh	edy	0	f103v	f103v	G808-P0411	f103v.44	44	8	S	B	3	3	EXACT	0.368042383856	17	-0.070354667947	2	0.0478313293363	72	-0.0276771843152	1	0.0936634185086	91	0.0941455421057	92	0.0443402750513	68	0.107178022113	4	0.0826920249103	6	-0.0912077735161	2	0.345519045245	0.31784186093	0.34202799096	0.428211070156	0.254311271729
M07_L_TO_DY_ALL28:G808-E1619	M07_L_TO_DY_ALL28	ALL28	L	DY	G808-E1619	sh	edy	0	f104r	f104r	G808-P0413	f104r.7	7	6	S	B	3	3	EXACT	0.121390738495	29	-0.0690264106197	1	0.0562343065482	72	0	0	0.0678761355444	102	0.0705290061686	102	0.0665957024669	68	-0.119910659034	4	-0.12619553233	6	0	0	0.108598634423	0.108598634423	0.118960030342	-0.017596897907	0.108598634423
M07_L_TO_DY_ALL28:G808-E1627	M07_L_TO_DY_ALL28	ALL28	L	DY	G808-E1627	sh	eody	1	f104r	f104r	G808-P0418	f104r.26	26	4	S	B	3	2	EXACT	0.080770424966	29	0	0	0.026975233582	72	0	0	0.0369604797004	101	0.0396133503246	101	0.0379734527405	68	-0.159995727075	4	-0.083441034455	6	0.122189116345	1	0.107745658548	0.107745658548	0.118743877706	0.024304624093	0.229934774893
M07_L_TO_DY_ALL28:G808-E1659	M07_L_TO_DY_ALL28	ALL28	L	DY	G808-E1659	sh	eody	1	f104v	f104v	G808-P0435	f104v.35	35	7	S	B	3	3	EXACT	-0.103565937449	4	0	0	0.0814777993044	72	0.373698435031	1	0.0504776410101	76	0.0563978211417	77	0.0793676505717	68	0.117349761587	4	-0.0404887786071	6	0.371788051957	1	-0.0220881381446	0.351610296887	-0.0241982868772	-0.0625769167517	0.349699913812
M07_L_TO_DY_ALL28:G808-E1668	M07_L_TO_DY_ALL28	ALL28	L	DY	G808-E1668	sh	edy	0	f105r	f105r	G808-P0440	f105r.13	13	7	S	B	3	2	EXACT	-0.0542975286903	6	0	0	0.0419746827389	72	0	0	0.016034693233	78	0.0186100120568	78	0.0377832031252	68	0.113228750685	4	-0.00669222825639	6	0	0	-0.0123228459515	-0.0123228459515	-0.0165143255651	-0.0190150742078	-0.0123228459515
M07_L_TO_DY_ALL28:G808-E1714	M07_L_TO_DY_ALL28	ALL28	L	DY	G808-E1714	sh	edy	0	f106r	f106r	G808-P0460	f106r.8	8	5	S	B	3	3	EXACT	0.175004676608	3	0.0624269150613	1	0.0486850355269	72	0	0	0.0328996348423	76	0.0354483473013	76	0.0581239266752	68	-0.111777149161	4	0.0290582669839	6	0.35904198331	2	0.286116627196	0.286116627196	0.295555518345	0.31517489418	0.645158610506
M07_L_TO_DY_ALL28:G808-E1734	M07_L_TO_DY_ALL28	ALL28	L	DY	G808-E1734	sh	edy	0	f106r	f106r	G808-P0466	f106r.25	25	6	S	B	3	3	EXACT	0.318084500063	6	-0.448593651035	1	0.0233713863842	72	0.434952785997	1	0.0210778210447	79	0.028011571219	80	0.0313212393476	68	-0.111777149161	4	0.0507367910891	6	0.432255139246	1	-0.107137764588	0.327815021409	-0.0991879116243	-0.0564009734986	0.325117374659
M07_L_TO_DY_ALL28:G808-E1737	M07_L_TO_DY_ALL28	ALL28	L	DY	G808-E1737	sh	eody	1	f106r	f106r	G808-P0468	f106r.33	33	3	S	B	3	3	EXACT	0.269374715587	5	0.408094367578	1	0.04284257385	72	0.243195889328	1	0.0426132389761	78	0.0469025932404	79	0.0492102890842	68	-0.0654096202979	4	-0.139485674503	6	0.124571511216	2	0.720311657015	0.963507546343	0.726679372249	0.580825982512	0.844883168231
M07_L_TO_DY_ALL28:G808-E1741	M07_L_TO_DY_ALL28	ALL28	L	DY	G808-E1741	sh	edy	0	f106r	f106r	G808-P0470	f106r.36	36	10	S	B	3	3	EXACT	-0.0369096163468	2	0.133236653234	2	0.0497863501268	72	0.396124614556	1	0.027831615201	76	0.0343442374213	77	0.0631886642325	68	-0.178054024837	4	0.0270057011837	6	0.393426967806	1	0.146113387014	0.542238001571	0.15951570112	0.173119088198	0.53954035482
M07_L_TO_DY_ALL28:G808-E1745	M07_L_TO_DY_ALL28	ALL28	L	DY	G808-E1745	sh	eody	1	f106v	f106v	G808-P0474	f106v.6	6	4	S	B	3	3	EXACT	0.11549641708	10	0.0686612305439	3	0.0222156654022	72	0	0	0.0187953426575	85	0.0213416305665	85	0.0288177136484	68	-0.0900203840585	4	-0.0691487162035	6	0	0	0.206373313026	0.206373313026	0.212975361272	0.137224596822	0.206373313026
M07_L_TO_DY_ALL28:G808-E1756	M07_L_TO_DY_ALL28	ALL28	L	DY	G808-E1756	sh	edy	0	f106v	f106v	G808-P0485	f106v.37	37	8	S	B	3	3	EXACT	0.160435602476	8	0.180354824713	1	0.0590389357242	72	0	0	0.0535016473796	81	0.0560479352885	81	0.0568169322169	68	0.0968117660736	4	0.0285076356807	6	0	0	0.399829362913	0.399829362913	0.397607359405	0.428336998593	0.399829362913
M07_L_TO_DY_ALL28:G808-E1759	M07_L_TO_DY_ALL28	ALL28	L	DY	G808-E1759	sh	edy	0	f106v	f106v	G808-P0487	f106v.42	42	3	S	B	3	3	EXACT	0.207341481859	27	-0.164907791577	2	0.0527297735382	72	0	0	0.0828352824631	101	0.0853815703721	101	0.0594852309797	68	-0.0621142322437	4	0.0463763591268	6	0	0	0.0951634638205	0.0951634638205	0.101918921262	0.141539822947	0.0951634638205
M07_L_TO_DY_ALL28:G808-E1777	M07_L_TO_DY_ALL28	ALL28	L	DY	G808-E1777	sh	eody	1	f107r	f107r	G808-P0499	f107r.43	43	4	S	B	3	3	EXACT	0.347915933695	7	0	0	0.0379005726805	72	0.274490877119	1	0.0474721081519	79	0.0521617845912	80	0.0459972125306	68	-0.09974350485	4	0.00964547337286	6	0.471766311045	1	0.385816506376	0.660307383495	0.393913146226	0.395461979749	0.85758281742
M07_L_TO_DY_ALL28:G808-E1791	M07_L_TO_DY_ALL28	ALL28	L	DY	G808-E1791	sh	edy	0	f107v	f107v	G808-P0504	f107v.10	10	7	S	B	3	2	EXACT	0.332731896104	10	0.0541292997606	1	0.0437852236814	72	0	0	0.0631492433855	83	0.0655078187656	83	0.0563023738359	68	-0.169007328987	4	-0.0422649812825	6	0	0	0.430646419546	0.430646419546	0.4431635697	0.388381438263	0.430646419546
M07_L_TO_DY_ALL28:G808-E1815	M07_L_TO_DY_ALL28	ALL28	L	DY	G808-E1815	sh	edy	0	f107v	f107v	G808-P0512	f107v.35	35	6	S	B	3	3	EXACT	0	0	0.196698620281	1	0.0699192660681	72	-0.492616325695	1	0.0488287324367	73	0.0430617012548	74	0.0683966829808	68	0.095802178511	4	0.0146473190188	6	-0.491218621225	1	0.26661788635	-0.225998439346	0.265095303262	0.281265205368	-0.224600734875
M07_L_TO_DY_ALL28:G808-E1823	M07_L_TO_DY_ALL28	ALL28	L	DY	G808-E1823	sh	edy	0	f108r	f108r	G808-P0517	f108r.2	2	5	S	B	3	3	EXACT	0.0616126153459	7	0	0	0.0342119327432	72	-0.172851906147	1	0.0146400727594	79	0.0142175859352	80	0.0425291477586	68	-0.107180426527	4	0.0132105102093	6	-0.175980565483	1	0.0958245480891	-0.077027358058	0.104141763104	0.109035058298	-0.0801560173941
M07_L_TO_DY_ALL28:G808-E1854	M07_L_TO_DY_ALL28	ALL28	L	DY	G808-E1854	sh	eody	1	f108r	f108r	G808-P0525	f108r.31	31	2	S	B	3	2	EXACT	0.0936312387303	4	-0.617184594191	1	0.0271445067136	72	0.515625789038	1	-0.00260756967485	77	0.0059351760873	78	0.029467357373	68	-0.0123436585042	4	-0.062352891702	6	0.528328594919	1	-0.496408848747	0.0192169402907	-0.494085998088	-0.558761740449	0.0319197461713
M07_L_TO_DY_ALL28:G808-E1862	M07_L_TO_DY_ALL28	ALL28	L	DY	G808-E1862	sh	edy	0	f108r	f108r	G808-P0526	f108r.35	35	5	S	B	3	3	EXACT	0.115153776807	3	0	0	0.0274038485651	72	0	0	0.00526442527245	75	0.00806053638952	75	0.0353205880406	68	-0.107180426527	4	-0.135430072528	6	0	0	0.142557625372	0.142557625372	0.150474364847	0.00712755284417	0.142557625372
M07_L_TO_DY_ALL28:G808-E1884	M07_L_TO_DY_ALL28	ALL28	L	DY	G808-E1884	sh	edy	0	f108v	f108v	G808-P0531	f108v.4	4	2	S	B	3	2	EXACT	0.358338569455	17	0.359314016857	1	0.0432989597682	72	0	0	0.101049762513	90	0.103180859943	90	0.0469923187986	68	-0.0194891421361	4	-0.10110644312	6	-0.139405803628	1	0.760951546081	0.760951546081	0.764644905111	0.659845102961	0.621545742453
M07_L_TO_DY_ALL28:G808-E1894	M07_L_TO_DY_ALL28	ALL28	L	DY	G808-E1894	sh	edy	0	f108v	f108v	G808-P0535	f108v.15	15	9	S	B	3	3	EXACT	0.310749070575	17	-0.26676219617	2	0.0551656223483	72	0	0	0.0903608496458	91	0.0924919470761	91	0.0642950012825	68	-0.100034817921	4	0.0446307957567	6	0.0746217746631	1	0.0991524967537	0.0991524967537	0.108281875688	0.14378329251	0.173774271417
M07_L_TO_DY_ALL28:G808-E1902	M07_L_TO_DY_ALL28	ALL28	L	DY	G808-E1902	sh	edy	0	f108v	f108v	G808-P0536	f108v.28	28	3	S	B	3	3	EXACT	0.075758773879	42	0.346579291619	2	0.0455346160066	72	0.073731080501	2	0.0616818287104	116	0.0631064171946	118	0.0523565911817	68	-0.070439960358	4	0.0667677765239	6	0.184177766744	3	0.467872681504	0.541603762005	0.474694656679	0.534640458028	0.652050448249
M07_L_TO_DY_ALL28:G808-E1909	M07_L_TO_DY_ALL28	ALL28	L	DY	G808-E1909	sh	edy	0	f108v	f108v	G808-P0537	f108v.32	32	6	S	B	3	3	EXACT	0.207390379444	77	-0.334367352064	1	0.0644692959525	72	0.955526742501	1	0.140013686508	150	0.14718968312	151	0.0633789760682	68	0.0830037355969	4	0.0400088520624	6	0.975452119708	1	-0.0625076766675	0.893019065834	-0.0635979965518	-0.0224988246051	0.91294444304
M07_L_TO_DY_ALL28:G808-E1919	M07_L_TO_DY_ALL28	ALL28	L	DY	G808-E1919	sh	edy	0	f108v	f108v	G808-P0537	f108v.43	43	3	S	B	3	3	EXACT	0.207390379444	77	0	0	0.0477919899359	72	0.302569534453	1	0.135300908853	149	0.13818890859	150	0.0547467518127	68	-0.070439960358	4	-0.106038092023	6	0.299766660582	1	0.25518236938	0.557751903833	0.262137131256	0.149144277357	0.554949029962
M07_L_TO_DY_ALL28:G808-E1929	M07_L_TO_DY_ALL28	ALL28	L	DY	G808-E1929	sh	edy	0	f111r	f111r	G808-P0538	f111r.5	5	4	S	B	3	2	EXACT	0.279253562438	12	0	0	0.0449878617368	72	0.290231484848	1	0.0640734428058	84	0.0685100633164	85	0.0520698151429	68	-0.0754049273925	4	-0.0650205445183	6	0.26060787843	1	0.324241424175	0.614472909023	0.331323377581	0.259220879657	0.584849302605
M07_L_TO_DY_ALL28:G808-E1953	M07_L_TO_DY_ALL28	ALL28	L	DY	G808-E1953	sh	edy	0	f111v	f111v	G808-P0544	f111v.5	5	10	S	B	3	3	EXACT	0.183146532574	100	-0.0261684617837	3	0.046836846068	72	-0.0838128618705	1	0.131613719919	175	0.13238682985	176	0.0587391214678	68	-0.15550301309	4	0.00515544897207	6	-0.087919644096	1	0.203814916858	0.120002054988	0.215717192258	0.20897036583	0.115895272762
M07_L_TO_DY_ALL28:G808-E1959	M07_L_TO_DY_ALL28	ALL28	L	DY	G808-E1959	sh	edy	0	f111v	f111v	G808-P0544	f111v.14	14	6	S	B	3	3	EXACT	0.183146532574	100	0	0	0.0556023660185	72	0.0606070846558	1	0.138434958653	172	0.139976489034	173	0.0658327096508	68	-0.118314653092	4	-0.0110315067719	6	0.144520072686	1	0.238748898592	0.299355983248	0.248979242225	0.227717391821	0.383268971278
M07_L_TO_DY_ALL28:G808-E1961	M07_L_TO_DY_ALL28	ALL28	L	DY	G808-E1961	sh	edy	0	f111v	f111v	G808-P0544	f111v.18	18	2	S	B	3	3	EXACT	0.183146532574	100	0.214997926522	6	0.045421178365	72	0	0	0.136124588623	178	0.138451688533	178	0.0489481405466	68	-0.0145383560831	4	0.0917195173819	6	0	0	0.443565637461	0.443565637461	0.447092599642	0.535285154843	0.443565637461
M07_L_TO_DY_ALL28:G808-E1965	M07_L_TO_DY_ALL28	ALL28	L	DY	G808-E1965	sh	edy	0	f111v	f111v	G808-P0546	f111v.29	29	4	S	B	3	3	EXACT	0.494609473078	6	-0.477229526872	1	0.0373760509491	72	0	0	0.0533399518723	79	0.0556670517827	79	0.0450125699943	68	-0.0924459501811	4	0.00946889940843	6	0	0	0.0547559971556	0.0547559971556	0.0623925162008	0.064224896564	0.0547559971556
M07_L_TO_DY_ALL28:G808-E1982	M07_L_TO_DY_ALL28	ALL28	L	DY	G808-E1982	sh	edy	0	f112r	f112r	G808-P0556	f112r.25	25	2	S	B	3	3	EXACT	0.272523879167	10	0.527767075894	3	0.0338687709815	72	0	0	0.0635013922021	85	0.0660179047813	85	0.0369223143261	68	-0.0180426869367	4	-0.0983507887351	6	0	0	0.834159726042	0.834159726042	0.837213269387	0.735808937307	0.834159726042
M07_L_TO_DY_ALL28:G808-E1994	M07_L_TO_DY_ALL28	ALL28	L	DY	G808-E1994	sh	eody	1	f112r	f112r	G808-P0561	f112r.39	39	7	S	B	3	3	EXACT	0.272444049548	15	0	0	0.0566877924736	72	-0.0590368289344	1	0.0814943571262	87	0.0817036520868	88	0.0558373030421	68	0.0711448917478	4	-0.0266312102892	6	0.0570282097449	1	0.329131842022	0.270095013087	0.32828135259	0.302500631732	0.386160051766
M07_L_TO_DY_ALL28:G808-E1996	M07_L_TO_DY_ALL28	ALL28	L	DY	G808-E1996	sh	edy	0	f112r	f112r	G808-P0562	f112r.42	42	3	S	B	3	3	EXACT	-0.0638676596057	19	0.227220001677	1	0.015754954087	72	-0.506285767812	1	-0.00880582167316	92	-0.0123106414651	93	0.0204275482031	68	-0.0636803669467	4	-0.0104793814374	6	0.0753797014084	3	0.179107296159	-0.327178471654	0.183779890275	0.168627914721	0.254486997567
M07_L_TO_DY_ALL28:G808-E2006	M07_L_TO_DY_ALL28	ALL28	L	DY	G808-E2006	sh	edy	0	f112v	f112v	G808-P0568	f112v.25	25	2	S	B	3	3	EXACT	0.313873960111	15	0.148278553898	3	0.0544484096624	72	-0.214518971523	1	0.0832442599845	90	0.0811083871966	91	0.0581979555412	68	-0.00928133286108	4	0.00494107541183	6	-0.211146305043	1	0.516600923671	0.302081952148	0.52035046955	0.521541999083	0.305454618628
M07_L_TO_DY_ALL28:G808-E2014	M07_L_TO_DY_ALL28	ALL28	L	DY	G808-E2014	sh	edy	0	f112v	f112v	G808-P0572	f112v.37	37	5	S	B	3	3	EXACT	0.229960014859	15	0.223126972566	2	0.0766924781265	72	0.325399055684	2	0.0881096376161	89	0.094025644976	91	0.0894929986234	68	-0.140903832905	4	-0.0988476351321	6	0.24990412393	2	0.529779465552	0.855178521236	0.542579986049	0.43093183042	0.779683589482
M07_L_TO_DY_ALL28:G808-E2030	M07_L_TO_DY_ALL28	ALL28	L	DY	G808-E2030	sh	eody	1	f113r	f113r	G808-P0579	f113r.10	10	7	S	B	3	3	EXACT	-0.0847969959772	6	-0.591603041261	1	0.0473574918259	72	0	0	0.0111207480888	79	0.0136648717477	79	0.0444331747268	68	0.0970696893387	4	-0.0115251356291	6	0	0	-0.629042545412	-0.629042545412	-0.631966862511	-0.640567681042	-0.629042545412
M07_L_TO_DY_ALL28:G808-E2042	M07_L_TO_DY_ALL28	ALL28	L	DY	G808-E2042	sh	edy	0	f113r	f113r	G808-P0584	f113r.25	25	8	S	B	3	3	EXACT	0.0780203362095	5	0	0	0.0425182316179	72	0	0	0.026100586069	77	0.0286447097279	77	0.0407158262949	68	0.0731579289379	4	0.0525800895075	6	0	0	0.120538567827	0.120538567827	0.118736162504	0.173118657335	0.120538567827
M07_L_TO_DY_ALL28:G808-E2067	M07_L_TO_DY_ALL28	ALL28	L	DY	G808-E2067	sh	edy	0	f113v	f113v	G808-P0596	f113v.13	13	5	S	B	3	3	EXACT	0.0892674796598	26	-0.080413022583	1	0.060834854715	72	-0.659761302868	1	0.0595744815961	99	0.0542591179063	100	0.0718207109233	68	-0.125925601533	4	-0.0503684051684	6	-0.659234129747	1	0.0696893117917	-0.590071991076	0.080675168	0.0193209066233	-0.589544817956
M07_L_TO_DY_ALL28:G808-E2088	M07_L_TO_DY_ALL28	ALL28	L	DY	G808-E2088	sh	edy	0	f114r	f114r	G808-P0608	f114r.4	4	8	S	B	3	3	EXACT	0.0159267067367	15	0	0	0.0319456073824	72	0	0	0.0166913068248	87	0.0192028969598	87	0.0308784957878	68	0.05008526735	4	-0.107447858541	6	0	0	0.0478723141191	0.0478723141191	0.0468052025245	-0.0595755444216	0.0478723141191
M07_L_TO_DY_ALL28:G808-E2095	M07_L_TO_DY_ALL28	ALL28	L	DY	G808-E2095	sh	edy	0	f114r	f114r	G808-P0610	f114r.11	11	5	S	B	3	3	EXACT	-0.0793527884895	9	0	0	0.0428295478299	72	0	0	0.0130664437896	81	0.0155780339246	81	0.0516339258081	68	-0.10684611494	4	0.0468940095697	6	0	0	-0.0365232406596	-0.0365232406596	-0.0277188626813	0.0103707689101	-0.0365232406596
M07_L_TO_DY_ALL28:G808-E2110	M07_L_TO_DY_ALL28	ALL28	L	DY	G808-E2110	sh	eody	1	f114r	f114r	G808-P0618	f114r.41	41	3	S	B	3	3	EXACT	0.161156040298	10	0.369430394477	1	0.0428207748141	72	0.269585283303	1	0.0453219368647	83	0.0497663964388	84	0.0490198972826	68	-0.0625655442898	4	0.0204422552964	6	0.465675396131	1	0.573407209589	0.842992492892	0.579606332058	0.593849464886	1.03908260572
M07_L_TO_DY_ALL28:G808-E2117	M07_L_TO_DY_ALL28	ALL28	L	DY	G808-E2117	sh	edy	0	f114v	f114v	G808-P0620	f114v.5	5	5	S	B	3	2	EXACT	0.0803284609616	15	0.000366208828385	1	0.0322838003667	72	0	0	0.0274121608189	88	0.0298919957614	88	0.0443303733029	68	-0.172510181588	4	-0.123115302684	6	0	0	0.112978470157	0.112978470157	0.125025043093	-0.0101368325277	0.112978470157
M07_L_TO_DY_ALL28:G808-E2120	M07_L_TO_DY_ALL28	ALL28	L	DY	G808-E2120	sh	edy	0	f114v	f114v	G808-P0621	f114v.6	6	7	S	B	3	3	EXACT	0.178239742288	7	0.18112822105	1	0.0370390017776	72	0.416890522816	1	0.0334723254857	80	0.03992339781	81	0.0330514052163	68	0.104825901279	4	-0.171532701033	6	0.415507689272	1	0.396406965116	0.813297487931	0.392419368554	0.224874264082	0.811914654388
M07_L_TO_DY_ALL28:G808-E2130	M07_L_TO_DY_ALL28	ALL28	L	DY	G808-E2130	sh	edy	0	f114v	f114v	G808-P0626	f114v.20	20	4	S	B	3	3	EXACT	0.0925290245318	11	0.0505216050675	1	0.0479882452628	72	-0.696924143241	1	0.0387601426423	84	0.0318584216402	85	0.056037311146	68	-0.0888481167902	4	-0.17033378084	6	-0.800431133863	1	0.191038874862	-0.505885268379	0.199087940745	0.0207050940222	-0.609392259001
M07_L_TO_DY_ALL28:G808-E2137	M07_L_TO_DY_ALL28	ALL28	L	DY	G808-E2137	sh	edy	0	f115r	f115r	G808-P0632	f115r.2	2	2	S	B	@	3	EXACT	0.10262165784	7	-0.080690443263	1	0.0259835978231	69	0	0	0.014854609359	77	0.0174289212026	77	0.0283088101257	65	-0.0118016373485	4	-0.0129389248426	6	0	0	0.0479148124001	0.0479148124001	0.0502400247028	0.0349758875575	0.0479148124001
M07_L_TO_DY_ALL28:G808-E2170	M07_L_TO_DY_ALL28	ALL28	L	DY	G808-E2170	sh	eody	1	f115v	f115v	G808-P0647	f115v.10	10	3	S	B	3	2	EXACT	0.236678251114	8	0	0	0.0201784184637	72	0.0900840663709	3	0.0250430275059	80	0.0276590489116	83	0.0328507032062	68	-0.195251551475	4	-0.10898075519	6	0.00274448968196	3	0.256856669577	0.346940735948	0.26952895432	0.147875914387	0.259601159259
M07_L_TO_DY_ALL28:G808-E2183	M07_L_TO_DY_ALL28	ALL28	L	DY	G808-E2183	sh	edy	0	f115v	f115v	G808-P0653	f115v.29	29	9	S	B	3	3	EXACT	0.214240175443	4	0	0	0.0538871746391	72	0	0	0.0426963608201	76	0.0452048247995	76	0.0506263041774	68	0.109320843173	4	0.0503411952228	6	0.0721097844525	1	0.268127350083	0.268127350083	0.264866479621	0.318468545305	0.340237134535
M07_L_TO_DY_ALL28:G808-E2185	M07_L_TO_DY_ALL28	ALL28	L	DY	G808-E2185	sh	edy	0	f115v	f115v	G808-P0657	f115v.41	41	5	S	B	3	3	EXACT	0.0915558980655	17	0	0	0.0501435742791	72	0	0	0.046734791995	89	0.0492432559744	89	0.0596176445611	68	-0.110916749831	4	0.0840894776751	6	0	0	0.141699472345	0.141699472345	0.151173542627	0.22578895002	0.141699472345
M07_L_TO_DY_ALL28:G808-E2195	M07_L_TO_DY_ALL28	ALL28	L	DY	G808-E2195	sh	edy	0	f116r	f116r	G808-P0661	f116r.10	10	4	S	B	3	3	EXACT	0.245853216177	27	0.0870194471645	2	0.0386234541787	72	0	0	0.0881826658067	101	0.0907260630761	101	0.0463522845085	68	-0.0927678914955	4	-0.046318448585	6	-0.070131322704	1	0.37149611752	0.37149611752	0.37922494785	0.325177668935	0.301364794816
M07_L_TO_DY_ALL28:G808-E2201	M07_L_TO_DY_ALL28	ALL28	L	DY	G808-E2201	sh	edy	0	f116r	f116r	G808-P0663	f116r.24	24	5	S	B	3	3	EXACT	0.216081205716	63	0.37888310389	1	0.0266847211171	72	0.261276531448	1	0.121925716298	136	0.12502824264	137	0.0349363316764	68	-0.11359388846	4	-0.0264090295527	6	0.258559205757	1	0.621649030724	0.882925562171	0.629900641283	0.595240001171	0.880208236481
M07_L_TO_DY_ALL28:G808-E2204	M07_L_TO_DY_ALL28	ALL28	L	DY	G808-E2204	sh	edy	0	f116r	f116r	G808-P0663	f116r.25	25	3	S	B	3	3	EXACT	0.216081205716	63	0.0849571342498	4	0.0252190509447	72	0.387622235401	2	0.117651863564	139	0.123134555012	141	0.0307091884838	68	-0.0681145172892	4	-0.0680084084227	6	0.392724356652	2	0.326257390911	0.713879626312	0.33174752845	0.258248982488	0.718981747563
M07_L_TO_DY_ALL28:G808-E2207	M07_L_TO_DY_ALL28	ALL28	L	DY	G808-E2207	sh	edy	0	f116r	f116r	G808-P0664	f116r.35	35	1	S	B	3	3	EXACT	0.169004632762	72	0.12731614261	2	0.0647723178194	72	0.176833926039	2	0.123692275659	146	0.126105828578	148	0.0630702491098	68	0.093706255814	4	0.0497426238931	6	0.174116600348	2	0.361093093191	0.53792701923	0.359391024481	0.410835717084	0.535209693539
M07_L_TO_DY_ALL28:G808-E2208	M07_L_TO_DY_ALL28	ALL28	L	DY	G808-E2208	sh	edy	0	f116r	f116r	G808-P0664	f116r.42	42	7	S	B	3	3	EXACT	0.169004632762	72	-0.121649405156	1	0.0645299674954	72	0	0	0.122022366803	145	0.124565764072	145	0.0614853209274	68	0.116287729084	4	-0.0692232083394	6	0	0	0.111885195101	0.111885195101	0.108840548533	0.0426619867618	0.111885195101
M07_L_TO_DY_ALL28:G808-E0267	M07_L_TO_DY_ALL28	ALL28	L	DY	G808-E0267	sh	edy	0	f26r	f26r	G808-P0090	f26r.5	5	2	H	B	2	2	EXACT	0.133816240562	20	-0.0307730042795	5	-0.0215927580084	72	0	0	-0.000687562059877	97	0.0018296772825	97	-0.0218022424649	68	-0.0180327486935	4	-0.00163196274498	6	-0.0106416438891	1	0.0814504782745	0.0814504782745	0.0812409938181	0.0798185155296	0.0708088343854
M07_L_TO_DY_ALL28:G808-E0272	M07_L_TO_DY_ALL28	ALL28	L	DY	G808-E0272	sh	edy	0	f26v	f26v	G808-P0092	f26v.1	1	7	H	B	2	3	EXACT	0.0146536657588	33	0	0	0.0206231642765	72	0	0	0.0148203472482	105	0.0173375865905	105	0.0162224681417	68	0.0954337721235	4	0.0333495291891	6	-0.117505114846	1	0.0352768300353	0.0352768300353	0.0308761339005	0.0686263592244	-0.0822282848104
M07_L_TO_DY_ALL28:G808-E0337	M07_L_TO_DY_ALL28	ALL28	L	DY	G808-E0337	sh	edy	0	f33r	f33r	G808-P0114	f33r.3	3	5	H	B	2	3	EXACT	0.0433593274909	35	-0.253029050187	1	0.00652450593288	72	0	0	0.012663438047	108	0.0151806773894	108	0.0135128274149	68	-0.112278185707	4	-0.0704154744259	6	0	0	-0.203145216763	-0.203145216763	-0.196156895281	-0.273560691189	-0.203145216763
M07_L_TO_DY_ALL28:G808-E0351	M07_L_TO_DY_ALL28	ALL28	L	DY	G808-E0351	sh	edy	0	f34v	f34v	G808-P0119	f34v.5	5	4	H	B	2	3	EXACT	-0.15789259127	24	-0.0751888985577	1	0.0224307205631	72	0	0	-0.0311865426605	97	-0.0286602537381	97	0.0290712057258	68	-0.0904587687118	4	-0.0100631758545	6	0.429970073869	1	-0.210650769265	-0.210650769265	-0.204010284102	-0.220713945119	0.219319304604
M07_L_TO_DY_ALL28:G808-E0407	M07_L_TO_DY_ALL28	ALL28	L	DY	G808-E0407	sh	edy	0	f41r	f41r	G808-P0146	f41r.6	6	9	H	B	5	3	EXACT	0.0691927638337	15	-0.443576503517	1	0.0019625577391	72	0	0	-0.00421026741025	88	-0.00169302806787	88	0.01242420375	68	-0.175886650891	4	0.000223126933664	6	0	0	-0.372421181945	-0.372421181945	-0.361959535934	-0.372198055011	-0.372421181945
M07_L_TO_DY_ALL28:G808-E0411	M07_L_TO_DY_ALL28	ALL28	L	DY	G808-E0411	sh	edy	0	f41r	f41r	G808-P0146	f41r.10	10	2	H	B	5	2	EXACT	0.0691927638337	15	0.290106525553	1	0.00487792747767	72	0	0	0.00651234225165	88	0.00902958159403	88	0.00622554216745	68	-0.0180327486935	4	-0.0335369939077	6	0	0	0.364177216864	0.364177216864	0.365524831554	0.330640222956	0.364177216864
M07_L_TO_DY_ALL28:G808-E0482	M07_L_TO_DY_ALL28	ALL28	L	DY	G808-E0482	sh	edy	0	f46r	f46r	G808-P0170	f46r.2	2	10	H	B	2	3	EXACT	-0.0666952660813	18	-0.381229862155	1	-0.0307345126572	71	0.0843188737095	1	-0.0528840078593	90	-0.0494884219713	91	-0.0389583623014	67	0.107014694626	4	0.032859840357	6	0.218597104541	1	-0.478659640893	-0.394340767184	-0.486883490537	-0.445799800536	-0.260062536353
M07_L_TO_DY_ALL28:G808-E0485	M07_L_TO_DY_ALL28	ALL28	L	DY	G808-E0485	sh	edy	0	f46r	f46r	G808-P0170	f46r.5	5	4	H	B	2	3	EXACT	-0.0666952660813	18	0	0	-0.0182679542973	71	0.250602364131	1	-0.0389178067106	89	-0.0338209361594	90	-0.0138946815155	67	-0.0915205476479	4	0.00714045316353	6	0.184781771923	1	-0.0849632203786	0.165639143752	-0.0805899475968	-0.077822767215	0.0998185515446
M07_L_TO_DY_ALL28:G808-E0499	M07_L_TO_DY_ALL28	ALL28	L	DY	G808-E0499	sh	edy	0	f46v	f46v	G808-P0175	f46v.5	5	2	H	B	2	3	EXACT	0.00417407789467	29	-0.133727357871	5	0.0189578043883	72	0	0	0.00109110003251	106	0.0036083393749	106	0.0211336471317	68	-0.0180327486935	4	-0.01081595075	6	0	0	-0.110595475588	-0.110595475588	-0.108419632844	-0.121411426338	-0.110595475588
M07_L_TO_DY_ALL28:G808-E0519	M07_L_TO_DY_ALL28	ALL28	L	DY	G808-E0519	sh	eody	1	f48r	f48r	G808-P0180	f48r.3	3	1	H	B	5	3	EXACT	-0.0563033453993	33	-0.0405233155922	2	0.024511408188	72	0	0	-0.00597704840431	107	-0.00348756202867	107	0.0203807758919	68	0.0947309446866	4	0.042710249711	6	0	0	-0.0723152528035	-0.0723152528035	-0.0764458850996	-0.0296050030925	-0.0723152528035
M07_L_TO_DY_ALL28:G808-E0535	M07_L_TO_DY_ALL28	ALL28	L	DY	G808-E0535	sh	edy	0	f48v	f48v	G808-P0182	f48v.7	7	8	H	B	5	3	EXACT	0.0820868400155	28	-0.0525241179387	1	0.0418985193598	71	0	0	0.0461432404674	100	0.048672484762	100	0.0378866812498	67	0.109096492054	4	0.0106231019202	6	0	0	0.0714612414366	0.0714612414366	0.0674494033266	0.0820843433568	0.0714612414366
M07_L_TO_DY_ALL28:G808-E0565	M07_L_TO_DY_ALL28	ALL28	L	DY	G808-E0565	sh	edy	0	f50v	f50v	G808-P0190	f50v.2	2	4	H	B	2	3	EXACT	-0.118255991803	54	0.108435693209	3	0.00644790585309	72	0.444843357636	1	-0.041168302567	129	-0.0353909246002	130	0.0121512478192	68	-0.0905101495146	4	-0.00976081107163	6	0.443043146596	1	-0.00337239274142	0.441470964894	0.00233094922466	-0.0131332038131	0.439670753855
M07_L_TO_DY_ALL28:G808-E0612	M07_L_TO_DY_ALL28	ALL28	L	DY	G808-E0612	sh	eody	1	f53v	f53v	G808-P0197	f53v.8	8	4	H	A	1	2	EXACT	-0.205910516919	30	-0.0214243045899	1	-0.0177795308695	72	0	0	-0.0780057524859	103	-0.07548117835	103	-0.0242017912669	68	0.0913976013271	4	0.0898386710951	6	0	0	-0.245114352378	-0.245114352378	-0.251536612776	-0.155275681283	-0.245114352378
M07_L_TO_DY_ALL28:G808-E0615	M07_L_TO_DY_ALL28	ALL28	L	DY	G808-E0615	sh	eody	1	f54v	f54v	G808-P0198	f54v.7	7	2	H	A	1	2	EXACT	-0.101536235101	49	-0.0859567273608	1	-0.0329445693844	72	0.0974593433388	2	-0.0596054231739	122	-0.0555311636032	124	-0.0338278185813	68	-0.0179306186421	4	0.0317647438817	6	0.233899991223	2	-0.220437531846	-0.122978188508	-0.221320781043	-0.188672787965	0.0134624593771
M07_L_TO_DY_ALL28:G808-E0641	M07_L_TO_DY_ALL28	ALL28	L	DY	G808-E0641	sh	edy	0	f58r	f58r	G808-P0207	f58r.15	15	6	S	A	3	2	EXACT	-0.124371645531	62	0	0	0.0330515027772	71	0	0	-0.0349267668765	133	-0.0324012829852	133	0.0456117655795	67	-0.177333321893	4	-0.0170476102047	6	-0.472973913729	1	-0.0913201427542	-0.0913201427542	-0.078759879952	-0.108367752959	-0.564294056483
M07_L_TO_DY_ALL28:G808-E0040	M07_L_TO_DY_ALL28	ALL28	L	DY	G808-E0040	sh	eody	1	f5r	f5r	G808-P0015	f5r.4	4	2	H	A	1	2	EXACT	0.0532820611962	16	0	0	-0.0509519163798	72	-0.0745716888078	1	-0.0437748136758	88	-0.0423039978944	89	-0.0528608119852	68	-0.0185019175339	4	-0.0540873084492	6	-0.00509123682016	1	0.00233014481641	-0.0722415439914	0.000421249211067	-0.0517571636328	-0.00276109200375
M07_L_TO_DY_ALL28:G808-E0680	M07_L_TO_DY_ALL28	ALL28	L	DY	G808-E0680	sh	eody	1	f66r	f66r	G808-P0218	f66r.77	77	8	T	B	5	3	EXACT	0.138071517243	30	-0.0199308352519	2	0.0217120378118	71	0.0782220740102	3	0.0501104211599	103	0.0516868202029	106	0.0218655246747	67	0.0191402070773	4	-0.130956548099	6	0.0820238795205	3	0.139852719803	0.218074793813	0.140006206666	0.00889617170445	0.221876599324
M07_L_TO_DY_ALL28:G808-E0687	M07_L_TO_DY_ALL28	ALL28	L	DY	G808-E0687	sh	eody	1	f66v	f66v	G808-P0220	f66v.6	6	2	H	B	5	3	EXACT	0.573051547367	5	-0.0522995751578	2	0.0308239032812	72	0.252502524816	1	0.0440355575539	79	0.0483760772789	80	0.0337017660112	68	-0.0181010050731	4	0.0466296568034	6	0.25046568733	1	0.551575875491	0.804078400307	0.554453738221	0.598205532294	0.802041562821
M07_L_TO_DY_ALL28:G808-E0689	M07_L_TO_DY_ALL28	ALL28	L	DY	G808-E0689	sh	eody	1	f66v	f66v	G808-P0220	f66v.7	7	2	H	B	5	3	EXACT	0.573051547367	5	0	0	0.0246498283469	72	0	0	0.0415036872711	77	0.0440164785313	77	0.0271645101984	68	-0.0181010050731	4	0.105709294132	6	-0.0721726110664	1	0.597701375714	0.597701375714	0.600216057566	0.703410669846	0.525528764648
M07_L_TO_DY_ALL28:G808-E0692	M07_L_TO_DY_ALL28	ALL28	L	DY	G808-E0692	sh	eody	1	f66v	f66v	G808-P0221	f66v.9	9	2	H	B	5	3	EXACT	0.11079032492	19	0	0	0.0200706019572	72	0	0	0.0288226992748	91	0.031335490535	91	0.0223159175504	68	-0.0181010050731	4	0.0898525300812	6	0	0	0.130860926877	0.130860926877	0.13310624247	0.220713456958	0.130860926877
M07_L_TO_DY_ALL28:G808-E0698	M07_L_TO_DY_ALL28	ALL28	L	DY	G808-E0698	sh	edy	0	f75r	f75r	G808-P0222	f75r.11	11	8	B	B	2	3	EXACT	0.228300287869	77	-0.201819828521	2	0.0249866406164	72	0	0	0.133712190013	151	0.136258410134	151	0.0219481354577	68	0.0766399732411	4	0.0767444313881	6	-0.268181880219	1	0.0514670999643	0.0514670999643	0.0484285948055	0.128211531352	-0.216714780255
M07_L_TO_DY_ALL28:G808-E0701	M07_L_TO_DY_ALL28	ALL28	L	DY	G808-E0701	sh	edy	0	f75r	f75r	G808-P0222	f75r.15	15	8	B	B	2	3	EXACT	0.228300287869	77	-0.120994006728	1	0.0256386912299	72	-0.143787789432	2	0.136997888295	150	0.135020288731	152	0.0226385419896	68	0.0766399732411	4	0.00891040302489	6	-0.145484879171	2	0.13294497237	-0.0108428170619	0.12994482313	0.141855375395	-0.0125399068011
M07_L_TO_DY_ALL28:G808-E0705	M07_L_TO_DY_ALL28	ALL28	L	DY	G808-E0705	sh	edy	0	f75r	f75r	G808-P0222	f75r.18	18	4	B	B	2	3	EXACT	0.228300287869	77	0.155173142196	2	0.00910272121743	72	0.253916245435	3	0.130866784348	151	0.134582319587	154	0.0149984571046	68	-0.0911260439385	4	0.0512245709192	6	0.252219155696	3	0.392576151282	0.646492396717	0.398471887169	0.443800722201	0.644795306978
M07_L_TO_DY_ALL28:G808-E0707	M07_L_TO_DY_ALL28	ALL28	L	DY	G808-E0707	sh	edy	0	f75r	f75r	G808-P0223	f75r.27	27	5	B	B	2	3	EXACT	0.360503158732	14	-0.686869774298	1	0.00112318484779	72	-0.0603962226488	2	0.0373765960199	87	0.0363093905896	89	0.00781599464315	68	-0.112655836748	4	0.0707203983408	6	-0.0620933123879	2	-0.325243430718	-0.385639653367	-0.318550620923	-0.254523032378	-0.387336743106
M07_L_TO_DY_ALL28:G808-E0713	M07_L_TO_DY_ALL28	ALL28	L	DY	G808-E0713	sh	edy	0	f75r	f75r	G808-P0223	f75r.31	31	5	B	B	2	2	EXACT	0.360503158732	14	0.1627144453	1	-0.00513924127427	72	0.00555807470423	2	0.041959234397	87	0.0422711673707	89	0.0011851905139	68	-0.112655836748	4	-0.0254475729987	6	-0.00454007156565	2	0.518078362757	0.523636437462	0.524402794546	0.492630789759	0.513538291192
M07_L_TO_DY_ALL28:G808-E0727	M07_L_TO_DY_ALL28	ALL28	L	DY	G808-E0727	sh	edy	0	f75v	f75v	G808-P0226	f75v.16	16	6	B	B	2	3	EXACT	0.143657012016	46	0	0	0.0458532490215	72	0.0905030522027	2	0.0845569231564	118	0.0861192517366	120	0.042300249989	68	0.106253084027	4	0.0906650600539	6	0.0744216174955	2	0.189510261038	0.28001331324	0.185957262005	0.280175321091	0.263931878533
M07_L_TO_DY_ALL28:G808-E0730	M07_L_TO_DY_ALL28	ALL28	L	DY	G808-E0730	sh	edy	0	f75v	f75v	G808-P0228	f75v.47	47	6	B	B	2	3	EXACT	0.28568747815	31	0.114484456184	2	0.0153636736016	72	0.196043998762	3	0.091887171075	105	0.0955505934374	108	0.0228833188473	68	-0.112471444122	4	0.0141925800907	6	0.190084729706	3	0.415535607936	0.611579606698	0.423055253181	0.429728188026	0.605620337642
M07_L_TO_DY_ALL28:G808-E0736	M07_L_TO_DY_ALL28	ALL28	L	DY	G808-E0736	sh	edy	0	f75v	f75v	G808-P0230	f75v.68	68	3	B	B	2	2	EXACT	0.182643500859	36	0	0	-0.00723148107178	72	0	0	0.0532650923164	108	0.0557678926668	108	0.00322568882405	68	-0.185004517848	4	0.0017704608278	6	0.182714308757	1	0.175412019787	0.175412019787	0.185869189683	0.177182480615	0.358126328545
M07_L_TO_DY_ALL28:G808-E0739	M07_L_TO_DY_ALL28	ALL28	L	DY	G808-E0739	sh	edy	0	f76r	f76r	G808-P0231	f76r.2	2	8	T	B	2	3	EXACT	0.208068009521	88	-0.127480149992	1	-0.0106930473977	70	-0.232518900453	1	0.119968473949	159	0.119886141409	160	-0.0171418571434	66	0.0957129180224	4	0.00812458932976	6	-0.234309754716	1	0.0698948121316	-0.162624088322	0.0634460023858	0.0780194014613	-0.164414942584
M07_L_TO_DY_ALL28:G808-E0746	M07_L_TO_DY_ALL28	ALL28	L	DY	G808-E0746	sh	edy	0	f76r	f76r	G808-P0231	f76r.6	6	6	T	B	2	3	EXACT	0.208068009521	88	0.146104073231	3	-0.0293966371634	70	0	0	0.113506285975	161	0.116015360564	161	-0.0243782563901	66	-0.112199315309	4	-0.00270213024615	6	0	0	0.324775445589	0.324775445589	0.329793826362	0.322073315342	0.324775445589
M07_L_TO_DY_ALL28:G808-E0748	M07_L_TO_DY_ALL28	ALL28	L	DY	G808-E0748	sh	edy	0	f76r	f76r	G808-P0231	f76r.8	8	6	T	B	2	3	EXACT	0.208068009521	88	0.440169095074	2	-0.0128238109436	70	-0.151805127789	1	0.124407150305	160	0.124814671824	161	-0.00680101645999	66	-0.112199315309	4	0.0542445164419	6	0.159096737584	2	0.635413293651	0.483608165862	0.641436088135	0.689657810093	0.794510031235
M07_L_TO_DY_ALL28:G808-E0751	M07_L_TO_DY_ALL28	ALL28	L	DY	G808-E0751	sh	edy	0	f76r	f76r	G808-P0231	f76r.12	12	12	T	B	2	3	EXACT	0.208068009521	88	0.021261204709	2	0.0147591303879	70	0.127410236522	1	0.131238338508	160	0.133337687208	161	0.023901898827	66	-0.136095944242	4	0.0542445164419	6	-0.0402947188857	4	0.244088344618	0.37149858114	0.253231113057	0.29833286106	0.203793625732
M07_L_TO_DY_ALL28:G808-E0753	M07_L_TO_DY_ALL28	ALL28	L	DY	G808-E0753	sh	edy	0	f76r	f76r	G808-P0231	f76r.15	15	11	T	B	2	3	EXACT	0.208068009521	88	-0.0935193853532	4	-0.00191282880156	70	0	0	0.11949062139	162	0.121999695979	162	0.00621951786846	66	-0.136095944242	4	-0.028781797562	6	0	0	0.112635795366	0.112635795366	0.120768142036	0.0838539978042	0.112635795366
M07_L_TO_DY_ALL28:G808-E0756	M07_L_TO_DY_ALL28	ALL28	L	DY	G808-E0756	sh	edy	0	f76r	f76r	G808-P0231	f76r.17	17	7	T	B	2	3	EXACT	0.208068009521	88	-0.0542766632825	1	-0.0132762149858	70	0	0	0.119291629644	159	0.121800704233	159	-0.0198815803429	66	0.0957129180224	4	-0.132336350494	6	0	0	0.140515131253	0.140515131253	0.133909765896	0.00817878075906	0.140515131253
M07_L_TO_DY_ALL28:G808-E0761	M07_L_TO_DY_ALL28	ALL28	L	DY	G808-E0761	sh	edy	0	f76r	f76r	G808-P0231	f76r.23	23	10	T	B	2	3	EXACT	0.208068009521	88	-0.12111985594	1	0.0058076865326	70	0	0	0.127272949855	159	0.129782024445	159	-0.000283479330784	66	0.106312527893	4	0.0570119692909	6	0	0	0.0927558401136	0.0927558401136	0.0866646742502	0.149767809405	0.0927558401136
M07_L_TO_DY_ALL28:G808-E0770	M07_L_TO_DY_ALL28	ALL28	L	DY	G808-E0770	sh	edy	0	f76r	f76r	G808-P0232	f76r.42	42	9	T	B	2	3	EXACT	0.184892965547	24	-0.169282273957	4	0.00350620081064	72	-0.385828378943	1	0.0315501971288	100	0.0293115851611	101	-0.00254130255119	68	0.106312527893	4	-0.0527528744332	6	-0.394334888419	1	0.0191168924014	-0.366711486542	0.0130693890395	-0.0336359820318	-0.375217996017
M07_L_TO_DY_ALL28:G808-E0775	M07_L_TO_DY_ALL28	ALL28	L	DY	G808-E0775	sh	edy	0	f76r	f76r	G808-P0233	f76r.48	48	9	T	B	2	3	EXACT	0.063095438379	13	0.0313583464322	3	-0.00398467348936	72	0	0	-0.00691795643243	88	-0.00440888184286	88	0.00268744023398	68	-0.117411836855	4	-0.0670578935757	6	0	0	0.0904691113219	0.0904691113219	0.0971412250452	0.0234112177462	0.0904691113219
M07_L_TO_DY_ALL28:G808-E0780	M07_L_TO_DY_ALL28	ALL28	L	DY	G808-E0780	sh	edy	0	f76r	f76r	G808-P0234	f76r.52	52	8	T	B	2	2	EXACT	0.247101651839	14	-0.0754301260751	1	-0.0159912276477	72	0	0	0.0125337893093	87	0.0150428638989	87	-0.010025381816	68	-0.117411836855	4	0.0086958391096	6	0	0	0.155680298116	0.155680298116	0.161646143948	0.164376137226	0.155680298116
M07_L_TO_DY_ALL28:G808-E0782	M07_L_TO_DY_ALL28	ALL28	L	DY	G808-E0782	sh	edy	0	f76v	f76v	G808-P0235	f76v.2	2	6	B	B	2	3	EXACT	0.267291031045	38	-0.0889265500678	1	0.0367073500824	72	0	0	0.112016900007	111	0.114507210157	111	0.0454131567382	68	-0.111292611943	4	-0.00822160548443	6	0.525395183691	1	0.21507183106	0.21507183106	0.223777637716	0.206850225575	0.74046701475
M07_L_TO_DY_ALL28:G808-E0789	M07_L_TO_DY_ALL28	ALL28	L	DY	G808-E0789	sh	edy	0	f76v	f76v	G808-P0236	f76v.10	10	5	B	B	2	3	EXACT	0.450729773426	14	-0.580127548805	2	0.0314897287951	72	0	0	0.070144284441	88	0.0726345945909	88	0.0398886165516	68	-0.111292611943	4	-0.0931242273288	6	0	0	-0.0979080465841	-0.0979080465841	-0.0895091588276	-0.191032273913	-0.0979080465841
M07_L_TO_DY_ALL28:G808-E0790	M07_L_TO_DY_ALL28	ALL28	L	DY	G808-E0790	sh	edy	0	f76v	f76v	G808-P0236	f76v.11	11	8	B	B	2	3	EXACT	0.450729773426	14	-0.105236983219	2	0.0328504477115	72	0	0	0.0820505673178	88	0.0845408774677	88	0.0304674968162	68	0.0733593640548	4	-0.0287627263385	6	0.219218528603	1	0.378343237919	0.378343237919	0.375960287023	0.34958051158	0.597561766521
M07_L_TO_DY_ALL28:G808-E0796	M07_L_TO_DY_ALL28	ALL28	L	DY	G808-E0796	sh	edy	0	f76v	f76v	G808-P0237	f76v.16	16	5	B	B	2	2	EXACT	0.236387020822	22	0	0	0.0437330589981	72	0	0	0.079504570201	94	0.0819948803509	94	0.039979557094	68	0.107541342491	4	0.0207497695559	6	0	0	0.28012007982	0.28012007982	0.276366577916	0.300869849376	0.28012007982
M07_L_TO_DY_ALL28:G808-E0802	M07_L_TO_DY_ALL28	ALL28	L	DY	G808-E0802	sh	edy	0	f76v	f76v	G808-P0237	f76v.19	19	5	B	B	2	3	EXACT	0.236387020822	22	-0.127541743101	2	0.0127209657555	72	0	0	0.051354364745	96	0.0538446748949	96	0.0200158086274	68	-0.111292611943	4	-0.0200790278749	6	0	0	0.121566243476	0.121566243476	0.128861086348	0.101487215601	0.121566243476
M07_L_TO_DY_ALL28:G808-E0824	M07_L_TO_DY_ALL28	ALL28	L	DY	G808-E0824	sh	edy	0	f76v	f76v	G808-P0240	f76v.39	39	4	B	B	2	3	EXACT	0.155311029385	9	0.43292396943	1	0.00627084961067	72	0.433683220826	1	0.010605794191	82	0.0174384332506	83	0.0118659399477	68	-0.088846934994	4	-0.013281463758	6	0.430504298383	1	0.594505848426	1.02818906925	0.600100938763	0.581224384668	1.02501014681
M07_L_TO_DY_ALL28:G808-E0827	M07_L_TO_DY_ALL28	ALL28	L	DY	G808-E0827	sh	edy	0	f76v	f76v	G808-P0240	f76v.41	41	9	B	B	2	2	EXACT	0.155311029385	9	0.225185353626	2	-0.000271552675879	72	0.0966628155425	1	0.00467880367474	83	0.00751816007147	84	0.00975448060112	68	-0.170715367261	4	-0.12528501826	6	0.222721098986	1	0.380224830336	0.476887645878	0.390250863613	0.254939812076	0.602945929322
M07_L_TO_DY_ALL28:G808-E0837	M07_L_TO_DY_ALL28	ALL28	L	DY	G808-E0837	sh	edy	0	f77r	f77r	G808-P0241	f77r.21	21	2	B	B	2	2	EXACT	0.270414752944	45	0.209414832587	1	0.0166995505858	72	0	0	0.115342995108	118	0.117823551878	118	0.0186975415728	68	-0.0172675682918	4	-0.0717090818973	6	0	0	0.496529136116	0.496529136116	0.498527127103	0.424820054219	0.496529136116
M07_L_TO_DY_ALL28:G808-E0843	M07_L_TO_DY_ALL28	ALL28	L	DY	G808-E0843	sh	edy	0	f77r	f77r	G808-P0242	f77r.25	25	3	B	B	2	2	EXACT	0.312702294548	32	-0.299708159669	1	0.0343627348395	72	0	0	0.111790970802	105	0.114271527572	105	0.0478734287482	68	-0.195320333705	4	-0.0283920428624	6	0	0	0.0473568697183	0.0473568697183	0.060867563627	0.0189648268559	0.0473568697183
M07_L_TO_DY_ALL28:G808-E0845	M07_L_TO_DY_ALL28	ALL28	L	DY	G808-E0845	sh	edy	0	f77r	f77r	G808-P0242	f77r.27	27	4	B	B	2	2	EXACT	0.312702294548	32	0	0	0.0607899899869	72	0.295867886592	2	0.134320185353	104	0.138698262549	106	0.0589695412938	68	0.0917363456729	4	0.0338251718359	6	0.28045499053	2	0.373492284535	0.669360171126	0.371671835842	0.407317456371	0.653947275065
M07_L_TO_DY_ALL28:G808-E0849	M07_L_TO_DY_ALL28	ALL28	L	DY	G808-E0849	sh	edy	0	f77r	f77r	G808-P0242	f77r.34	34	2	B	B	2	2	EXACT	0.312702294548	32	0.176383093124	3	0.0333391218141	72	0.43420769221	1	0.116221080477	107	0.121081336257	108	0.0363159111087	68	-0.0172675682918	4	0.0137720036914	6	0.432538056046	1	0.522424509486	0.956632201696	0.525401298781	0.536196513177	0.954962565532
M07_L_TO_DY_ALL28:G808-E0857	M07_L_TO_DY_ALL28	ALL28	L	DY	G808-E0857	sh	edy	0	f77v	f77v	G808-P0244	f77v.6	6	2	B	B	2	2	EXACT	0.23075464746	17	0.486744851858	3	0.0198394729719	72	0	0	0.0626656621875	92	0.0651391418751	92	0.0221389837802	68	-0.0192527395247	4	-0.00762634610859	6	0	0	0.73733897229	0.73733897229	0.739638483098	0.729712626181	0.73733897229
M07_L_TO_DY_ALL28:G808-E0867	M07_L_TO_DY_ALL28	ALL28	L	DY	G808-E0867	sh	edy	0	f77v	f77v	G808-P0244	f77v.12	12	7	B	B	2	2	EXACT	0.23075464746	17	0	0	0.008933567987	72	0.0483815009598	2	0.0404372342473	89	0.0417445509499	91	0.00408983062378	68	0.0912765744063	4	-0.0407138761985	6	-0.0628842793376	2	0.239688215447	0.288069716407	0.234844478084	0.198974339249	0.17680393611
M07_L_TO_DY_ALL28:G808-E0868	M07_L_TO_DY_ALL28	ALL28	L	DY	G808-E0868	sh	edy	0	f77v	f77v	G808-P0245	f77v.16	16	4	B	B	2	2	EXACT	0.298068219067	22	0	0	0.0212537460046	72	0.0714091914545	3	0.0776418452625	94	0.0780358197025	97	0.0279068244311	68	-0.0918491160021	4	0.00933892434369	6	-0.0607374123648	3	0.319321965071	0.390731156526	0.325975043498	0.328660889415	0.258584552706
M07_L_TO_DY_ALL28:G808-E0871	M07_L_TO_DY_ALL28	ALL28	L	DY	G808-E0871	sh	edy	0	f77v	f77v	G808-P0245	f77v.17	17	3	B	B	2	2	EXACT	0.298068219067	22	-0.14301359352	1	-0.006312612485	72	0.308630393497	2	0.0541491000297	95	0.0606117881902	97	0.00482276481062	68	-0.195614555266	4	0.109279593864	6	0.306737536987	2	0.148742013062	0.457372406558	0.159877390357	0.258021606926	0.455479550049
M07_L_TO_DY_ALL28:G808-E0875	M07_L_TO_DY_ALL28	ALL28	L	DY	G808-E0875	sh	edy	0	f77v	f77v	G808-P0245	f77v.26	26	2	B	B	2	3	EXACT	0.298068219067	22	-0.292263826564	2	0.0228434019154	72	0	0	0.0705781868017	96	0.0730516664893	96	0.0253196144263	68	-0.0192527395247	4	0.0414543151287	6	0	0	0.0286477944181	0.0286477944181	0.031124006929	0.0701021095468	0.0286477944181
M07_L_TO_DY_ALL28:G808-E0881	M07_L_TO_DY_ALL28	ALL28	L	DY	G808-E0881	sh	edy	0	f77v	f77v	G808-P0246	f77v.31	31	2	B	B	2	2	EXACT	0.19537175428	30	0	0	0.0319311092046	72	-0.506864991796	1	0.075049680165	102	0.0712812243722	103	0.0349418927325	68	-0.0192527395247	4	0.00693614696161	6	-0.508757848306	1	0.227302863485	-0.279562128311	0.230313647013	0.234239010447	-0.281454984821
M07_L_TO_DY_ALL28:G808-E0886	M07_L_TO_DY_ALL28	ALL28	L	DY	G808-E0886	sh	edy	0	f77v	f77v	G808-P0246	f77v.36	36	3	B	B	2	2	EXACT	0.19537175428	30	-0.0496486537246	3	0.00704261387315	72	-0.161272880872	1	0.0536668296243	105	0.0535370603211	106	0.0112247901151	68	-0.0640549109953	4	-0.0182491444456	6	-0.160891868319	2	0.152765714429	-0.00850716644336	0.156947890671	0.134516569983	-0.00812615389021
M07_L_TO_DY_ALL28:G808-E0888	M07_L_TO_DY_ALL28	ALL28	L	DY	G808-E0888	sh	edy	0	f77v	f77v	G808-P0246	f77v.38	38	2	B	B	2	2	EXACT	0.19537175428	30	0	0	0.0373952311704	72	0	0	0.0789067074351	102	0.0813801871227	102	0.0407274336375	68	-0.0192527395247	4	0.00353486044804	6	0.0887427980658	1	0.232766985451	0.232766985451	0.236099187918	0.236301845899	0.321509783517
M07_L_TO_DY_ALL28:G808-E0890	M07_L_TO_DY_ALL28	ALL28	L	DY	G808-E0890	sh	edy	0	f77v	f77v	G808-P0246	f77v.39	39	6	B	B	2	2	EXACT	0.19537175428	30	0.373255542245	1	0.0206018313262	72	0.0620207048287	1	0.0697692948034	103	0.0715816853323	104	0.0156099830585	68	0.105462723121	4	-0.00831534019377	6	-0.158617999256	1	0.589229127852	0.651249832681	0.584237279584	0.580913787658	0.430611128595
M07_L_TO_DY_ALL28:G808-E0891	M07_L_TO_DY_ALL28	ALL28	L	DY	G808-E0891	sh	edy	0	f77v	f77v	G808-P0246	f77v.40	40	7	B	B	2	3	EXACT	0.19537175428	30	-0.230066313136	2	0.0343857689484	72	-0.0615952415384	3	0.0703741842111	104	0.0674371748815	107	0.0324169698363	68	0.0678548250997	4	0.0765371374073	6	-0.0634880980479	3	-0.00030878990689	-0.0619040314453	-0.00227758901905	0.0762283475004	-0.0637968879548
M07_L_TO_DY_ALL28:G808-E0896	M07_L_TO_DY_ALL28	ALL28	L	DY	G808-E0896	sh	edy	0	f78r	f78r	G808-P0247	f78r.3	3	2	B	B	2	2	EXACT	0.17574603739	50	-0.464714813741	1	0.0343535021358	72	0	0	0.0894017669781	123	0.0919099736916	123	0.0376997518256	68	-0.0225340155774	4	0.00389905840315	6	0	0	-0.254615274215	-0.254615274215	-0.251269024525	-0.250716215812	-0.254615274215
M07_L_TO_DY_ALL28:G808-E0899	M07_L_TO_DY_ALL28	ALL28	L	DY	G808-E0899	sh	edy	0	f78r	f78r	G808-P0247	f78r.4	4	3	B	B	2	2	EXACT	0.17574603739	50	-0.273493958864	1	0.0127495660455	72	-0.0834071866723	2	0.0783102015828	123	0.0772413471339	125	0.0246969041179	68	-0.190356454171	4	-0.0773875276	6	-0.0851901475772	2	-0.084998355429	-0.168405542101	-0.0730510173566	-0.162385883029	-0.170188503006
M07_L_TO_DY_ALL28:G808-E0902	M07_L_TO_DY_ALL28	ALL28	L	DY	G808-E0902	sh	edy	0	f78r	f78r	G808-P0247	f78r.6	6	4	B	B	2	2	EXACT	0.17574603739	50	0.165369955731	2	0.0329928179599	72	0	0	0.0940723330431	124	0.0965805397567	124	0.0398543316586	68	-0.083654187904	4	-0.0845086661184	6	0	0	0.374108811081	0.374108811081	0.380970324779	0.289600144962	0.374108811081
M07_L_TO_DY_ALL28:G808-E0939	M07_L_TO_DY_ALL28	ALL28	L	DY	G808-E0939	sh	edy	0	f78v	f78v	G808-P0249	f78v.10	10	4	B	B	2	2	EXACT	0.178083135293	56	-0.508785848475	1	0.036649277949	72	-0.0354992577343	1	0.0970139309176	129	0.0980761557994	130	0.0449606978571	68	-0.104646086934	4	-0.0135539779052	6	-0.0371394897348	1	-0.294053435233	-0.329552692967	-0.285742015325	-0.307607413138	-0.331192924968
M07_L_TO_DY_ALL28:G808-E0955	M07_L_TO_DY_ALL28	ALL28	L	DY	G808-E0955	sh	edy	0	f78v	f78v	G808-P0250	f78v.21	21	7	B	B	2	2	EXACT	0.17325660593	25	0.0124681322127	1	0.00752537656985	72	0.0596917078161	1	0.0426613342118	98	0.0447615927883	99	0.0146674511676	68	-0.113891118036	4	0.0220218437821	6	0.146157108472	1	0.193250114712	0.252941822528	0.20039218931	0.215271958494	0.339407223184
M07_L_TO_DY_ALL28:G808-E0956	M07_L_TO_DY_ALL28	ALL28	L	DY	G808-E0956	sh	edy	0	f78v	f78v	G808-P0250	f78v.22	22	4	B	B	2	2	EXACT	0.17325660593	25	-0.133032124963	1	0.00951494071834	72	0.265798119303	3	0.0426383583089	98	0.0499473659639	101	0.0162302231423	68	-0.104646086934	4	-0.0344528600207	6	0.259463009165	3	0.0497394216853	0.315537540989	0.0564547041092	0.0152865616645	0.30920243085
M07_L_TO_DY_ALL28:G808-E0966	M07_L_TO_DY_ALL28	ALL28	L	DY	G808-E0966	sh	edy	0	f79r	f79r	G808-P0252	f79r.12	12	4	B	B	2	2	EXACT	0.189193486903	21	0	0	0.0238286040475	72	0	0	0.0510449126181	93	0.0536012905099	93	0.0191561892932	68	0.103258328681	4	0.0357176663469	6	0	0	0.213022090951	0.213022090951	0.208349676197	0.248739757298	0.213022090951
M07_L_TO_DY_ALL28:G808-E0973	M07_L_TO_DY_ALL28	ALL28	L	DY	G808-E0973	sh	edy	0	f79r	f79r	G808-P0254	f79r.25	25	6	B	B	2	3	EXACT	0.078058646013	22	0.388328893031	1	0.0372703729798	72	0.567319809157	2	0.0405999694729	95	0.0527093837057	97	0.0347884920239	68	0.0794610230425	4	-0.061491484202	6	0.567352304527	2	0.503657912024	1.07097772118	0.501176031068	0.442166427822	1.07101021655
M07_L_TO_DY_ALL28:G808-E0978	M07_L_TO_DY_ALL28	ALL28	L	DY	G808-E0978	sh	edy	0	f79r	f79r	G808-P0256	f79r.33	33	2	B	B	2	3	EXACT	0.181721357661	11	0.523957026565	2	0.0338247530987	72	0.26896391313	1	0.0478729422163	85	0.0522629642218	86	0.036385107706	68	-0.00970260141405	4	0.0718076222249	6	0.469182958815	1	0.739503137324	1.00846705045	0.742063491931	0.811310759549	1.20868609614
M07_L_TO_DY_ALL28:G808-E0982	M07_L_TO_DY_ALL28	ALL28	L	DY	G808-E0982	sh	edy	0	f79r	f79r	G808-P0257	f79r.35	35	2	B	B	2	2	EXACT	0.0836343893228	5	0	0	0.0277549197758	72	0	0	0.0106638268488	77	0.0132202047407	77	0.0299582253641	68	-0.00970260141405	4	-0.0430338695642	6	0.0932958214293	1	0.111389309099	0.111389309099	0.113592614687	0.0683554395344	0.204685130528
M07_L_TO_DY_ALL28:G808-E0986	M07_L_TO_DY_ALL28	ALL28	L	DY	G808-E0986	sh	edy	0	f79r	f79r	G808-P0258	f79r.41	41	2	B	B	2	3	EXACT	0.13133811605	19	0.282383503387	3	0.022165812907	72	0	0	0.0406489928895	94	0.0432053707814	94	0.024040347503	68	-0.00970260141405	4	-0.0909911517462	6	0	0	0.435887432344	0.435887432344	0.43776196694	0.344896280598	0.435887432344
M07_L_TO_DY_ALL28:G808-E1002	M07_L_TO_DY_ALL28	ALL28	L	DY	G808-E1002	sh	edy	0	f79v	f79v	G808-P0265	f79v.38	38	4	B	B	2	3	EXACT	0.11305207007	28	0	0	0.00386830182195	72	0.0850153078852	2	0.0287451671761	100	0.0311261370176	102	0.00977401959998	68	-0.0965301459726	4	0.0165843857076	6	0.0829806043469	2	0.116920371892	0.201935679777	0.12282608967	0.1335047576	0.199900976239
M07_L_TO_DY_ALL28:G808-E1011	M07_L_TO_DY_ALL28	ALL28	L	DY	G808-E1011	sh	edy	0	f80r	f80r	G808-P0266	f80r.20	20	8	B	B	2	3	EXACT	0.100041400034	72	-0.0669788682278	1	0.0288075456094	72	-0.0855852440879	1	0.0662998723066	145	0.0660824072931	146	0.0311443236933	68	-0.0109043865636	4	-0.0887681751568	6	0.0715036769301	1	0.061870077416	-0.0237151666719	0.0642068554999	-0.0268980977408	0.133373754346
M07_L_TO_DY_ALL28:G808-E1017	M07_L_TO_DY_ALL28	ALL28	L	DY	G808-E1017	sh	edy	0	f80r	f80r	G808-P0267	f80r.30	30	5	B	B	2	2	EXACT	0.185781697794	22	-0.129789138295	1	0.000390767775392	72	0.111264020008	2	0.0344912655502	95	0.0365677747452	97	0.00105597069256	68	-0.0109043865636	4	-0.0235176509688	6	0.101438689334	2	0.056383327274	0.167647347282	0.0570485301912	0.0328656763053	0.157822016608
M07_L_TO_DY_ALL28:G808-E1021	M07_L_TO_DY_ALL28	ALL28	L	DY	G808-E1021	sh	edy	0	f80r	f80r	G808-P0269	f80r.41	41	6	B	B	2	2	EXACT	0.297007467532	17	-0.0873350480682	1	0.0167451599694	72	-0.0326759482623	2	0.0594149910982	90	0.0578797825143	92	0.0183723859568	68	-0.0109043865636	4	-0.0227338489727	6	-0.0688309088604	3	0.226417579433	0.193741631171	0.228044805421	0.203683730461	0.157586670573
M07_L_TO_DY_ALL28:G808-E1023	M07_L_TO_DY_ALL28	ALL28	L	DY	G808-E1023	sh	edy	0	f80r	f80r	G808-P0269	f80r.45	45	2	B	B	2	2	EXACT	0.297007467532	17	0.1664771321	1	0.0261685759948	72	0	0	0.0697738592537	90	0.0707604980528	90	0.0275998368422	68	0.00185043684261	4	-0.03833340682	6	0	0	0.489653175627	0.489653175627	0.491084436475	0.451319768807	0.489653175627
M07_L_TO_DY_ALL28:G808-E1033	M07_L_TO_DY_ALL28	ALL28	L	DY	G808-E1033	sh	edy	0	f80v	f80v	G808-P0271	f80v.6	6	5	B	B	2	2	EXACT	0.286151143774	23	0	0	0.0110890434303	72	-0.0435044819437	2	0.068180705635	95	0.0670424238682	97	0.0166839974691	68	-0.0840265268956	4	-0.0079641411572	6	-0.0463272721082	2	0.297240187205	0.253735705261	0.302835141244	0.289276046048	0.250912915096
M07_L_TO_DY_ALL28:G808-E1037	M07_L_TO_DY_ALL28	ALL28	L	DY	G808-E1037	sh	edy	0	f80v	f80v	G808-P0272	f80v.7	7	4	B	B	2	2	EXACT	0.308838110854	30	0	0	0.0352430350264	72	0	0	0.109748146475	102	0.112210966188	102	0.0410725670866	68	-0.0638603616641	4	-0.187584567649	6	0	0	0.34408114588	0.34408114588	0.34991067794	0.156496578231	0.34408114588
M07_L_TO_DY_ALL28:G808-E1041	M07_L_TO_DY_ALL28	ALL28	L	DY	G808-E1041	sh	edy	0	f80v	f80v	G808-P0273	f80v.14	14	3	B	B	2	2	EXACT	0.18773116217	23	0.15948864675	1	0.0371740836575	72	0	0	0.0648175532844	96	0.0672803729978	96	0.0430370755921	68	-0.0624981308969	4	0.062516311967	6	0	0	0.384393892578	0.384393892578	0.390256884512	0.446910204545	0.384393892578
M07_L_TO_DY_ALL28:G808-E1048	M07_L_TO_DY_ALL28	ALL28	L	DY	G808-E1048	sh	edy	0	f80v	f80v	G808-P0274	f80v.22	22	7	B	B	2	2	EXACT	0.0874775753289	17	-0.183419622136	2	0.00986520123727	72	-0.0409814291508	1	0.00679397807353	91	0.008053062554	92	0.0210851522907	68	-0.180875318337	4	0.0222198924759	6	-0.0438042193154	1	-0.0860768455694	-0.12705827472	-0.074856894516	-0.0638569530936	-0.129881064885
M07_L_TO_DY_ALL28:G808-E1054	M07_L_TO_DY_ALL28	ALL28	L	DY	G808-E1054	sh	edy	0	f80v	f80v	G808-P0277	f80v.36	36	9	B	B	2	3	EXACT	0.179779352096	25	0.103577114475	4	0.0374116667332	72	0	0	0.066032550544	101	0.0684953702575	101	0.0502519981099	68	-0.180875318337	4	0.0503633949835	6	0	0	0.320768133305	0.320768133305	0.333608464682	0.371131528288	0.320768133305
M07_L_TO_DY_ALL28:G808-E1059	M07_L_TO_DY_ALL28	ALL28	L	DY	G808-E1059	sh	edy	0	f80v	f80v	G808-P0278	f80v.42	42	6	B	B	2	3	EXACT	0.214980307643	31	0.168645967553	4	0.00315255442329	72	0	0	0.0643471636937	107	0.0668099834072	107	0.00828065616756	68	-0.0840265268956	4	0.00472602055584	6	0	0	0.386778829619	0.386778829619	0.391906931363	0.391504850174	0.386778829619
M07_L_TO_DY_ALL28:G808-E1079	M07_L_TO_DY_ALL28	ALL28	L	DY	G808-E1079	sh	edy	0	f81r	f81r	G808-P0280	f81r.25	25	2	B	B	2	2	EXACT	0.22140919466	39	-0.440443344723	2	-0.00385887148581	72	-0.0436219264316	1	0.0639584842424	113	0.0650945699156	114	-0.00372898825736	68	-0.0060691642354	4	-0.0258123570228	6	-0.0456591805071	1	-0.222893021549	-0.26651494798	-0.22276313832	-0.248705378571	-0.268552202056
M07_L_TO_DY_ALL28:G808-E1083	M07_L_TO_DY_ALL28	ALL28	L	DY	G808-E1083	sh	edy	0	f81r	f81r	G808-P0280	f81r.26	26	6	B	B	2	2	EXACT	0.22140919466	39	0	0	0.0289321739852	72	0	0	0.0948616078256	111	0.0975140450576	111	0.0257310806753	68	0.0833484823878	4	-0.00879724767055	6	0.0894936209543	1	0.250341368645	0.250341368645	0.247140275335	0.241544120975	0.3398349896
M07_L_TO_DY_ALL28:G808-E1092	M07_L_TO_DY_ALL28	ALL28	L	DY	G808-E1092	sh	edy	0	f81v	f81v	G808-P0282	f81v.16	16	2	B	B	2	3	EXACT	0.183797616586	41	-0.0264684540939	4	0.0183161599383	72	-0.129967311051	1	0.0730360323808	117	0.0732478250063	118	0.0202409662299	68	-0.0144066379058	4	0.0203329693792	6	-0.0958267791392	1	0.17564532243	0.0456780113788	0.177570128722	0.195978291809	0.0798185432907
M07_L_TO_DY_ALL28:G808-E1094	M07_L_TO_DY_ALL28	ALL28	L	DY	G808-E1094	sh	edy	0	f81v	f81v	G808-P0282	f81v.17	17	4	B	B	2	3	EXACT	0.183797616586	41	0	0	0.0110886293627	72	0.177367290689	2	0.072948958677	113	0.0761586307392	115	0.0169274269402	68	-0.0881720203419	4	-0.0148763561343	6	0.161590781492	2	0.194886245948	0.372253536637	0.200725043526	0.180009889814	0.35647702744
M07_L_TO_DY_ALL28:G808-E1095	M07_L_TO_DY_ALL28	ALL28	L	DY	G808-E1095	sh	edy	0	f81v	f81v	G808-P0282	f81v.18	18	6	B	B	2	3	EXACT	0.183797616586	41	-0.0682533743778	2	0.0187052941851	72	0.263259315304	1	0.0747727216126	115	0.0783209425624	116	0.0143398747618	68	0.0929163334944	4	0.0113724841559	6	0.233593373254	1	0.134249536393	0.397508851697	0.129884116969	0.145622020549	0.367842909647
M07_L_TO_DY_ALL28:G808-E1104	M07_L_TO_DY_ALL28	ALL28	L	DY	G808-E1104	sh	edy	0	f82r	f82r	G808-P0283	f82r.6	6	2	B	B	2	3	EXACT	0.284968178581	27	-0.203626094313	2	-0.00391445072827	72	0	0	0.0629635588358	101	0.0656182781357	101	-0.00291633943208	68	-0.020883501073	4	0.00849233510617	6	0	0	0.07742763354	0.07742763354	0.0784257448362	0.0859199686462	0.07742763354
M07_L_TO_DY_ALL28:G808-E1106	M07_L_TO_DY_ALL28	ALL28	L	DY	G808-E1106	sh	edy	0	f82r	f82r	G808-P0283	f82r.7	7	4	B	B	2	3	EXACT	0.284968178581	27	0.0419222210707	2	0.00900181292156	72	0.399996346295	1	0.0770335352077	101	0.0822038138861	102	0.014671717862	68	-0.0873877293752	4	0.0640020768007	6	0.39909579768	1	0.335892212573	0.735888558868	0.341562117514	0.399894289374	0.734988010253
M07_L_TO_DY_ALL28:G808-E1119	M07_L_TO_DY_ALL28	ALL28	L	DY	G808-E1119	sh	edy	0	f82r	f82r	G808-P0285	f82r.28	28	2	B	B	2	3	EXACT	0.220799382221	46	0.163837607931	3	0.0285306163819	72	0	0	0.104947837004	121	0.107602556303	121	0.0314372610375	68	-0.020883501073	4	0.0922329939812	6	0	0	0.413167606533	0.413167606533	0.416074251189	0.505400600515	0.413167606533
M07_L_TO_DY_ALL28:G808-E1122	M07_L_TO_DY_ALL28	ALL28	L	DY	G808-E1122	sh	edy	0	f82r	f82r	G808-P0285	f82r.30	30	5	B	B	2	2	EXACT	0.220799382221	46	0.32424332732	2	0.00817837638084	72	0.266874873742	1	0.0951487386264	120	0.0986741222291	121	0.0152063305773	68	-0.111298003268	4	-0.019394628198	6	0.265974325127	1	0.553221085922	0.820095959664	0.560249040118	0.533826457724	0.819195411049
M07_L_TO_DY_ALL28:G808-E1133	M07_L_TO_DY_ALL28	ALL28	L	DY	G808-E1133	sh	edy	0	f82v	f82v	G808-P0287	f82v.11	11	7	B	B	2	3	EXACT	0.21738609225	12	0.00349934457836	2	0.0455907243456	72	-0.0270699842246	1	0.0542778523068	86	0.0551717309001	87	0.0423943515717	68	0.099927780214	4	0.0437520678645	6	-0.0294404132342	1	0.266476161174	0.239406176949	0.2632797884	0.310228229038	0.23703574794
M07_L_TO_DY_ALL28:G808-E1144	M07_L_TO_DY_ALL28	ALL28	L	DY	G808-E1144	sh	edy	0	f82v	f82v	G808-P0289	f82v.24	24	5	B	B	2	3	EXACT	0.274935983272	19	0.0296861533327	3	0.00582519264598	72	0.0638673385197	1	0.050323377501	94	0.0523563004744	95	0.0124973177341	68	-0.107602215139	4	-0.00163873273672	6	-0.157248938066	1	0.31044732925	0.37431466777	0.317119454338	0.308808596514	0.153198391185
M07_L_TO_DY_ALL28:G808-E1147	M07_L_TO_DY_ALL28	ALL28	L	DY	G808-E1147	sh	edy	0	f82v	f82v	G808-P0290	f82v.29	29	4	B	B	2	3	EXACT	0.125886944309	16	-0.399819382977	1	0.00931071482298	72	-0.194609725439	3	0.0138107265533	89	0.00750299304228	92	0.0149846321968	68	-0.0871471618193	4	0.0402201648057	6	-0.0770878745205	4	-0.264621723845	-0.459231449284	-0.258947806471	-0.224401559039	-0.341709598365
M07_L_TO_DY_ALL28:G808-E1151	M07_L_TO_DY_ALL28	ALL28	L	DY	G808-E1151	sh	edy	0	f82v	f82v	G808-P0291	f82v.38	38	2	B	B	2	1	EXACT	0.190452878427	28	0	0	0.01197651062	72	-0.506081858006	1	0.056072374922	100	0.0524365414964	101	0.0228504910316	68	-0.172882437664	4	-0.160679046985	6	-0.508452287016	1	0.202429389047	-0.303652468959	0.213303369459	0.0417503420617	-0.306022897969
M07_L_TO_DY_ALL28:G808-E1158	M07_L_TO_DY_ALL28	ALL28	L	DY	G808-E1158	sh	edy	0	f83r	f83r	G808-P0292	f83r.4	4	7	B	B	2	2	EXACT	0.217524316696	15	0	0	0.0286749628897	72	-0.319509724893	1	0.0489049160941	87	0.0465213539181	88	0.0259452054981	68	0.0750795942076	4	0.0524747790164	6	-0.712228597452	1	0.246199279586	-0.0733104453074	0.243469522194	0.298674058602	-0.466029317867
M07_L_TO_DY_ALL28:G808-E1165	M07_L_TO_DY_ALL28	ALL28	L	DY	G808-E1165	sh	edy	0	f83r	f83r	G808-P0293	f83r.11	11	2	B	B	2	3	EXACT	0.193390305899	32	0	0	0.00879894751454	72	-0.507271104161	1	0.0613145692727	104	0.0578163625156	105	0.0104674412572	68	-0.0195666904493	4	-0.099142182502	6	-0.508899404858	1	0.202189253414	-0.305081850748	0.203857747156	0.103047070912	-0.306710151445
M07_L_TO_DY_ALL28:G808-E1170	M07_L_TO_DY_ALL28	ALL28	L	DY	G808-E1170	sh	edy	0	f83r	f83r	G808-P0293	f83r.13	13	3	B	B	2	3	EXACT	0.193390305899	32	0	0	0.0274604889179	72	0	0	0.0742340979366	104	0.0767407329031	104	0.0328886289714	68	-0.0648191363304	4	0.0854309711115	6	0.117380537881	1	0.220850794817	0.220850794817	0.22627893487	0.306281765928	0.338231332698
M07_L_TO_DY_ALL28:G808-E1171	M07_L_TO_DY_ALL28	ALL28	L	DY	G808-E1171	sh	edy	0	f83r	f83r	G808-P0293	f83r.14	14	3	B	B	2	3	EXACT	0.193390305899	32	0.486070465571	2	-0.00649126563189	72	0.580939594417	2	0.0584034133353	106	0.0694399274414	108	-0.00306028761075	68	-0.0648191363304	4	0.0687488222896	6	0.59030074708	2	0.672969505838	1.25390910026	0.676400483859	0.741718328128	1.26327025292
M07_L_TO_DY_ALL28:G808-E1174	M07_L_TO_DY_ALL28	ALL28	L	DY	G808-E1174	sh	edy	0	f83r	f83r	G808-P0294	f83r.18	18	4	B	B	2	3	EXACT	0.303808070763	12	0	0	0.0225961462681	72	0	0	0.0486804890182	84	0.0511871239847	84	0.0290255357687	68	-0.0867047195813	4	0.0163111810826	6	0	0	0.326404217031	0.326404217031	0.332833606532	0.342715398114	0.326404217031
M07_L_TO_DY_ALL28:G808-E1180	M07_L_TO_DY_ALL28	ALL28	L	DY	G808-E1180	sh	edy	0	f83r	f83r	G808-P0294	f83r.23	23	4	B	B	2	2	EXACT	0.303808070763	12	0	0	0.00953124384306	72	0.0621384269436	1	0.0374820012253	84	0.0395502093467	85	0.0151921096716	68	-0.0867047195813	4	-0.0397906206905	6	-0.157938535675	1	0.313339314606	0.37547774155	0.319000180435	0.273548693916	0.155400778931
M07_L_TO_DY_ALL28:G808-E1182	M07_L_TO_DY_ALL28	ALL28	L	DY	G808-E1182	sh	edy	0	f83r	f83r	G808-P0294	f83r.24	24	6	B	B	2	2	EXACT	0.303808070763	12	0	0	0.0124418964622	72	0	0	0.0399768463274	84	0.0424834812939	84	0.0235178837508	68	-0.175851131782	4	-0.0801994270721	6	0	0	0.316249967225	0.316249967225	0.327325954514	0.236050540153	0.316249967225
M07_L_TO_DY_ALL28:G808-E1191	M07_L_TO_DY_ALL28	ALL28	L	DY	G808-E1191	sh	edy	0	f83r	f83r	G808-P0296	f83r.37	37	5	B	B	2	1	EXACT	0.0842625992072	35	-0.0455130193737	1	0.0260745269684	72	0	0	0.0409061993154	108	0.0434128342819	108	0.0379524336985	68	-0.175851131782	4	-0.082353923475	6	0	0	0.0648241068019	0.0648241068019	0.076702013532	-0.0175298166731	0.0648241068019
M07_L_TO_DY_ALL28:G808-E1195	M07_L_TO_DY_ALL28	ALL28	L	DY	G808-E1195	sh	edy	0	f83r	f83r	G808-P0296	f83r.44	44	2	B	B	2	1	EXACT	0.0842625992072	35	0	0	0.0364052955678	72	0	0	0.0489326857225	107	0.051439320689	107	0.0387943872445	68	-0.00421050727542	4	-0.0666362633816	6	0	0	0.120667894775	0.120667894775	0.123056986452	0.0540316313934	0.120667894775
M07_L_TO_DY_ALL28:G808-E1202	M07_L_TO_DY_ALL28	ALL28	L	DY	G808-E1202	sh	edy	0	f83v	f83v	G808-P0299	f83v.6	6	8	B	B	2	3	EXACT	0.20911089784	17	-0.0463861745195	1	0.00699787036085	72	0.161498312308	1	0.0331581603686	90	0.0363717372209	91	0.00320214992594	68	0.0715240658911	4	0.00268745844119	6	0.15972909495	1	0.169722593681	0.331220905989	0.165926873246	0.172410052122	0.329451688631
M07_L_TO_DY_ALL28:G808-E1204	M07_L_TO_DY_ALL28	ALL28	L	DY	G808-E1204	sh	edy	0	f83v	f83v	G808-P0300	f83v.11	11	8	B	B	2	3	EXACT	0.216247346208	36	-0.124038374439	1	0.0432637426499	72	-0.122757428852	1	0.0958582470176	109	0.0957908679057	110	0.0416013088202	68	0.0715240658911	4	-0.0470129599115	6	-0.124526646209	1	0.135472714419	0.0127152855677	0.13381028059	0.0884597545078	0.0109460682098
M07_L_TO_DY_ALL28:G808-E1205	M07_L_TO_DY_ALL28	ALL28	L	DY	G808-E1205	sh	edy	0	f83v	f83v	G808-P0300	f83v.14	14	3	B	B	2	3	EXACT	0.216247346208	36	0	0	0.0180965652169	72	0.208744604755	1	0.081372981704	108	0.0844564330336	109	0.0228499314452	68	-0.0627117125281	4	0.0304481859146	6	0.206975387397	1	0.234343911425	0.44308851618	0.239097277653	0.26479209734	0.441319298822
M07_L_TO_DY_ALL28:G808-E1213	M07_L_TO_DY_ALL28	ALL28	L	DY	G808-E1213	sh	edy	0	f83v	f83v	G808-P0301	f83v.25	25	7	B	B	2	2	EXACT	0.275267741403	18	-0.0962548290279	2	0.0185234206345	72	-0.0281260313629	1	0.0551851913985	92	0.0561071583041	93	0.0264599866006	68	-0.116399252652	4	-0.00909666575269	6	-0.0298952487208	1	0.19753633301	0.169410301647	0.205472898976	0.188439667257	0.167641084289
M07_L_TO_DY_ALL28:G808-E1224	M07_L_TO_DY_ALL28	ALL28	L	DY	G808-E1224	sh	edy	0	f85r1	f85r	G808-P0302	f85r1.6	6	7	T	B	2	2	EXACT	0.131517066856	19	-0.0193573852145	1	-0.0245019443799	72	0.198923816623	2	-0.00339564742907	92	0.00205705450834	94	-0.017157549084	68	-0.149364042684	4	0.0619830083917	6	0.183518228808	2	0.0876577372617	0.286581553885	0.0950021325576	0.149640745653	0.271175966069
M07_L_TO_DY_ALL28:G808-E1254	M07_L_TO_DY_ALL28	ALL28	L	DY	G808-E1254	sh	edy	0	f86v3	f86v	G808-P0316	f86v3.11	11	6	C	B	2	3	EXACT	0.0690060293849	27	0	0	0.0307384076903	70	0	0	0.0340670286511	97	0.036602769149	97	0.0394970721671	66	-0.11377874214	4	0.0243501287125	6	0	0	0.0997444370752	0.0997444370752	0.108503101552	0.124094565788	0.0997444370752
M07_L_TO_DY_ALL28:G808-E1262	M07_L_TO_DY_ALL28	ALL28	L	DY	G808-E1262	sh	eody	1	f86v5	f86v	G808-P0321	f86v5.1	1	3	T	B	2	3	EXACT	-0.0986557650539	25	0.226581548002	4	0.0237539236817	72	0	0	-0.00806553816134	101	-0.00552979766343	101	0.0294099424081	68	-0.072400227132	4	0.00492764330171	6	0	0	0.15167970663	0.15167970663	0.157335725356	0.156607349931	0.15167970663
M07_L_TO_DY_ALL28:G808-E1264	M07_L_TO_DY_ALL28	ALL28	L	DY	G808-E1264	sh	edy	0	f86v5	f86v	G808-P0321	f86v5.3	3	1	T	B	2	3	EXACT	-0.0986557650539	25	0.433941338767	1	0.0527653996687	72	0	0	0.00903943208297	98	0.0115751725809	98	0.0501829346981	68	0.0966654717035	4	0.124973274509	6	0.178115289339	1	0.388050973381	0.388050973381	0.385468508411	0.51302424789	0.56616626272
M07_L_TO_DY_ALL28:G808-E1267	M07_L_TO_DY_ALL28	ALL28	L	DY	G808-E1267	sh	edy	0	f86v5	f86v	G808-P0322	f86v5.10	10	4	T	B	2	3	EXACT	0.0944175893554	25	0.0295636591628	3	0.0455712829015	72	-0.301000134988	1	0.0479344324878	100	0.0463854160812	101	0.0529500947692	68	-0.0798703513148	4	-0.0771970087483	6	-0.0934724734933	2	0.16955253142	-0.131447603568	0.176931343287	0.0923555226715	0.0760800579264
M07_L_TO_DY_ALL28:G808-E1268	M07_L_TO_DY_ALL28	ALL28	L	DY	G808-E1268	sh	eody	1	f86v5	f86v	G808-P0323	f86v5.12	12	7	T	B	2	3	EXACT	0.0187880756477	30	-0.0940462035885	1	0.057680945899	72	0.0564788451743	1	0.0384677116387	103	0.0405648488064	104	0.055232993263	68	0.0992943082458	4	0.0173999375914	6	0.068845529237	1	-0.0175771820418	0.0389016631325	-0.0200251346778	-0.000177244450462	0.0512683471952
M07_L_TO_DY_ALL28:G808-E1273	M07_L_TO_DY_ALL28	ALL28	L	DY	G808-E1273	sh	edy	0	f86v5	f86v	G808-P0325	f86v5.30	30	5	T	B	2	2	EXACT	-0.0380425370501	65	0.191088208696	1	0.0345784904351	72	-0.156694311358	1	0.00789795035118	138	0.00879183371539	139	0.0433052786768	68	-0.11377874214	4	0.0287960058996	6	-0.0714462814662	1	0.187624162081	0.0309298507223	0.196350950323	0.21642016798	0.116177880615
M07_L_TO_DY_ALL28:G808-E1289	M07_L_TO_DY_ALL28	ALL28	L	DY	G808-E1289	sh	edy	0	f86v6	f86v	G808-P0326	f86v6.7	7	10	T	B	2	3	EXACT	0.0300232778419	52	-0.0591851770774	8	0.0439925178557	72	0	0	0.0330920120443	132	0.0356277525422	132	0.0407393635701	68	0.0992943082458	4	0.0243501287125	6	-0.0119332343237	1	0.0148306186203	0.0148306186203	0.0115774643346	0.0391807473327	0.00289738429652
M07_L_TO_DY_ALL28:G808-E1303	M07_L_TO_DY_ALL28	ALL28	L	DY	G808-E1303	sh	edy	0	f86v6	f86v	G808-P0328	f86v6.27	27	6	T	B	2	3	EXACT	-0.0600817186332	47	0	0	0.0354202746707	72	0	0	-0.0013181071491	119	0.00121763334881	119	0.0441965796322	68	-0.11377874214	4	-0.0176283646906	6	0	0	-0.0246614439625	-0.0246614439625	-0.015885139001	-0.0422898086531	-0.0246614439625
M07_L_TO_DY_ALL28:G808-E1346	M07_L_TO_DY_ALL28	ALL28	L	DY	G808-E1346	sh	eody	1	f88v	f88v	G808-P0338	f88v.16	16	3	P	A	1	2	EXACT	0.0503198100679	18	0.913574850598	1	-0.0323488947002	72	0	0	-0.0166085330197	91	-0.0140755049064	91	-0.0304064838939	68	-0.0653711048524	4	-0.105047046257	6	0	0	0.931545765965	0.931545765965	0.933488176772	0.826498719709	0.931545765965
M07_L_TO_DY_ALL28:G808-E1435	M07_L_TO_DY_ALL28	ALL28	L	DY	G808-E1435	sh	edy	0	f95v1	f95v	G808-P0356	f95v1.5	5	2	H	B	3	1	EXACT	-0.0674356324588	15	0	0	-0.00755700569126	72	-0.10740251418	1	-0.0302696222465	87	-0.0293354821077	88	0.00222082234624	68	-0.173781308774	4	-0.157525772559	6	-0.109203326078	1	-0.0749926381501	-0.18239515233	-0.0652148101126	-0.232518410709	-0.184195964228
M07_L_TO_DY_ALL28:G808-E1436	M07_L_TO_DY_ALL28	ALL28	L	DY	G808-E1436	sh	edy	0	f95v1	f95v	G808-P0357	f95v1.6	6	4	H	B	3	3	EXACT	-0.132247073839	12	-0.132738828184	1	0.0221531753096	72	0	0	-0.015784906497	85	-0.0132676671546	85	0.028751928687	68	-0.0900268585515	4	0.054428365327	6	0	0	-0.242832726713	-0.242832726713	-0.236233973335	-0.188404361386	-0.242832726713
M07_L_TO_DY_ALL28:G808-E1438	M07_L_TO_DY_ALL28	ALL28	L	DY	G808-E1438	sh	edy	0	f95v2	f95v	G808-P0360	f95v2.2	2	2	H	B	3	3	EXACT	0.0822635716575	30	-0.214253035268	3	-0.00310678588386	72	0	0	0.00946023421775	105	0.0119774735601	105	-0.00222886021535	68	-0.0180327486935	4	0.0478583581229	6	0	0	-0.135096249494	-0.135096249494	-0.134218323826	-0.0872378913716	-0.135096249494
M07_L_TO_DY_ALL28:G808-E1530	M07_L_TO_DY_ALL28	ALL28	L	DY	G808-E1530	t	eody	1	f102v1	f102v	G808-P0377	f102v1.9	9	1	P	A	1	3	EXACT	0.0395765446538	29	0.11055334155	3	0.0125479541885	72	0	0	0.0170560534131	104	0.0193606485185	104	0.00632921657505	68	0.118265663675	4	0.0401801263875	6	0	0	0.162677840392	0.162677840392	0.156459102779	0.20285796678	0.162677840392
M07_L_TO_DY_ALL28:G808-E1592	M07_L_TO_DY_ALL28	ALL28	L	DY	G808-E1592	t	edy	0	f103v	f103v	G808-P0403	f103v.15	15	9	S	B	3	3	EXACT	0.340582499179	13	0.161516663315	2	0.0441073582372	72	-0.0542717965368	1	0.0786584798712	87	0.0789322469224	88	0.0409268099505	68	0.0981773750157	4	-0.103084574258	6	-0.0565823025973	1	0.546206520731	0.491934724194	0.543025972444	0.443121946473	0.489624218134
M07_L_TO_DY_ALL28:G808-E1897	M07_L_TO_DY_ALL28	ALL28	L	DY	G808-E1897	t	edy	0	f108v	f108v	G808-P0535	f108v.17	17	6	S	B	3	3	EXACT	0.35578188552	21	-0.443754446994	1	0.0491048944372	72	0	0	0.109069453063	94	0.110919595156	94	0.0593250248851	68	-0.124636429195	4	-0.097022266818	6	0	0	-0.0388676670365	-0.0388676670365	-0.0286475365885	-0.135889933855	-0.0388676670365
M07_L_TO_DY_ALL28:G808-E1968	M07_L_TO_DY_ALL28	ALL28	L	DY	G808-E1968	t	eody	1	f111v	f111v	G808-P0548	f111v.34	34	3	S	B	3	3	EXACT	0.1739309556	13	0.39276236702	1	0.0482793081259	72	0.505977048912	1	0.0633274751888	86	0.0700598172744	87	0.0550263067984	68	-0.0664189343847	4	-0.0246085912471	6	0.503260521399	1	0.614972630746	1.12094967966	0.621719629418	0.590364039499	1.11823315214
M07_L_TO_DY_ALL28:G808-E2063	M07_L_TO_DY_ALL28	ALL28	L	DY	G808-E2063	t	eody	1	f113v	f113v	G808-P0594	f113v.7	7	2	S	B	3	3	EXACT	0.0108205989618	13	0.378309739013	4	0.0475280275904	72	0	0	0.0433017648571	89	0.0457169247861	89	0.052171836689	68	-0.0314157194762	4	0.0168981179702	6	0	0	0.436658365566	0.436658365566	0.441302174664	0.453556483536	0.436658365566
M07_L_TO_DY_ALL28:G808-E2167	M07_L_TO_DY_ALL28	ALL28	L	DY	G808-E2167	t	edy	0	f115v	f115v	G808-P0646	f115v.7	7	2	S	B	3	3	EXACT	-0.0623206135105	7	-0.046351530976	1	0.046490186758	72	0.287851622875	1	0.0196263450226	80	0.0246954917388	81	0.0507577383243	68	-0.0260573520439	4	-0.0632053112547	6	0.284910071826	1	-0.0621819577284	0.225669665147	-0.0579144061622	-0.125387268983	0.222728114098
M07_L_TO_DY_ALL28:G808-E2190	M07_L_TO_DY_ALL28	ALL28	L	DY	G808-E2190	t	eody	1	f116r	f116r	G808-P0660	f116r.7	7	2	S	B	3	3	EXACT	0.375343652113	8	-0.482676157002	1	0.0343474752988	72	0	0	0.0462627125955	81	0.0487025807459	81	0.0380295615088	68	-0.0282472929179	4	-0.00826518291797	6	0	0	-0.0729850295901	-0.0729850295901	-0.0693029433801	-0.0812502125081	-0.0729850295901
M07_L_TO_DY_ALL28:G808-E0447	M07_L_TO_DY_ALL28	ALL28	L	DY	G808-E0447	t	edy	0	f43v	f43v	G808-P0157	f43v.7	7	5	H	B	2	3	EXACT	-0.275088476275	8	0	0	0.0221295352703	72	-0.196283759845	1	-0.0227369796545	80	-0.0230900351309	81	0.0301035324073	68	-0.113427743075	4	-0.0563361792467	6	-0.199280328202	1	-0.252958941005	-0.44924270085	-0.244984943868	-0.309295120251	-0.452239269206
M07_L_TO_DY_ALL28:G808-E0451	M07_L_TO_DY_ALL28	ALL28	L	DY	G808-E0451	t	edy	0	f43v	f43v	G808-P0158	f43v.13	13	2	H	B	2	2	EXACT	-0.0102652692511	31	-0.467906727276	1	0.0255221991403	72	0	0	0.00553001756067	104	0.00796472190805	104	0.0285000490501	68	-0.0251005763424	4	-0.0739793588005	6	0	0	-0.452649797386	-0.452649797386	-0.449671947477	-0.526629156187	-0.452649797386
M07_L_TO_DY_ALL28:G808-E0486	M07_L_TO_DY_ALL28	ALL28	L	DY	G808-E0486	t	edy	0	f46r	f46r	G808-P0171	f46r.6	6	1	H	B	2	3	EXACT	-0.0575956865149	19	0.536848820948	1	0.027419036581	72	0	0	0.00549416270392	92	0.00799074865958	92	0.021683745674	68	0.124919910065	4	0.0644357498471	6	0	0	0.506672171014	0.506672171014	0.500936880107	0.571107920861	0.506672171014
M07_L_TO_DY_ALL28:G808-E0531	M07_L_TO_DY_ALL28	ALL28	L	DY	G808-E0531	t	edy	0	f48v	f48v	G808-P0181	f48v.2	2	2	H	B	5	3	EXACT	0.121934489954	35	0.0876530839421	2	0.0107469402576	72	0.170178603252	1	0.0444614432139	109	0.0475475426348	110	0.0131774728856	68	-0.0305714143733	4	0.112829710359	6	0.16740959898	1	0.220334514154	0.390513117406	0.222765046782	0.333164224513	0.387744113133
M07_L_TO_DY_ALL28:G808-E0696	M07_L_TO_DY_ALL28	ALL28	L	DY	G808-E0696	t	edy	0	f75r	f75r	G808-P0222	f75r.10	10	9	B	B	2	3	EXACT	0.244990540072	88	0.218993427344	2	0.0211005171987	72	0	0	0.154035488682	162	0.156478943731	162	0.0304397374444	68	-0.137665523711	4	-0.124531148732	6	0.0230821861296	2	0.485084484615	0.485084484615	0.494423704861	0.360553335883	0.508166670745
M07_L_TO_DY_ALL28:G808-E0833	M07_L_TO_DY_ALL28	ALL28	L	DY	G808-E0833	t	edy	0	f77r	f77r	G808-P0241	f77r.13	13	5	B	B	2	2	EXACT	0.274044073886	55	0.214716641022	1	0.0214143432754	72	0	0	0.134091397993	128	0.136477478531	128	0.0293949268879	68	-0.114254927196	4	-0.0329524926624	6	0.58736788615	1	0.510175058183	0.510175058183	0.518155641795	0.47722256552	1.09754294433
M07_L_TO_DY_ALL28:G808-E0910	M07_L_TO_DY_ALL28	ALL28	L	DY	G808-E0910	t	edy	0	f78r	f78r	G808-P0247	f78r.12	12	7	B	B	2	2	EXACT	0.190653317124	58	-0.076117551768	1	0.0353068727111	72	0.296802742197	1	0.106479453294	131	0.109925509625	132	0.0454194295291	68	-0.136605922902	4	-0.0363182373939	6	0.266002557642	1	0.149842638067	0.446645380264	0.159955194885	0.113524400673	0.415845195708
M07_L_TO_DY_ALL28:G808-E0947	M07_L_TO_DY_ALL28	ALL28	L	DY	G808-E0947	t	edy	0	f78v	f78v	G808-P0249	f78v.15	15	7	B	B	2	3	EXACT	0.185031859481	65	0.0923088135314	2	0.0676915432898	71	0	0	0.127894334544	138	0.130360726596	138	0.0684042418696	67	0.0557539987525	4	-0.0213998924859	6	0	0	0.345032216302	0.345032216302	0.345744914882	0.323632323816	0.345032216302
M07_L_TO_DY_ALL28:G808-E1000	M07_L_TO_DY_ALL28	ALL28	L	DY	G808-E1000	t	edy	0	f79v	f79v	G808-P0263	f79v.30	30	6	B	B	2	3	EXACT	0.241627428541	21	-0.136839713036	2	0.0268902332011	72	0	0	0.0623158176794	95	0.0646949322586	95	0.0231033972131	68	0.0912671277002	4	0.0352955740555	6	0	0	0.131677948706	0.131677948706	0.127891112718	0.166973522762	0.131677948706
M07_L_TO_DY_ALL28:G808-E1067	M07_L_TO_DY_ALL28	ALL28	L	DY	G808-E1067	t	edy	0	f81r	f81r	G808-P0279	f81r.12	12	2	B	B	2	2	EXACT	0.19982491305	37	0.206207114957	1	0.0364112203308	72	-0.253565972463	1	0.0903334655039	110	0.0892730867587	111	0.0393845284717	68	-0.0141353171514	4	-0.16823472384	6	-0.31622366279	1	0.442443248338	0.188877275875	0.445416556479	0.274208524498	0.126219585548
M07_L_TO_DY_ALL28:G808-E1101	M07_L_TO_DY_ALL28	ALL28	L	DY	G808-E1101	t	edy	0	f81v	f81v	G808-P0282	f81v.27	27	4	B	B	2	2	EXACT	0.189011477741	54	0.295155049326	1	0.0124614863052	72	0	0	0.0919207454416	127	0.0942930776634	127	0.0169964843496	68	-0.0646326515703	4	-0.127282347697	6	0	0	0.496628013372	0.496628013372	0.501163011417	0.369345665675	0.496628013372
M07_L_TO_DY_ALL28:G808-E1137	M07_L_TO_DY_ALL28	ALL28	L	DY	G808-E1137	t	edy	0	f82v	f82v	G808-P0288	f82v.15	15	6	B	B	2	3	EXACT	0.185487338141	28	-0.20946193651	2	0.0217801512445	72	0.244666718548	1	0.0563110003753	102	0.0600722948281	103	0.0180817381694	68	0.0846538828464	4	-0.0524201471259	6	0.212334519804	1	-0.00219444712473	0.242472271423	-0.00589286019987	-0.0546145942506	0.210140072679
M07_L_TO_DY_ALL28:G808-E1246	M07_L_TO_DY_ALL28	ALL28	L	DY	G808-E1246	t	edy	0	f85r2	f85r	G808-P0313	f85r2.13	13	3	C	B	2	2	EXACT	0.00685108653028	13	0	0	-0.017106151865	70	0.13008616707	2	-0.026555330456	83	-0.0217100853515	85	-0.00581954975314	66	-0.203332461674	4	-0.0708465131303	6	0.144735204415	2	-0.0102550653347	0.119831101735	0.00103153677713	-0.081101578465	0.13448013908
M07_L_TO_DY_ALL28:G808-E1269	M07_L_TO_DY_ALL28	ALL28	L	DY	G808-E1269	t	eody	1	f86v5	f86v	G808-P0323	f86v5.13	13	6	T	B	2	3	EXACT	0.0725142266557	28	-0.0613433937675	2	0.0551212567476	72	-0.299620231663	2	0.0508999363773	102	0.0456030721776	104	0.0651811914529	68	-0.115897333303	4	-0.196563739003	6	-0.322223239295	2	0.0662920896358	-0.233328142027	0.0763520243411	-0.130271649367	-0.255931149659
M07_L_TO_DY_ALL28:G808-E1278	M07_L_TO_DY_ALL28	ALL28	L	DY	G808-E1278	t	eody	1	f86v5	f86v	G808-P0325	f86v5.32	32	11	T	B	2	3	EXACT	-0.0452998501958	64	-0.0113072659291	3	0.0350139718145	72	0.0870207603933	2	0.00209954755436	139	0.00502200122092	141	0.0448957843992	68	-0.132976542187	4	-0.0152800152091	6	0.0560523494074	3	-0.0215931443104	0.0654276160829	-0.0117113317257	-0.0368731595194	0.034459205097
M07_L_TO_DY_ALL28:G808-E1663	M07_L_TO_DY_ALL28	ALL28	L	DY	G808-E1663	tch	edy	0	f104v	f104v	G808-P0437	f104v.41	41	1	S	B	3	3	EXACT	0.160261835834	21	0.0431938378368	6	0.0499304161603	72	0	0	0.0618961739197	99	0.0643317786624	99	0.0500032105558	68	0.048693874819	4	0.0612671813313	6	0	0	0.253386089831	0.253386089831	0.253458884227	0.314653271162	0.253386089831
M07_L_TO_DY_ALL28:G808-E1723	M07_L_TO_DY_ALL28	ALL28	L	DY	G808-E1723	tch	edy	0	f106r	f106r	G808-P0463	f106r.15	15	5	S	B	3	3	EXACT	0.159882320625	12	0.337039206581	1	0.0630423516966	72	0	0	0.0653130682366	85	0.0677880435837	85	0.0715680945911	68	-0.0818947275843	4	-0.00512976126286	6	0	0	0.559963878902	0.559963878902	0.568489621797	0.554834117639	0.559963878902
M07_L_TO_DY_ALL28:G808-E1864	M07_L_TO_DY_ALL28	ALL28	L	DY	G808-E1864	tch	edy	0	f108r	f108r	G808-P0527	f108r.37	37	1	S	B	3	3	EXACT	0.510533050188	3	-0.0791834853286	2	0.0479799696541	72	0.273101986987	1	0.0371277288893	77	0.042143593583	78	0.0491223381698	68	0.0285615232616	4	-0.011266523192	6	0.272412605699	1	0.479329534514	0.752431521501	0.480471903029	0.468063011322	0.751742140213
M07_L_TO_DY_ALL28:G808-E1976	M07_L_TO_DY_ALL28	ALL28	L	DY	G808-E1976	tch	edy	0	f112r	f112r	G808-P0553	f112r.11	11	1	S	B	3	2	EXACT	0.236537324086	17	-0.155707640751	2	0.0446825235022	72	0	0	0.0645028312042	91	0.0669211546284	91	0.0440236716217	68	0.0558833529904	4	0.00667592069592	6	0	0	0.125512206837	0.125512206837	0.124853354957	0.132188127533	0.125512206837
M07_L_TO_DY_ALL28:G808-E2058	M07_L_TO_DY_ALL28	ALL28	L	DY	G808-E2058	tch	edy	0	f113r	f113r	G808-P0591	f113r.50	50	1	S	B	3	3	EXACT	0.119760347294	42	0.0223053878659	4	0.0476977636106	72	0.0381366998872	1	0.0706085366712	118	0.0723772188731	119	0.0470871638846	68	0.0580783903634	4	-0.0274145488541	6	0.0350524701215	1	0.18976349877	0.227900198658	0.189152899044	0.162348949916	0.224815968892
M07_L_TO_DY_ALL28:G808-E2123	M07_L_TO_DY_ALL28	ALL28	L	DY	G808-E2123	tch	edy	0	f114v	f114v	G808-P0623	f114v.11	11	1	S	B	3	3	EXACT	-0.0987728435256	12	-0.0377566050677	1	0.0399666229134	72	0.0291798729809	2	0.00499577585373	85	0.00677577251994	87	0.0391065111018	68	0.0545879072926	4	0.0201264447615	6	0.0297597949527	2	-0.0965628256798	-0.0673829526989	-0.0974229374914	-0.0764363809183	-0.0668030307272
M07_L_TO_DY_ALL28:G808-E2132	M07_L_TO_DY_ALL28	ALL28	L	DY	G808-E2132	tch	edy	0	f114v	f114v	G808-P0628	f114v.28	28	1	S	B	3	2	EXACT	-0.0348515303872	15	0.370202958597	2	0.0486518425745	72	0	0	0.0289319935992	89	0.031319648145	89	0.0483026260371	68	0.0545879072926	4	0.0841416806954	6	0	0	0.384003270785	0.384003270785	0.383654054247	0.46814495148	0.384003270785
M07_L_TO_DY_ALL28:G808-E2142	M07_L_TO_DY_ALL28	ALL28	L	DY	G808-E2142	tch	edy	0	f115r	f115r	G808-P0635	f115r.10	10	1	S	B	@	3	EXACT	-0.0196770854692	10	0.0573277117351	1	-0.00227201800601	70	0	0	-0.018627826687	81	-0.0161454865021	81	-0.00557292707611	66	0.0521922831252	4	-0.0302121547547	6	0	0	0.0353786082598	0.0353786082598	0.0320776991897	0.00516645350516	0.0353786082598
M07_L_TO_DY_ALL28:G808-E2143	M07_L_TO_DY_ALL28	ALL28	L	DY	G808-E2143	tch	edy	0	f115r	f115r	G808-P0636	f115r.13	13	1	S	B	@	3	EXACT	0.116300138526	31	0	0	0.028650401959	70	-0.0414954382006	1	0.0511128782831	101	0.0521728197819	102	0.0272235789474	66	0.0521922831252	4	0.0576321485585	6	-0.10861500072	1	0.144950540485	0.103455102285	0.143523717474	0.202582689044	0.0363355397654
M07_L_TO_DY_ALL28:G808-E2172	M07_L_TO_DY_ALL28	ALL28	L	DY	G808-E2172	tch	eody	1	f115v	f115v	G808-P0649	f115v.13	13	4	S	B	3	3	EXACT	0.240380742468	30	0	0	0.0496460873846	72	0	0	0.100349812452	102	0.102760534444	102	0.0561996005988	68	-0.06176316985	4	0.013254751917	6	0	0	0.290026829853	0.290026829853	0.296580343067	0.30328158177	0.290026829853
M07_L_TO_DY_ALL28:G808-E2180	M07_L_TO_DY_ALL28	ALL28	L	DY	G808-E2180	tch	edy	0	f115v	f115v	G808-P0652	f115v.25	25	8	S	B	3	3	EXACT	0.122652484919	22	-0.109018549361	2	0.00677683716448	72	0.0796583584117	1	0.0216665149321	96	0.0241505036268	97	0.0021275517108	68	0.085815157285	4	0.105752035613	6	0.269986489011	2	0.0204107727227	0.100069131134	0.0157614872691	0.126162808335	0.290397261734
M07_L_TO_DY_ALL28:G808-E0388	M07_L_TO_DY_ALL28	ALL28	L	DY	G808-E0388	tch	edy	0	f39r	f39r	G808-P0137	f39r.9	9	1	H	B	2	2	EXACT	-0.045981207121	21	0.50118375954	1	0.0283409666464	72	0	0	0.00725970945449	94	0.00968369567727	94	0.0269333605766	68	0.05227062205	4	0.00515503238969	6	0	0	0.483543519065	0.483543519065	0.482135912996	0.488698551455	0.483543519065
M07_L_TO_DY_ALL28:G808-E0570	M07_L_TO_DY_ALL28	ALL28	L	DY	G808-E0570	tch	eody	1	f51r	f51r	G808-P0191	f51r.5	5	1	H	A	1	2	EXACT	-0.105268087411	39	0	0	-0.0178169620009	72	-0.115604214299	1	-0.0505321648233	111	-0.0490971443345	112	-0.0224175630286	68	0.0603935208925	4	0.0848128395619	6	-0.115395875393	1	-0.123085049412	-0.238689263712	-0.12768565044	-0.0382722098503	-0.238480924806
M07_L_TO_DY_ALL28:G808-E0659	M07_L_TO_DY_ALL28	ALL28	L	DY	G808-E0659	tch	eody	1	f58v	f58v	G808-P0213	f58v.36	36	1	S	A	3	3	EXACT	0.140933135968	30	-0.273083041002	3	0.0137078610065	71	0	0	0.0365151091778	104	0.0388748307685	104	0.0110953278611	67	0.0574678955255	4	0.0632058911385	6	0	0	-0.118442044027	-0.118442044027	-0.121054577173	-0.0552361528887	-0.118442044027
M07_L_TO_DY_ALL28:G808-E0685	M07_L_TO_DY_ALL28	ALL28	L	DY	G808-E0685	tch	edy	0	f66v	f66v	G808-P0219	f66v.2	2	2	H	B	5	3	EXACT	-0.0163623871267	17	0.0563843759366	1	0.0362188822468	72	0	0	0.0150760015777	90	0.0174833963956	90	0.0396212907566	68	-0.0216217331806	4	-0.0221029124843	6	0	0	0.0762408710567	0.0762408710567	0.0796432795665	0.0541379585724	0.0762408710567
M07_L_TO_DY_ALL28:G808-E0708	M07_L_TO_DY_ALL28	ALL28	L	DY	G808-E0708	tch	edy	0	f75r	f75r	G808-P0223	f75r.28	28	1	B	B	2	3	EXACT	0.198399678804	27	0.125762271178	3	0.0205329530774	72	0.383162594568	1	0.0634236399797	102	0.0684745761335	103	0.0184904988948	68	0.0552550212817	4	-0.0126242208131	6	0.383152710209	1	0.34469490306	0.727857497628	0.342652448878	0.332070682247	0.727847613269
M07_L_TO_DY_ALL28:G808-E0794	M07_L_TO_DY_ALL28	ALL28	L	DY	G808-E0794	tch	edy	0	f76v	f76v	G808-P0236	f76v.15	15	1	B	B	2	2	EXACT	0.453211157409	16	0	0	0.0373958207839	72	0	0	0.100282169506	88	0.102671704911	88	0.0363975975073	68	0.0543659369433	4	0.00165633857498	6	0	0	0.490606978193	0.490606978193	0.489608754916	0.492263316768	0.490606978193
M07_L_TO_DY_ALL28:G808-E0815	M07_L_TO_DY_ALL28	ALL28	L	DY	G808-E0815	tch	edy	0	f76v	f76v	G808-P0238	f76v.30	30	1	B	B	2	3	EXACT	0.194574873284	41	0.44035265814	1	0.0330208653446	72	0.0651012769715	1	0.0930793930976	114	0.0947837423814	115	0.0317652917481	68	0.0543659369433	4	0.106054400257	6	0.195511744026	1	0.667948396769	0.733049673741	0.666692823173	0.774002797027	0.863460140795
M07_L_TO_DY_ALL28:G808-E0900	M07_L_TO_DY_ALL28	ALL28	L	DY	G808-E0900	tch	edy	0	f78r	f78r	G808-P0247	f78r.4	4	4	B	B	2	2	EXACT	0.161047837736	60	0.00989781088513	2	0.0161967209299	72	-0.0368436047184	1	0.0846607263855	134	0.0857957967534	135	0.0195273700696	68	-0.0404240145772	4	-0.0572134696725	6	-0.0368154796418	1	0.187142369551	0.150298764833	0.190473018691	0.129928899879	0.150326889909
M07_L_TO_DY_ALL28:G808-E1006	M07_L_TO_DY_ALL28	ALL28	L	DY	G808-E1006	tch	edy	0	f80r	f80r	G808-P0266	f80r.13	13	1	B	B	2	3	EXACT	0.109660842162	84	0.0286707710976	6	0.0293187552166	72	0	0	0.0748398618399	162	0.075471839977	162	0.0237898343806	68	0.123323957068	4	0.0604439077235	6	0	0	0.167650368476	0.167650368476	0.16212144764	0.2280942762	0.167650368476
M07_L_TO_DY_ALL28:G808-E1152	M07_L_TO_DY_ALL28	ALL28	L	DY	G808-E1152	tch	edy	0	f83r	f83r	G808-P0292	f83r.1	1	1	B	B	2	2	EXACT	0.1619742376	29	0	0	0.0170776297869	72	0	0	0.0529784217944	101	0.0553766271703	101	0.0149794703943	68	0.0527466930423	4	0.068888257271	6	0	0	0.179051867387	0.179051867387	0.176953707995	0.247940124658	0.179051867387
M07_L_TO_DY_ALL28:G808-E1173	M07_L_TO_DY_ALL28	ALL28	L	DY	G808-E1173	tch	edy	0	f83r	f83r	G808-P0293	f83r.16	16	1	B	B	2	2	EXACT	0.162158188536	43	0.394094783817	1	0.0184781191622	72	0	0	0.0740856701178	116	0.0764838754936	116	0.0164623414976	68	0.0527466930423	4	0.00690834388564	6	0	0	0.574731091516	0.574731091516	0.572715313851	0.581639435402	0.574731091516
M07_L_TO_DY_ALL28:G808-E1178	M07_L_TO_DY_ALL28	ALL28	L	DY	G808-E1178	tch	edy	0	f83r	f83r	G808-P0294	f83r.23	23	1	B	B	2	2	EXACT	0.2196560371	23	0.469057141944	1	0.0160329546078	72	0.183001893873	1	0.0610646349535	96	0.0641988194931	97	0.0138733437342	68	0.0527466930423	4	0.00466595671797	6	0.183098913469	1	0.704746133652	0.887748027525	0.702586522778	0.70941209037	0.887845047121
M07_L_TO_DY_ALL28:G808-E1221	M07_L_TO_DY_ALL28	ALL28	L	DY	G808-E1221	tch	edy	0	f85r1	f85r	G808-P0302	f85r1.5	5	1	T	B	2	2	EXACT	0.135540860054	21	0	0	-0.00892418804435	72	0.114727961422	1	0.0136916181122	93	0.0166033279465	94	-0.0120684463771	68	0.0445246878571	4	-0.0181240252295	6	0.138195195926	1	0.126616672009	0.241344633432	0.123472413676	0.10849264678	0.264811867935
M07_L_TO_DY_ALL28:G808-E1245	M07_L_TO_DY_ALL28	ALL28	L	DY	G808-E1245	tch	edy	0	f85r2	f85r	G808-P0312	f85r2.9	9	3	C	B	2	2	EXACT	0.00405823456056	13	0	0	0.00923732663876	70	-0.197981236285	2	-0.00589388270501	83	-0.00923033882588	85	0.0190340531503	66	-0.152406830896	4	-0.00837545865524	6	-0.393597325024	2	0.0132955611993	-0.184685675085	0.0230922877109	0.00492010254408	-0.380301763825
M07_L_TO_DY_ALL28:G808-E1252	M07_L_TO_DY_ALL28	ALL28	L	DY	G808-E1252	tch	edy	0	f86v3	f86v	G808-P0315	f86v3.1	1	1	C	B	2	2	EXACT	0.0913615599444	24	0.0195379848201	2	0.0259499325808	70	0	0	0.0331972704132	96	0.0355787289874	96	0.0244862619992	66	0.0501005406276	4	0.0652787734951	6	0.422913774352	1	0.136849477345	0.136849477345	0.135385806764	0.20212825084	0.559763251698
M07_L_TO_DY_ALL28:G808-E1255	M07_L_TO_DY_ALL28	ALL28	L	DY	G808-E1255	tch	eody	1	f86v3	f86v	G808-P0316	f86v3.13	13	3	C	B	2	3	EXACT	0.104302733908	28	-0.577696573395	1	0.0220918837721	70	0.347560913417	2	0.0325744439704	99	0.0401798675143	101	0.0286521721497	66	-0.0861528310068	4	-0.0577624262641	6	0.360017789743	2	-0.451301955715	-0.103741042298	-0.444741667338	-0.509064381979	-0.0912841659727
M07_L_TO_DY_ALL28:G808-E1416	M07_L_TO_DY_ALL28	ALL28	L	DY	G808-E1416	tch	edy	0	f94r	f94r	G808-P0348	f94r.1	1	1	H	B	3	3	EXACT	-0.015525823516	51	0	0	0.0359058195957	72	0	0	0.0162537731032	123	0.0186699420325	123	0.0347326978182	68	0.0558492310258	4	0.112996298241	6	0	0	0.0203799960797	0.0203799960797	0.0192068743021	0.133376294321	0.0203799960797
M07_L_TO_DY_ALL28:G808-E1550	M07_L_TO_DY_ALL28	ALL28	L	DY	G808-E1550	ych	edy	0	f103r	f103r	G808-P0381	f103r.4	4	1	S	B	3	2	EXACT	-0.0830178119861	25	0.43524808241	2	0.0361699351191	71	0	0	0.00603307042528	98	0.00870680895488	98	0.0326817930773	67	0.0945964186932	4	0.00128603071168	6	0	0	0.388400205543	0.388400205543	0.384912063501	0.389686236255	0.388400205543
M07_L_TO_DY_ALL28:G808-E1599	M07_L_TO_DY_ALL28	ALL28	L	DY	G808-E1599	ych	eody	1	f103v	f103v	G808-P0405	f103v.23	23	1	S	B	3	3	EXACT	0.12979364125	36	-0.00688881022081	6	0.0503715252989	72	0.203242031114	1	0.0677936220857	114	0.0712025872624	115	0.0484088125326	68	0.083737982086	4	0.0290211682083	6	0.0470209795578	1	0.173276356328	0.376518387442	0.171313643562	0.202297524536	0.220297335886
M07_L_TO_DY_ALL28:G808-E1712	M07_L_TO_DY_ALL28	ALL28	L	DY	G808-E1712	ych	edy	0	f106r	f106r	G808-P0459	f106r.7	7	3	S	B	3	2	EXACT	0.142515724403	19	0	0	0.0389999676822	72	0	0	0.048731558821	91	0.0515518832051	91	0.0519044363544	68	-0.180375449819	4	0.00731541145162	6	0	0	0.181515692085	0.181515692085	0.194420160758	0.188831103537	0.181515692085
M07_L_TO_DY_ALL28:G808-E1731	M07_L_TO_DY_ALL28	ALL28	L	DY	G808-E1731	ych	edy	0	f106r	f106r	G808-P0465	f106r.23	23	1	S	B	3	3	EXACT	0.198690561092	5	-0.133313587715	3	0.0578155047363	72	0	0	0.0369435136415	80	0.0397638380257	80	0.0554012739303	68	0.0988579783642	4	0.0465421668568	6	0	0	0.123192478113	0.123192478113	0.120778247307	0.16973464497	0.123192478113
M07_L_TO_DY_ALL28:G808-E2064	M07_L_TO_DY_ALL28	ALL28	L	DY	G808-E2064	ych	eody	1	f113v	f113v	G808-P0594	f113v.8	8	1	S	B	3	3	EXACT	0.15419657373	10	0.398823748568	1	0.0665087288264	72	0	0	0.0626478281847	83	0.0654289048115	83	0.0637660124192	68	0.11313555952	4	-0.0165818580812	6	0	0	0.619529051124	0.619529051124	0.616786334717	0.602947193043	0.619529051124
M07_L_TO_DY_ALL28:G808-E0991	M07_L_TO_DY_ALL28	ALL28	L	DY	G808-E0991	ych	edy	0	f79v	f79v	G808-P0259	f79v.8	8	1	B	B	2	2	EXACT	0.176777560906	29	-0.025831759141	3	0.0275636235593	72	0	0	0.0607734371425	104	0.0635166637776	104	0.0215505685117	68	0.129785885913	4	0.0483439379832	6	0	0	0.178509425324	0.178509425324	0.172496370276	0.226853363307	0.178509425324
M07_L_TO_DY_ALL28:G808-E1046	M07_L_TO_DY_ALL28	ALL28	L	DY	G808-E1046	ych	edy	0	f80v	f80v	G808-P0273	f80v.18	18	1	B	B	2	2	EXACT	0.17440682286	21	0.173210706157	2	0.0427865624083	72	-0.0149700740941	1	0.0621518794335	95	0.0633478335934	96	0.0397891961526	68	0.0937420112133	4	0.0316345600834	6	-0.0175262628572	1	0.390404091426	0.375434017332	0.38740672517	0.422038651509	0.372877828569
M07_L_TO_DY_ALL28:G808-E1066	M07_L_TO_DY_ALL28	ALL28	L	DY	G808-E1066	ych	edy	0	f81r	f81r	G808-P0279	f81r.12	12	1	B	B	2	2	EXACT	0.180348200991	38	0	0	0.0403504660805	72	-0.195519305836	1	0.0864578860226	110	0.0862782867498	111	0.0366421522301	68	0.103391145219	4	-0.0707792452548	6	-0.164556616697	1	0.220698667071	0.0251793612348	0.216990353221	0.149919421816	0.0561420503741
M07_L_TO_DY_ALL28:G808-E1229	M07_L_TO_DY_ALL28	ALL28	L	DY	G808-E1229	ych	edy	0	f85r1	f85r	G808-P0306	f85r1.22	22	5	T	B	2	2	EXACT	0.10156731645	10	0	0	-0.00851176570058	72	0	0	-0.013580918201	82	-0.0108422017952	82	-0.0162622688049	68	0.123241340305	4	0.00377503459381	6	0	0	0.0930555507493	0.0930555507493	0.0853050476449	0.0968305853431	0.0930555507493
M07_L_TO_DY_ALL28:G808-E1279	M07_L_TO_DY_ALL28	ALL28	L	DY	G808-E1279	ych	edy	0	f86v5	f86v	G808-P0325	f86v5.34	34	6	T	B	2	3	EXACT	-0.0747484955653	66	0.00709814093779	3	0.0462223081307	72	-0.0596185827027	1	-0.00426939398128	141	-0.00228871925745	142	0.0425975718755	68	0.10784274047	4	0.03152735379	6	-0.0628674174166	1	-0.0214280464968	-0.0810466291995	-0.025052782752	0.0100993072932	-0.0842954639134
M07_L_TO_DY_ALL28:G808-E1983	M07_L_TO_DY_ALL28	ALL28	L	DY	G808-E1983	yk	edy	0	f112r	f112r	G808-P0556	f112r.25	25	5	S	B	3	3	EXACT	0.252716406381	9	0.0554548471941	2	0.0246902438438	72	0.229516149852	1	0.0344714577494	83	0.0386561605706	84	0.0318642386146	68	-0.0972662919229	4	-0.115970610648	6	0.175510173857	1	0.332861497419	0.562377647271	0.34003549219	0.216890886771	0.508371671277
M07_L_TO_DY_ALL28:G808-E0134	M07_L_TO_DY_ALL28	ALL28	L	DY	G808-E0134	yk	eody	1	f14r	f14r	G808-P0046	f14r.13	13	5	H	A	1	2	EXACT	-0.102282676716	21	0	0	-0.0459759009378	72	-0.0734392438196	1	-0.0671303990781	93	-0.0652764208786	94	-0.0447809526237	68	-0.0662886775769	4	-0.0437299223257	6	-0.0565444103478	2	-0.148258577654	-0.221697821473	-0.14706362934	-0.191988499979	-0.204802988002
M07_L_TO_DY_ALL28:G808-E0322	M07_L_TO_DY_ALL28	ALL28	L	DY	G808-E0322	yk	edy	0	f31r	f31r	G808-P0109	f31r.13	13	4	H	B	2	2	EXACT	-0.00635218743208	19	0	0	0.00565337971451	72	0	0	-0.006668215456	91	-0.00418307370206	91	-0.000640770032322	68	0.112655313192	4	-0.0479107035887	6	0	0	-0.000698807717565	-0.000698807717565	-0.0069929574644	-0.0486095113062	-0.000698807717565
M07_L_TO_DY_ALL28:G808-E0345	M07_L_TO_DY_ALL28	ALL28	L	DY	G808-E0345	yk	edy	0	f34r	f34r	G808-P0117	f34r.7	7	6	H	B	2	3	EXACT	-0.0594897424851	41	0	0	0.00286379636879	72	0.0662565791358	1	-0.0206761801696	113	-0.017911486397	114	-0.00315709419212	68	0.105220293401	4	0.0404176032346	6	0.122909714387	1	-0.0566259461163	0.00963063301947	-0.0626468366772	-0.0162083428817	0.0662837682702
M07_L_TO_DY_ALL28:G808-E0446	M07_L_TO_DY_ALL28	ALL28	L	DY	G808-E0446	yk	eody	1	f43v	f43v	G808-P0157	f43v.7	7	2	H	B	2	3	EXACT	-0.280229735151	8	0.0333873230843	1	0.0213292283164	72	0	0	-0.0243345195285	81	-0.0218227657684	81	0.0237591786823	68	-0.0199785832041	4	0.0444468422302	6	0	0	-0.225513183751	-0.225513183751	-0.223083233385	-0.18106634152	-0.225513183751
M07_L_TO_DY_ALL28:G808-E0904	M07_L_TO_DY_ALL28	ALL28	L	DY	G808-E0904	yk	edy	0	f78r	f78r	G808-P0247	f78r.8	8	6	B	B	2	1	EXACT	0.159773485436	61	0	0	0.0453338075042	72	0	0	0.102555933374	133	0.1050369633	133	0.0439450338489	68	0.0689442874482	4	-0.11496024095	6	0	0	0.20510729294	0.20510729294	0.203718519285	0.0901470519898	0.20510729294
M07_L_TO_DY_ALL28:G808-E1313	M07_L_TO_DY_ALL28	ALL28	L	DY	G808-E1313	yk	edy	0	f86v6	f86v	G808-P0329	f86v6.44	44	10	T	B	2	3	EXACT	0.0573694451276	75	0.0391954471764	2	0.0316893809702	72	0.0358873594894	1	0.0532902589958	149	0.0553220423727	150	0.0378899349198	68	-0.0737190547049	4	0.0356112976499	6	0.124163656455	1	0.128254273274	0.164141632764	0.134454827224	0.163865570924	0.25241792973
M07_L_TO_DY_ALL28:G808-E1429	M07_L_TO_DY_ALL28	ALL28	L	DY	G808-E1429	yk	edy	0	f95r1	f95r	G808-P0353	f95r1.10	10	6	H	B	3	3	EXACT	0.0706665836628	27	-0.0441098858764	2	0.0357819691493	72	0.153189735722	1	0.0370366113776	101	0.0400791679685	102	0.0308097602855	68	0.120310843796	4	0.0815480242205	6	0.302552683137	2	0.0623386669357	0.215528402658	0.0573664580718	0.143886691156	0.364891350073
M07_L_TO_DY_ALL28:G808-E1666	M07_L_TO_DY_ALL28	ALL28	L	DY	G808-E1666	yt	eody	1	f105r	f105r	G808-P0439	f105r.6	6	8	S	B	3	3	EXACT	0.326448604216	15	0	0	0.0513066774294	72	0.0677934289549	1	0.0854488393187	87	0.0870966320153	88	0.0481070171005	68	0.105701805403	4	-0.0471546618144	6	-0.0301338314648	2	0.377755281645	0.4455487106	0.374555621316	0.330600619831	0.34762145018
M07_L_TO_DY_ALL28:G808-E1671	M07_L_TO_DY_ALL28	ALL28	L	DY	G808-E1671	yt	eody	1	f105r	f105r	G808-P0441	f105r.16	16	1	S	B	3	2	EXACT	0.253312325731	18	-0.0474257884786	1	0.0488736276802	72	0.0655711312101	1	0.0765120772288	91	0.078266759619	92	0.0454913091672	68	0.106373944783	4	0.0915304197634	6	0.199347121207	1	0.254760164932	0.320331296142	0.251377846419	0.346290584696	0.454107286139
M07_L_TO_DY_ALL28:G808-E1691	M07_L_TO_DY_ALL28	ALL28	L	DY	G808-E1691	yt	edy	0	f105r	f105r	G808-P0447	f105r.36	36	10	S	B	3	3	EXACT	0.35061637832	12	0.0462049690416	2	0.0336503415276	72	-0.245282264348	1	0.0626909455335	86	0.0609927882716	87	0.0458096411653	68	-0.173056849932	4	-0.133759997871	6	-0.243620236395	1	0.430471688889	0.185189424541	0.442630988527	0.296711691019	0.186851452494
M07_L_TO_DY_ALL28:G808-E0266	M07_L_TO_DY_ALL28	ALL28	L	DY	G808-E0266	yt	edy	0	f26r	f26r	G808-P0090	f26r.2	2	6	H	B	2	3	EXACT	0.166517512227	18	0.162572495327	1	-0.0138095358378	72	-0.380857837108	1	0.0123069243006	91	0.00991811858264	92	-0.022311573346	68	0.130725445706	4	-0.0140816890504	6	-0.387258888132	1	0.315280471716	-0.065577365392	0.306778434208	0.301198782666	-0.0719784164154
M07_L_TO_DY_ALL28:G808-E0276	M07_L_TO_DY_ALL28	ALL28	L	DY	G808-E0276	yt	edy	0	f26v	f26v	G808-P0092	f26v.3	3	10	H	B	2	3	EXACT	0.0775503441615	36	-0.135154059175	2	0.00917169856523	72	0	0	0.0253343646388	110	0.0277764702329	110	0.0183530517718	68	-0.146910962041	4	-0.0903641635338	6	0	0	-0.0484320164481	-0.0484320164481	-0.0392506632415	-0.138796179982	-0.0484320164481
M07_L_TO_DY_ALL28:G808-E0023	M07_L_TO_DY_ALL28	ALL28	L	DY	G808-E0023	yt	eody	1	f3r	f3r	G808-P0007	f3r.17	17	3	H	A	1	2	EXACT	-0.360185471888	6	0	0	-0.0446492542586	72	0	0	-0.0886582838263	78	-0.0861659794833	78	-0.0345976036338	68	-0.215527010592	4	0.114339023223	6	0	0	-0.404834726147	-0.404834726147	-0.394783075522	-0.290495702924	-0.404834726147
M07_L_TO_DY_ALL28:G808-E0406	M07_L_TO_DY_ALL28	ALL28	L	DY	G808-E0406	yt	edy	0	f41r	f41r	G808-P0145	f41r.4	4	5	H	B	5	3	EXACT	0.115004844344	13	0.226151178986	1	0.0185716237159	72	0.0567545281033	1	0.0212185029672	86	0.0234796539157	87	0.0255505027793	68	-0.100068976456	4	0.0391398018439	6	0.0568861634276	1	0.359727647046	0.416482175149	0.36670652611	0.39886744889	0.416613810474
M07_L_TO_DY_ALL28:G808-E0521	M07_L_TO_DY_ALL28	ALL28	L	DY	G808-E0521	yt	edy	0	f48r	f48r	G808-P0180	f48r.4	4	6	H	B	5	3	EXACT	-0.0745914769318	37	-0.00847314200525	3	0.0440147975067	72	0	0	3.09157475233e-05	112	0.00244145256892	112	0.0524182300121	68	-0.0988431985965	4	0.00815086665615	6	0	0	-0.0390498214303	-0.0390498214303	-0.0306463889249	-0.0308989547742	-0.0390498214303
M07_L_TO_DY_ALL28:G808-E0538	M07_L_TO_DY_ALL28	ALL28	L	DY	G808-E0538	yt	edy	0	f48v	f48v	G808-P0182	f48v.10	10	3	H	B	5	3	EXACT	0.0994689687428	24	0.236152287891	4	0.0209119230481	72	-0.0166666570294	1	0.0392666460353	100	0.0406596957149	101	0.0279684072333	68	-0.0990479784475	4	-0.134598619713	6	-0.0164791942105	1	0.356533179682	0.339866522652	0.363589663867	0.221934559968	0.340053985471
M07_L_TO_DY_ALL28:G808-E0924	M07_L_TO_DY_ALL28	ALL28	L	DY	G808-E0924	yt	edy	0	f78r	f78r	G808-P0248	f78r.33	33	1	B	B	2	3	EXACT	0.177188543797	49	-0.0241845416092	4	0.0435855037498	72	-1.10820460938	1	0.0942026049953	125	0.0866953785733	126	0.0398000328917	68	0.107938808204	4	0.0457729336456	6	-0.833465758015	1	0.196589505938	-0.911615103442	0.19280403508	0.242362439583	-0.636876252077
M07_L_TO_DY_ALL28:G808-E1231	M07_L_TO_DY_ALL28	ALL28	L	DY	G808-E1231	yt	eody	1	f85r1	f85r	G808-P0307	f85r1.23	23	4	T	B	2	3	EXACT	0.183890778768	10	-0.38395635518	2	0.0139416332567	72	-0.489586229432	1	0.00797823748846	84	0.00395492888972	85	0.0183380591005	68	-0.0608030528555	4	0.0337376654421	6	-0.48955950836	1	-0.186123943155	-0.675710172588	-0.181727517312	-0.152386277713	-0.675683451516
M07_L_TO_DY_ALL28:G808-E1277	M07_L_TO_DY_ALL28	ALL28	L	DY	G808-E1277	yt	edy	0	f86v5	f86v	G808-P0325	f86v5.31	31	5	T	B	2	3	EXACT	-0.0674014043036	64	0.79582970038	1	0.0346353555282	72	-0.0870918152593	1	-0.00136506816869	137	8.38844630705e-05	138	0.0427387574611	68	-0.103122561329	4	-0.0440070033515	6	-0.0629792998319	1	0.763063651604	0.675971836345	0.771167053537	0.719056648253	0.700084351773
M07_L_TO_DY_ALL28:G808-E1281	M07_L_TO_DY_ALL28	ALL28	L	DY	G808-E1281	yt	eody	1	f86v5	f86v	G808-P0325	f86v5.39	39	1	T	B	2	2	EXACT	-0.0674014043036	64	-0.317470864093	1	0.0291907550025	72	0	0	-0.0123527455579	137	-0.00990161442203	137	0.0242904008906	68	0.112496690907	4	0.0701928436864	6	0	0	-0.355681513394	-0.355681513394	-0.360581867506	-0.285488669707	-0.355681513394
M08_DY_TO_L_ALL28:G808-E1498	M08_DY_TO_L_ALL28	ALL28	DY	L	G808-E1498	ch	ol	0	f100r	f100r	G808-P0371	f100r.15	15	5	P	A	1	2	EXACT	0.391634955816	15	0	0	0.108163684625	71	0	0	0.187274807778	86	0.186365544471	86	0.126436402236	67	-0.197907237957	4	-0.0616080771455	6	0	0	0.499798640441	0.499798640441	0.518071358052	0.438190563296	0.499798640441
M08_DY_TO_L_ALL28:G808-E1501	M08_DY_TO_L_ALL28	ALL28	DY	L	G808-E1501	ch	eol	1	f100r	f100r	G808-P0372	f100r.24	24	9	P	A	1	3	EXACT	-0.00744077250837	2	0	0	0.130625866624	72	0	0	0.177165374595	74	0.176256111288	74	0.142939125138	68	-0.0787103889112	4	0.306805834791	6	0.167844479095	1	0.123185094116	0.123185094116	0.135498352629	0.429990928906	0.291029573211
M08_DY_TO_L_ALL28:G808-E1504	M08_DY_TO_L_ALL28	ALL28	DY	L	G808-E1504	ch	ol	0	f100r	f100r	G808-P0372	f100r.26	26	3	P	A	1	3	EXACT	-0.00744077250837	2	-0.188311852839	1	0.127031757453	72	0	0	0.169039387992	75	0.168130124685	75	0.12543725404	68	0.154127454682	4	0.00461095469113	6	0	0	-0.0687208678939	-0.0687208678939	-0.0703153713072	-0.0641099132027	-0.0687208678939
M08_DY_TO_L_ALL28:G808-E1507	M08_DY_TO_L_ALL28	ALL28	DY	L	G808-E1507	ch	ol	0	f100v	f100v	G808-P0373	f100v.16	16	2	P	A	1	3	EXACT	0.216120941122	23	-0.0977821429541	2	0.125345779723	72	0	0	0.162542481591	97	0.161603950262	97	0.120666091935	68	0.204889611336	4	-0.0118506581611	6	-0.167697188249	1	0.243684577892	0.243684577892	0.239004890103	0.231833919731	0.0759873896429
M08_DY_TO_L_ALL28:G808-E1510	M08_DY_TO_L_ALL28	ALL28	DY	L	G808-E1510	ch	ol	0	f100v	f100v	G808-P0373	f100v.17	17	5	P	A	1	2	EXACT	0.216120941122	23	0	0	0.133875464759	72	0	0	0.174175396841	95	0.173236865512	95	0.148905694756	68	-0.121649305985	4	-0.303045035473	6	0	0	0.349996405881	0.349996405881	0.365026635878	0.0469513704082	0.349996405881
M08_DY_TO_L_ALL28:G808-E1517	M08_DY_TO_L_ALL28	ALL28	DY	L	G808-E1517	ch	ol	0	f102r1	f102r	G808-P0374	f102r1.5	5	7	P	A	1	2	EXACT	0.176670316805	5	-0.0324888379499	1	0.127129939626	72	0	0	0.172925625628	78	0.171803830513	78	0.142757564542	68	-0.138550326607	4	-0.0892868629523	6	0	0	0.271311418481	0.271311418481	0.286939043397	0.182024555529	0.271311418481
M08_DY_TO_L_ALL28:G808-E1527	M08_DY_TO_L_ALL28	ALL28	DY	L	G808-E1527	ch	ol	0	f102r1	f102r	G808-P0376	f102r1.15	15	2	P	A	1	3	EXACT	0.146180228078	17	0	0	0.137709553422	72	0	0	0.16653073121	89	0.165408936095	89	0.133749495114	68	0.205019902004	4	0.00602987827779	6	-0.329367724071	1	0.2838897815	0.2838897815	0.279929723192	0.289919659778	-0.0454779425706
M08_DY_TO_L_ALL28:G808-E1532	M08_DY_TO_L_ALL28	ALL28	DY	L	G808-E1532	ch	eol	1	f102v1	f102v	G808-P0377	f102v1.13	13	5	P	A	1	3	EXACT	0.17408361707	24	0.131971129956	2	0.0862959567911	72	-0.23823987667	2	0.127595258614	98	0.119830257759	100	0.0984668754527	68	-0.120621111114	4	0.224072960966	6	-0.325166115433	3	0.392350703817	0.154110827147	0.404521622479	0.616423664783	0.0671845883841
M08_DY_TO_L_ALL28:G808-E1539	M08_DY_TO_L_ALL28	ALL28	DY	L	G808-E1539	ch	eol	1	f102v1	f102v	G808-P0378	f102v1.22	22	4	P	A	1	2	EXACT	0.184433998559	13	0	0	0.0940132370966	72	0	0	0.140347524107	85	0.139408244651	85	0.0987098540798	68	0.0141592977241	4	-0.202160909262	6	0	0	0.278447235656	0.278447235656	0.283143852639	0.0762863263935	0.278447235656
M08_DY_TO_L_ALL28:G808-E1543	M08_DY_TO_L_ALL28	ALL28	DY	L	G808-E1543	ch	eol	1	f102v1	f102v	G808-P0378	f102v1.24	24	4	P	A	1	2	EXACT	0.184433998559	13	0	0	0.103914913381	72	0	0	0.148734826371	85	0.147795546915	85	0.104579378359	68	0.092607558105	4	0.257956299684	6	0	0	0.28834891194	0.28834891194	0.289013376918	0.546305211624	0.28834891194
M08_DY_TO_L_ALL28:G808-E1544	M08_DY_TO_L_ALL28	ALL28	DY	L	G808-E1544	ch	eol	1	f102v2	f102v	G808-P0379	f102v2.21	21	6	P	A	1	3	EXACT	-0.067918369782	22	-0.0953649167094	2	0.13007321651	71	0	0	0.100184557006	95	0.0992452775501	95	0.145039859718	67	-0.120621111114	4	0.297369157888	6	0	0	-0.0332100699814	-0.0332100699814	-0.0182434267736	0.264159087907	-0.0332100699814
M08_DY_TO_L_ALL28:G808-E1579	M08_DY_TO_L_ALL28	ALL28	DY	L	G808-E1579	ch	eol	1	f103r	f103r	G808-P0394	f103r.41	41	1	S	B	3	3	EXACT	-0.166308047619	7	0.103688894267	6	-0.00215028813352	72	0	0	0.0329028923152	85	0.0320620159755	85	-0.00863940158807	68	0.108155283001	4	0.223082460031	6	0	0	-0.0647694414855	-0.0647694414855	-0.0712585549401	0.158313018546	-0.0647694414855
M08_DY_TO_L_ALL28:G808-E1587	M08_DY_TO_L_ALL28	ALL28	DY	L	G808-E1587	ch	ol	0	f103v	f103v	G808-P0400	f103v.7	7	3	S	B	3	3	EXACT	-0.500709705478	11	-0.333433912877	2	-0.046880191755	72	-0.220464787444	3	-0.0786550281472	85	-0.0836834678323	88	-0.0584791103114	68	0.150304253702	4	-0.0492487914723	6	-0.242458987293	3	-0.881023810111	-1.10148859755	-0.892622728667	-0.930272601583	-1.1234827974
M08_DY_TO_L_ALL28:G808-E1629	M08_DY_TO_L_ALL28	ALL28	DY	L	G808-E1629	ch	eol	1	f104r	f104r	G808-P0420	f104r.32	32	5	S	B	3	3	EXACT	-0.156677521415	16	0.289889990215	2	-0.00542322733088	72	0	0	0.00224710833175	90	0.00124944982729	90	-0.00039548599972	68	-0.0909055577507	4	0.144062848282	6	0	0	0.127789241468	0.127789241468	0.132816982799	0.27185208975	0.127789241468
M08_DY_TO_L_ALL28:G808-E1632	M08_DY_TO_L_ALL28	ALL28	DY	L	G808-E1632	ch	ol	0	f104r	f104r	G808-P0423	f104r.39	39	6	S	B	3	3	EXACT	-0.294615153852	15	-0.273473284073	2	-0.0362197518277	72	-0.366227062998	1	-0.0558312070318	89	-0.059991258539	90	-0.0330035707611	68	-0.0909055577507	4	0.0154165002372	6	-0.232107188881	1	-0.604308189753	-0.970535252751	-0.601092008686	-0.588891689516	-0.836415378634
M08_DY_TO_L_ALL28:G808-E1634	M08_DY_TO_L_ALL28	ALL28	DY	L	G808-E1634	ch	eol	1	f104r	f104r	G808-P0424	f104r.44	44	6	S	B	3	3	EXACT	-0.363412332072	9	-0.158861896067	1	-0.0368268308834	72	0.127231464431	1	-0.0363378297717	82	-0.0350541656265	83	-0.0320677294567	68	-0.117742282927	4	0.107637837733	6	0.0797501083408	3	-0.559101059022	-0.431869594591	-0.554341957595	-0.45146322129	-0.479350950681
M08_DY_TO_L_ALL28:G808-E1643	M08_DY_TO_L_ALL28	ALL28	DY	L	G808-E1643	ch	eol	1	f104v	f104v	G808-P0428	f104v.12	12	10	S	B	3	3	EXACT	-0.132507162134	4	0.0845933516943	2	-0.0108865477619	72	0	0	0.0306769451594	78	0.0297744419462	78	-0.00360316176509	68	-0.134715040742	4	0.0623997726457	6	-0.178087064584	1	-0.0588003582018	-0.0588003582018	-0.051516972205	0.00359941444392	-0.236887422786
M08_DY_TO_L_ALL28:G808-E1649	M08_DY_TO_L_ALL28	ALL28	DY	L	G808-E1649	ch	eol	1	f104v	f104v	G808-P0429	f104v.17	17	12	S	B	3	3	EXACT	-0.434460598889	11	-0.194363137008	2	-0.025760601725	72	0	0	-0.0480256189076	85	-0.0489281221208	85	-0.0248261677603	68	-0.0416569101608	4	0.0521020809119	6	-0.254113665122	2	-0.654584337622	-0.654584337622	-0.653649903657	-0.60248225671	-0.908698002744
M08_DY_TO_L_ALL28:G808-E1650	M08_DY_TO_L_ALL28	ALL28	DY	L	G808-E1650	ch	ol	0	f104v	f104v	G808-P0430	f104v.19	19	2	S	B	3	3	EXACT	0.00567771156071	12	-0.252776521755	3	0.031596742329	72	0	0	0.0512024697051	87	0.0502999664919	87	0.0206732942798	68	0.21728442813	4	0.10786142177	6	0	0	-0.215502067865	-0.215502067865	-0.226425515915	-0.107640646095	-0.215502067865
M08_DY_TO_L_ALL28:G808-E1657	M08_DY_TO_L_ALL28	ALL28	DY	L	G808-E1657	ch	ol	0	f104v	f104v	G808-P0433	f104v.31	31	4	S	B	3	3	EXACT	0	0	0.125859687411	2	-0.0196501408947	72	0	0	0.0366970588189	74	0.0357945556057	74	-0.0211847856511	68	0.0064278889292	4	-0.138227840055	6	0	0	0.106209546516	0.106209546516	0.10467490176	-0.0320182935393	0.106209546516
M08_DY_TO_L_ALL28:G808-E1658	M08_DY_TO_L_ALL28	ALL28	DY	L	G808-E1658	ch	eol	1	f104v	f104v	G808-P0434	f104v.34	34	7	S	B	3	3	EXACT	-0.246459753023	17	0.0313915510772	1	0.00257326793354	72	-0.0443421431001	1	-0.0173259419128	90	-0.0182678963919	91	0.007578600831	68	-0.0825283223581	4	0.232038962944	6	-0.0450670097507	1	-0.212494934012	-0.256837077112	-0.207489601115	0.019544028932	-0.257561943763
M08_DY_TO_L_ALL28:G808-E1685	M08_DY_TO_L_ALL28	ALL28	DY	L	G808-E1685	ch	ol	0	f105r	f105r	G808-P0445	f105r.29	29	6	S	B	3	3	EXACT	-0.116299183651	6	0.608181104018	1	0.000776619811788	72	0.132077354306	1	0.0453750645223	79	0.0458098404148	80	0.00845235164621	68	-0.129726524058	4	-0.00644591273234	6	0.066243682843	3	0.492658540179	0.624735894485	0.500334272013	0.486212627447	0.558902223022
M08_DY_TO_L_ALL28:G808-E1715	M08_DY_TO_L_ALL28	ALL28	DY	L	G808-E1715	ch	ol	0	f106r	f106r	G808-P0460	f106r.9	9	2	S	B	3	2	EXACT	-0.123656864418	7	-0.0777347486411	1	0.0127171631383	72	0.193482692631	1	0.042123162456	80	0.0433883652768	81	0.000999463517737	68	0.211908303157	4	0.139555404623	6	0.192460226978	1	-0.188674449921	0.00480824270979	-0.200392149541	-0.0491190452982	0.00378577705682
M08_DY_TO_L_ALL28:G808-E1718	M08_DY_TO_L_ALL28	ALL28	DY	L	G808-E1718	ch	eol	1	f106r	f106r	G808-P0461	f106r.11	11	3	S	B	3	3	EXACT	-0.603988980091	5	-0.200816785463	2	-0.00192117593989	72	0.16411760138	1	0.000421530246471	79	0.00186789510594	80	-0.0114284009269	68	0.159691895309	4	0.209746297859	6	0.414409564008	1	-0.806726941494	-0.642609340114	-0.816234166481	-0.596980643635	-0.392317377486
M08_DY_TO_L_ALL28:G808-E1735	M08_DY_TO_L_ALL28	ALL28	DY	L	G808-E1735	ch	eol	1	f106r	f106r	G808-P0467	f106r.31	31	5	S	B	3	2	EXACT	-0.0413226415641	26	0	0	-0.0245823524436	72	0	0	-0.0117194500033	98	-0.0126106693224	98	-0.0206413926056	68	-0.0915884232215	4	0.212068670864	6	0	0	-0.0659049940077	-0.0659049940077	-0.0619640341697	0.146163676857	-0.0659049940077
M08_DY_TO_L_ALL28:G808-E1747	M08_DY_TO_L_ALL28	ALL28	DY	L	G808-E1747	ch	eol	1	f106v	f106v	G808-P0475	f106v.10	10	2	S	B	3	2	EXACT	-0.226313839132	5	0	0	0.0138304552536	72	0	0	0.0436580682332	77	0.0428099032994	77	0.00169782847552	68	0.220074127316	4	-0.15581541121	6	0.0693485781074	2	-0.212483383878	-0.212483383878	-0.224616010656	-0.368298795088	-0.143134805771
M08_DY_TO_L_ALL28:G808-E1779	M08_DY_TO_L_ALL28	ALL28	DY	L	G808-E1779	ch	ol	0	f107r	f107r	G808-P0501	f107r.50	50	4	S	B	3	3	EXACT	-0.193258627912	15	0.166633043294	3	-0.0336633853231	72	0	0	-0.0238544170895	90	-0.0247498756085	90	-0.0416151483629	68	0.1015057285	4	0.0604897244886	6	-0.1157590786	2	-0.0602889699409	-0.0602889699409	-0.0682407329807	0.000200754547726	-0.176048048541
M08_DY_TO_L_ALL28:G808-E1780	M08_DY_TO_L_ALL28	ALL28	DY	L	G808-E1780	ch	ol	0	f107r	f107r	G808-P0501	f107r.51	51	3	S	B	3	3	EXACT	-0.193258627912	15	-0.398133792515	2	-0.031693257271	72	-0.253972254668	1	-0.03728989457	89	-0.0403346074491	90	-0.0425180515485	68	0.15231738759	4	-0.21444600746	6	-0.0973835121123	3	-0.623085677698	-0.877057932367	-0.633910471976	-0.837531685159	-0.720469189811
M08_DY_TO_L_ALL28:G808-E1794	M08_DY_TO_L_ALL28	ALL28	DY	L	G808-E1794	ch	ol	0	f107v	f107v	G808-P0505	f107v.12	12	3	S	B	3	3	EXACT	-0.306547088125	20	0.0595461577955	2	-0.0232795302345	72	0.146763300203	1	-0.0588306562989	94	-0.0572199995042	95	-0.0311342152952	68	0.11023939061	4	-0.186663697853	6	0.118109983241	1	-0.270280460564	-0.123517160361	-0.278135145625	-0.456944158417	-0.152170477323
M08_DY_TO_L_ALL28:G808-E1799	M08_DY_TO_L_ALL28	ALL28	DY	L	G808-E1799	ch	eol	1	f107v	f107v	G808-P0506	f107v.17	17	8	S	B	3	3	EXACT	0.132660332174	7	-0.289310647371	4	-0.0376477003844	72	-0.0438801237923	2	0.00392540964294	83	0.00250625965332	85	-0.0336005501269	68	-0.106459979948	4	0.209629393338	6	-0.107308151234	2	-0.194298015581	-0.238178139373	-0.190250865324	0.0153313777573	-0.301606166815
M08_DY_TO_L_ALL28:G808-E1800	M08_DY_TO_L_ALL28	ALL28	DY	L	G808-E1800	ch	ol	0	f107v	f107v	G808-P0506	f107v.18	18	6	S	B	3	3	EXACT	0.132660332174	7	-0.230976597937	2	-0.0371754076756	72	-0.0787981072777	1	0.0127292860529	81	0.0110928706652	82	-0.0333507532209	68	-0.102205258592	4	0.179330834658	6	-0.0998952459366	2	-0.135491673439	-0.214289780716	-0.131667018984	0.0438391612198	-0.235386919375
M08_DY_TO_L_ALL28:G808-E1802	M08_DY_TO_L_ALL28	ALL28	DY	L	G808-E1802	ch	ol	0	f107v	f107v	G808-P0507	f107v.21	21	4	S	B	3	3	EXACT	0	0	0.359752900563	2	-0.0460746827068	71	-0.0623537266653	1	0.0167079884909	73	0.0151456372989	74	-0.0471312887039	67	-0.0283794008293	4	-0.364527739073	6	-0.0753838410206	1	0.313678217856	0.251324491191	0.312621611859	-0.0508495212166	0.238294376836
M08_DY_TO_L_ALL28:G808-E1804	M08_DY_TO_L_ALL28	ALL28	DY	L	G808-E1804	ch	ol	0	f107v	f107v	G808-P0507	f107v.22	22	5	S	B	3	2	EXACT	0	0	0	0	-0.0277717603426	71	1.10236447261	1	0.0250092048991	71	0.039486004809	72	-0.0270117373351	67	-0.0405050142934	4	0.139028612476	6	1.10043405727	1	-0.0277717603426	1.07459271227	-0.0270117373351	0.111256852134	1.07266229693
M08_DY_TO_L_ALL28:G808-E1805	M08_DY_TO_L_ALL28	ALL28	DY	L	G808-E1805	ch	ol	0	f107v	f107v	G808-P0508	f107v.24	24	3	S	B	3	2	EXACT	0.0314805848529	4	0	0	-0.00428203931996	71	0	0	0.0431476360929	75	0.0423843366666	75	-0.00226228028594	67	-0.038115871715	4	0.209629393338	6	0	0	0.027198545533	0.027198545533	0.029218304567	0.236827938871	0.027198545533
M08_DY_TO_L_ALL28:G808-E1808	M08_DY_TO_L_ALL28	ALL28	DY	L	G808-E1808	ch	eol	1	f107v	f107v	G808-P0509	f107v.28	28	3	S	B	3	2	EXACT	-0.00624001096923	15	0	0	-0.018550340158	72	0	0	0.0128876976226	87	0.0121243981963	87	-0.0174000574303	68	-0.038115871715	4	0.166132153763	6	-0.169632593589	2	-0.0247903511272	-0.0247903511272	-0.0236400683995	0.141341802636	-0.194422944716
M08_DY_TO_L_ALL28:G808-E1812	M08_DY_TO_L_ALL28	ALL28	DY	L	G808-E1812	ch	ol	0	f107v	f107v	G808-P0510	f107v.30	30	6	S	B	3	3	EXACT	0	0	-0.218307841662	6	-0.0474454818864	72	-0.0255919660475	1	-0.010943568618	78	-0.0116399884611	79	-0.0416668708799	68	-0.145692594183	4	-0.0513819998726	6	-0.0747840412608	1	-0.265753323549	-0.291345289596	-0.259974712542	-0.317135323421	-0.34053736481
M08_DY_TO_L_ALL28:G808-E1813	M08_DY_TO_L_ALL28	ALL28	DY	L	G808-E1813	ch	ol	0	f107v	f107v	G808-P0511	f107v.33	33	2	S	B	3	3	EXACT	-0.0575054266391	10	-0.170753904697	3	0.00505622726945	72	0.214647113178	1	0.0268214752494	85	0.0284739609676	86	-0.00677353440219	68	0.206151450501	4	0.240365298177	6	0.212716697844	1	-0.223203104066	-0.00855599088774	-0.235032865738	0.0171621941107	-0.0104864062223
M08_DY_TO_L_ALL28:G808-E1829	M08_DY_TO_L_ALL28	ALL28	DY	L	G808-E1829	ch	eol	1	f108r	f108r	G808-P0518	f108r.6	6	2	S	B	3	3	EXACT	-0.167072888307	5	-0.290711879742	4	0.0112820179689	72	-0.109294540448	2	0.034063244819	81	0.0303515208997	83	-0.000458213537315	68	0.210853962331	4	0.116466568375	6	-0.113126328266	2	-0.44650275008	-0.555797290529	-0.458242981587	-0.330036181705	-0.559629078346
M08_DY_TO_L_ALL28:G808-E1867	M08_DY_TO_L_ALL28	ALL28	DY	L	G808-E1867	ch	ol	0	f108r	f108r	G808-P0528	f108r.40	40	7	S	B	3	3	EXACT	-0.0437968760554	12	-0.0515705024759	3	-0.0224216965779	72	0	0	0.0109567607619	87	0.0101812520295	87	-0.0160499857276	68	-0.130752772277	4	0.00696818896776	6	0.716602336724	1	-0.117789075109	-0.117789075109	-0.111417364259	-0.110820886141	0.598813261614
M08_DY_TO_L_ALL28:G808-E1893	M08_DY_TO_L_ALL28	ALL28	DY	L	G808-E1893	ch	eol	1	f108v	f108v	G808-P0534	f108v.13	13	2	S	B	3	3	EXACT	-0.360673993381	7	-0.0746541424521	4	-0.0162007831245	72	-0.215840980037	3	-0.00887485805824	83	-0.0161540088452	86	-0.0292351113592	68	0.205371171046	4	0.242478213927	6	-0.264945677316	3	-0.451528918958	-0.667369898995	-0.464563247193	-0.209050705031	-0.716474596274
M08_DY_TO_L_ALL28:G808-E1901	M08_DY_TO_L_ALL28	ALL28	DY	L	G808-E1901	ch	eol	1	f108v	f108v	G808-P0536	f108v.26	26	3	S	B	3	3	EXACT	-0.121850203572	39	0.00930556068582	5	-0.00642669311199	72	0	0	-0.0396802208753	116	-0.0405117447594	116	-0.016248254621	68	0.160528226721	4	-0.220047337564	6	0	0	-0.118971335998	-0.118971335998	-0.128792897507	-0.339018673562	-0.118971335998
M08_DY_TO_L_ALL28:G808-E1903	M08_DY_TO_L_ALL28	ALL28	DY	L	G808-E1903	ch	ol	0	f108v	f108v	G808-P0536	f108v.28	28	12	S	B	3	3	EXACT	-0.121850203572	39	0.0558761532696	2	-0.046863754087	72	0.0837063154889	3	-0.0662968517459	113	-0.0626765484404	116	-0.0368819718223	68	-0.216565678406	4	-0.0431923172997	6	0.0832135864833	3	-0.112837804389	-0.0291314889003	-0.102856022124	-0.156030121689	-0.0296242179059
M08_DY_TO_L_ALL28:G808-E1904	M08_DY_TO_L_ALL28	ALL28	DY	L	G808-E1904	ch	eol	1	f108v	f108v	G808-P0536	f108v.29	29	4	S	B	3	2	EXACT	-0.121850203572	39	0	0	-0.0265343865718	72	0.399467153653	2	-0.05556617344	111	-0.0479522552382	113	-0.0283247478815	68	0.00389012987376	4	0.182734631334	6	0.28620836754	2	-0.148384590144	0.25108256351	-0.150174951453	0.0343500411908	0.137823777397
M08_DY_TO_L_ALL28:G808-E1907	M08_DY_TO_L_ALL28	ALL28	DY	L	G808-E1907	ch	eol	1	f108v	f108v	G808-P0537	f108v.31	31	2	S	B	3	3	EXACT	-0.35441143007	66	-0.235348389625	4	-0.00255445418924	72	0.00460961525205	1	-0.184822891452	142	-0.184174928221	143	-0.0147860571925	68	0.205371171046	4	-0.0314874569304	6	0.00411688624644	1	-0.592314273885	-0.587704658633	-0.604545876888	-0.623801730815	-0.588197387638
M08_DY_TO_L_ALL28:G808-E1920	M08_DY_TO_L_ALL28	ALL28	DY	L	G808-E1920	ch	eol	1	f108v	f108v	G808-P0537	f108v.43	43	7	S	B	3	3	EXACT	-0.35441143007	66	0	0	-0.0261330682543	72	0.127245551155	1	-0.19606988086	138	-0.194416155947	139	-0.0159331895886	68	-0.199542631389	4	0.0186942804051	6	0.0992927133502	1	-0.380544498325	-0.253298947169	-0.370344619659	-0.361850217919	-0.281251784974
M08_DY_TO_L_ALL28:G808-E1923	M08_DY_TO_L_ALL28	ALL28	DY	L	G808-E1923	ch	eol	1	f108v	f108v	G808-P0537	f108v.49	49	6	S	B	3	3	EXACT	-0.35441143007	66	-0.339419148642	4	-0.045358832937	72	0	0	-0.20945809079	142	-0.210289614674	142	-0.0403888534327	68	-0.129860110329	4	0.0160795477941	6	-0.250894583047	1	-0.739189411649	-0.739189411649	-0.734219432145	-0.723109863855	-0.990083994696
M08_DY_TO_L_ALL28:G808-E1924	M08_DY_TO_L_ALL28	ALL28	DY	L	G808-E1924	ch	eol	1	f108v	f108v	G808-P0537	f108v.50	50	3	S	B	3	3	EXACT	-0.35441143007	66	-0.00675021491231	5	-0.0133393435278	72	0	0	-0.182514605281	143	-0.183346129165	143	-0.0235675315319	68	0.160528226721	4	0.213261079968	6	-0.0379120724568	1	-0.37450098851	-0.37450098851	-0.384729176514	-0.161239908542	-0.412413060967
M08_DY_TO_L_ALL28:G808-E0104	M08_DY_TO_L_ALL28	ALL28	DY	L	G808-E0104	ch	ol	0	f10r	f10r	G808-P0034	f10r.3	3	7	H	A	1	3	EXACT	0.354973416295	14	0.30518227494	4	0.141406235733	72	0.20151180139	1	0.212467678283	90	0.211696327513	91	0.156798764586	68	-0.12027761556	4	0.0619954799021	6	0.200460376704	1	0.801561926969	1.00307372836	0.816954455822	0.863557406871	1.00202230367
M08_DY_TO_L_ALL28:G808-E0105	M08_DY_TO_L_ALL28	ALL28	DY	L	G808-E0105	ch	ol	0	f10r	f10r	G808-P0034	f10r.5	5	3	H	A	1	2	EXACT	0.354973416295	14	0	0	0.12660525223	72	0	0	0.195075287948	86	0.194166024641	86	0.126523070239	68	0.127991485281	4	0.229944995801	6	0	0	0.481578668525	0.481578668525	0.481496486534	0.711523664327	0.481578668525
M08_DY_TO_L_ALL28:G808-E0108	M08_DY_TO_L_ALL28	ALL28	DY	L	G808-E0108	ch	ol	0	f10v	f10v	G808-P0036	f10v.3	3	6	H	A	1	2	EXACT	0.518317646752	12	0	0	0.138777629223	72	-0.0866349764546	1	0.22707779193	84	0.222754330381	85	0.150709952314	68	-0.064082724117	4	-0.0137853964276	6	0.0952450314454	2	0.657095275975	0.570460299521	0.669027599066	0.643309879548	0.752340307421
M08_DY_TO_L_ALL28:G808-E0109	M08_DY_TO_L_ALL28	ALL28	DY	L	G808-E0109	ch	ol	0	f10v	f10v	G808-P0037	f10v.5	5	6	H	A	1	3	EXACT	0.220383053692	8	0.570626815573	1	0.125481880846	72	-0.323725842065	1	0.180109303457	81	0.17334236664	82	0.140271890866	68	-0.125959150294	4	0.0129101907145	6	-0.324777266752	1	0.916491750111	0.592765908045	0.931281760131	0.929401940825	0.591714483359
M08_DY_TO_L_ALL28:G808-E1932	M08_DY_TO_L_ALL28	ALL28	DY	L	G808-E1932	ch	ol	0	f111r	f111r	G808-P0539	f111r.7	7	6	S	B	3	3	EXACT	-0.160071568043	103	0.0550961531858	5	-0.0260193220525	69	0	0	-0.13400003466	177	-0.135132877443	177	-0.0196896702273	65	-0.12885973128	4	-0.191455642989	6	0	0	-0.130994736909	-0.130994736909	-0.124665085084	-0.322450379898	-0.130994736909
M08_DY_TO_L_ALL28:G808-E1939	M08_DY_TO_L_ALL28	ALL28	DY	L	G808-E1939	ch	eol	1	f111r	f111r	G808-P0539	f111r.20	20	6	S	B	3	3	EXACT	-0.160071568043	103	-0.313415984584	5	-0.0239392661926	69	0	0	-0.143599112821	177	-0.144731955604	177	-0.0174816109298	65	-0.12885973128	4	-0.162544011164	6	-0.0365376871126	1	-0.497426818819	-0.497426818819	-0.490969163556	-0.659970829983	-0.533964505932
M08_DY_TO_L_ALL28:G808-E1942	M08_DY_TO_L_ALL28	ALL28	DY	L	G808-E1942	ch	ol	0	f111r	f111r	G808-P0540	f111r.37	37	2	S	B	3	3	EXACT	-0.0915564171775	14	-0.118754229941	4	-0.0061309160172	72	0	0	0.00866188668328	90	0.00752904389999	90	-0.0184875359386	68	0.203916728586	4	0.0244957272421	6	0.4743275948	1	-0.216441563136	-0.216441563136	-0.228798183057	-0.191945835894	0.257886031664
M08_DY_TO_L_ALL28:G808-E1947	M08_DY_TO_L_ALL28	ALL28	DY	L	G808-E1947	ch	eol	1	f111v	f111v	G808-P0544	f111v.2	2	2	S	B	3	3	EXACT	-0.2822834219	75	-0.20578231083	1	0.00452159241117	72	0	0	-0.158747458579	148	-0.159492724907	148	-0.00721760699052	68	0.204076253827	4	-0.0332213020264	6	0	0	-0.483544140319	-0.483544140319	-0.495283339721	-0.516765442345	-0.483544140319
M08_DY_TO_L_ALL28:G808-E1954	M08_DY_TO_L_ALL28	ALL28	DY	L	G808-E1954	ch	ol	0	f111v	f111v	G808-P0544	f111v.6	6	7	S	B	3	3	EXACT	-0.2822834219	75	0.169160679735	1	-0.0118193225036	72	0.129393424064	1	-0.164163694277	148	-0.162808290196	149	-0.00587055680335	68	-0.11296006782	4	0.097344346882	6	0.109842304061	3	-0.124942064668	0.00445135939547	-0.118993298968	-0.0275977177864	-0.0150997606072
M08_DY_TO_L_ALL28:G808-E1955	M08_DY_TO_L_ALL28	ALL28	DY	L	G808-E1955	ch	eol	1	f111v	f111v	G808-P0544	f111v.8	8	3	S	B	3	3	EXACT	-0.2822834219	75	-0.144755942441	5	0.00340225903012	72	0	0	-0.158155178095	152	-0.158900444423	152	-0.00440347959322	68	0.136088087214	4	0.118992271546	6	0	0	-0.423637105311	-0.423637105311	-0.431442843934	-0.304644833765	-0.423637105311
M08_DY_TO_L_ALL28:G808-E1958	M08_DY_TO_L_ALL28	ALL28	DY	L	G808-E1958	ch	eol	1	f111v	f111v	G808-P0544	f111v.13	13	4	S	B	3	3	EXACT	-0.2822834219	75	0	0	0.00340482874695	72	0	0	-0.159065680909	147	-0.159810947237	147	0.00336643264374	68	0.00404583408918	4	-0.301754169533	6	-0.0874142921999	2	-0.278878593153	-0.278878593153	-0.278916989256	-0.580632762686	-0.366292885353
M08_DY_TO_L_ALL28:G808-E1963	M08_DY_TO_L_ALL28	ALL28	DY	L	G808-E1963	ch	eol	1	f111v	f111v	G808-P0544	f111v.23	23	9	S	B	3	3	EXACT	-0.2822834219	75	-0.173415488893	3	-0.0364392073042	72	-0.217740678521	2	-0.178209683353	150	-0.179219268401	152	-0.0276158505595	68	-0.186448000376	4	-0.0621500582451	6	-0.187506189849	3	-0.492138118097	-0.709878796618	-0.483314761353	-0.554288176342	-0.679644307946
M08_DY_TO_L_ALL28:G808-E1973	M08_DY_TO_L_ALL28	ALL28	DY	L	G808-E1973	ch	ol	0	f112r	f112r	G808-P0552	f112r.2	2	7	S	B	3	3	EXACT	-0.140080891597	28	-0.229318255439	1	-0.0432161603144	72	-0.100209526537	2	-0.0561325633196	101	-0.0575331394046	103	-0.0407016311236	68	-0.0859741463168	4	0.237794519686	6	0.0971544053448	2	-0.412615307351	-0.512824833888	-0.41010077816	-0.174820787665	-0.315460902006
M08_DY_TO_L_ALL28:G808-E1974	M08_DY_TO_L_ALL28	ALL28	DY	L	G808-E1974	ch	ol	0	f112r	f112r	G808-P0552	f112r.8	8	4	S	B	3	2	EXACT	-0.140080891597	28	-0.0703206104259	1	-0.0255074294243	72	-0.266387173969	1	-0.0419342834275	101	-0.0449647792901	102	-0.0275690536073	68	0.00952919192715	4	-0.0592246149158	6	-0.14287359788	2	-0.235908931447	-0.502296105417	-0.23797055563	-0.295133546363	-0.378782529328
M08_DY_TO_L_ALL28:G808-E1980	M08_DY_TO_L_ALL28	ALL28	DY	L	G808-E1980	ch	eol	1	f112r	f112r	G808-P0555	f112r.20	20	4	S	B	3	3	EXACT	-0.572948043815	16	-0.0878400194044	2	-0.0361774116986	72	-0.148749716853	3	-0.102785145961	90	-0.104431565829	93	-0.0388666818977	68	0.00952919192715	4	-0.165767850229	6	-0.0837514940613	3	-0.696965474918	-0.845715191771	-0.699654745117	-0.862733325147	-0.780716968979
M08_DY_TO_L_ALL28:G808-E2012	M08_DY_TO_L_ALL28	ALL28	DY	L	G808-E2012	ch	ol	0	f112v	f112v	G808-P0571	f112v.33	33	10	S	B	3	3	EXACT	-0.301272682858	14	-0.072288909687	3	0.000904907165106	72	0	0	-0.011209171366	89	-0.0112521995502	89	0.00321488061933	68	-0.0383904806554	4	0.0140066435987	6	0	0	-0.372656685379	-0.372656685379	-0.370346711925	-0.358650041781	-0.372656685379
M08_DY_TO_L_ALL28:G808-E2015	M08_DY_TO_L_ALL28	ALL28	DY	L	G808-E2015	ch	ol	0	f112v	f112v	G808-P0572	f112v.37	37	9	S	B	3	3	EXACT	-0.690387607502	5	-0.0901850201056	2	-0.0395383234669	72	-0.0155558591009	2	-0.0278983073032	79	-0.0276088708821	81	-0.035996193859	68	-0.0997803659001	4	-0.207373661694	6	0.243385150102	2	-0.820110951074	-0.835666810175	-0.816568821466	-1.02748461277	-0.576725800972
M08_DY_TO_L_ALL28:G808-E2018	M08_DY_TO_L_ALL28	ALL28	DY	L	G808-E2018	ch	ol	0	f112v	f112v	G808-P0573	f112v.41	41	4	S	B	3	2	EXACT	0.281136822086	6	0	0	-0.0136960922286	72	0	0	0.0625346965252	78	0.062491668341	78	-0.0186397237667	68	0.0703198048214	4	0.187929278941	6	0	0	0.267440729857	0.267440729857	0.262497098319	0.455370008798	0.267440729857
M08_DY_TO_L_ALL28:G808-E2020	M08_DY_TO_L_ALL28	ALL28	DY	L	G808-E2020	ch	ol	0	f112v	f112v	G808-P0574	f112v.43	43	5	S	B	3	3	EXACT	-0.146995075402	7	0	0	-0.0455218278399	72	0	0	-0.00290846009537	79	-0.00295148827963	79	-0.0401162291439	68	-0.137442844772	4	-0.160310993642	6	-0.16991002601	1	-0.192516903241	-0.192516903241	-0.187111304545	-0.352827896883	-0.362426929251
M08_DY_TO_L_ALL28:G808-E2036	M08_DY_TO_L_ALL28	ALL28	DY	L	G808-E2036	ch	ol	0	f113r	f113r	G808-P0580	f113r.15	15	1	S	B	3	2	EXACT	0	0	0.0229469566499	1	0.000841644632385	72	0.0236414156332	1	0.0545283806902	73	0.0534906680192	74	-0.00541732043885	68	0.107233072199	4	0.310763677326	6	-0.00342384571542	1	0.0237886012823	0.0474300169155	0.0175296362111	0.334552278609	0.0203647555669
M08_DY_TO_L_ALL28:G808-E2039	M08_DY_TO_L_ALL28	ALL28	DY	L	G808-E2039	ch	eol	1	f113r	f113r	G808-P0581	f113r.19	19	5	S	B	3	2	EXACT	-0.425262584537	7	0	0	0.00460583355625	72	0	0	0.00812486979993	79	0.00717119789945	79	0.0082330097482	68	-0.0570671403514	4	0.361878544241	6	-0.110360092146	1	-0.42065675098	-0.42065675098	-0.417029574788	-0.0587782067392	-0.531016843126
M08_DY_TO_L_ALL28:G808-E2044	M08_DY_TO_L_ALL28	ALL28	DY	L	G808-E2044	ch	ol	0	f113r	f113r	G808-P0585	f113r.27	27	2	S	B	3	3	EXACT	-0.29250914792	6	-0.607028534799	3	-0.00145850559637	72	0	0	-0.00334133899371	81	-0.00429501089419	81	-0.0131514949333	68	0.197311334487	4	-0.32361337699	6	-0.0618970353688	1	-0.900996188316	-0.900996188316	-0.912689177653	-1.22460956531	-0.962893223685
M08_DY_TO_L_ALL28:G808-E2046	M08_DY_TO_L_ALL28	ALL28	DY	L	G808-E2046	ch	ol	0	f113r	f113r	G808-P0585	f113r.28	28	10	S	B	3	3	EXACT	-0.29250914792	6	0.133718991129	2	-0.0370207659851	72	0	0	-0.00944135018213	80	-0.0103950220826	80	-0.0311041326155	68	-0.137614511912	4	0.15334200219	6	0.0623088675435	1	-0.195810922776	-0.195810922776	-0.189894289407	-0.0424689205866	-0.133502055233
M08_DY_TO_L_ALL28:G808-E2054	M08_DY_TO_L_ALL28	ALL28	DY	L	G808-E2054	ch	eol	1	f113r	f113r	G808-P0590	f113r.42	42	6	S	B	3	3	EXACT	0	0	-0.402807820599	1	-0.0544487332381	72	0	0	-0.0058368519663	73	-0.00679052386678	73	-0.0494094109215	68	-0.140128191265	4	-0.296182594743	6	0.172264570283	1	-0.457256553837	-0.457256553837	-0.45221723152	-0.75343914858	-0.284991983554
M08_DY_TO_L_ALL28:G808-E2070	M08_DY_TO_L_ALL28	ALL28	DY	L	G808-E2070	ch	eol	1	f113v	f113v	G808-P0598	f113v.21	21	6	S	B	3	3	EXACT	-0.225611724141	3	0.121640963913	1	-0.027564556588	72	0	0	0.00496960745895	76	0.00325339482727	76	-0.0217433514902	68	-0.126521943431	4	0.0862244372731	6	0	0	-0.131535316816	-0.131535316816	-0.125714111719	-0.0453108795433	-0.131535316816
M08_DY_TO_L_ALL28:G808-E2080	M08_DY_TO_L_ALL28	ALL28	DY	L	G808-E2080	ch	eol	1	f113v	f113v	G808-P0600	f113v.31	31	2	S	B	3	3	EXACT	0.0712772123019	22	0.0593192981556	1	-0.0107438985773	72	0	0	0.0251600197486	95	0.0234438071169	95	-0.0245733747717	68	0.224360296547	4	0.152074979191	6	0	0	0.11985261188	0.11985261188	0.106023135686	0.271927591072	0.11985261188
M08_DY_TO_L_ALL28:G808-E2083	M08_DY_TO_L_ALL28	ALL28	DY	L	G808-E2083	ch	eol	1	f113v	f113v	G808-P0603	f113v.39	39	2	S	B	3	3	EXACT	-0.131560672653	13	-0.210507313002	2	-0.0200097498684	72	-0.129031712203	1	-0.0154672651795	87	-0.0179749558826	88	-0.0343842761387	68	0.224360296547	4	0.243388318332	6	-0.134534852282	1	-0.362077735523	-0.491109447726	-0.376452261794	-0.118689417192	-0.496612587805
M08_DY_TO_L_ALL28:G808-E2092	M08_DY_TO_L_ALL28	ALL28	DY	L	G808-E2092	ch	eol	1	f114r	f114r	G808-P0608	f114r.7	7	1	S	B	3	2	EXACT	0	0	0.0209637379835	1	-0.0264444837471	72	0	0	0.0287270068567	73	0.0278355053914	73	-0.0325138260131	68	0.0767228051563	4	-0.0722004913338	6	0	0	-0.00548074576364	-0.00548074576364	-0.0115500880296	-0.0776812370974	-0.00548074576364
M08_DY_TO_L_ALL28:G808-E2108	M08_DY_TO_L_ALL28	ALL28	DY	L	G808-E2108	ch	ol	0	f114r	f114r	G808-P0617	f114r.38	38	9	S	B	3	3	EXACT	-0.0743782361526	23	-0.241193369799	3	-0.0365744686394	72	0.0831029895723	1	-0.0314412541161	98	-0.0309405944317	99	-0.0365426852213	68	-0.0371263163652	4	0.113701117302	6	-0.131252571443	2	-0.352146074591	-0.269043085018	-0.352114291172	-0.238444957289	-0.483398646034
M08_DY_TO_L_ALL28:G808-E2128	M08_DY_TO_L_ALL28	ALL28	DY	L	G808-E2128	ch	ol	0	f114v	f114v	G808-P0624	f114v.16	16	11	S	B	3	3	EXACT	0.0755589367799	8	-0.173773097288	3	-0.0540192905745	72	-0.309701362806	1	-0.0127098127807	83	-0.0170726158418	84	-0.0547325957456	68	-0.04189061358	4	0.205471992801	6	-0.336640924847	1	-0.152233451082	-0.461934813888	-0.152946756253	0.053238541719	-0.48887437593
M08_DY_TO_L_ALL28:G808-E2140	M08_DY_TO_L_ALL28	ALL28	DY	L	G808-E2140	ch	eol	1	f115r	f115r	G808-P0634	f115r.8	8	2	S	B	@	3	EXACT	0	0	-0.188162330806	5	0.0201218999301	70	0	0	0.0599997924442	75	0.0590175688434	75	0.00906379956555	66	0.202581111703	4	-0.0502086216428	6	0	0	-0.168040430876	-0.168040430876	-0.17909853124	-0.218249052519	-0.168040430876
M08_DY_TO_L_ALL28:G808-E2145	M08_DY_TO_L_ALL28	ALL28	DY	L	G808-E2145	ch	ol	0	f115r	f115r	G808-P0636	f115r.17	17	9	S	B	@	3	EXACT	-0.161961662321	21	-0.192912933062	3	-0.04343920544	70	-0.0620557502455	1	-0.0522735373548	94	-0.0530882738684	95	-0.0342395097275	66	-0.195233628939	4	0.212713080379	6	-0.0632365755325	1	-0.398313800823	-0.460369551069	-0.389114105111	-0.185600720444	-0.461550376356
M08_DY_TO_L_ALL28:G808-E2146	M08_DY_TO_L_ALL28	ALL28	DY	L	G808-E2146	ch	ol	0	f115r	f115r	G808-P0637	f115r.19	19	6	S	B	@	3	EXACT	0	0	0	0	-0.0161847124218	70	0	0	0.040201033104	70	0.0392188095031	70	-0.00985139837497	66	-0.120683838436	4	0.212713080379	6	-0.0361011714156	1	-0.0161847124218	-0.0161847124218	-0.00985139837497	0.196528367957	-0.0522858838374
M08_DY_TO_L_ALL28:G808-E2156	M08_DY_TO_L_ALL28	ALL28	DY	L	G808-E2156	ch	eol	1	f115r	f115r	G808-P0642	f115r.38	38	2	S	B	@	3	EXACT	0.512372038333	5	0.312621143217	4	-0.00324621797014	69	0	0	0.0909858564903	78	0.0900036328895	78	-0.015912427102	65	0.202581111703	4	-0.0980822571178	6	0	0	0.821746963579	0.821746963579	0.809080754447	0.723664706461	0.821746963579
M08_DY_TO_L_ALL28:G808-E2174	M08_DY_TO_L_ALL28	ALL28	DY	L	G808-E2174	ch	ol	0	f115v	f115v	G808-P0649	f115v.15	15	2	S	B	3	3	EXACT	0.0267508188285	22	-0.125935222804	2	-0.0267316941902	72	-0.138760286304	2	0.00446962439558	96	0.00115505589182	98	-0.0421538416856	68	0.235433270413	4	0.194375729891	6	-0.142599497684	2	-0.125916098166	-0.264676384469	-0.141338245661	0.0684596317255	-0.26851559585
M08_DY_TO_L_ALL28:G808-E2203	M08_DY_TO_L_ALL28	ALL28	DY	L	G808-E2203	ch	ol	0	f116r	f116r	G808-P0663	f116r.25	25	1	S	B	3	3	EXACT	-0.411100982617	61	-0.243104101799	6	0.0106991402831	72	0	0	-0.194118996351	139	-0.194815100907	139	0.00603531773681	68	0.0899732075457	4	-0.0192343010448	6	0	0	-0.643505944133	-0.643505944133	-0.648169766679	-0.662740245178	-0.643505944133
M08_DY_TO_L_ALL28:G808-E0113	M08_DY_TO_L_ALL28	ALL28	DY	L	G808-E0113	ch	ol	0	f11r	f11r	G808-P0038	f11r.3	3	2	H	A	1	3	EXACT	-0.0072664159133	7	0.0817645279348	2	0.130106078133	72	0	0	0.158040803922	81	0.157131540614	81	0.125588842364	68	0.206888225407	4	0.295172660184	6	0	0	0.204604190155	0.204604190155	0.200086954386	0.499776850339	0.204604190155
M08_DY_TO_L_ALL28:G808-E0121	M08_DY_TO_L_ALL28	ALL28	DY	L	G808-E0121	ch	ol	0	f13r	f13r	G808-P0041	f13r.2	2	2	H	A	1	3	EXACT	0.220008486231	11	0.123129235067	4	0.144329167604	72	0	0	0.187494166947	87	0.18658490364	87	0.140648584157	68	0.206888225407	4	-0.325018532309	6	0	0	0.487466888902	0.487466888902	0.483786305455	0.162448356592	0.487466888902
M08_DY_TO_L_ALL28:G808-E0124	M08_DY_TO_L_ALL28	ALL28	DY	L	G808-E0124	ch	ol	0	f13r	f13r	G808-P0042	f13r.7	7	3	H	A	1	3	EXACT	0.0959643807874	16	0	0	0.117617711812	72	-0.101475117258	2	0.142314879951	88	0.136510414878	90	0.115469441008	68	0.154127454682	4	0.129425345491	6	-0.12827436402	2	0.213582092599	0.112106975341	0.211433821795	0.34300743809	0.0853077285789
M08_DY_TO_L_ALL28:G808-E0136	M08_DY_TO_L_ALL28	ALL28	DY	L	G808-E0136	ch	ol	0	f14v	f14v	G808-P0047	f14v.2	2	9	H	A	1	3	EXACT	0.140985195181	26	0	0	0.121952345333	72	-0.323725842065	1	0.143965965512	98	0.138569976045	99	0.133755396712	68	-0.0787103889112	4	0.146923944463	6	-0.324777266752	1	0.262937540513	-0.0607883015521	0.274740591892	0.409861484977	-0.0618397262384
M08_DY_TO_L_ALL28:G808-E0137	M08_DY_TO_L_ALL28	ALL28	DY	L	G808-E0137	ch	ol	0	f15r	f15r	G808-P0048	f15r.3	3	5	H	A	1	2	EXACT	0.243561109646	39	0.416008752526	1	0.13131805383	72	0.0126271885841	1	0.177969252179	112	0.175804801741	113	0.142811578368	68	-0.064082724117	4	0.222642195344	6	0.0908993606549	1	0.790887916002	0.803515104586	0.80238144054	1.01353011135	0.881787276657
M08_DY_TO_L_ALL28:G808-E0138	M08_DY_TO_L_ALL28	ALL28	DY	L	G808-E0138	ch	ol	0	f15r	f15r	G808-P0048	f15r.14	14	3	H	A	1	2	EXACT	0.243561109646	39	0.00853481423587	1	0.128839762603	72	-0.323725842065	1	0.172737904799	112	0.167643173978	113	0.132807161147	68	0.0613831265578	4	-0.0616080771455	6	0.384232124429	2	0.380935686486	0.0572098444201	0.38490308503	0.31932760934	0.765167810914
M08_DY_TO_L_ALL28:G808-E0142	M08_DY_TO_L_ALL28	ALL28	DY	L	G808-E0142	ch	ol	0	f15v	f15v	G808-P0049	f15v.11	11	4	H	A	1	2	EXACT	0.217745506189	30	-0.208645221256	1	0.107959666636	72	-0.323725842065	1	0.149817197785	103	0.144580654457	104	0.117965355966	68	-0.0621479127637	4	0.195644377328	6	-0.324777266752	1	0.117059951569	-0.206665890496	0.127065640899	0.312704328897	-0.207717315182
M08_DY_TO_L_ALL28:G808-E0143	M08_DY_TO_L_ALL28	ALL28	DY	L	G808-E0143	ch	ol	0	f15v	f15v	G808-P0049	f15v.12	12	3	H	A	1	2	EXACT	0.217745506189	30	0	0	0.13127053455	72	-0.450852389547	1	0.169641127356	102	0.162935867941	103	0.131462780931	68	0.127991485281	4	0.229944995801	6	-0.529783647831	1	0.349016040739	-0.101836348808	0.34920828712	0.578961036541	-0.180767607091
M08_DY_TO_L_ALL28:G808-E0148	M08_DY_TO_L_ALL28	ALL28	DY	L	G808-E0148	ch	ol	0	f16v	f16v	G808-P0053	f16v.5	5	4	H	A	1	2	EXACT	0.225779810672	13	0	0	0.117720494064	72	0	0	0.166917814439	85	0.166008551131	85	0.128300349713	68	-0.0621479127637	4	0.202947177785	6	0	0	0.343500304736	0.343500304736	0.354080160385	0.546447482521	0.343500304736
M08_DY_TO_L_ALL28:G808-E0149	M08_DY_TO_L_ALL28	ALL28	DY	L	G808-E0149	ch	ol	0	f16v	f16v	G808-P0053	f16v.6	6	6	H	A	1	2	EXACT	0.225779810672	13	-0.182457047974	2	0.119076684141	72	0	0	0.160348896573	87	0.159439633266	87	0.129850128109	68	-0.064082724117	4	0.101529775328	6	0	0	0.16239944684	0.16239944684	0.173172890808	0.263929222168	0.16239944684
M08_DY_TO_L_ALL28:G808-E0150	M08_DY_TO_L_ALL28	ALL28	DY	L	G808-E0150	ch	ol	0	f16v	f16v	G808-P0054	f16v.8	8	2	H	A	1	3	EXACT	0.30374566784	15	-0.0224315523977	1	0.130436474183	72	0.181180239951	2	0.188017274234	88	0.18747843056	90	0.125938673475	68	0.206888225407	4	0.178657505407	6	0.0643235759961	3	0.411750589624	0.592930829575	0.407252788917	0.590408095032	0.476074165621
M08_DY_TO_L_ALL28:G808-E0151	M08_DY_TO_L_ALL28	ALL28	DY	L	G808-E0151	ch	ol	0	f16v	f16v	G808-P0054	f16v.9	9	4	H	A	1	3	EXACT	0.30374566784	15	0	0	0.101922632299	72	0.324428173132	1	0.166668402033	87	0.167818976099	88	0.107619310484	68	0.00506824235342	4	0.202947177785	6	0.0961205846841	2	0.405668300139	0.73009647327	0.411364978324	0.608615477924	0.501788884823
M08_DY_TO_L_ALL28:G808-E0153	M08_DY_TO_L_ALL28	ALL28	DY	L	G808-E0153	ch	ol	0	f17r	f17r	G808-P0055	f17r.3	3	1	H	A	1	2	EXACT	0.351475442929	7	0	0	0.15271996241	72	0.0877175154122	2	0.211994437426	79	0.208597001174	81	0.156169307391	68	0.0940702369359	4	0.275644416838	6	0.086666090726	2	0.504195405339	0.591912920752	0.50764475032	0.779839822177	0.590861496065
M08_DY_TO_L_ALL28:G808-E0157	M08_DY_TO_L_ALL28	ALL28	DY	L	G808-E0157	ch	ol	0	f17r	f17r	G808-P0057	f17r.11	11	4	H	A	1	2	EXACT	-0.220610210278	10	0	0	0.136334997833	72	0.324428173132	1	0.129807510737	82	0.131526278516	83	0.140137794066	68	0.0716766010763	4	0.0389115731648	6	0.312587953321	1	-0.0842752124451	0.240152960686	-0.0804724162123	-0.0453636392803	0.228312740876
M08_DY_TO_L_ALL28:G808-E0162	M08_DY_TO_L_ALL28	ALL28	DY	L	G808-E0162	ch	ol	0	f17v	f17v	G808-P0058	f17v.5	5	2	H	A	1	2	EXACT	0.234756736916	54	-0.25313031603	1	0.154257771087	72	0	0	0.179583245816	127	0.178673982509	127	0.151161223139	68	0.206888225407	4	-0.0718022132327	6	0	0	0.135884191973	0.135884191973	0.132787644025	0.0640819787407	0.135884191973
M08_DY_TO_L_ALL28:G808-E0169	M08_DY_TO_L_ALL28	ALL28	DY	L	G808-E0169	ch	ol	0	f17v	f17v	G808-P0058	f17v.11	11	4	H	A	1	1	EXACT	0.234756736916	54	0	0	0.184176451624	72	0	0	0.199996376515	126	0.199087113207	126	0.189193312062	68	0.098878963377	4	-0.0758062289993	6	0	0	0.41893318854	0.41893318854	0.423950048978	0.343126959541	0.41893318854
M08_DY_TO_L_ALL28:G808-E0175	M08_DY_TO_L_ALL28	ALL28	DY	L	G808-E0175	ch	ol	0	f17v	f17v	G808-P0058	f17v.16	16	2	H	A	1	1	EXACT	0.234756736916	54	0	0	0.182793010448	72	0	0	0.1992058387	126	0.198296575393	126	0.181709213918	68	0.201206690674	4	-0.246384831094	6	0	0	0.417549747364	0.417549747364	0.416465950834	0.17116491627	0.417549747364
M08_DY_TO_L_ALL28:G808-E0178	M08_DY_TO_L_ALL28	ALL28	DY	L	G808-E0178	ch	ol	0	f17v	f17v	G808-P0058	f17v.18	18	4	H	A	1	3	EXACT	0.234756736916	54	0.471738448907	1	0.140581415756	72	-0.0792549846704	1	0.177537349605	127	0.174805536168	128	0.148552140027	68	0.00506824235342	4	0.0619954799021	6	-0.0407624225533	2	0.847076601579	0.767821616909	0.85504732585	0.909072081481	0.806314179026
M08_DY_TO_L_ALL28:G808-E0179	M08_DY_TO_L_ALL28	ALL28	DY	L	G808-E0179	ch	ol	0	f17v	f17v	G808-P0058	f17v.20	20	4	H	A	1	2	EXACT	0.234756736916	54	0	0	0.139063864714	72	-0.120047998491	1	0.174217755423	126	0.171176524902	127	0.150899212754	68	-0.0621479127637	4	0.129425345491	6	0.389726200589	1	0.37382060163	0.253772603139	0.38565594967	0.503245947121	0.763546802219
M08_DY_TO_L_ALL28:G808-E0180	M08_DY_TO_L_ALL28	ALL28	DY	L	G808-E0180	ch	ol	0	f18r	f18r	G808-P0059	f18r.2	2	7	H	A	1	3	EXACT	-0.00496585526423	13	0	0	0.103504507213	72	-0.450852389547	1	0.119585523728	85	0.112316586054	86	0.114222391644	68	-0.0787103889112	4	0.231741445597	6	-0.19199293119	2	0.0985386519491	-0.352313737598	0.10925653638	0.330280097546	-0.0934542792406
M08_DY_TO_L_ALL28:G808-E0184	M08_DY_TO_L_ALL28	ALL28	DY	L	G808-E0184	ch	ol	0	f18r	f18r	G808-P0060	f18r.9	9	1	H	A	1	2	EXACT	0.306444273332	22	0	0	0.146288320048	72	0	0	0.205105777689	94	0.204196514381	94	0.149693541051	68	0.0883887022025	4	0.300080959945	6	0	0	0.45273259338	0.45273259338	0.456137814383	0.752813553324	0.45273259338
M08_DY_TO_L_ALL28:G808-E0189	M08_DY_TO_L_ALL28	ALL28	DY	L	G808-E0189	ch	ol	0	f19r	f19r	G808-P0062	f19r.2	2	5	H	A	1	3	EXACT	0.149409991546	25	-0.499040045281	1	0.11960666466	72	-0.0160021414638	1	0.138886803205	98	0.136650438615	99	0.134329422702	68	-0.13069108284	4	0.0619954799021	6	-0.210419023351	1	-0.230023389074	-0.246025530538	-0.215300631033	-0.168027909172	-0.440442412425
M08_DY_TO_L_ALL28:G808-E0190	M08_DY_TO_L_ALL28	ALL28	DY	L	G808-E0190	ch	ol	0	f19r	f19r	G808-P0062	f19r.3	3	4	H	A	1	2	EXACT	0.149409991546	25	0	0	0.120299994934	72	0	0	0.145825386047	97	0.144916122739	97	0.131031585928	68	-0.0621479127637	4	0.202947177785	6	-0.00121843574984	1	0.26970998648	0.26970998648	0.280441577474	0.472657164265	0.26849155073
M08_DY_TO_L_ALL28:G808-E0191	M08_DY_TO_L_ALL28	ALL28	DY	L	G808-E0191	ch	ol	0	f19r	f19r	G808-P0062	f19r.10	10	3	H	A	1	2	EXACT	0.149409991546	25	0	0	0.110033459985	72	-0.450852389547	1	0.13820486526	97	0.131524669942	98	0.11746105381	68	-0.0162464958386	4	0.202947177785	6	-0.529783647831	1	0.259443451531	-0.191408938016	0.266871045356	0.462390629316	-0.2703401963
M08_DY_TO_L_ALL28:G808-E0197	M08_DY_TO_L_ALL28	ALL28	DY	L	G808-E0197	ch	ol	0	f19v	f19v	G808-P0064	f19v.9	9	5	H	A	1	2	EXACT	0.30670202806	16	0	0	0.0887482793693	72	0.200285914363	1	0.157010371093	88	0.15685146128	89	0.105609729753	68	-0.197907237957	4	-0.220732454165	6	0.18086357685	2	0.395450307429	0.595736221792	0.412311757813	0.174717853264	0.576313884279
M08_DY_TO_L_ALL28:G808-E0201	M08_DY_TO_L_ALL28	ALL28	DY	L	G808-E0201	ch	ol	0	f20r	f20r	G808-P0066	f20r.7	7	5	H	A	1	2	EXACT	-0.0587667779274	6	-0.158052460597	1	0.163492489263	72	-0.450852389547	1	0.185477692342	79	0.176908126983	80	0.180518417425	68	-0.125959150294	4	-0.352789149686	6	-0.529783647831	1	-0.0533267492614	-0.504179138808	-0.0363008210992	-0.406115898948	-0.583110397092
M08_DY_TO_L_ALL28:G808-E0209	M08_DY_TO_L_ALL28	ALL28	DY	L	G808-E0209	ch	ol	0	f20v	f20v	G808-P0069	f20v.9	9	5	H	A	1	2	EXACT	0.436098206194	25	0	0	0.134064826802	72	-0.0518208440196	1	0.229809648197	97	0.226253913131	98	0.149221430621	68	-0.123608298924	4	0.00706823337436	6	-0.0531962644324	1	0.570163032996	0.518342188977	0.585319636816	0.577231266371	0.516966768564
M08_DY_TO_L_ALL28:G808-E0210	M08_DY_TO_L_ALL28	ALL28	DY	L	G808-E0210	ch	ol	0	f20v	f20v	G808-P0069	f20v.10	10	3	H	A	1	2	EXACT	0.436098206194	25	0.316353220994	1	0.126523912408	72	-0.17563169326	2	0.225308890359	98	0.216843730367	100	0.130281996103	68	0.0626256287832	4	0.199831073727	6	-0.177007113673	2	0.878975339596	0.703343646336	0.882733423292	1.07880641332	0.701968225923
M08_DY_TO_L_ALL28:G808-E0213	M08_DY_TO_L_ALL28	ALL28	DY	L	G808-E0213	ch	ol	0	f21r	f21r	G808-P0071	f21r.5	5	6	H	A	1	2	EXACT	0.174712576176	7	-0.190528030446	1	0.0815075892932	72	0	0	0.129299980687	80	0.128302013958	80	0.101551079617	68	-0.259242607004	4	-0.125595623033	6	0	0	0.0656921350233	0.0656921350233	0.0857356253468	-0.0599034880101	0.0656921350233
M08_DY_TO_L_ALL28:G808-E0215	M08_DY_TO_L_ALL28	ALL28	DY	L	G808-E0215	ch	ol	0	f21r	f21r	G808-P0072	f21r.11	11	2	H	A	1	2	EXACT	0.543872245887	17	0.242835657919	2	0.11457895306	72	0	0	0.225773948014	91	0.224775981285	91	0.109148356993	68	0.206888225407	4	-0.221948287988	6	0	0	0.901286856866	0.901286856866	0.895856260799	0.679338568878	0.901286856866
M08_DY_TO_L_ALL28:G808-E0218	M08_DY_TO_L_ALL28	ALL28	DY	L	G808-E0218	ch	ol	0	f21r	f21r	G808-P0072	f21r.12	12	6	H	A	1	2	EXACT	0.543872245887	17	0	0	0.0880519042235	72	-0.323725842065	1	0.203626851212	89	0.197055670338	90	0.108480354249	68	-0.259242607004	4	-0.153721641358	6	-0.324777266752	1	0.631924150111	0.308198308045	0.652352600136	0.478202508753	0.307146883359
M08_DY_TO_L_ALL28:G808-E0220	M08_DY_TO_L_ALL28	ALL28	DY	L	G808-E0220	ch	ol	0	f21v	f21v	G808-P0073	f21v.4	4	4	H	A	1	3	EXACT	0.549811415994	19	0	0	0.146215672506	72	0.013003724626	2	0.2553467296	91	0.249731292374	93	0.154517823644	68	0.00506824235342	4	0.202947177785	6	-0.00943668183546	2	0.696027088499	0.709030813125	0.704329239638	0.898974266285	0.686590406664
M08_DY_TO_L_ALL28:G808-E0221	M08_DY_TO_L_ALL28	ALL28	DY	L	G808-E0221	ch	ol	0	f21v	f21v	G808-P0073	f21v.6	6	4	H	A	1	2	EXACT	0.549811415994	19	0	0	0.139717357435	72	0.349733291318	1	0.250205205588	91	0.250633268405	92	0.151591146223	68	-0.0621479127637	4	0.202947177785	6	0.305903903081	1	0.689528773429	1.03926206475	0.701402562217	0.892475951214	0.995432676509
M08_DY_TO_L_ALL28:G808-E0234	M08_DY_TO_L_ALL28	ALL28	DY	L	G808-E0234	ch	ol	0	f22v	f22v	G808-P0079	f22v.9	9	3	H	A	1	2	EXACT	0.653663963153	18	-0.499040045281	1	0.110837254164	72	-0.0809778740454	1	0.237476231804	91	0.233361009931	92	0.114079889549	68	0.0557015918244	4	-0.162668862713	6	-0.0820292987316	1	0.265461172036	0.18448329799	0.268703807421	0.102792309323	0.183431873304
M08_DY_TO_L_ALL28:G808-E0247	M08_DY_TO_L_ALL28	ALL28	DY	L	G808-E0247	ch	ol	0	f23v	f23v	G808-P0084	f23v.10	10	4	H	A	1	2	EXACT	0.0644315869358	26	0	0	0.158077533317	71	0	0	0.149558328835	97	0.148649065527	97	0.167551439174	67	-0.00061329237997	4	-0.186667788943	6	-0.284130516578	1	0.222509120253	0.222509120253	0.23198302611	0.0358413313106	-0.0616213963251
M08_DY_TO_L_ALL28:G808-E0249	M08_DY_TO_L_ALL28	ALL28	DY	L	G808-E0249	ch	eol	1	f24r	f24r	G808-P0085	f24r.1	1	7	H	A	1	3	EXACT	0.111144211516	46	-0.0199815271597	2	0.0853390282696	71	-0.323725842065	1	0.0929002925755	119	0.0887150274608	120	0.102249079829	67	-0.197907237957	4	0.0708408372595	6	0.193265851588	2	0.176501712626	-0.147224129439	0.193411764186	0.247342549886	0.369767564214
M08_DY_TO_L_ALL28:G808-E0254	M08_DY_TO_L_ALL28	ALL28	DY	L	G808-E0254	ch	ol	0	f24r	f24r	G808-P0085	f24r.19	19	3	H	A	1	2	EXACT	0.111144211516	46	0	0	0.10580799	71	0	0	0.106998170672	117	0.106088907365	117	0.113094651685	67	-0.0162464958386	4	-0.304896093612	6	0	0	0.216952201516	0.216952201516	0.224238863202	-0.0879438920961	0.216952201516
M08_DY_TO_L_ALL28:G808-E0260	M08_DY_TO_L_ALL28	ALL28	DY	L	G808-E0260	ch	ol	0	f24v	f24v	G808-P0087	f24v.9	9	2	H	A	1	2	EXACT	-0.048767536623	13	0.171867054372	1	0.14946471047	72	0.20151180139	1	0.152222714425	86	0.15215017531	87	0.146420425706	68	0.201206690674	4	-0.188234068107	6	-0.0486208226123	2	0.272564228219	0.47407602961	0.269519943455	0.0843301601124	0.223943405607
M08_DY_TO_L_ALL28:G808-E0263	M08_DY_TO_L_ALL28	ALL28	DY	L	G808-E0263	ch	ol	0	f25v	f25v	G808-P0089	f25v.3	3	3	H	A	1	3	EXACT	0.328903703562	22	-0.104003857723	2	0.139636834425	72	-0.323725842065	1	0.199132750755	96	0.193075521725	97	0.138783806127	68	0.154127454682	4	0.204489734685	6	-0.324777266752	1	0.364536680264	0.0408108381984	0.363683651966	0.569026414949	0.0397594135121
M08_DY_TO_L_ALL28:G808-E0287	M08_DY_TO_L_ALL28	ALL28	DY	L	G808-E0287	ch	ol	0	f27r	f27r	G808-P0094	f27r.9	9	4	H	A	1	2	EXACT	0.0880070594929	13	0	0	0.107635213329	72	0	0	0.137303861754	85	0.136394598446	85	0.114002133618	68	-0.00061329237997	4	0.0254466681247	6	-0.0271281952522	1	0.195642272822	0.195642272822	0.202009193111	0.221088940947	0.16851407757
M08_DY_TO_L_ALL28:G808-E0288	M08_DY_TO_L_ALL28	ALL28	DY	L	G808-E0288	ch	ol	0	f27r	f27r	G808-P0094	f27r.11	11	1	H	A	1	2	EXACT	0.0880070594929	13	0	0	0.113466975562	72	0	0	0.14224370741	85	0.141334444102	85	0.114607321316	68	0.0940702369359	4	0.275644416838	6	0	0	0.201474035055	0.201474035055	0.202614380809	0.477118451893	0.201474035055
M08_DY_TO_L_ALL28:G808-E0297	M08_DY_TO_L_ALL28	ALL28	DY	L	G808-E0297	ch	ol	0	f28v	f28v	G808-P0096	f28v.3	3	2	H	A	1	2	EXACT	0.259798693091	9	0	0	0.111895709705	72	0	0	0.166847034777	81	0.16593777147	81	0.116329272882	68	0.0365142748868	4	0.319609203291	6	0	0	0.371694402796	0.371694402796	0.376127965974	0.691303606086	0.371694402796
M08_DY_TO_L_ALL28:G808-E0301	M08_DY_TO_L_ALL28	ALL28	DY	L	G808-E0301	ch	ol	0	f28v	f28v	G808-P0097	f28v.5	5	2	H	A	1	2	EXACT	0.491500313254	8	0	0	0.127104445272	72	-0.323725842065	1	0.203614817339	80	0.196485372036	81	0.122410642864	68	0.206888225407	4	0.00180291896398	6	-0.324777266752	1	0.618604758526	0.29487891646	0.613910956118	0.62040767749	0.293827491774
M08_DY_TO_L_ALL28:G808-E0303	M08_DY_TO_L_ALL28	ALL28	DY	L	G808-E0303	ch	ol	0	f28v	f28v	G808-P0098	f28v.7	7	3	H	A	1	3	EXACT	-0.0511624024087	13	0.0116909564129	3	0.107791978561	72	0.349733291318	1	0.113095425997	88	0.115109126545	89	0.105065723449	68	0.154127454682	4	-0.130448647455	6	0.305903903081	1	0.0683205325656	0.418053823883	0.0655942774528	-0.0621281148896	0.374224435646
M08_DY_TO_L_ALL28:G808-E0306	M08_DY_TO_L_ALL28	ALL28	DY	L	G808-E0306	ch	ol	0	f29r	f29r	G808-P0100	f29r.7	7	2	H	A	1	2	EXACT	0.446421381516	19	0	0	0.153415607717	72	0.167354994418	1	0.23945645136	91	0.23801897567	92	0.150269520747	68	0.206888225407	4	0.204890498309	6	0.166303569732	1	0.599836989233	0.767191983651	0.596690902263	0.804727487542	0.766140558965
M08_DY_TO_L_ALL28:G808-E0307	M08_DY_TO_L_ALL28	ALL28	DY	L	G808-E0307	ch	ol	0	f29v	f29v	G808-P0102	f29v.6	6	2	H	A	1	3	EXACT	0.366261463372	19	0.0843154771746	1	0.178976111314	72	0	0	0.241380157148	92	0.24047089384	92	0.177333583379	68	0.206888225407	4	0.319609203291	6	0	0	0.62955305186	0.62955305186	0.627910523925	0.94916225515	0.62955305186
M08_DY_TO_L_ALL28:G808-E0001	M08_DY_TO_L_ALL28	ALL28	DY	L	G808-E0001	ch	ol	0	f2r	f2r	G808-P0001	f2r.5	5	4	H	A	1	2	EXACT	0.339094659543	20	0	0	0.0985970397866	72	0	0	0.174540812866	92	0.173631549558	92	0.104432302808	68	-0.00061329237997	4	0.202947177785	6	-0.00121843574984	1	0.437691699329	0.437691699329	0.443526962351	0.640638877114	0.436473263579
M08_DY_TO_L_ALL28:G808-E0003	M08_DY_TO_L_ALL28	ALL28	DY	L	G808-E0003	ch	ol	0	f2r	f2r	G808-P0001	f2r.7	7	4	H	A	1	2	EXACT	0.339094659543	20	0	0	0.102426752584	72	0	0	0.177537979403	92	0.176628716095	92	0.104234946155	68	0.0716766010763	4	0.229944995801	6	0	0	0.441521412126	0.441521412126	0.443329605697	0.671466407928	0.441521412126
M08_DY_TO_L_ALL28:G808-E0010	M08_DY_TO_L_ALL28	ALL28	DY	L	G808-E0010	ch	ol	0	f2v	f2v	G808-P0003	f2v.3	3	4	H	A	1	3	EXACT	0.582947498853	13	-0.086880340873	2	0.156737649794	72	0.445317004613	2	0.247083642408	87	0.251157284269	89	0.165658740773	68	0.00506824235342	4	0.202947177785	6	0.444265579927	2	0.652804807774	1.09812181239	0.661725898753	0.85575198556	1.0970703877
M08_DY_TO_L_ALL28:G808-E0011	M08_DY_TO_L_ALL28	ALL28	DY	L	G808-E0011	ch	ol	0	f2v	f2v	G808-P0004	f2v.5	5	8	H	A	1	3	EXACT	0.692408548582	3	0	0	0.122157877319	72	-0.323725842065	1	0.193425564531	75	0.186020965844	76	0.133973018815	68	-0.0787103889112	4	0.280572841889	6	-0.218124037955	2	0.814566425901	0.490840583836	0.826381567397	1.09513926779	0.596442387946
M08_DY_TO_L_ALL28:G808-E0311	M08_DY_TO_L_ALL28	ALL28	DY	L	G808-E0311	ch	ol	0	f30r	f30r	G808-P0105	f30r.9	9	3	H	A	1	2	EXACT	0.327607047296	17	0.317061961192	1	0.151978033824	72	0	0	0.213541934332	90	0.212956873354	90	0.158376303897	68	0.0431965817851	4	0.181082691334	6	0	0	0.796647042312	0.796647042312	0.803045312385	0.977729733646	0.796647042312
M08_DY_TO_L_ALL28:G808-E0325	M08_DY_TO_L_ALL28	ALL28	DY	L	G808-E0325	ch	ol	0	f32r	f32r	G808-P0110	f32r.3	3	4	H	A	1	2	EXACT	0.508416299481	15	-0.499040045281	1	0.137054219375	72	0.200285914363	1	0.222902826911	88	0.222003552427	89	0.145151669432	68	-0.00061329237997	4	-0.300728859931	6	0.199234489677	1	0.146430473576	0.346716387939	0.154527923632	-0.154298386355	0.345664963253
M08_DY_TO_L_ALL28:G808-E0334	M08_DY_TO_L_ALL28	ALL28	DY	L	G808-E0334	ch	ol	0	f32v	f32v	G808-P0113	f32v.10	10	4	H	A	1	3	EXACT	0.144945568088	15	-0.111873683652	1	0.130803431604	72	-0.323725842065	1	0.160232925448	88	0.154150034615	89	0.138198980337	68	0.00506824235342	4	-0.227794092688	6	-0.324777266752	1	0.16387531604	-0.159850526026	0.171270864772	-0.0639187766484	-0.160901950712
M08_DY_TO_L_ALL28:G808-E0338	M08_DY_TO_L_ALL28	ALL28	DY	L	G808-E0338	ch	eol	1	f33v	f33v	G808-P0116	f33v.7	7	7	H	B	2	3	EXACT	-0.155432818261	27	0	0	-0.0301504874135	72	-0.45064723106	1	-0.0484399760613	99	-0.053130294902	100	-0.0245006092207	68	-0.126209309547	4	0.0400802050702	6	-0.529844479893	1	-0.185583305675	-0.636230536734	-0.179933427482	-0.145503100604	-0.715427785567
M08_DY_TO_L_ALL28:G808-E0353	M08_DY_TO_L_ALL28	ALL28	DY	L	G808-E0353	ch	ol	0	f35r	f35r	G808-P0122	f35r.11	11	2	H	A	1	3	EXACT	-0.00058697346135	18	0.0622808770942	2	0.121881476887	72	0	0	0.1224718496	92	0.121562586292	92	0.116880441045	68	0.206888225407	4	0.14210869363	6	0	0	0.18357538052	0.18357538052	0.178574344678	0.32568407415	0.18357538052
M08_DY_TO_L_ALL28:G808-E0355	M08_DY_TO_L_ALL28	ALL28	DY	L	G808-E0355	ch	ol	0	f35r	f35r	G808-P0122	f35r.14	14	2	H	A	1	2	EXACT	-0.00058697346135	18	0.0364469198794	2	0.124401057979	72	0	0	0.123882087905	92	0.122972824598	92	0.119548232789	68	0.206888225407	4	-0.0339207596711	6	0	0	0.160261004397	0.160261004397	0.155408179207	0.126340244725	0.160261004397
M08_DY_TO_L_ALL28:G808-E0361	M08_DY_TO_L_ALL28	ALL28	DY	L	G808-E0361	ch	eol	1	f35v	f35v	G808-P0123	f35v.15	15	2	H	A	1	1	EXACT	0.397139104828	38	0	0	0.163546756078	72	0.0897319307867	1	0.250003136448	110	0.24786175343	111	0.171018616101	68	0.0365142748868	4	0.00180291896398	6	0.0886805061005	1	0.560685860905	0.650417791692	0.568157720928	0.562488779869	0.649366367006
M08_DY_TO_L_ALL28:G808-E0362	M08_DY_TO_L_ALL28	ALL28	DY	L	G808-E0362	ch	ol	0	f35v	f35v	G808-P0123	f35v.19	19	4	H	A	1	2	EXACT	0.397139104828	38	0	0	0.139926522383	72	-0.323725842065	1	0.234542619848	110	0.228815675963	111	0.143940584766	68	0.0716766010763	4	-0.0951640889826	6	-0.267598145051	2	0.537065627211	0.213339785145	0.541079689594	0.441901538228	0.26946748216
M08_DY_TO_L_ALL28:G808-E0363	M08_DY_TO_L_ALL28	ALL28	DY	L	G808-E0363	ch	ol	0	f36r	f36r	G808-P0124	f36r.2	2	7	H	A	1	3	EXACT	0.616356165674	7	0	0	0.112348461536	72	0	0	0.198670601935	79	0.197761338628	79	0.130598157929	68	-0.197907237957	4	0.204743627581	6	-0.139182045293	1	0.728704627209	0.728704627209	0.746954323603	0.93344825479	0.589522581916
M08_DY_TO_L_ALL28:G808-E0364	M08_DY_TO_L_ALL28	ALL28	DY	L	G808-E0364	ch	ol	0	f36r	f36r	G808-P0125	f36r.5	5	3	H	A	1	3	EXACT	0.0714352612819	13	-0.17148063332	3	0.122500713127	72	-0.215840427885	2	0.136996377673	88	0.128768650193	90	0.120639677694	68	0.154127454682	4	0.178510634679	6	-0.266050324313	2	0.0224553410886	-0.193385086796	0.0205943056561	0.200965975767	-0.243594983225
M08_DY_TO_L_ALL28:G808-E0369	M08_DY_TO_L_ALL28	ALL28	DY	L	G808-E0369	ch	ol	0	f36v	f36v	G808-P0126	f36v.2	2	2	H	A	1	3	EXACT	-0.0576605558844	11	0	0	0.130390837751	72	-0.202351858055	2	0.140992048211	83	0.132557185175	85	0.125890352548	68	0.206888225407	4	0.178657505407	6	-0.203403282742	2	0.0727302818667	-0.129621576189	0.0682297966635	0.251387787274	-0.130673000875
M08_DY_TO_L_ALL28:G808-E0373	M08_DY_TO_L_ALL28	ALL28	DY	L	G808-E0373	ch	ol	0	f37r	f37r	G808-P0129	f37r.4	4	4	H	A	1	2	EXACT	0.290752692541	8	0	0	0.111042927041	72	-0.387289115806	2	0.169084688859	80	0.155178647823	82	0.121229984629	68	-0.0621479127637	4	0.133116465544	6	-0.427280457291	2	0.401795619582	0.0145065037756	0.41198267717	0.534912085126	-0.0254848377094
M08_DY_TO_L_ALL28:G808-E0377	M08_DY_TO_L_ALL28	ALL28	DY	L	G808-E0377	ch	ol	0	f37v	f37v	G808-P0131	f37v.2	2	2	H	A	1	2	EXACT	0.0101152621371	9	-0.499040045281	1	0.150755820145	72	0	0	0.165623791918	82	0.16471452861	82	0.147787483008	68	0.201206690674	4	0.246087370996	6	0	0	-0.338168962999	-0.338168962999	-0.341137300136	-0.0920815920025	-0.338168962999
M08_DY_TO_L_ALL28:G808-E0382	M08_DY_TO_L_ALL28	ALL28	DY	L	G808-E0382	ch	ol	0	f37v	f37v	G808-P0133	f37v.23	23	2	H	A	1	1	EXACT	0.312987024567	8	0	0	0.22095999656	72	-0.323725842065	1	0.270233484629	80	0.262281586644	81	0.223937075797	68	0.170338788727	4	0.346607021307	6	-0.324777266752	1	0.533947021127	0.210221179062	0.536924100365	0.880554042434	0.209169754375
M08_DY_TO_L_ALL28:G808-E0383	M08_DY_TO_L_ALL28	ALL28	DY	L	G808-E0383	ch	ol	0	f38v	f38v	G808-P0135	f38v.1	1	2	H	A	1	3	EXACT	0.277729403509	27	-0.208668163033	2	0.167165365777	72	0	0	0.205184360694	101	0.204275097386	101	0.164828088105	68	0.206888225407	4	0.00767327575398	6	0	0	0.236226606254	0.236226606254	0.233889328581	0.243899882008	0.236226606254
M08_DY_TO_L_ALL28:G808-E0385	M08_DY_TO_L_ALL28	ALL28	DY	L	G808-E0385	ch	ol	0	f38v	f38v	G808-P0135	f38v.5	5	3	H	A	1	2	EXACT	0.277729403509	27	0	0	0.146472934968	72	0.00623008876025	2	0.198196904574	99	0.1939517819	101	0.151477578945	68	0.0613831265578	4	0.178510634679	6	0.0448404624526	2	0.424202338477	0.430432427237	0.429206982454	0.602712973156	0.469042800929
M08_DY_TO_L_ALL28:G808-E0390	M08_DY_TO_L_ALL28	ALL28	DY	L	G808-E0390	ch	eol	1	f39r	f39r	G808-P0138	f39r.11	11	10	H	B	2	3	EXACT	-0.355426623883	20	-0.151384277414	3	-0.0643118445244	72	-0.289471128467	2	-0.104898398078	95	-0.109136635144	97	-0.0555318281159	68	-0.213583071582	4	0.0739913853583	6	-0.223595253062	2	-0.571122745821	-0.860593874288	-0.562342729412	-0.497131360463	-0.794717998883
M08_DY_TO_L_ALL28:G808-E0392	M08_DY_TO_L_ALL28	ALL28	DY	L	G808-E0392	ch	ol	0	f39v	f39v	G808-P0139	f39v.2	2	4	H	B	2	3	EXACT	0.00143018711821	32	-0.277325784241	3	-0.0156058094716	72	0.240843163259	1	-0.0067040255565	107	-0.00510353787697	108	-0.0222781177508	68	0.0978125704772	4	0.0254466681247	6	0.239791738573	1	-0.291501406594	-0.0506582433351	-0.298173714873	-0.266054738469	-0.0517096680214
M08_DY_TO_L_ALL28:G808-E0013	M08_DY_TO_L_ALL28	ALL28	DY	L	G808-E0013	ch	ol	0	f3r	f3r	G808-P0005	f3r.1	1	3	H	A	1	2	EXACT	0.429866054884	11	0	0	0.132101854042	72	0	0	0.206180777191	83	0.205284899114	83	0.142629641026	68	-0.0468810748833	4	-0.211610088792	6	0	0	0.561967908926	0.561967908926	0.57249569591	0.350357820134	0.561967908926
M08_DY_TO_L_ALL28:G808-E0015	M08_DY_TO_L_ALL28	ALL28	DY	L	G808-E0015	ch	ol	0	f3r	f3r	G808-P0005	f3r.3	3	3	H	A	1	2	EXACT	0.429866054884	11	0	0	0.157135776956	72	-0.324749943993	1	0.227896951285	83	0.220697630715	84	0.169136147641	68	-0.0468810748833	4	0.197090740614	6	-0.325565938577	1	0.58700183184	0.262251887848	0.599002202525	0.784092572454	0.261435893264
M08_DY_TO_L_ALL28:G808-E0019	M08_DY_TO_L_ALL28	ALL28	DY	L	G808-E0019	ch	ol	0	f3r	f3r	G808-P0005	f3r.8	8	3	H	A	1	2	EXACT	0.429866054884	11	0	0	0.155014042919	72	0.162519986782	1	0.226056410915	83	0.224679834049	84	0.166889605719	68	-0.0468810748833	4	0.123708663763	6	0.161703992199	1	0.584880097803	0.747400084585	0.596755660603	0.708588761565	0.746584090001
M08_DY_TO_L_ALL28:G808-E0026	M08_DY_TO_L_ALL28	ALL28	DY	L	G808-E0026	ch	ol	0	f3v	f3v	G808-P0009	f3v.3	3	2	H	A	1	2	EXACT	0.0341777010286	17	0	0	0.160233177219	72	0	0	0.163504285717	89	0.162595022409	89	0.15748812375	68	0.206888225407	4	-0.0215702941012	6	0	0	0.194410878248	0.194410878248	0.191665824778	0.172840584147	0.194410878248
M08_DY_TO_L_ALL28:G808-E0030	M08_DY_TO_L_ALL28	ALL28	DY	L	G808-E0030	ch	ol	0	f3v	f3v	G808-P0010	f3v.10	10	5	H	A	1	2	EXACT	0.652453394047	14	0.570626815573	1	0.14873354027	72	0	0	0.265745541367	87	0.26483627806	87	0.161251505186	68	-0.064082724117	4	0.205508452695	6	0	0	1.37181374989	1.37181374989	1.38433171481	1.57732220258	1.37181374989
M08_DY_TO_L_ALL28:G808-E0422	M08_DY_TO_L_ALL28	ALL28	DY	L	G808-E0422	ch	ol	0	f42r	f42r	G808-P0149	f42r.10	10	7	H	A	1	2	EXACT	0.362553204626	25	0	0	0.158676353246	72	0	0	0.229244748165	97	0.228335484858	97	0.179651219741	68	-0.197907237957	4	-0.504713029133	6	0.315677769124	1	0.521229557873	0.521229557873	0.542204424367	0.0165165287399	0.836907326997
M08_DY_TO_L_ALL28:G808-E0423	M08_DY_TO_L_ALL28	ALL28	DY	L	G808-E0423	ch	ol	0	f42r	f42r	G808-P0149	f42r.12	12	2	H	A	1	2	EXACT	0.362553204626	25	0.019666255985	2	0.14976535112	72	0	0	0.218829182989	99	0.217919919681	99	0.146404543174	68	0.206888225407	4	-0.0460068372077	6	0	0	0.531984811731	0.531984811731	0.528624003785	0.485977974523	0.531984811731
M08_DY_TO_L_ALL28:G808-E0429	M08_DY_TO_L_ALL28	ALL28	DY	L	G808-E0429	ch	ol	0	f42v	f42v	G808-P0151	f42v.1	1	6	H	A	1	3	EXACT	0.20417289521	23	-0.0474983248592	1	0.143288078668	72	0.429612684741	1	0.17603855965	96	0.17798579163	97	0.16335775254	68	-0.197907237957	4	0.0166013107674	6	0.315677769124	1	0.299962649019	0.72957533376	0.320032322891	0.316563959786	0.615640418143
M08_DY_TO_L_ALL28:G808-E0434	M08_DY_TO_L_ALL28	ALL28	DY	L	G808-E0434	ch	ol	0	f42v	f42v	G808-P0152	f42v.12	12	2	H	A	1	3	EXACT	0.221605005302	23	-0.29354716485	1	0.132042863669	72	-0.253313639535	1	0.169218082694	96	0.1641951513	97	0.127639556461	68	0.206888225407	4	0.319609203291	6	-0.268218182331	1	0.0601007041211	-0.193212935414	0.0556973969131	0.379709907412	-0.20811747821
M08_DY_TO_L_ALL28:G808-E0435	M08_DY_TO_L_ALL28	ALL28	DY	L	G808-E0435	ch	ol	0	f42v	f42v	G808-P0152	f42v.15	15	2	H	A	1	1	EXACT	0.221605005302	23	0	0	0.150948802182	72	0	0	0.188262174567	95	0.18735291126	95	0.149807575867	68	0.170338788727	4	0.346607021307	6	0	0	0.372553807484	0.372553807484	0.371412581169	0.71916082879	0.372553807484
M08_DY_TO_L_ALL28:G808-E0461	M08_DY_TO_L_ALL28	ALL28	DY	L	G808-E0461	ch	eol	1	f44v	f44v	G808-P0162	f44v.2	2	2	H	A	1	2	EXACT	0.619906385321	7	-0.1316014065	2	0.125901051612	72	0	0	0.203234826517	81	0.20232556321	81	0.121136461342	68	0.206888225407	4	0.0928521020187	6	0	0	0.614206030433	0.614206030433	0.609441440163	0.707058132452	0.614206030433
M08_DY_TO_L_ALL28:G808-E0470	M08_DY_TO_L_ALL28	ALL28	DY	L	G808-E0470	ch	eol	1	f44v	f44v	G808-P0163	f44v.7	7	5	H	A	1	2	EXACT	0.464523605675	14	0	0	0.136596684056	72	0	0	0.221273959376	86	0.220364696068	86	0.148400716254	68	-0.064082724117	4	0.000527847927345	6	0.145797785451	1	0.601120289731	0.601120289731	0.61292432193	0.601648137659	0.746918075182
M08_DY_TO_L_ALL28:G808-E0478	M08_DY_TO_L_ALL28	ALL28	DY	L	G808-E0478	ch	eol	1	f45r	f45r	G808-P0167	f45r.10	10	8	H	A	1	3	EXACT	0.185890779122	14	-0.0391891480403	1	0.123345087743	72	-0.151153836339	1	0.162645987868	87	0.158437930169	88	0.135230065146	68	-0.0787103889112	4	0.229944995801	6	-0.152205261026	1	0.270046718824	0.118892882485	0.281931696228	0.499991714626	0.117841457799
M08_DY_TO_L_ALL28:G808-E0481	M08_DY_TO_L_ALL28	ALL28	DY	L	G808-E0481	ch	ol	0	f45v	f45v	G808-P0169	f45v.9	9	3	H	A	1	2	EXACT	0.293284237711	16	0	0	0.125694034173	72	0	0	0.184799117687	88	0.18388985438	88	0.129476389868	68	0.0613831265578	4	0.178510634679	6	0	0	0.418978271884	0.418978271884	0.422760627579	0.597488906563	0.418978271884
M08_DY_TO_L_ALL28:G808-E0484	M08_DY_TO_L_ALL28	ALL28	DY	L	G808-E0484	ch	ol	0	f46r	f46r	G808-P0170	f46r.4	4	2	H	B	2	3	EXACT	0.0458478431287	24	-0.0351650106849	2	-0.0225706589056	71	-0.145381596207	1	0.0129095589692	97	0.0106230830083	98	-0.0362215910232	67	0.206079582441	4	0.221434686987	6	-0.146504306692	1	-0.0118878264618	-0.157269422669	-0.0255387585794	0.209546860526	-0.158392133154
M08_DY_TO_L_ALL28:G808-E0494	M08_DY_TO_L_ALL28	ALL28	DY	L	G808-E0494	ch	ol	0	f46r	f46r	G808-P0173	f46r.13	13	5	H	B	2	3	EXACT	-0.0872123529144	15	-0.409174403325	2	-0.0416965043755	72	-0.186377005146	2	-0.027771977198	89	-0.0316519182968	91	-0.0363749818474	68	-0.132173136337	4	-0.143548755914	6	-0.187499715631	2	-0.538083260615	-0.72446026576	-0.532761738087	-0.681632016528	-0.725582976245
M08_DY_TO_L_ALL28:G808-E0495	M08_DY_TO_L_ALL28	ALL28	DY	L	G808-E0495	ch	eol	1	f46r	f46r	G808-P0174	f46r.14	14	4	H	B	2	3	EXACT	-0.405652480923	2	0	0	-0.0212639026842	71	-0.0654624745393	2	0.0188431048481	73	0.0163112045687	75	-0.0227756608993	67	0.00405517579672	4	0.0697470033764	6	0.262304555557	3	-0.426916383607	-0.492378858146	-0.428428141822	-0.357169380231	-0.16461182805
M08_DY_TO_L_ALL28:G808-E0506	M08_DY_TO_L_ALL28	ALL28	DY	L	G808-E0506	ch	ol	0	f47r	f47r	G808-P0176	f47r.2	2	2	H	A	1	2	EXACT	-0.348826024055	6	0.100868693305	1	0.16784019084	72	0	0	0.170687821337	79	0.16977855803	79	0.165542608759	68	0.206888225407	4	0.319609203291	6	0	0	-0.0801171399105	-0.0801171399105	-0.0824147219908	0.23949206338	-0.0801171399105
M08_DY_TO_L_ALL28:G808-E0507	M08_DY_TO_L_ALL28	ALL28	DY	L	G808-E0507	ch	ol	0	f47r	f47r	G808-P0176	f47r.4	4	4	H	A	1	2	EXACT	-0.348826024055	6	0	0	0.13951265031	72	-0.323725842065	1	0.145244643355	78	0.138696588052	79	0.151374397502	68	-0.0621479127637	4	0.202947177785	6	-0.324777266752	1	-0.209313373745	-0.53303921581	-0.197451626552	-0.00636619595946	-0.534090640497
M08_DY_TO_L_ALL28:G808-E0508	M08_DY_TO_L_ALL28	ALL28	DY	L	G808-E0508	ch	ol	0	f47r	f47r	G808-P0177	f47r.6	6	4	H	A	1	2	EXACT	0.319275502618	12	-0.741118556769	1	0.142842031556	72	0.209637637788	2	0.191204132897	85	0.191258994248	87	0.150945733227	68	0.00506824235342	4	-0.173955998241	6	0.275351909414	2	-0.279001022595	-0.0693633848066	-0.270897320924	-0.452957020836	-0.00364911318059
M08_DY_TO_L_ALL28:G808-E0509	M08_DY_TO_L_ALL28	ALL28	DY	L	G808-E0509	ch	ol	0	f47r	f47r	G808-P0177	f47r.9	9	5	H	A	1	3	EXACT	0.319275502618	12	0	0	0.128019300507	72	-0.258820351803	2	0.189421775297	84	0.178634925727	86	0.142958570507	68	-0.125959150294	4	0.0708408372595	6	-0.25987177649	2	0.447294803125	0.188474451322	0.462234073125	0.518135640385	0.187423026635
M08_DY_TO_L_ALL28:G808-E0516	M08_DY_TO_L_ALL28	ALL28	DY	L	G808-E0516	ch	ol	0	f47v	f47v	G808-P0178	f47v.6	6	5	H	A	1	2	EXACT	0.528092019794	18	0	0	0.117841616219	72	0	0	0.225984357049	90	0.225075093742	90	0.126942270174	68	-0.0368803618162	4	0.242000055327	6	0	0	0.645933636013	0.645933636013	0.655034289968	0.88793369134	0.645933636013
M08_DY_TO_L_ALL28:G808-E0517	M08_DY_TO_L_ALL28	ALL28	DY	L	G808-E0517	ch	ol	0	f47v	f47v	G808-P0179	f47v.10	10	7	H	A	1	3	EXACT	0.264825451604	11	0	0	0.130161901108	72	0.395845888806	2	0.183532561995	83	0.188171986795	85	0.149459446888	68	-0.197907237957	4	0.195644377328	6	0.281728462843	3	0.394987352712	0.790833241518	0.414284898492	0.59063173004	0.676715815555
M08_DY_TO_L_ALL28:G808-E0518	M08_DY_TO_L_ALL28	ALL28	DY	L	G808-E0518	ch	ol	0	f47v	f47v	G808-P0179	f47v.14	14	1	H	A	1	1	EXACT	0.264825451604	11	0	0	0.16458039246	72	0	0	0.213389566541	83	0.212480303233	83	0.165421827947	68	0.150265128379	4	0.328875227756	6	-0.167509352818	1	0.429405844064	0.429405844064	0.430247279551	0.75828107182	0.261896491246
M08_DY_TO_L_ALL28:G808-E0544	M08_DY_TO_L_ALL28	ALL28	DY	L	G808-E0544	ch	ol	0	f49r	f49r	G808-P0185	f49r.15	15	2	H	A	1	2	EXACT	0.118183517712	20	-0.499040045281	1	0.151202880189	72	0.690348094863	1	0.16067652154	93	0.165652125159	94	0.148260840701	68	0.201206690674	4	0.319609203291	6	0.689296670177	1	-0.22965364738	0.460694447483	-0.232595686868	0.0899555559101	0.459643022797
M08_DY_TO_L_ALL28:G808-E0545	M08_DY_TO_L_ALL28	ALL28	DY	L	G808-E0545	ch	eol	1	f49r	f49r	G808-P0185	f49r.18	18	2	H	A	1	2	EXACT	0.118183517712	20	0	0	0.124547546359	72	0.124323375556	1	0.146825743698	92	0.145927271247	93	0.119703338133	68	0.206888225407	4	0.178657505407	6	0.152363876275	2	0.24273106407	0.367054439627	0.237886855844	0.421388569478	0.395094940345
M08_DY_TO_L_ALL28:G808-E0553	M08_DY_TO_L_ALL28	ALL28	DY	L	G808-E0553	ch	ol	0	f49v	f49v	G808-P0186	f49v.26	26	6	H	A	1	2	EXACT	0.349207064434	25	0	0	0.163840996318	72	-0.323725842065	1	0.229638570808	97	0.223322588162	98	0.17724763512	68	-0.064082724117	4	-0.0495090750627	6	-0.324777266752	1	0.513048060751	0.189322218686	0.526454699553	0.463538985688	0.188270793999
M08_DY_TO_L_ALL28:G808-E0556	M08_DY_TO_L_ALL28	ALL28	DY	L	G808-E0556	ch	ol	0	f49v	f49v	G808-P0187	f49v.30	30	3	H	A	1	2	EXACT	0.324101970567	6	0	0	0.173664846716	72	0	0	0.228533439624	78	0.227624176316	78	0.180269014914	68	0.0613831265578	4	0.0119137551487	6	0	0	0.497766817283	0.497766817283	0.504370985481	0.509680572432	0.497766817283
M08_DY_TO_L_ALL28:G808-E0559	M08_DY_TO_L_ALL28	ALL28	DY	L	G808-E0559	ch	ol	0	f49v	f49v	G808-P0188	f49v.40	40	4	H	A	1	2	EXACT	0.33130072383	24	0	0	0.112334751397	72	0.0126271885841	1	0.186179842044	96	0.183723705173	97	0.118978115102	68	-0.00061329237997	4	0.129425345491	6	-0.0966155779617	2	0.443635475227	0.456262663811	0.450278838932	0.573060820718	0.347019897265
M08_DY_TO_L_ALL28:G808-E0561	M08_DY_TO_L_ALL28	ALL28	DY	L	G808-E0561	ch	ol	0	f49v	f49v	G808-P0188	f49v.50	50	1	H	A	1	2	EXACT	0.33130072383	24	0	0	0.128560286514	72	0	0	0.198348993382	96	0.197439730074	96	0.130588474089	68	0.0940702369359	4	0.275644416838	6	0	0	0.459861010344	0.459861010344	0.461889197919	0.735505427182	0.459861010344
M08_DY_TO_L_ALL28:G808-E0033	M08_DY_TO_L_ALL28	ALL28	DY	L	G808-E0033	ch	ol	0	f4r	f4r	G808-P0011	f4r.3	3	2	H	A	1	2	EXACT	0.332567980846	13	0.0793702856003	2	0.137822792345	72	0	0	0.197838789333	87	0.196929526026	87	0.133759480942	68	0.206888225407	4	0.00180291896398	6	0	0	0.549761058792	0.549761058792	0.545697747388	0.551563977756	0.549761058792
M08_DY_TO_L_ALL28:G808-E0036	M08_DY_TO_L_ALL28	ALL28	DY	L	G808-E0036	ch	ol	0	f4v	f4v	G808-P0014	f4v.10	10	4	H	A	1	1	EXACT	0.375649141621	19	-0.187128054636	1	0.188062238455	72	0	0	0.242978002286	92	0.240989543183	92	0.192853453545	68	0.106614652438	4	-0.398980636816	6	0	0	0.37658332544	0.37658332544	0.381374540529	-0.0223973113761	0.37658332544
M08_DY_TO_L_ALL28:G808-E0587	M08_DY_TO_L_ALL28	ALL28	DY	L	G808-E0587	ch	eol	1	f51v	f51v	G808-P0192	f51v.13	13	2	H	A	1	1	EXACT	0.331715635016	38	0	0	0.16396713885	72	0.103694419573	1	0.227768550006	110	0.225941202586	111	0.163395401245	68	0.173675817329	4	0.351714052934	6	0.229792689426	1	0.495682773866	0.59937719344	0.495111036262	0.8473968268	0.725475463293
M08_DY_TO_L_ALL28:G808-E0592	M08_DY_TO_L_ALL28	ALL28	DY	L	G808-E0592	ch	ol	0	f52v	f52v	G808-P0194	f52v.2	2	2	H	A	1	3	EXACT	0.290063990574	9	-0.258482256395	2	0.113945447055	72	0	0	0.162014725972	83	0.161105462665	83	0.108477585929	68	0.206888225407	4	0.213735855666	6	0	0	0.145527181234	0.145527181234	0.140059320107	0.3592630369	0.145527181234
M08_DY_TO_L_ALL28:G808-E0596	M08_DY_TO_L_ALL28	ALL28	DY	L	G808-E0596	ch	eol	1	f52v	f52v	G808-P0194	f52v.4	4	5	H	A	1	2	EXACT	0.290063990574	9	0	0	0.0870388280235	72	0	0	0.14811483967	81	0.147205576362	81	0.103799722446	68	-0.197907237957	4	-0.00203342698218	6	0	0	0.377102818597	0.377102818597	0.39386371302	0.375069391615	0.377102818597
M08_DY_TO_L_ALL28:G808-E0599	M08_DY_TO_L_ALL28	ALL28	DY	L	G808-E0599	ch	ol	0	f52v	f52v	G808-P0195	f52v.9	9	3	H	A	1	2	EXACT	0.529049947327	15	0	0	0.13086719164	72	-0.0505595491146	2	0.229468085537	87	0.222794289267	89	0.139520299092	68	-0.0162464958386	4	-0.113062656746	6	-0.111939872375	2	0.659917138967	0.609357589852	0.668570246419	0.546854482221	0.547977266592
M08_DY_TO_L_ALL28:G808-E0600	M08_DY_TO_L_ALL28	ALL28	DY	L	G808-E0600	ch	ol	0	f52v	f52v	G808-P0195	f52v.10	10	3	H	A	1	2	EXACT	0.529049947327	15	0.0307195731526	1	0.135459494762	72	0	0	0.231135146956	88	0.230225883649	88	0.140150497241	68	0.0557015918244	4	0.0391431836162	6	-0.00231700079613	1	0.695229015241	0.695229015241	0.69992001772	0.734372198858	0.692912014445
M08_DY_TO_L_ALL28:G808-E0604	M08_DY_TO_L_ALL28	ALL28	DY	L	G808-E0604	ch	ol	0	f53r	f53r	G808-P0196	f53r.9	9	2	H	A	1	2	EXACT	0.139106861203	26	0.801879764988	1	0.144874812195	72	0	0	0.166938680892	99	0.166029417584	99	0.141226325488	68	0.206888225407	4	0.00180291896398	6	0	0	1.08586143839	1.08586143839	1.08221295168	1.08766435735	1.08586143839
M08_DY_TO_L_ALL28:G808-E0606	M08_DY_TO_L_ALL28	ALL28	DY	L	G808-E0606	ch	ol	0	f53v	f53v	G808-P0197	f53v.3	3	3	H	A	1	2	EXACT	0.281078458862	29	-0.0725387265171	2	0.126150168692	72	0	0	0.179828386485	103	0.178914882358	103	0.129813886956	68	0.0638561167927	4	-0.0574404905106	6	0	0	0.334689901036	0.334689901036	0.338353619301	0.277249410526	0.334689901036
M08_DY_TO_L_ALL28:G808-E0611	M08_DY_TO_L_ALL28	ALL28	DY	L	G808-E0611	ch	ol	0	f53v	f53v	G808-P0197	f53v.6	6	3	H	A	1	2	EXACT	0.281078458862	29	0	0	0.118895460465	72	0	0	0.179330963453	101	0.178417459326	101	0.12698994417	68	-0.0187216039231	4	-0.0238545692086	6	0	0	0.399973919326	0.399973919326	0.408068403031	0.376119350118	0.399973919326
M08_DY_TO_L_ALL28:G808-E0614	M08_DY_TO_L_ALL28	ALL28	DY	L	G808-E0614	ch	eol	1	f54v	f54v	G808-P0198	f54v.6	6	2	H	A	1	2	EXACT	0.0575960341735	38	0	0	0.131909560131	72	0.148119776807	1	0.111961005651	110	0.111585099812	111	0.127952854319	68	0.199162717535	4	-0.0239963879042	6	0.146973023907	1	0.189505594304	0.337625371112	0.185548888492	0.1655092064	0.336478618211
M08_DY_TO_L_ALL28:G808-E0618	M08_DY_TO_L_ALL28	ALL28	DY	L	G808-E0618	ch	ol	0	f54v	f54v	G808-P0198	f54v.12	12	2	H	A	1	1	EXACT	0.0575960341735	38	0	0	0.140681589793	72	-0.0428206340124	1	0.117702697793	110	0.115554881117	111	0.146868242492	68	0.0354976525101	4	-0.186011083214	6	-0.0562671248152	1	0.198277623967	0.155456989954	0.204464276665	0.0122665407524	0.142010499151
M08_DY_TO_L_ALL28:G808-E0620	M08_DY_TO_L_ALL28	ALL28	DY	L	G808-E0620	ch	ol	0	f54v	f54v	G808-P0198	f54v.16	16	2	H	A	1	1	EXACT	0.0575960341735	38	0	0	0.146348478843	72	0	0	0.121411934263	110	0.120497373761	110	0.145025011858	68	0.168836576185	4	0.276099900616	6	0.055537132404	1	0.203944513017	0.203944513017	0.202621046032	0.480044413633	0.259481645421
M08_DY_TO_L_ALL28:G808-E0621	M08_DY_TO_L_ALL28	ALL28	DY	L	G808-E0621	ch	ol	0	f55r	f55r	G808-P0199	f55r.3	3	2	H	B	2	3	EXACT	0.092125195574	25	-0.150234863071	6	-0.00856527985053	72	-0.206771729858	1	0.0254568751385	103	0.0225406629155	104	-0.0212396543244	68	0.206888225407	4	0.236588151952	6	-0.207823154544	1	-0.0666749473473	-0.273446677205	-0.0793493218212	0.169913204605	-0.274498101891
M08_DY_TO_L_ALL28:G808-E0622	M08_DY_TO_L_ALL28	ALL28	DY	L	G808-E0622	ch	ol	0	f55r	f55r	G808-P0199	f55r.5	5	5	H	B	2	3	EXACT	0.092125195574	25	0.205086542017	2	-0.0557069103315	72	-0.0603458606032	2	0.0048507741125	99	0.00311595205393	101	-0.051296715525	68	-0.13069108284	4	0.0708408372595	6	-0.146865571102	2	0.241504827259	0.181158966656	0.245915022066	0.312345664519	0.0946392561572
M08_DY_TO_L_ALL28:G808-E0629	M08_DY_TO_L_ALL28	ALL28	DY	L	G808-E0629	ch	ol	0	f56r	f56r	G808-P0204	f56r.15	15	3	H	A	1	1	EXACT	0.361737505931	22	0	0	0.182381432085	72	0	0	0.245692534963	94	0.244783271656	94	0.18558020185	68	0.127991485281	4	-0.0951640889826	6	0	0	0.544118938016	0.544118938016	0.547317707781	0.448954849033	0.544118938016
M08_DY_TO_L_ALL28:G808-E0643	M08_DY_TO_L_ALL28	ALL28	DY	L	G808-E0643	ch	ol	0	f58r	f58r	G808-P0208	f58r.22	22	3	S	A	3	3	EXACT	-0.0215856155246	38	0	0	0.000376601956498	71	-0.154903989411	2	-0.00209361748603	109	-0.00534801654847	111	-0.00879003313259	67	0.153915598517	4	0.20292369572	6	-0.155985049353	2	-0.0212090135681	-0.176113002979	-0.0303756486572	0.181714682152	-0.177194062921
M08_DY_TO_L_ALL28:G808-E0644	M08_DY_TO_L_ALL28	ALL28	DY	L	G808-E0644	ch	eol	1	f58r	f58r	G808-P0209	f58r.30	30	8	S	A	3	3	EXACT	0.0389750848845	49	-0.317414550625	2	0.00111834234778	71	0	0	0.00813549760584	122	0.00719925152111	122	0.0130068141562	67	-0.198015701625	4	-0.0322394088068	6	0.244740342866	1	-0.277321123393	-0.277321123393	-0.265432651584	-0.3095605322	-0.0325807805271
M08_DY_TO_L_ALL28:G808-E0653	M08_DY_TO_L_ALL28	ALL28	DY	L	G808-E0653	ch	eol	1	f58v	f58v	G808-P0210	f58v.17	17	8	S	A	3	3	EXACT	-0.0371868887856	79	-0.0252191539532	1	0.0314935847403	71	0	0	-0.0252946076108	151	-0.0262511791728	151	0.0452149074893	67	-0.198341572674	4	-0.0645684033356	6	0	0	-0.0309124579985	-0.0309124579985	-0.0171911352495	-0.0954808613341	-0.0309124579985
M08_DY_TO_L_ALL28:G808-E0654	M08_DY_TO_L_ALL28	ALL28	DY	L	G808-E0654	ch	eol	1	f58v	f58v	G808-P0210	f58v.19	19	6	S	A	3	3	EXACT	-0.0371868887856	79	-0.222709016207	1	0.02377650719	71	-0.212746152226	1	-0.0302310471362	151	-0.0322252210559	152	0.0326966584975	67	-0.12563902858	4	0.0637924264521	6	-0.213425988688	1	-0.236119397802	-0.448865550028	-0.227199246495	-0.17232697135	-0.449545386491
M08_DY_TO_L_ALL28:G808-E0655	M08_DY_TO_L_ALL28	ALL28	DY	L	G808-E0655	ch	ol	0	f58v	f58v	G808-P0210	f58v.20	20	6	S	A	3	3	EXACT	-0.0371868887856	79	-0.401923169716	1	0.0312451746616	71	0.404568113194	3	-0.027906138282	151	-0.0199547787105	154	0.0403968136134	67	-0.122047779149	4	-0.250387713577	6	0.385628679635	3	-0.40786488384	-0.00329677064602	-0.398713244889	-0.658252597417	-0.022236204205
M08_DY_TO_L_ALL28:G808-E0042	M08_DY_TO_L_ALL28	ALL28	DY	L	G808-E0042	ch	ol	0	f5v	f5v	G808-P0017	f5v.2	2	2	H	A	1	2	EXACT	0.243920850836	13	0	0	0.146532196155	72	0.629965220277	1	0.194097532941	85	0.198529823182	86	0.142981202623	68	0.206888225407	4	-0.0717189133303	6	0.472295782358	2	0.390453046991	1.02041826727	0.386902053459	0.318734133661	0.862748829348
M08_DY_TO_L_ALL28:G808-E0045	M08_DY_TO_L_ALL28	ALL28	DY	L	G808-E0045	ch	ol	0	f5v	f5v	G808-P0017	f5v.5	5	7	H	A	1	2	EXACT	0.243920850836	13	0	0	0.143959154661	72	-0.406908672199	2	0.19191801544	85	0.177782987309	87	0.157056724236	68	-0.0787103889112	4	0.0389115731648	6	-0.524872102602	2	0.387880005497	-0.0190286667021	0.400977575072	0.426791578662	-0.136992097106
M08_DY_TO_L_ALL28:G808-E0047	M08_DY_TO_L_ALL28	ALL28	DY	L	G808-E0047	ch	ol	0	f5v	f5v	G808-P0017	f5v.6	6	2	H	A	1	1	EXACT	0.243920850836	13	0	0	0.168510668773	72	0	0	0.212714592099	85	0.211805328792	85	0.168402493434	68	0.170338788727	4	0.02880073698	6	0	0	0.412431519608	0.412431519608	0.41232334427	0.441232256588	0.412431519608
M08_DY_TO_L_ALL28:G808-E0673	M08_DY_TO_L_ALL28	ALL28	DY	L	G808-E0673	ch	eol	1	f66r	f66r	G808-P0218	f66r.71	71	2	T	B	5	2	EXACT	-0.129342378701	49	-0.0275984582942	2	-0.039604434758	71	0	0	-0.0783483450393	122	-0.0792071633541	122	-0.0545785235052	67	0.21120804176	4	-0.0700707299161	6	0	0	-0.196545271753	-0.196545271753	-0.2115193605	-0.266616001669	-0.196545271753
M08_DY_TO_L_ALL28:G808-E0050	M08_DY_TO_L_ALL28	ALL28	DY	L	G808-E0050	ch	ol	0	f6r	f6r	G808-P0018	f6r.7	7	5	H	A	1	2	EXACT	0.414563248954	36	-0.194079285762	1	0.152433131446	71	0.0203361097408	2	0.243693170942	108	0.239150250481	110	0.173348801105	67	-0.197907237957	4	0.202947177785	6	0.00906613011124	2	0.372917094637	0.393253204378	0.393832764297	0.575864272423	0.381983224749
M08_DY_TO_L_ALL28:G808-E0053	M08_DY_TO_L_ALL28	ALL28	DY	L	G808-E0053	ch	ol	0	f6v	f6v	G808-P0019	f6v.3	3	3	H	A	1	2	EXACT	0.252840080355	22	0	0	0.129471957546	72	0	0	0.179679497416	94	0.178770234108	94	0.133476544028	68	0.0613831265578	4	-0.102804949833	6	0	0	0.382312037901	0.382312037901	0.386316624383	0.279507088068	0.382312037901
M08_DY_TO_L_ALL28:G808-E0057	M08_DY_TO_L_ALL28	ALL28	DY	L	G808-E0057	ch	ol	0	f6v	f6v	G808-P0020	f6v.14	14	2	H	A	1	1	EXACT	0.215945089192	29	0	0	0.149661215111	72	0	0	0.182606918147	101	0.181697654839	101	0.156316278607	68	0.0365142748868	4	-0.0215702941012	6	0	0	0.365606304304	0.365606304304	0.372261367799	0.344036010203	0.365606304304
M08_DY_TO_L_ALL28:G808-E0771	M08_DY_TO_L_ALL28	ALL28	DY	L	G808-E0771	ch	ol	0	f76r	f76r	G808-P0232	f76r.43	43	6	T	B	2	3	EXACT	-0.291997408634	18	-0.0467681607914	4	-0.0386161512073	72	0.00377739902496	2	-0.0671620016732	94	-0.0659120159842	96	-0.0338968383217	68	-0.118852467371	4	0.0130645537938	6	-0.05119418109	2	-0.377381720633	-0.373604321608	-0.372662407748	-0.364317166839	-0.428575901723
M08_DY_TO_L_ALL28:G808-E0801	M08_DY_TO_L_ALL28	ALL28	DY	L	G808-E0801	ch	ol	0	f76v	f76v	G808-P0237	f76v.18	18	6	B	B	2	2	EXACT	-0.572118090911	26	-0.00327892048253	1	-0.108309085861	72	0.337746500689	1	-0.211945469412	99	-0.207098588059	100	-0.106971865128	68	-0.131053808641	4	-0.144831504985	6	0.293888651411	1	-0.683706097255	-0.345959596566	-0.682368876521	-0.828537602239	-0.389817445844
M08_DY_TO_L_ALL28:G808-E0821	M08_DY_TO_L_ALL28	ALL28	DY	L	G808-E0821	ch	eol	1	f76v	f76v	G808-P0239	f76v.36	36	2	B	B	2	2	EXACT	-0.55882140101	4	0.072754699298	1	-0.0817987311027	72	-0.0359640807848	1	-0.0575113336352	77	-0.0578200108218	78	-0.0985911839366	68	0.203660996765	4	0.312701447495	6	0.0518206458781	1	-0.567865432814	-0.603829513599	-0.584657885648	-0.25516398532	-0.516044786936
M08_DY_TO_L_ALL28:G808-E0831	M08_DY_TO_L_ALL28	ALL28	DY	L	G808-E0831	ch	ol	0	f77r	f77r	G808-P0241	f77r.11	11	4	B	B	2	2	EXACT	-0.34145341615	49	-0.322452936605	2	-0.112634534679	72	-0.334698415141	1	-0.209434029893	123	-0.211123767746	124	-0.119663897614	68	0.00685352389257	4	-0.323049428365	6	-0.356233571069	1	-0.776540887434	-1.11123930258	-0.783570250369	-1.0995903158	-1.1327744585
M08_DY_TO_L_ALL28:G808-E0847	M08_DY_TO_L_ALL28	ALL28	DY	L	G808-E0847	ch	eol	1	f77r	f77r	G808-P0242	f77r.32	32	3	B	B	2	3	EXACT	-0.591397417333	23	-0.112658869561	1	-0.146383665578	72	-0.264757138766	1	-0.232997110259	96	-0.233953828594	97	-0.158661462769	68	0.0623277753661	4	0.174966571321	6	-0.148905941066	2	-0.850439952472	-1.11519709124	-0.862717749663	-0.675473381151	-0.999345893538
M08_DY_TO_L_ALL28:G808-E0856	M08_DY_TO_L_ALL28	ALL28	DY	L	G808-E0856	ch	eol	1	f77r	f77r	G808-P0243	f77r.46	46	4	B	B	2	3	EXACT	-0.204391464807	45	0.134478729668	3	-0.131086721249	72	0	0	-0.151347900129	120	-0.152207954145	120	-0.139201506923	68	0.00685352389257	4	0.0928319472312	6	0	0	-0.200999456388	-0.200999456388	-0.209114242062	-0.108167509157	-0.200999456388
M08_DY_TO_L_ALL28:G808-E0971	M08_DY_TO_L_ALL28	ALL28	DY	L	G808-E0971	ch	ol	0	f79r	f79r	G808-P0253	f79r.19	19	3	B	B	2	3	EXACT	-0.278807024818	31	-0.202010057726	2	-0.127026567277	72	0.034917343473	2	-0.159240031549	105	-0.155599970706	107	-0.143609202667	68	0.154852168263	4	0.0354692552692	6	-0.0284082340076	2	-0.607843649821	-0.572926306348	-0.62442628521	-0.572374394551	-0.636251883828
M08_DY_TO_L_ALL28:G808-E0989	M08_DY_TO_L_ALL28	ALL28	DY	L	G808-E0989	ch	eol	1	f79r	f79r	G808-P0258	f79r.43	43	4	B	B	2	3	EXACT	-0.371787679006	11	-0.0798057191485	4	-0.136687748995	72	0.0567373482662	3	-0.126655605588	87	-0.120539718987	90	-0.151133011324	68	0.108855644498	4	0.242216048665	6	-0.000966239071365	4	-0.58828114715	-0.531543798884	-0.602726409478	-0.346065098485	-0.589247386221
M08_DY_TO_L_ALL28:G808-E0996	M08_DY_TO_L_ALL28	ALL28	DY	L	G808-E0996	ch	ol	0	f79v	f79v	G808-P0261	f79v.17	17	3	B	B	2	3	EXACT	-0.416172478094	47	-0.218561490108	3	-0.155141650738	72	0.0298682693674	3	-0.258190771776	122	-0.251607215928	125	-0.173395235952	68	0.155158190444	4	0.199997779945	6	-0.00531319671694	4	-0.789875618939	-0.760007349572	-0.808129204154	-0.589877838995	-0.795188815656
M08_DY_TO_L_ALL28:G808-E0062	M08_DY_TO_L_ALL28	ALL28	DY	L	G808-E0062	ch	ol	0	f7r	f7r	G808-P0022	f7r.7	7	3	H	A	1	2	EXACT	0.197243628224	12	0	0	0.148749008835	72	0.429612684741	1	0.189756971808	84	0.191946080627	85	0.15388753951	68	0.0613831265578	4	-0.300728859931	6	0.315677769124	1	0.345992637059	0.7756053218	0.351131167734	0.0452637771275	0.661670406183
M08_DY_TO_L_ALL28:G808-E0066	M08_DY_TO_L_ALL28	ALL28	DY	L	G808-E0066	ch	ol	0	f7r	f7r	G808-P0022	f7r.9	9	4	H	A	1	3	EXACT	0.197243628224	12	0.153644488059	1	0.131013176893	72	0	0	0.174482991913	85	0.173573728605	85	0.138421063584	68	0.00506824235342	4	0.150250208193	6	0.329672108184	1	0.481901293175	0.481901293175	0.489309179866	0.632151501368	0.81157340136
M08_DY_TO_L_ALL28:G808-E1025	M08_DY_TO_L_ALL28	ALL28	DY	L	G808-E1025	ch	eol	1	f80r	f80r	G808-P0270	f80r.53	53	5	B	B	2	2	EXACT	-0.206036949561	31	0	0	-0.164846600405	72	0	0	-0.165721546752	103	-0.1665606793	103	-0.162912342563	68	-0.197739962002	4	0.0242180591561	6	-0.113371336453	2	-0.370883549967	-0.370883549967	-0.368949292125	-0.34666549081	-0.48425488642
M08_DY_TO_L_ALL28:G808-E1045	M08_DY_TO_L_ALL28	ALL28	DY	L	G808-E1045	ch	eol	1	f80v	f80v	G808-P0273	f80v.16	16	1	B	B	2	3	EXACT	-0.313361929094	16	-0.242255287297	5	-0.111452684313	72	-0.0695468206229	1	-0.12472591657	93	-0.12478101387	94	-0.124227162764	68	0.105702235668	4	0.0965783348028	6	-0.0881472713378	1	-0.667069900704	-0.736616721327	-0.679844379155	-0.570491565902	-0.755217172042
M08_DY_TO_L_ALL28:G808-E1064	M08_DY_TO_L_ALL28	ALL28	DY	L	G808-E1064	ch	eol	1	f81r	f81r	G808-P0279	f81r.5	5	2	B	B	2	3	EXACT	-0.42424075526	26	-0.141812627521	4	-0.101244019485	72	-0.0782912368187	2	-0.16866232417	102	-0.167365428708	104	-0.119922587001	68	0.216280179805	4	0.240469521483	6	-0.0935478107365	2	-0.667297402266	-0.745588639085	-0.685975969782	-0.426827880783	-0.760845213003
M08_DY_TO_L_ALL28:G808-E1065	M08_DY_TO_L_ALL28	ALL28	DY	L	G808-E1065	ch	ol	0	f81r	f81r	G808-P0279	f81r.10	10	1	B	B	2	2	EXACT	-0.42424075526	26	0	0	-0.133422910114	72	0	0	-0.193872921822	98	-0.194754543606	98	-0.148400186528	68	0.121179340451	4	0.0607754914355	6	0	0	-0.557663665374	-0.557663665374	-0.572640941789	-0.496888173939	-0.557663665374
M08_DY_TO_L_ALL28:G808-E1077	M08_DY_TO_L_ALL28	ALL28	DY	L	G808-E1077	ch	eol	1	f81r	f81r	G808-P0280	f81r.24	24	4	B	B	2	2	EXACT	-0.452302816567	33	-0.0109218980575	1	-0.121632411068	72	0	0	-0.213507841545	106	-0.214389463329	106	-0.128126758818	68	-0.0112399477882	4	0.0475438946321	6	0	0	-0.584857125693	-0.584857125693	-0.591351473443	-0.537313231061	-0.584857125693
M08_DY_TO_L_ALL28:G808-E1121	M08_DY_TO_L_ALL28	ALL28	DY	L	G808-E1121	ch	eol	1	f82r	f82r	G808-P0285	f82r.30	30	3	B	B	2	2	EXACT	-0.323501648519	47	-0.0742886271129	2	-0.121354112899	72	-0.0857579390468	2	-0.200089644472	121	-0.198763408487	123	-0.13803595707	68	0.162225970228	4	-0.188711113888	6	-0.0867980632017	2	-0.519144388531	-0.604902327578	-0.535826232702	-0.707855502419	-0.605942451732
M08_DY_TO_L_ALL28:G808-E1123	M08_DY_TO_L_ALL28	ALL28	DY	L	G808-E1123	ch	eol	1	f82r	f82r	G808-P0285	f82r.31	31	1	B	B	2	3	EXACT	-0.323501648519	47	-0.104148203171	3	-0.144109557958	72	-0.257768947005	1	-0.213100129734	122	-0.214194524863	123	-0.158414562744	68	0.0990642556143	4	0.0290415470684	6	-0.273010375069	1	-0.571759409648	-0.829528356654	-0.586064414434	-0.54271786258	-0.844769784718
M08_DY_TO_L_ALL28:G808-E1124	M08_DY_TO_L_ALL28	ALL28	DY	L	G808-E1124	ch	eol	1	f82r	f82r	G808-P0285	f82r.33	33	3	B	B	2	2	EXACT	-0.323501648519	47	-0.156825460707	1	-0.1367495645	72	-0.0900333516782	1	-0.211187152134	120	-0.210913835434	121	-0.148287168976	68	0.0593784438151	4	0.208398027194	6	-0.0910734758331	1	-0.617076673726	-0.707110025404	-0.628614278202	-0.408678646532	-0.708150149559
M08_DY_TO_L_ALL28:G808-E1149	M08_DY_TO_L_ALL28	ALL28	DY	L	G808-E1149	ch	ol	0	f82v	f82v	G808-P0291	f82v.37	37	5	B	B	2	3	EXACT	-0.295658652831	26	-0.116722559223	1	-0.115259869437	72	-0.151456466013	1	-0.145645723711	99	-0.146447360566	100	-0.114287894687	68	-0.131794823417	4	-0.161783872071	6	-0.0848784583432	2	-0.527641081491	-0.679097547504	-0.526669106741	-0.689424953562	-0.612519539834
M08_DY_TO_L_ALL28:G808-E1196	M08_DY_TO_L_ALL28	ALL28	DY	L	G808-E1196	ch	eol	1	f83r	f83r	G808-P0297	f83r.48	48	2	B	B	2	2	EXACT	-0.789217812287	3	0.0278120374666	1	-0.0744332040925	72	-0.346188891805	1	-0.0522960330368	76	-0.0567183287628	77	-0.0909166194081	68	0.205773247407	4	0.319372353065	6	-0.50587427807	1	-0.835838978912	-1.18202787072	-0.852322394228	-0.516466625848	-1.34171325698
M08_DY_TO_L_ALL28:G808-E1206	M08_DY_TO_L_ALL28	ALL28	DY	L	G808-E1206	ch	eol	1	f83v	f83v	G808-P0300	f83v.14	14	8	B	B	2	3	EXACT	-0.491696462105	24	0	0	-0.118931926697	72	0	0	-0.193003634038	96	-0.193907512761	96	-0.114257841674	68	-0.198402264369	4	-0.045669624418	6	-0.00107930178939	1	-0.610628388803	-0.610628388803	-0.605954303779	-0.656298013221	-0.611707690592
M08_DY_TO_L_ALL28:G808-E1210	M08_DY_TO_L_ALL28	ALL28	DY	L	G808-E1210	ch	eol	1	f83v	f83v	G808-P0300	f83v.20	20	4	B	B	2	2	EXACT	-0.491696462105	24	0	0	-0.133901481388	72	0	0	-0.204230800056	96	-0.205134678779	96	-0.142091214719	68	0.00531309295377	4	-0.161755942373	6	0	0	-0.625597943493	-0.625597943493	-0.633787676824	-0.787353885866	-0.625597943493
M08_DY_TO_L_ALL28:G808-E1215	M08_DY_TO_L_ALL28	ALL28	DY	L	G808-E1215	ch	eol	1	f83v	f83v	G808-P0301	f83v.27	27	2	B	B	2	2	EXACT	-0.403562404736	37	0	0	-0.0660502218317	72	0.167195610538	1	-0.174077751931	109	-0.171667048258	110	-0.0821063699616	68	0.206893404098	4	-0.207437389547	6	0.166175678454	1	-0.469612626568	-0.302417016029	-0.485668774698	-0.677050016115	-0.303436948114
M08_DY_TO_L_ALL28:G808-E1220	M08_DY_TO_L_ALL28	ALL28	DY	L	G808-E1220	ch	eol	1	f85r1	f85r	G808-P0302	f85r1.3	3	9	T	B	2	3	EXACT	-0.0177876391701	22	0	0	-0.0402398832337	72	0	0	-0.0127238392758	94	-0.0137553802833	94	-0.0329134279742	68	-0.164778807918	4	-0.225142360064	6	0	0	-0.0580275224038	-0.0580275224038	-0.0507010671443	-0.283169882468	-0.0580275224038
M08_DY_TO_L_ALL28:G808-E1232	M08_DY_TO_L_ALL28	ALL28	DY	L	G808-E1232	ch	ol	0	f85r1	f85r	G808-P0307	f85r1.23	23	8	T	B	2	3	EXACT	-0.339605914619	3	0	0	-0.0438120428352	72	0.0767034267297	2	-0.00514042653016	75	-0.00333561574843	77	-0.0398932333366	68	-0.110420989585	4	-0.0753645095225	6	0.180167462066	2	-0.383417957454	-0.306714530724	-0.379499147955	-0.458782466977	-0.203250495388
M08_DY_TO_L_ALL28:G808-E1240	M08_DY_TO_L_ALL28	ALL28	DY	L	G808-E1240	ch	ol	0	f85r1	f85r	G808-P0310	f85r1.32	32	2	T	B	2	3	EXACT	0.0594043050708	18	0.785340409431	1	-0.0202642855599	72	0	0	0.0314188552667	91	0.0303873142593	91	-0.0325633622902	68	0.188830833582	4	-0.00188678289945	6	0	0	0.824480428942	0.824480428942	0.812181352211	0.822593646042	0.824480428942
M08_DY_TO_L_ALL28:G808-E1244	M08_DY_TO_L_ALL28	ALL28	DY	L	G808-E1244	ch	ol	0	f85r2	f85r	G808-P0311	f85r2.4	4	4	C	B	2	2	EXACT	0.0728020255475	9	0	0	-0.0145264531317	70	-0.339773425767	1	0.0351663858945	79	0.0297900433741	80	-0.0199861493791	66	0.0755544356461	4	0.235594168072	6	-0.340279082949	1	0.0582755724158	-0.281497853351	0.0528158761684	0.293869740488	-0.282003510533
M08_DY_TO_L_ALL28:G808-E1251	M08_DY_TO_L_ALL28	ALL28	DY	L	G808-E1251	ch	ol	0	f85r2	f85r	G808-P0314	f85r2.23	23	3	C	B	2	2	EXACT	-0.167967586999	13	0	0	-0.038198474723	70	-0.163252647227	2	-0.0249949018064	83	-0.0286359029267	85	-0.0406365352263	66	0.00202542427567	4	-0.118455732354	6	0.0265188036808	2	-0.206166061722	-0.369418708949	-0.208604122225	-0.324621794076	-0.179647258041
M08_DY_TO_L_ALL28:G808-E1276	M08_DY_TO_L_ALL28	ALL28	DY	L	G808-E1276	ch	ol	0	f86v5	f86v	G808-P0325	f86v5.31	31	4	T	B	2	3	EXACT	0.00335964575555	58	0.0456590533866	1	-0.0492557390183	72	-0.152485903532	1	-0.035364749088	131	-0.0367246489165	132	-0.0524917482923	68	0.00574527626205	4	-0.211296659729	6	-0.154611040765	1	-0.000237039876136	-0.152722943408	-0.00347304915012	-0.211533699605	-0.154848080641
M08_DY_TO_L_ALL28:G808-E1286	M08_DY_TO_L_ALL28	ALL28	DY	L	G808-E1286	ch	ol	0	f86v6	f86v	G808-P0326	f86v6.5	5	3	T	B	2	3	EXACT	-0.290702023404	36	0.446949751977	3	-0.0447164014238	72	0.407879215205	1	-0.103936236021	111	-0.0998183848002	112	-0.0546056872262	68	0.123390314839	4	0.193269914209	6	0.363033342715	1	0.111531327149	0.519410542354	0.101642041347	0.304801241358	0.474564669864
M08_DY_TO_L_ALL28:G808-E1291	M08_DY_TO_L_ALL28	ALL28	DY	L	G808-E1291	ch	eol	1	f86v6	f86v	G808-P0326	f86v6.9	9	6	T	B	2	3	EXACT	-0.290702023404	36	-0.308004571273	1	-0.0688995446301	72	0.438756473369	3	-0.137132069709	109	-0.12188532168	112	-0.0657061907902	68	-0.123197702287	4	-0.159868608163	6	0.427657471856	3	-0.667606139307	-0.228849665938	-0.664412785467	-0.82747474747	-0.239948667451
M08_DY_TO_L_ALL28:G808-E1296	M08_DY_TO_L_ALL28	ALL28	DY	L	G808-E1296	ch	ol	0	f86v6	f86v	G808-P0327	f86v6.18	18	7	T	B	2	3	EXACT	-0.113816142148	34	0	0	-0.0854269027859	72	0.00924856113623	1	-0.0853954128095	106	-0.0849564386367	107	-0.0847209233415	68	-0.0974396957182	4	-0.0404507998852	6	-0.0635613600599	1	-0.199243044934	-0.189994483797	-0.198537065489	-0.239693844819	-0.262804404993
M08_DY_TO_L_ALL28:G808-E1321	M08_DY_TO_L_ALL28	ALL28	DY	L	G808-E1321	ch	eol	1	f87r	f87r	G808-P0331	f87r.15	15	2	H	A	1	2	EXACT	0.753793321521	12	0	0	0.162826061994	72	0	0	0.281829549645	84	0.280878132838	84	0.159701104791	68	0.215939536553	4	0.236455500208	6	0	0	0.916619383514	0.916619383514	0.913494426312	1.15307488372	0.916619383514
M08_DY_TO_L_ALL28:G808-E1322	M08_DY_TO_L_ALL28	ALL28	DY	L	G808-E1322	ch	eol	1	f87r	f87r	G808-P0331	f87r.16	16	2	H	A	1	1	EXACT	0.753793321521	12	0	0	0.162990891418	72	0	0	0.281970832008	84	0.281019415201	84	0.162650187197	68	0.168772065278	4	0.280210667712	6	0	0	0.916784212938	0.916784212938	0.916443508718	1.19699488065	0.916784212938
M08_DY_TO_L_ALL28:G808-E1336	M08_DY_TO_L_ALL28	ALL28	DY	L	G808-E1336	ch	eol	1	f88r	f88r	G808-P0335	f88r.19	19	8	P	A	1	2	EXACT	0.091991629063	10	-0.0266544793066	1	0.153504232132	72	0	0	0.180420985571	83	0.17955736077	83	0.16475247971	68	-0.0377248039569	4	0.00151228741951	6	0	0	0.218841381888	0.218841381888	0.230089629467	0.220353669308	0.218841381888
M08_DY_TO_L_ALL28:G808-E1340	M08_DY_TO_L_ALL28	ALL28	DY	L	G808-E1340	ch	ol	0	f88r	f88r	G808-P0335	f88r.22	22	3	P	A	1	2	EXACT	0.091991629063	10	0	0	0.130444901093	72	0.0528794891345	2	0.162534568335	82	0.159591473804	84	0.134698361349	68	0.0581272494965	4	0.198332614459	6	0.0346083133591	2	0.222436530156	0.275316019291	0.226689990412	0.420769144615	0.257044843515
M08_DY_TO_L_ALL28:G808-E1342	M08_DY_TO_L_ALL28	ALL28	DY	L	G808-E1342	ch	eol	1	f88r	f88r	G808-P0336	f88r.30	30	4	P	A	1	2	EXACT	0.192673544975	3	0	0	0.107403181563	72	0	0	0.158954749304	75	0.158091124503	75	0.113613473221	68	0.0018193961383	4	0.198332614459	6	0	0	0.300076726539	0.300076726539	0.306287018196	0.498409340998	0.300076726539
M08_DY_TO_L_ALL28:G808-E1343	M08_DY_TO_L_ALL28	ALL28	DY	L	G808-E1343	ch	ol	0	f88r	f88r	G808-P0336	f88r.31	31	3	P	A	1	2	EXACT	0.192673544975	3	0	0	0.128163060257	72	0.00630296982132	1	0.17888423285	75	0.176043451305	76	0.132282294581	68	0.0581272494965	4	-0.142796279314	6	-0.0633233088878	1	0.320836605232	0.327139575054	0.324955839557	0.178040325918	0.257513296345
M08_DY_TO_L_ALL28:G808-E1365	M08_DY_TO_L_ALL28	ALL28	DY	L	G808-E1365	ch	ol	0	f89r1	f89r	G808-P0341	f89r1.16	16	8	P	A	1	3	EXACT	-0.105151563483	6	0.109394044986	5	0.125877261065	72	-0.364214791704	1	0.14854447226	83	0.141817113625	84	0.141121668314	68	-0.133288344502	4	0.198954497485	6	-0.230627420544	1	0.130119742567	-0.234095049137	0.145364149816	0.329074240052	-0.100507677977
M08_DY_TO_L_ALL28:G808-E1370	M08_DY_TO_L_ALL28	ALL28	DY	L	G808-E1370	ch	eol	1	f89v1	f89v	G808-P0343	f89v1.6	6	4	P	A	1	3	EXACT	0.163558453814	31	0.42615190765	2	0.124122786473	72	0.244873867819	1	0.153741652875	105	0.153658852585	106	0.128427913257	68	0.0509249488168	4	-0.170159349281	6	0.245435145271	1	0.713833147937	0.958707015757	0.718138274721	0.543673798657	0.959268293209
M08_DY_TO_L_ALL28:G808-E1381	M08_DY_TO_L_ALL28	ALL28	DY	L	G808-E1381	ch	ol	0	f89v1	f89v	G808-P0344	f89v1.18	18	5	P	A	1	2	EXACT	0.0814980218016	30	0	0	0.133697502365	72	-0.370204221369	1	0.131484452057	102	0.125679950865	103	0.148218802793	68	-0.113175287246	4	-0.165375697667	6	-0.525587121754	1	0.215195524166	-0.155008697203	0.229716824594	0.049819826499	-0.310391597588
M08_DY_TO_L_ALL28:G808-E0073	M08_DY_TO_L_ALL28	ALL28	DY	L	G808-E0073	ch	ol	0	f8r	f8r	G808-P0027	f8r.15	15	3	H	A	1	3	EXACT	0.235065749169	22	-0.168451087859	2	0.142950441246	70	-0.166457928131	1	0.17838293195	94	0.174091195566	95	0.142273352892	66	0.154127454682	4	-0.282689125702	6	-0.167509352818	1	0.209565102556	0.043107174425	0.208888014202	-0.0731240231458	0.0420557497388
M08_DY_TO_L_ALL28:G808-E0074	M08_DY_TO_L_ALL28	ALL28	DY	L	G808-E0074	ch	ol	0	f8r	f8r	G808-P0027	f8r.17	17	1	H	A	1	3	EXACT	0.235065749169	22	-0.0963392357728	2	0.117627981032	71	-0.0342571166852	1	0.16117183141	95	0.158471703204	96	0.119034240226	67	0.0940702369359	4	0.275644416838	6	-0.147040934435	1	0.256354494428	0.222097377743	0.257760753622	0.531998911266	0.109313559993
M08_DY_TO_L_ALL28:G808-E0078	M08_DY_TO_L_ALL28	ALL28	DY	L	G808-E0078	ch	ol	0	f8v	f8v	G808-P0028	f8v.1	1	6	H	A	1	2	EXACT	0.261018690395	24	-0.208645221256	1	0.122798984657	72	0	0	0.172639996905	97	0.171730733597	97	0.137431177254	68	-0.125959150294	4	-0.30548166519	6	0	0	0.175172453796	0.175172453796	0.189804646393	-0.130309211395	0.175172453796
M08_DY_TO_L_ALL28:G808-E0085	M08_DY_TO_L_ALL28	ALL28	DY	L	G808-E0085	ch	ol	0	f8v	f8v	G808-P0028	f8v.9	9	4	H	A	1	2	EXACT	0.261018690395	24	0	0	0.129751836421	72	0	0	0.181672147453	96	0.180762884146	96	0.141039418091	68	-0.0621479127637	4	0.0137102049439	6	0	0	0.390770526816	0.390770526816	0.402058108486	0.40448073176	0.390770526816
M08_DY_TO_L_ALL28:G808-E0089	M08_DY_TO_L_ALL28	ALL28	DY	L	G808-E0089	ch	ol	0	f8v	f8v	G808-P0029	f8v.15	15	2	H	A	1	3	EXACT	0.254184675825	19	0.0384193286652	3	0.14121623536	72	0	0	0.185312288504	94	0.184403025196	94	0.137352538252	68	0.206888225407	4	0.155805209121	6	-0.0271281952522	1	0.433820239851	0.433820239851	0.429956542742	0.589625448972	0.406692044598
M08_DY_TO_L_ALL28:G808-E1386	M08_DY_TO_L_ALL28	ALL28	DY	L	G808-E1386	ch	ol	0	f90r1	f90r	G808-P0345	f90r1.6	6	6	H	A	1	2	EXACT	0.303197684863	26	0	0	0.141987213257	71	0	0	0.201780038338	97	0.20087077503	97	0.157983837791	67	-0.125959150294	4	-0.213846910557	6	0	0	0.44518489812	0.44518489812	0.461181522654	0.231337987562	0.44518489812
M08_DY_TO_L_ALL28:G808-E1389	M08_DY_TO_L_ALL28	ALL28	DY	L	G808-E1389	ch	ol	0	f93r	f93r	G808-P0346	f93r.2	2	3	H	A	1	3	EXACT	0.332749957092	47	-0.18464037606	2	0.121420773678	72	0	0	0.194561181608	121	0.19217504041	121	0.11789448929	68	0.181371206042	4	0.207149410535	6	0	0	0.269530354709	0.269530354709	0.266004070321	0.476679765245	0.269530354709
M08_DY_TO_L_ALL28:G808-E1392	M08_DY_TO_L_ALL28	ALL28	DY	L	G808-E1392	ch	ol	0	f93r	f93r	G808-P0346	f93r.6	6	6	H	A	1	2	EXACT	0.332749957092	47	-0.168685785031	1	0.120730271522	72	0	0	0.196998157099	120	0.194612015901	120	0.13471443776	68	-0.116996956761	4	0.153611437743	6	0	0	0.284794443583	0.284794443583	0.298778609821	0.438405881326	0.284794443583
M08_DY_TO_L_ALL28:G808-E1396	M08_DY_TO_L_ALL28	ALL28	DY	L	G808-E1396	ch	eol	1	f93r	f93r	G808-P0346	f93r.10	10	4	H	A	1	2	EXACT	0.332749957092	47	0	0	0.0921412805348	72	0.783051539182	1	0.182328187825	119	0.185454250021	120	0.0967976347517	68	0.0129868566166	4	-0.138681040793	6	0.781511115527	1	0.424891237627	1.20794277681	0.429547591843	0.286210196834	1.20640235315
M08_DY_TO_L_ALL28:G808-E1405	M08_DY_TO_L_ALL28	ALL28	DY	L	G808-E1405	ch	ol	0	f93r	f93r	G808-P0346	f93r.31	31	2	H	A	1	1	EXACT	0.332749957092	47	0	0	0.0832412029581	72	-0.0782912806141	1	0.176943266939	119	0.172936346643	120	0.0890198652267	68	-0.0149924578411	4	-0.0144558958349	6	-0.0798317042688	1	0.41599116005	0.337699879436	0.421769822319	0.401535264215	0.336159455781
M08_DY_TO_L_ALL28:G808-E1418	M08_DY_TO_L_ALL28	ALL28	DY	L	G808-E1418	ch	ol	0	f94r	f94r	G808-P0348	f94r.4	4	9	H	B	3	3	EXACT	-0.360847613692	30	-0.144451197206	2	-0.0329716331492	72	0	0	-0.116805416675	104	-0.117703400571	104	-0.0232511225953	68	-0.198231246541	4	0.254082088888	6	0	0	-0.538270444047	-0.538270444047	-0.528549933493	-0.284188355159	-0.538270444047
M08_DY_TO_L_ALL28:G808-E1427	M08_DY_TO_L_ALL28	ALL28	DY	L	G808-E1427	ch	ol	0	f95r1	f95r	G808-P0353	f95r1.9	9	3	H	B	3	3	EXACT	-0.337612686024	25	0.440159397336	3	-0.02085784365	72	-0.354770374494	1	-0.0681015357447	100	-0.0716320603894	101	-0.0311024614153	68	0.153289702703	4	-0.0152571876782	6	-0.372793197212	1	0.0816888676616	-0.273081506832	0.0714442498964	0.0664316799834	-0.29110432955
M08_DY_TO_L_ALL28:G808-E1430	M08_DY_TO_L_ALL28	ALL28	DY	L	G808-E1430	ch	ol	0	f95r2	f95r	G808-P0354	f95r2.2	2	4	H	B	3	3	EXACT	0.00488581910537	16	0.0254500262239	3	-0.0328042054488	72	0.456159935749	2	0.00431406009378	91	0.0136190387349	93	-0.0347574460885	68	0.000389929770524	4	0.204149773056	6	0.454499255131	2	-0.0024683601196	0.453691575629	-0.00442160075932	0.201681412937	0.452030895012
M08_DY_TO_L_ALL28:G808-E1447	M08_DY_TO_L_ALL28	ALL28	DY	L	G808-E1447	ch	ol	0	f96r	f96r	G808-P0361	f96r.8	8	5	H	A	1	2	EXACT	0.520779740435	24	0	0	0.129721783901	72	-0.129692951703	1	0.246662908683	96	0.242082565883	97	0.141062149789	68	-0.0630748059894	4	0.0281079832083	6	-0.228208067827	2	0.650501524336	0.520808572633	0.661841890223	0.678609507544	0.422293456509
M08_DY_TO_L_ALL28:G808-E1449	M08_DY_TO_L_ALL28	ALL28	DY	L	G808-E1449	ch	eol	1	f96r	f96r	G808-P0361	f96r.12	12	2	H	A	1	3	EXACT	0.520779740435	24	-0.192677743837	1	0.126197662969	72	-0.221215871461	1	0.239675062166	97	0.234269115835	98	0.121073486575	68	0.213298291854	4	0.329244883216	6	-0.245499326864	1	0.454299659567	0.233083788106	0.449175483173	0.783544542783	0.208800332703
M08_DY_TO_L_ALL28:G808-E1454	M08_DY_TO_L_ALL28	ALL28	DY	L	G808-E1454	ch	ol	0	f99r	f99r	G808-P0363	f99r.18	18	2	P	A	1	3	EXACT	0.466322568644	13	0.242599114643	1	0.112407954658	72	-0.00949868403579	1	0.199454967601	86	0.196454057617	87	0.1071824444	68	0.201230831161	4	-0.0612355536668	6	-0.0110744772383	1	0.821329637945	0.81183095391	0.816104127687	0.760094084279	0.810255160707
M08_DY_TO_L_ALL28:G808-E1472	M08_DY_TO_L_ALL28	ALL28	DY	L	G808-E1472	ch	ol	0	f99r	f99r	G808-P0366	f99r.48	48	4	P	A	1	2	EXACT	0.193334397275	18	-0.0560845536406	1	0.137780866004	72	0	0	0.172280637362	91	0.171428105185	91	0.145486769616	68	0.0067697067105	4	-0.20568561131	6	0	0	0.275030709638	0.275030709638	0.28273661325	0.0693450983282	0.275030709638
M08_DY_TO_L_ALL28:G808-E1479	M08_DY_TO_L_ALL28	ALL28	DY	L	G808-E1479	ch	ol	0	f99v	f99v	G808-P0368	f99v.23	23	2	P	A	1	2	EXACT	0.0887552812677	16	0	0	0.157926079318	72	-0.0626484755477	1	0.173983707997	88	0.170679767547	89	0.155045314207	68	0.206888225407	4	0.0549706484571	6	-0.118778467228	1	0.246681360585	0.184032885038	0.243800595474	0.301652009042	0.127902893357
M08_DY_TO_L_ALL28:G808-E1487	M08_DY_TO_L_ALL28	ALL28	DY	L	G808-E1487	ch	eol	1	f99v	f99v	G808-P0369	f99v.35	35	4	P	A	1	2	EXACT	0.00229536368364	15	0.039407296223	1	0.107327044805	72	0.690348094863	1	0.118428698905	88	0.124209607662	89	0.117295521086	68	-0.0621479127637	4	0.129425345491	6	0.689296670177	1	0.149029704712	0.839377799575	0.158998180992	0.278455050203	0.838326374889
M08_DY_TO_L_ALL28:G808-E0090	M08_DY_TO_L_ALL28	ALL28	DY	L	G808-E0090	ch	ol	0	f9r	f9r	G808-P0030	f9r.2	2	2	H	A	1	3	EXACT	0.272248545926	21	0.258574085551	2	0.167494865228	72	0	0	0.214892089516	95	0.213982826209	95	0.165176969877	68	0.206888225407	4	0.319609203291	6	0	0	0.698317496706	0.698317496706	0.695999601355	1.0179267	0.698317496706
M08_DY_TO_L_ALL28:G808-E0094	M08_DY_TO_L_ALL28	ALL28	DY	L	G808-E0094	ch	ol	0	f9r	f9r	G808-P0031	f9r.7	7	2	H	A	1	3	EXACT	0.308991339994	16	-0.305876316002	1	0.1364008615	72	0	0	0.190937700416	89	0.190028437109	89	0.132253907106	68	0.206888225407	4	-0.0709518921505	6	0.710060113443	1	0.139515885492	0.139515885492	0.135368931097	0.0685639933412	0.849575998934
M08_DY_TO_L_ALL28:G808-E0098	M08_DY_TO_L_ALL28	ALL28	DY	L	G808-E0098	ch	ol	0	f9v	f9v	G808-P0032	f9v.2	2	5	H	A	1	3	EXACT	0.412803955178	13	-0.11553979965	4	0.0837445526554	72	0	0	0.154813652581	89	0.153979578442	89	0.0970952290645	68	-0.143227807097	4	-0.0321028002413	6	0	0	0.381008708184	0.381008708184	0.394359384593	0.348905907943	0.381008708184
M08_DY_TO_L_ALL28:G808-E0103	M08_DY_TO_L_ALL28	ALL28	DY	L	G808-E0103	ch	ol	0	f9v	f9v	G808-P0033	f9v.10	10	3	H	A	1	2	EXACT	0.246127556092	22	0	0	0.137374756795	72	0	0	0.184137905965	94	0.183303831826	94	0.1475964749	68	-0.0364053117989	4	-0.119574182898	6	0	0	0.383502312887	0.383502312887	0.393724030992	0.263928129989	0.383502312887
M08_DY_TO_L_ALL28:G808-E1512	M08_DY_TO_L_ALL28	ALL28	DY	L	G808-E1512	chok	eol	1	f100v	f100v	G808-P0373	f100v.20	20	4	P	A	1	3	EXACT	0.148880944861	31	-0.288152225349	1	0.112410570319	72	-0.0834278851886	1	0.133244827655	104	0.129953819321	105	0.11705921348	68	0.0333735708809	4	0.242215284332	6	-0.157361343406	1	-0.0268607101702	-0.110288595359	-0.0222120670092	0.215354574161	-0.184222053577
M08_DY_TO_L_ALL28:G808-E1906	M08_DY_TO_L_ALL28	ALL28	DY	L	G808-E1906	chok	eol	1	f108v	f108v	G808-P0537	f108v.30	30	4	S	B	3	3	EXACT	-0.351762120619	91	0.000784105625883	4	-0.0165171143196	72	-0.21908505995	1	-0.222649064178	167	-0.223839932105	168	-0.0195495795105	68	0.0350240263372	4	-0.440217717318	6	-0.222324103814	1	-0.367495129313	-0.586580189263	-0.370527594504	-0.807712846631	-0.589819233128
M08_DY_TO_L_ALL28:G808-E0329	M08_DY_TO_L_ALL28	ALL28	DY	L	G808-E0329	chok	eol	1	f32r	f32r	G808-P0111	f32r.17	17	1	H	A	1	1	EXACT	0.347675240173	19	0	0	0.12381247744	72	0	0	0.198106934396	91	0.196610140484	91	0.122490575639	68	0.146274742364	4	0.294878634554	6	0	0	0.471487717614	0.471487717614	0.470165815812	0.766366352168	0.471487717614
M08_DY_TO_L_ALL28:G808-E1334	M08_DY_TO_L_ALL28	ALL28	DY	L	G808-E1334	chok	ol	0	f88r	f88r	G808-P0335	f88r.19	19	2	P	A	1	2	EXACT	0.219672312608	13	0	0	0.163298436062	72	-0.343668151893	1	0.207707660578	85	0.200200896156	86	0.160018466535	68	0.219048068083	4	0.0718890972282	6	-0.347308357317	1	0.382970748669	0.0393025967768	0.379690779143	0.454859845898	0.0356623913525
M08_DY_TO_L_ALL28:G808-E1484	M08_DY_TO_L_ALL28	ALL28	DY	L	G808-E1484	chok	ol	0	f99v	f99v	G808-P0369	f99v.32	32	2	P	A	1	3	EXACT	0.254484770481	13	-0.147167602593	1	0.146432774448	72	-0.0879609731004	2	0.195108902271	86	0.187896097139	88	0.142223119235	68	0.217986847369	4	0.18910228197	6	-0.131593976693	2	0.253749942336	0.165788969236	0.249540287123	0.442852224307	0.122155965643
M08_DY_TO_L_ALL28:G808-E1699	M08_DY_TO_L_ALL28	ALL28	DY	L	G808-E1699	ckh	eol	1	f105v	f105v	G808-P0454	f105v.24	24	6	S	B	3	2	EXACT	0.383684033604	3	-0.00453483832489	2	-0.0241059026478	72	0	0	0.047019380389	77	0.0458276028082	77	-0.0186962225035	68	-0.116082919324	4	-0.247032563651	6	0.0695247548406	1	0.355043292631	0.355043292631	0.360452972776	0.10801072898	0.424568047472
M08_DY_TO_L_ALL28:G808-E0183	M08_DY_TO_L_ALL28	ALL28	DY	L	G808-E0183	ckh	ol	0	f18r	f18r	G808-P0060	f18r.8	8	2	H	A	1	2	EXACT	0.299881012988	20	-0.176617145736	1	0.135728776974	72	0	0	0.193439125119	93	0.192246932371	93	0.133522209915	68	0.173228384969	4	0.213156461783	6	0	0	0.258992644227	0.258992644227	0.256786077167	0.472149106009	0.258992644227
M08_DY_TO_L_ALL28:G808-E0265	M08_DY_TO_L_ALL28	ALL28	DY	L	G808-E0265	ckh	ol	0	f25v	f25v	G808-P0089	f25v.4	4	6	H	A	1	2	EXACT	0.376063790187	22	-0.133824595305	1	0.14320807033	72	-0.397784921587	2	0.217401310098	95	0.204040070048	97	0.158642944799	68	-0.11919682765	4	-0.0273868784195	6	-0.445624056846	2	0.385447265213	-0.0123376563741	0.400882139681	0.358060386793	-0.0601767916338
M08_DY_TO_L_ALL28:G808-E0352	M08_DY_TO_L_ALL28	ALL28	DY	L	G808-E0352	ckh	ol	0	f35r	f35r	G808-P0121	f35r.4	4	4	H	A	1	2	EXACT	0.296525255769	24	0	0	0.122010761555	72	0	0	0.186242510575	96	0.185050317828	96	0.133206607587	68	-0.0683306530191	4	0.252214175197	6	0.303480000806	1	0.418536017324	0.418536017324	0.429731863356	0.670750192521	0.72201601813
M08_DY_TO_L_ALL28:G808-E0393	M08_DY_TO_L_ALL28	ALL28	DY	L	G808-E0393	ckh	ol	0	f39v	f39v	G808-P0139	f39v.5	5	9	H	B	2	3	EXACT	0.00530806389819	34	-0.106555634896	4	-0.0383587758933	72	0.0828272473302	3	-0.017101806743	110	-0.0149786279533	113	-0.036040420011	68	-0.0777828621825	4	0.103371758587	6	0.00856843573016	3	-0.139606346891	-0.0567790995604	-0.137287991008	-0.0362345883034	-0.13103791116
M08_DY_TO_L_ALL28:G808-E0025	M08_DY_TO_L_ALL28	ALL28	DY	L	G808-E0025	ckh	ol	0	f3v	f3v	G808-P0009	f3v.1	1	5	H	A	1	3	EXACT	0.0816535288776	16	-0.0231484177257	1	0.103650876684	72	0.0164225740908	1	0.129552052715	89	0.127380503955	90	0.11516389807	68	-0.0920825188847	4	0.165767081605	6	-0.0130851117181	1	0.162155987836	0.178578561927	0.173669009221	0.327923069441	0.149070876118
M08_DY_TO_L_ALL28:G808-E0577	M08_DY_TO_L_ALL28	ALL28	DY	L	G808-E0577	ckh	ol	0	f51r	f51r	G808-P0191	f51r.13	13	2	H	A	1	2	EXACT	0.146171818825	32	-0.170230959093	1	0.139698188349	72	-0.0945928854935	1	0.150517995007	105	0.147153065617	106	0.137705996073	68	0.173553461305	4	0.224447057376	6	-0.103660138008	1	0.115639048081	0.0210461625873	0.113646855805	0.340086105457	0.0119789100726
M08_DY_TO_L_ALL28:G808-E0585	M08_DY_TO_L_ALL28	ALL28	DY	L	G808-E0585	ckh	ol	0	f51v	f51v	G808-P0192	f51v.9	9	2	H	A	1	2	EXACT	0.326275190653	40	0	0	0.130337617769	72	0.0864105194387	1	0.204171434919	112	0.202146412392	113	0.137181923777	68	0.0139723836188	4	0.229172849566	6	0.201828827026	1	0.456612808422	0.543023327861	0.46345711443	0.685785657988	0.658441635449
M08_DY_TO_L_ALL28:G808-E0598	M08_DY_TO_L_ALL28	ALL28	DY	L	G808-E0598	ckh	eol	1	f52v	f52v	G808-P0195	f52v.9	9	2	H	A	1	2	EXACT	0.387152043906	16	-0.515063757152	1	0.137297082938	72	-0.00452959911948	1	0.206165398235	89	0.202909788156	90	0.136027898635	68	0.158861184064	4	-0.0897863324817	6	0.0635850280601	1	0.00938536969137	0.00485577057188	0.00811618538873	-0.0804009627904	0.0729703977514
M08_DY_TO_L_ALL28:G808-E0601	M08_DY_TO_L_ALL28	ALL28	DY	L	G808-E0601	ckh	ol	0	f52v	f52v	G808-P0195	f52v.12	12	2	H	A	1	2	EXACT	0.387152043906	16	0	0	0.124505000846	72	0	0	0.203544189779	88	0.202351997032	88	0.130186802575	68	0.0279023394292	4	0.277395945739	6	0	0	0.511657044751	0.511657044751	0.51733884648	0.78905299049	0.511657044751
M08_DY_TO_L_ALL28:G808-E0609	M08_DY_TO_L_ALL28	ALL28	DY	L	G808-E0609	ckh	ol	0	f53v	f53v	G808-P0197	f53v.5	5	2	H	A	1	2	EXACT	0.261981806452	31	0	0	0.124358585636	72	0.363024946849	1	0.178427008066	103	0.179237051832	104	0.120941138852	68	0.182443168318	4	0.0797875811686	6	0.303978261726	1	0.386340392087	0.749365338936	0.382922945304	0.466127973256	0.690318653814
M08_DY_TO_L_ALL28:G808-E0645	M08_DY_TO_L_ALL28	ALL28	DY	L	G808-E0645	ckh	ol	0	f58r	f58r	G808-P0209	f58r.35	35	5	S	A	3	2	EXACT	-0.0719677812141	60	0.010832607517	1	0.00335581571207	71	0.167776622597	1	-0.0429495781576	132	-0.0424046632799	133	0.0113283026729	67	-0.13018580907	4	-0.28361211869	6	0.61407541476	2	-0.057779357985	0.109997264612	-0.0498068710243	-0.341391476675	0.556296056775
M08_DY_TO_L_ALL28:G808-E1362	M08_DY_TO_L_ALL28	ALL28	DY	L	G808-E1362	ckh	ol	0	f89r1	f89r	G808-P0340	f89r1.9	9	7	P	A	1	3	EXACT	0.319957317264	19	0.259684057375	2	0.121134709015	72	0.132486355593	3	0.191324103751	93	0.189079431664	96	0.135171806482	68	-0.117507731668	4	0.133553370717	6	0.0572011448448	3	0.700776083654	0.833262439247	0.714813181121	0.834329454371	0.757977228498
M08_DY_TO_L_ALL28:G808-E0072	M08_DY_TO_L_ALL28	ALL28	DY	L	G808-E0072	ckh	ol	0	f8r	f8r	G808-P0027	f8r.15	15	2	H	A	1	3	EXACT	0.171253039728	28	0.259707718495	1	0.132613801904	70	-0.126477777901	1	0.159993791172	99	0.156186757109	100	0.130152650694	66	0.173228384969	4	-0.161592923272	6	-0.228034862111	1	0.563574560127	0.437096782226	0.561113408917	0.401981636854	0.335539698016
M08_DY_TO_L_ALL28:G808-E1409	M08_DY_TO_L_ALL28	ALL28	DY	L	G808-E1409	ckh	ol	0	f93v	f93v	G808-P0347	f93v.5	5	4	H	A	1	3	EXACT	0.214150185971	28	0	0	0.102285805469	71	0.0164225740908	1	0.149384129609	99	0.147112195682	100	0.111613926999	67	-0.0539634521141	4	0.264318093633	6	-0.0130851117181	1	0.316435991441	0.332858565532	0.325764112971	0.580754085073	0.303350879723
M08_DY_TO_L_ALL28:G808-E1410	M08_DY_TO_L_ALL28	ALL28	DY	L	G808-E1410	ckh	ol	0	f93v	f93v	G808-P0347	f93v.6	6	2	H	A	1	3	EXACT	0.214150185971	28	-0.100727465587	2	0.118887174523	71	0	0	0.156712893867	101	0.15552070112	101	0.115642730797	67	0.173228384969	4	0.212022342035	6	0	0	0.232309894907	0.232309894907	0.229065451181	0.444332236942	0.232309894907
M08_DY_TO_L_ALL28:G808-E1452	M08_DY_TO_L_ALL28	ALL28	DY	L	G808-E1452	ckh	ol	0	f99r	f99r	G808-P0363	f99r.16	16	9	P	A	1	3	EXACT	0.399591265248	11	-0.143243108295	2	0.0985444203812	72	0	0	0.170045150765	85	0.168947081154	85	0.107629147798	68	-0.0559078785765	4	-0.0251616975576	6	0	0	0.354892577334	0.354892577334	0.363977304752	0.329730879777	0.354892577334
M08_DY_TO_L_ALL28:G808-E1456	M08_DY_TO_L_ALL28	ALL28	DY	L	G808-E1456	ckh	ol	0	f99r	f99r	G808-P0363	f99r.18	18	6	P	A	1	3	EXACT	0.399591265248	11	-0.514388511176	1	0.100043846354	72	-0.189842170435	2	0.170293014733	84	0.161356372572	86	0.11009311674	68	-0.0708056830754	4	-0.0317354846065	6	-0.129149576514	2	-0.0147533995743	-0.20459557001	-0.00470412918825	-0.0464888841809	-0.143902976089
M08_DY_TO_L_ALL28:G808-E1485	M08_DY_TO_L_ALL28	ALL28	DY	L	G808-E1485	ckh	eol	1	f99v	f99v	G808-P0369	f99v.33	33	6	P	A	1	3	EXACT	-0.0588198757935	14	0	0	0.115652260216	72	0.384681423409	1	0.121516039357	86	0.123635948007	87	0.127871245338	68	-0.0920825188847	4	0.0880938192799	6	0.172510139197	2	0.0568323844221	0.441513807831	0.0690513695446	0.144926203702	0.229342523619
M08_DY_TO_L_ALL28:G808-E1499	M08_DY_TO_L_ALL28	ALL28	DY	L	G808-E1499	cph	ol	0	f100r	f100r	G808-P0372	f100r.22	22	5	P	A	1	3	EXACT	0.17920732401	12	0	0	0.129602909846	72	-0.0444122008651	1	0.171237533858	84	0.167831732779	85	0.146798969389	68	-0.162740168074	4	-0.0972096724468	6	-0.0397484729257	1	0.308810233856	0.264398032991	0.326006293399	0.21160056141	0.269061760931
M08_DY_TO_L_ALL28:G808-E1500	M08_DY_TO_L_ALL28	ALL28	DY	L	G808-E1500	cph	ol	0	f100r	f100r	G808-P0372	f100r.23	23	3	P	A	1	3	EXACT	0.17920732401	12	-0.30807570818	1	0.13471409873	72	0	0	0.170172969545	85	0.169019396572	85	0.138618284721	68	0.0683328711727	4	-0.33382766834	6	0	0	0.00584571455931	0.00584571455931	0.00974990055082	-0.327981953781	0.00584571455931
M08_DY_TO_L_ALL28:G808-E2196	M08_DY_TO_L_ALL28	ALL28	DY	L	G808-E2196	cph	ol	0	f116r	f116r	G808-P0661	f116r.10	10	9	S	B	3	3	EXACT	-0.450133629531	26	-0.273151893335	3	-0.0361113960806	72	0.167200556477	1	-0.133446946417	101	-0.131202909314	102	-0.0322670570461	68	-0.101475302504	4	-0.0852214060067	6	0.143833000008	1	-0.759396918946	-0.592196362469	-0.755552579912	-0.844618324953	-0.615563918938
M08_DY_TO_L_ALL28:G808-E0128	M08_DY_TO_L_ALL28	ALL28	DY	L	G808-E0128	cph	ol	0	f13v	f13v	G808-P0043	f13v.2	2	5	H	A	1	2	EXACT	0.0204188933262	12	0	0	0.16046371689	72	0	0	0.175005592655	84	0.173852019683	84	0.171751633079	68	-0.0314409240215	4	-0.0785833161012	6	0	0	0.180882610216	0.180882610216	0.192170526405	0.102299294115	0.180882610216
M08_DY_TO_L_ALL28:G808-E0160	M08_DY_TO_L_ALL28	ALL28	DY	L	G808-E0160	cph	ol	0	f17v	f17v	G808-P0058	f17v.4	4	3	H	A	1	2	EXACT	0.276095600744	61	0	0	0.1323254871	72	0	0	0.188281563611	133	0.187127990638	133	0.147461739191	68	-0.125000864157	4	-0.10497163387	6	0	0	0.408421087843	0.408421087843	0.423557339935	0.303449453974	0.408421087843
M08_DY_TO_L_ALL28:G808-E0646	M08_DY_TO_L_ALL28	ALL28	DY	L	G808-E0646	cph	ol	0	f58r	f58r	G808-P0209	f58r.37	37	3	S	A	3	2	EXACT	-0.0411205835348	61	0	0	0.022619546703	71	0	0	-0.017760101124	132	-0.0189553194676	132	0.0273885817203	67	-0.057263706743	4	0.22160930112	6	0	0	-0.0185010368318	-0.0185010368318	-0.0137320018145	0.203108264288	-0.0185010368318
M08_DY_TO_L_ALL28:G808-E0049	M08_DY_TO_L_ALL28	ALL28	DY	L	G808-E0049	cph	ol	0	f6r	f6r	G808-P0018	f6r.1	1	5	H	A	1	3	EXACT	0.445613159801	38	-0.129015329423	1	0.137643710301	71	-0.111956513401	1	0.247279514524	110	0.243107692162	111	0.155576914151	67	-0.162740168074	4	-0.113398959266	6	-0.107292785461	1	0.45424154068	0.342285027279	0.47217474453	0.340842581414	0.346948755219
M08_DY_TO_L_ALL28:G808-E1332	M08_DY_TO_L_ALL28	ALL28	DY	L	G808-E1332	cph	ol	0	f88r	f88r	G808-P0335	f88r.18	18	2	P	A	1	2	EXACT	0.23918684764	15	0	0	0.147846429734	72	0	0	0.193831945099	87	0.192724542446	87	0.145550642005	68	0.186864971196	4	0.0383791393315	6	0	0	0.387033277374	0.387033277374	0.384737489645	0.425412416706	0.387033277374
M08_DY_TO_L_ALL28:G808-E0075	M08_DY_TO_L_ALL28	ALL28	DY	L	G808-E0075	cph	ol	0	f8r	f8r	G808-P0027	f8r.19	19	3	H	A	1	3	EXACT	0.214584177059	28	-0.0753753616071	2	0.127770226057	71	-0.21960907423	1	0.162743663533	101	0.158078890638	102	0.131318562833	67	0.0683328711727	4	-0.178874337645	6	-0.221294685261	1	0.266979041509	0.0473699672796	0.270527378285	0.0881047038645	0.0456843562479
M08_DY_TO_L_ALL28:G808-E1439	M08_DY_TO_L_ALL28	ALL28	DY	L	G808-E1439	cph	eol	1	f96r	f96r	G808-P0361	f96r.1	1	5	H	A	1	2	EXACT	0.403536646992	31	0	0	0.142262644928	72	0	0	0.233126772736	103	0.231930306801	103	0.160696345851	68	-0.171119843258	4	0.105842860189	6	0	0	0.54579929192	0.54579929192	0.564232992843	0.65164215211	0.54579929192
M08_DY_TO_L_ALL28:G808-E1467	M08_DY_TO_L_ALL28	ALL28	DY	L	G808-E1467	cph	eol	1	f99r	f99r	G808-P0365	f99r.41	41	2	P	A	1	3	EXACT	0.101610136799	21	0	0	0.120027775225	72	0	0	0.1384723522	93	0.137403357035	93	0.116578994862	68	0.178647075388	4	0.0963142468253	6	0	0	0.221637912025	0.221637912025	0.218189131661	0.31795215885	0.221637912025
M08_DY_TO_L_ALL28:G808-E0099	M08_DY_TO_L_ALL28	ALL28	DY	L	G808-E0099	cph	ol	0	f9v	f9v	G808-P0032	f9v.2	2	7	H	A	1	3	EXACT	0.497721079274	14	-0.0570944071229	3	0.0866877465785	72	-0.0864630404626	2	0.177929854546	89	0.171537450629	91	0.0981246730475	68	-0.107750069097	4	-0.011318116671	6	-0.108555521892	2	0.52731441873	0.440851378267	0.538751345199	0.515996302059	0.418758896837
M08_DY_TO_L_ALL28:G808-E1502	M08_DY_TO_L_ALL28	ALL28	DY	L	G808-E1502	cth	eol	1	f100r	f100r	G808-P0372	f100r.25	25	5	P	A	1	2	EXACT	0.349263551522	17	0	0	0.148192144642	72	-0.194488619957	1	0.214687598561	89	0.209282755978	90	0.164409350973	68	-0.127510428702	4	-0.0367588405823	6	-0.392968100668	1	0.497455696163	0.302967076206	0.513672902495	0.460696855581	0.104487595495
M08_DY_TO_L_ALL28:G808-E2068	M08_DY_TO_L_ALL28	ALL28	DY	L	G808-E2068	cth	ol	0	f113v	f113v	G808-P0596	f113v.14	14	6	S	B	3	3	EXACT	-0.239457719646	23	0.0167468057238	7	-0.049995528703	72	0.0775457003592	1	-0.0711458382129	102	-0.0713828983532	103	-0.045671797759	68	-0.123494817314	4	0.070065117433	6	-0.0199896890973	2	-0.272706442625	-0.195160742266	-0.268382711681	-0.202641325192	-0.292696131722
M08_DY_TO_L_ALL28:G808-E2074	M08_DY_TO_L_ALL28	ALL28	DY	L	G808-E2074	cth	ol	0	f113v	f113v	G808-P0599	f113v.25	25	7	S	B	3	3	EXACT	-0.0477809712562	10	0	0	-0.0289238231731	72	-0.228357035731	1	-0.00158381972579	82	-0.00589248172322	83	-0.0215061541463	68	-0.155020059192	4	0.00474782773552	6	-0.256635803976	1	-0.0767047944293	-0.30506183016	-0.0692871254025	-0.0719569666937	-0.333340598406
M08_DY_TO_L_ALL28:G808-E0168	M08_DY_TO_L_ALL28	ALL28	DY	L	G808-E0168	cth	eol	1	f17v	f17v	G808-P0058	f17v.11	11	3	H	A	1	1	EXACT	0.264090078093	62	0	0	0.177032518874	72	0	0	0.206236086798	134	0.205113771886	134	0.18325250378	68	0.0712827097578	4	-0.127610573639	6	0	0	0.441122596966	0.441122596966	0.447342581873	0.313512023328	0.441122596966
M08_DY_TO_L_ALL28:G808-E0170	M08_DY_TO_L_ALL28	ALL28	DY	L	G808-E0170	cth	ol	0	f17v	f17v	G808-P0058	f17v.13	13	4	H	A	1	1	EXACT	0.264090078093	62	0	0	0.145448826349	72	0	0	0.189265744546	134	0.188143429634	134	0.159487587055	68	-0.0932201713608	4	-0.225289912973	6	0	0	0.409538904442	0.409538904442	0.423577665148	0.184248991469	0.409538904442
M08_DY_TO_L_ALL28:G808-E0177	M08_DY_TO_L_ALL28	ALL28	DY	L	G808-E0177	cth	ol	0	f17v	f17v	G808-P0058	f17v.16	16	4	H	A	1	1	EXACT	0.264090078093	62	0	0	0.167825645863	72	0	0	0.201289110255	134	0.200166795343	134	0.178099607363	68	-0.00684176533729	4	-0.147477677234	6	0	0	0.431915723956	0.431915723956	0.442189685456	0.284438046722	0.431915723956
M08_DY_TO_L_ALL28:G808-E0181	M08_DY_TO_L_ALL28	ALL28	DY	L	G808-E0181	cth	ol	0	f18r	f18r	G808-P0060	f18r.5	5	4	H	A	1	2	EXACT	0.233417284015	19	0	0	0.145389018644	72	0	0	0.189293900079	91	0.188171585167	91	0.159424261251	68	-0.0932201713608	4	0.182131321238	6	0	0	0.378806302659	0.378806302659	0.392841545265	0.560937623897	0.378806302659
M08_DY_TO_L_ALL28:G808-E0185	M08_DY_TO_L_ALL28	ALL28	DY	L	G808-E0185	cth	ol	0	f18r	f18r	G808-P0060	f18r.12	12	2	H	A	1	2	EXACT	0.233417284015	19	0	0	0.141230212939	72	-0.168119238039	2	0.186003416444	91	0.177776285911	93	0.138096645699	68	0.194490790308	4	0.305935377709	6	-0.170184551839	2	0.374647496953	0.206528258915	0.371513929714	0.680582874663	0.204462945114
M08_DY_TO_L_ALL28:G808-E0196	M08_DY_TO_L_ALL28	ALL28	DY	L	G808-E0196	cth	ol	0	f19v	f19v	G808-P0063	f19v.6	6	3	H	A	1	2	EXACT	0.233574679071	15	0	0	0.143727006235	72	0.0136129978523	1	0.189987591153	87	0.187130891409	88	0.153174045929	68	-0.016882734264	4	0.182131321238	6	-0.00788905767141	1	0.377301685306	0.390914683158	0.386748725	0.559433006544	0.369412627635
M08_DY_TO_L_ALL28:G808-E0199	M08_DY_TO_L_ALL28	ALL28	DY	L	G808-E0199	cth	ol	0	f19v	f19v	G808-P0064	f19v.14	14	3	H	A	1	1	EXACT	0.332933731307	18	0	0	0.157724331217	72	0	0	0.219558925959	90	0.218436611047	90	0.153911841533	68	0.222526590146	4	-0.135656551742	6	0	0	0.490658062524	0.490658062524	0.486845572839	0.355001510782	0.490658062524
M08_DY_TO_L_ALL28:G808-E0226	M08_DY_TO_L_ALL28	ALL28	DY	L	G808-E0226	cth	ol	0	f22r	f22r	G808-P0074	f22r.3	3	6	H	A	1	3	EXACT	0.0512196258311	13	0.9304417263	1	0.136892109355	72	-0.054458434175	2	0.166618535306	86	0.161011487636	88	0.152253036501	68	-0.124253717824	4	0.0139985790302	6	-0.202971828974	2	1.11855346149	1.06409502731	1.13391438863	1.13255204052	0.915581632512
M08_DY_TO_L_ALL28:G808-E0251	M08_DY_TO_L_ALL28	ALL28	DY	L	G808-E0251	cth	ol	0	f24r	f24r	G808-P0085	f24r.7	7	6	H	A	1	2	EXACT	0.12090095535	46	0	0	0.113408852364	70	0	0	0.114837217103	116	0.113714902191	116	0.12765093385	66	-0.121580854234	4	0.069184014584	6	0.187689598907	1	0.234309807714	0.234309807714	0.2485518892	0.303493822298	0.421999406621
M08_DY_TO_L_ALL28:G808-E0291	M08_DY_TO_L_ALL28	ALL28	DY	L	G808-E0291	cth	ol	0	f28r	f28r	G808-P0095	f28r.4	4	5	H	A	1	2	EXACT	0.246323097892	21	-0.233116754407	1	0.143476463351	72	0	0	0.185514273507	94	0.184391958595	94	0.159224705438	68	-0.124253717824	4	-0.167495141374	6	0	0	0.156682806835	0.156682806835	0.172431048922	-0.0108123345387	0.156682806835
M08_DY_TO_L_ALL28:G808-E0304	M08_DY_TO_L_ALL28	ALL28	DY	L	G808-E0304	cth	ol	0	f28v	f28v	G808-P0098	f28v.8	8	9	H	A	1	3	EXACT	0.100499538963	11	-0.145651431738	2	0.0901970833904	72	-0.194488619957	1	0.122173610297	85	0.11764532443	86	0.0938071260525	68	0.0288162924341	4	0.230315180544	6	-0.392968100668	1	0.0450451906148	-0.149443429342	0.0486552332769	0.275360371159	-0.347922910054
M08_DY_TO_L_ALL28:G808-E0312	M08_DY_TO_L_ALL28	ALL28	DY	L	G808-E0312	cth	ol	0	f30v	f30v	G808-P0106	f30v.3	3	3	H	A	1	3	EXACT	0.355883627639	24	-0.0838170467082	1	0.128763274994	72	-0.194488619957	1	0.202382498899	97	0.197452812653	98	0.132492691112	68	0.0653531352901	4	0.0053118208138	6	-0.0421460229079	2	0.400829855926	0.206341235969	0.404559272043	0.406141676739	0.358683833018
M08_DY_TO_L_ALL28:G808-E0324	M08_DY_TO_L_ALL28	ALL28	DY	L	G808-E0324	cth	ol	0	f32r	f32r	G808-P0110	f32r.3	3	3	H	A	1	2	EXACT	0.499100503257	15	-0.165501364381	1	0.141919212146	72	0	0	0.229986141435	88	0.228863826523	88	0.14642250692	68	0.0653531352901	4	-0.20032850107	6	0	0	0.475518351022	0.475518351022	0.480021645796	0.275189849952	0.475518351022
M08_DY_TO_L_ALL28:G808-E0335	M08_DY_TO_L_ALL28	ALL28	DY	L	G808-E0335	cth	ol	0	f32v	f32v	G808-P0113	f32v.10	10	8	H	A	1	3	EXACT	0.127044276673	15	0.592749386185	1	0.1241680418	72	1.10430520595	1	0.160660267422	88	0.17040754427	89	0.143704349821	68	-0.207959260258	4	-0.0574145751201	6	0.433652735645	2	0.843961704658	1.94826691061	0.863498012679	0.786547129538	1.2776144403
M08_DY_TO_L_ALL28:G808-E0354	M08_DY_TO_L_ALL28	ALL28	DY	L	G808-E0354	cth	ol	0	f35r	f35r	G808-P0122	f35r.14	14	1	H	A	1	2	EXACT	0.0644517960745	24	0.113156076476	2	0.119403567388	72	-0.340771945229	1	0.12546534571	98	0.119873449355	99	0.11879800206	68	0.129688112246	4	-0.0479692453567	6	-0.212999996946	1	0.297011439938	-0.0437605052915	0.296405874611	0.249042194581	0.0840114429923
M08_DY_TO_L_ALL28:G808-E0366	M08_DY_TO_L_ALL28	ALL28	DY	L	G808-E0366	cth	ol	0	f36r	f36r	G808-P0125	f36r.7	7	2	H	A	1	2	EXACT	-0.0236861204749	14	0	0	0.118798352626	72	-0.111476123117	1	0.127760100633	86	0.124160917955	87	0.114431715538	68	0.193021117429	4	-0.158781586068	6	-0.193974085501	1	0.0951122321512	-0.0163638909659	0.0907455950628	-0.0636693539171	-0.0988618533499
M08_DY_TO_L_ALL28:G808-E0368	M08_DY_TO_L_ALL28	ALL28	DY	L	G808-E0368	cth	ol	0	f36r	f36r	G808-P0125	f36r.8	8	2	H	A	1	2	EXACT	-0.0236861204749	14	0	0	0.122960169963	72	0	0	0.131244412822	86	0.13012209791	86	0.129330039641	68	0.014662319727	4	0.305935377709	6	0	0	0.0992740494876	0.0992740494876	0.105643919166	0.405209427197	0.0992740494876
M08_DY_TO_L_ALL28:G808-E0372	M08_DY_TO_L_ALL28	ALL28	DY	L	G808-E0372	cth	ol	0	f36v	f36v	G808-P0127	f36v.13	13	3	H	A	1	2	EXACT	0.0334208238003	19	0	0	0.10483527481	72	0	0	0.115449918758	91	0.114327603847	91	0.106808363007	68	0.0712827097578	4	0.194128836662	6	0	0	0.13825609861	0.13825609861	0.140229186807	0.332384935272	0.13825609861
M08_DY_TO_L_ALL28:G808-E0379	M08_DY_TO_L_ALL28	ALL28	DY	L	G808-E0379	cth	ol	0	f37v	f37v	G808-P0132	f37v.11	11	3	H	A	1	2	EXACT	0.338612609497	13	0	0	0.163071242488	72	-0.339834479475	1	0.223495570486	85	0.216099054157	86	0.168469975843	68	0.0712827097578	4	0.113244372723	6	-0.341899793275	1	0.501683851985	0.16184937251	0.50708258534	0.614928224708	0.15978405871
M08_DY_TO_L_ALL28:G808-E0014	M08_DY_TO_L_ALL28	ALL28	DY	L	G808-E0014	cth	ol	0	f3r	f3r	G808-P0005	f3r.1	1	4	H	A	1	2	EXACT	0.37739733966	13	0	0	0.136707425899	72	0	0	0.206259537939	85	0.205158910535	85	0.144907642011	68	-0.00270627722882	4	-0.126803007794	6	0	0	0.514104765559	0.514104765559	0.522304981671	0.387301757765	0.514104765559
M08_DY_TO_L_ALL28:G808-E0017	M08_DY_TO_L_ALL28	ALL28	DY	L	G808-E0017	cth	ol	0	f3r	f3r	G808-P0005	f3r.5	5	5	H	A	1	2	EXACT	0.37739733966	13	0	0	0.163240383552	72	0	0	0.228734513833	85	0.227633886429	85	0.171359162833	68	0.0252111065484	4	0.0357789366123	6	0.186721877245	1	0.540637723212	0.540637723212	0.548756502493	0.576416659824	0.727359600457
M08_DY_TO_L_ALL28:G808-E0417	M08_DY_TO_L_ALL28	ALL28	DY	L	G808-E0417	cth	ol	0	f42r	f42r	G808-P0149	f42r.8	8	3	H	A	1	2	EXACT	0.307651135021	24	-0.15212507756	2	0.13606679395	72	0	0	0.191852836926	98	0.190730522014	98	0.14022582883	68	0.0653531352901	4	-0.197785871786	6	0	0	0.291592851412	0.291592851412	0.295751886292	0.0938069796256	0.291592851412
M08_DY_TO_L_ALL28:G808-E0421	M08_DY_TO_L_ALL28	ALL28	DY	L	G808-E0421	cth	ol	0	f42r	f42r	G808-P0149	f42r.10	10	6	H	A	1	2	EXACT	0.307651135021	24	-0.0337729938558	1	0.159699697708	72	0	0	0.213927722253	97	0.212805407341	97	0.176402247698	68	-0.124253717824	4	-0.443612673743	6	0	0	0.433577838873	0.433577838873	0.450280388863	-0.01003483487	0.433577838873
M08_DY_TO_L_ALL28:G808-E0457	M08_DY_TO_L_ALL28	ALL28	DY	L	G808-E0457	cth	ol	0	f44v	f44v	G808-P0162	f44v.1	1	3	H	A	1	2	EXACT	0.399549274075	7	0	0	0.154953755055	72	0	0	0.219478080145	79	0.218355765233	79	0.154569497756	68	0.161476063438	4	-0.180596980387	6	-0.297342010192	1	0.554503029131	0.554503029131	0.554118771832	0.373906048744	0.257161018939
M08_DY_TO_L_ALL28:G808-E0469	M08_DY_TO_L_ALL28	ALL28	DY	L	G808-E0469	cth	ol	0	f44v	f44v	G808-P0163	f44v.7	7	3	H	A	1	2	EXACT	0.447158622153	14	0	0	0.145777090058	72	-0.107369808975	1	0.226996094725	86	0.22230346745	87	0.150420867481	68	0.0668228081693	4	0.0687516793129	6	-0.159832654948	1	0.592935712211	0.485565903236	0.597579489634	0.661687391524	0.433103057263
M08_DY_TO_L_ALL28:G808-E0473	M08_DY_TO_L_ALL28	ALL28	DY	L	G808-E0473	cth	ol	0	f44v	f44v	G808-P0164	f44v.12	12	6	H	A	1	2	EXACT	0.0473165765781	15	0	0	0.158315796107	72	-0.0487671046882	1	0.169947606479	87	0.166609769032	88	0.16593282187	68	0.0288162924341	4	0.0393120710356	6	-0.0508324184888	1	0.205632372685	0.156865267996	0.213249398448	0.24494444372	0.154799954196
M08_DY_TO_L_ALL28:G808-E0550	M08_DY_TO_L_ALL28	ALL28	DY	L	G808-E0550	cth	ol	0	f49v	f49v	G808-P0186	f49v.22	22	2	H	A	1	1	EXACT	0.331261862702	25	0	0	0.161821959759	72	-0.339834479475	1	0.223961978335	97	0.217328972304	98	0.170477817073	68	0.014662319727	4	-0.00340708239506	6	-0.341899793275	1	0.493083822461	0.153249342986	0.501739679775	0.489676740066	0.151184029186
M08_DY_TO_L_ALL28:G808-E0031	M08_DY_TO_L_ALL28	ALL28	DY	L	G808-E0031	cth	ol	0	f4r	f4r	G808-P0011	f4r.2	2	4	H	A	1	2	EXACT	0.279897151644	14	-0.0277679189202	1	0.130175954256	72	0	0	0.184501023615	87	0.183378708703	87	0.138584026513	68	-0.012771339805	4	-0.189207703847	6	0	0	0.38230518698	0.38230518698	0.390713259236	0.193097483133	0.38230518698
M08_DY_TO_L_ALL28:G808-E0034	M08_DY_TO_L_ALL28	ALL28	DY	L	G808-E0034	cth	ol	0	f4r	f4r	G808-P0012	f4r.7	7	2	H	A	1	2	EXACT	0.526317217566	15	0	0	0.141777227047	72	-0.197567566465	2	0.238846832255	87	0.228451131487	89	0.149253982437	68	0.014662319727	4	0.305935377709	6	-0.199632880266	2	0.668094444613	0.470526878148	0.675571200003	0.974029822322	0.468461564347
M08_DY_TO_L_ALL28:G808-E0035	M08_DY_TO_L_ALL28	ALL28	DY	L	G808-E0035	cth	ol	0	f4v	f4v	G808-P0014	f4v.8	8	3	H	A	1	2	EXACT	0.368224830206	20	0	0	0.17416490513	71	0	0	0.235552229887	91	0.23314676594	91	0.178487601933	67	0.101760859531	4	0.309477607632	6	0	0	0.542389735336	0.542389735336	0.546712432139	0.851867342969	0.542389735336
M08_DY_TO_L_ALL28:G808-E0595	M08_DY_TO_L_ALL28	ALL28	DY	L	G808-E0595	cth	eol	1	f52v	f52v	G808-P0194	f52v.4	4	3	H	A	1	2	EXACT	0.141130435951	15	0	0	0.103434642862	72	0	0	0.140703524375	87	0.139581209463	87	0.105674139443	68	0.0653531352901	4	-0.0449539973964	6	0	0	0.244565078813	0.244565078813	0.246804575394	0.199611081417	0.244565078813
M08_DY_TO_L_ALL28:G808-E0607	M08_DY_TO_L_ALL28	ALL28	DY	L	G808-E0607	cth	ol	0	f53v	f53v	G808-P0197	f53v.3	3	5	H	A	1	2	EXACT	0.255763301205	28	0	0	0.108325665874	72	-0.0661621290107	1	0.164947195435	100	0.161741352979	101	0.127164386303	68	-0.211942627641	4	-0.0166683073127	6	-0.0681816273313	1	0.364088967078	0.297926838068	0.382927687507	0.347420659766	0.295907339747
M08_DY_TO_L_ALL28:G808-E0619	M08_DY_TO_L_ALL28	ALL28	DY	L	G808-E0619	cth	ol	0	f54v	f54v	G808-P0198	f54v.12	12	3	H	A	1	1	EXACT	0.0482769161814	47	0	0	0.144341648289	72	0	0	0.104953703233	119	0.103816257442	119	0.148582643667	68	0.0722346806487	4	-0.141765963283	6	0.162663953384	1	0.192618564471	0.192618564471	0.196859559849	0.050852601188	0.355282517855
M08_DY_TO_L_ALL28:G808-E0628	M08_DY_TO_L_ALL28	ALL28	DY	L	G808-E0628	cth	ol	0	f56r	f56r	G808-P0204	f56r.11	11	4	H	A	1	2	EXACT	0.51295500034	23	0	0	0.131932258187	72	-0.194488619957	1	0.244902590937	95	0.239450666829	96	0.145175926649	68	-0.0932201713608	4	0.283845251886	6	-0.392968100668	1	0.644887258527	0.45039863857	0.658130926988	0.928732510412	0.251919157858
M08_DY_TO_L_ALL28:G808-E0056	M08_DY_TO_L_ALL28	ALL28	DY	L	G808-E0056	cth	ol	0	f6v	f6v	G808-P0020	f6v.7	7	4	H	A	1	1	EXACT	0.122323693655	27	0	0	0.156386053128	72	-0.194488619957	1	0.163404499684	99	0.158940740857	100	0.165987097408	68	-0.00684176533729	4	-0.15549762595	6	-0.392968100668	1	0.278709746783	0.084221126826	0.288310791063	0.123212120832	-0.114258353886
M08_DY_TO_L_ALL28:G808-E0058	M08_DY_TO_L_ALL28	ALL28	DY	L	G808-E0058	cth	ol	0	f6v	f6v	G808-P0020	f6v.14	14	3	H	A	1	1	EXACT	0.122323693655	27	0	0	0.149907454522	72	0.164871981877	1	0.158692791608	99	0.15786975588	100	0.154531847408	68	0.0712827097578	4	-0.115213623442	6	0.162806668077	1	0.272231148177	0.437103130055	0.276855541063	0.157017524735	0.435037816254
M08_DY_TO_L_ALL28:G808-E0061	M08_DY_TO_L_ALL28	ALL28	DY	L	G808-E0061	cth	ol	0	f7r	f7r	G808-P0022	f7r.7	7	2	H	A	1	2	EXACT	0.042398590638	17	-0.0342040388488	1	0.161601844869	72	0	0	0.164872518445	90	0.163747936052	90	0.15971710287	68	0.193632429627	4	-0.0760581270222	6	0	0	0.169796396658	0.169796396658	0.167911654659	0.093738269636	0.169796396658
M08_DY_TO_L_ALL28:G808-E0067	M08_DY_TO_L_ALL28	ALL28	DY	L	G808-E0067	cth	ol	0	f7v	f7v	G808-P0023	f7v.2	2	7	H	A	1	3	EXACT	0.143694859243	16	-0.173815427131	1	0.145353174027	72	-0.194488619957	1	0.170806569452	89	0.165889293859	90	0.166135666296	68	-0.207959260258	4	0.295836997947	6	-0.392968100668	1	0.115232606139	-0.0792560138182	0.136015098408	0.411069604086	-0.27773549453
M08_DY_TO_L_ALL28:G808-E1103	M08_DY_TO_L_ALL28	ALL28	DY	L	G808-E1103	cth	ol	0	f82r	f82r	G808-P0283	f82r.5	5	5	B	B	2	2	EXACT	-0.423525630546	39	0.281858034705	1	-0.133997335674	72	-0.129989481012	2	-0.226058358605	112	-0.225086229351	114	-0.134436654453	68	-0.126539398623	4	-0.269035286405	6	-0.404554855824	3	-0.275664931515	-0.405654412527	-0.276104250294	-0.54470021792	-0.680219787339
M08_DY_TO_L_ALL28:G808-E1328	M08_DY_TO_L_ALL28	ALL28	DY	L	G808-E1328	cth	eol	1	f88r	f88r	G808-P0334	f88r.7	7	2	P	A	1	3	EXACT	0.138695313482	18	0.100823302417	1	0.136609878102	72	0.105829850883	1	0.163249740922	91	0.161796917481	92	0.133225708157	68	0.194130917226	4	0.134756530175	6	0.103541272095	1	0.376128494001	0.481958344884	0.372744324057	0.510885024176	0.479669766097
M08_DY_TO_L_ALL28:G808-E1341	M08_DY_TO_L_ALL28	ALL28	DY	L	G808-E1341	cth	ol	0	f88r	f88r	G808-P0336	f88r.26	26	4	P	A	1	2	EXACT	0.147271180526	18	0	0	0.13295845548	72	0.014290101559	1	0.162498933603	90	0.160044289941	91	0.141263982273	68	-0.00824534993139	4	0.086239151679	6	-0.00743521895137	1	0.280229636006	0.294519737565	0.288535162799	0.366468787685	0.272794417055
M08_DY_TO_L_ALL28:G808-E1371	M08_DY_TO_L_ALL28	ALL28	DY	L	G808-E1371	cth	ol	0	f89v1	f89v	G808-P0343	f89v1.6	6	10	P	A	1	3	EXACT	0.154591583296	31	-0.0581890022657	3	0.131449237117	72	0.00189704574253	1	0.145580599648	106	0.143057082591	107	0.137552817641	68	0.0276785182767	4	0.115426297561	6	0.00108472549206	1	0.227851818147	0.22974886389	0.233955398671	0.343278115708	0.228936543639
M08_DY_TO_L_ALL28:G808-E1378	M08_DY_TO_L_ALL28	ALL28	DY	L	G808-E1378	cth	ol	0	f89v1	f89v	G808-P0344	f89v1.15	15	3	P	A	1	3	EXACT	0.10902707944	37	0	0	0.155946099465	72	-0.200387733696	1	0.146734787483	109	0.142390549328	110	0.156208874959	68	0.151469066142	4	0.210624396907	6	-0.372080067162	2	0.264973178905	0.0645854452086	0.265235954399	0.475597575812	-0.107106888256
M08_DY_TO_L_ALL28:G808-E0082	M08_DY_TO_L_ALL28	ALL28	DY	L	G808-E0082	cth	ol	0	f8v	f8v	G808-P0028	f8v.5	5	6	H	A	1	2	EXACT	0.223205559526	29	0.0285315485383	1	0.143962848943	72	-0.218215926983	1	0.179675379334	102	0.174920612207	103	0.159582474677	68	-0.121580854234	4	-0.0215124757283	6	-0.226630579755	1	0.395699957007	0.177484030024	0.411319582741	0.374187481279	0.169069377253
M08_DY_TO_L_ALL28:G808-E1401	M08_DY_TO_L_ALL28	ALL28	DY	L	G808-E1401	cth	ol	0	f93r	f93r	G808-P0346	f93r.20	20	2	H	A	1	1	EXACT	0.25127722559	49	0	0	0.11230710152	72	0	0	0.161322336897	121	0.15839571699	121	0.122436831133	68	-0.059893782979	4	0.259823834192	6	0	0	0.36358432711	0.36358432711	0.373714056723	0.623408161302	0.36358432711
M08_DY_TO_L_ALL28:G808-E1404	M08_DY_TO_L_ALL28	ALL28	DY	L	G808-E1404	cth	ol	0	f93r	f93r	G808-P0346	f93r.30	30	3	H	A	1	1	EXACT	0.25127722559	49	0	0	0.138242484914	72	0	0	0.176754961727	121	0.17382834182	121	0.133632009926	68	0.21662507863	4	0.171655070443	6	0	0	0.389519710504	0.389519710504	0.384909235516	0.561174780946	0.389519710504
M08_DY_TO_L_ALL28:G808-E1406	M08_DY_TO_L_ALL28	ALL28	DY	L	G808-E1406	cth	ol	0	f93r	f93r	G808-P0346	f93r.31	31	3	H	A	1	1	EXACT	0.25127722559	49	0	0	0.0837703844119	72	-0.0459580382806	1	0.144341811015	121	0.140353487929	122	0.0888543006415	68	-0.0026516725665	4	-0.133938670621	6	0.332656456563	1	0.335047610002	0.289089571721	0.340131526231	0.201108939381	0.667704066565
M08_DY_TO_L_ALL28:G808-E1414	M08_DY_TO_L_ALL28	ALL28	DY	L	G808-E1414	cth	ol	0	f93v	f93v	G808-P0347	f93v.9	9	6	H	A	1	3	EXACT	0.303719974981	33	0.0613871731786	1	0.120126327883	71	0.169970643944	1	0.18720666925	105	0.186147537016	106	0.134914281741	67	-0.127575121205	4	0.0524006493626	6	0.167817590383	1	0.485233476042	0.655204119985	0.5000214299	0.537634125404	0.653051066425
M08_DY_TO_L_ALL28:G808-E1460	M08_DY_TO_L_ALL28	ALL28	DY	L	G808-E1460	cth	eol	1	f99r	f99r	G808-P0364	f99r.29	29	5	P	A	1	2	EXACT	-0.281369868538	8	-0.0382480166712	1	0.136399821738	72	0.0583381726882	1	0.133444644167	81	0.131758968913	82	0.151653978918	68	-0.122930816345	4	-0.260179449107	6	0.0335101990919	1	-0.183218063472	-0.124879890783	-0.167963906292	-0.443397512578	-0.14970786438
M08_DY_TO_L_ALL28:G808-E1478	M08_DY_TO_L_ALL28	ALL28	DY	L	G808-E1478	cth	eol	1	f99v	f99v	G808-P0368	f99v.22	22	9	P	A	1	3	EXACT	0.204146349123	9	0.0516404622846	4	0.150126997976	72	-0.111476123117	1	0.190020498222	85	0.185668556645	86	0.166266447982	68	-0.124253717824	4	-0.36166826189	6	-0.193974085501	1	0.405913809384	0.294437686267	0.42205325939	0.0442455474939	0.211939723883
M08_DY_TO_L_ALL28:G808-E1638	M08_DY_TO_L_ALL28	ALL28	DY	L	G808-E1638	dch	eol	1	f104v	f104v	G808-P0425	f104v.5	5	1	S	B	3	2	EXACT	-0.0262533355585	26	-0.0286349312491	1	-0.0199018342817	72	0	0	-0.00615111363091	99	-0.00716610176367	99	-0.0296890849738	68	0.146472682653	4	0.241594464485	6	0	0	-0.0747901010893	-0.0747901010893	-0.0845773517814	0.166804363396	-0.0747901010893
M08_DY_TO_L_ALL28:G808-E1844	M08_DY_TO_L_ALL28	ALL28	DY	L	G808-E1844	dch	eol	1	f108r	f108r	G808-P0522	f108r.22	22	1	S	B	3	3	EXACT	-0.686540376808	4	-0.21936531271	6	-0.0395053573431	72	0.642508219359	1	-0.0384787030842	82	-0.0310000477825	83	-0.0504331681935	68	0.146257681483	4	-0.0264690500318	6	0.637950954427	1	-0.94541104686	-0.302902827501	-0.956338857711	-0.971880096892	-0.307460092433
M08_DY_TO_L_ALL28:G808-E2149	M08_DY_TO_L_ALL28	ALL28	DY	L	G808-E2149	dch	eol	1	f115r	f115r	G808-P0638	f115r.24	24	1	S	B	@	3	EXACT	-0.00528875952451	23	-0.0276818273208	7	0.0321156363617	70	0.193216443877	1	0.0378983501774	100	0.0386074244219	101	0.0257565152268	66	0.137041794601	4	-0.0341593068822	6	0.689448622395	1	-0.000854950483577	0.192361493393	-0.00721407161848	-0.0350142573657	0.688593671911
M08_DY_TO_L_ALL28:G808-E2155	M08_DY_TO_L_ALL28	ALL28	DY	L	G808-E2155	dch	ol	0	f115r	f115r	G808-P0640	f115r.31	31	5	S	B	@	3	EXACT	-0.0990177184772	29	-0.176302554893	1	-0.02049167697	70	-0.141102114705	2	-0.0321712300217	100	-0.0349140725616	102	-0.0134277400427	66	-0.137045976757	4	0.175670355634	6	-0.142238038842	2	-0.29581195034	-0.436914065045	-0.288748013413	-0.120141594706	-0.438049989182
M08_DY_TO_L_ALL28:G808-E0114	M08_DY_TO_L_ALL28	ALL28	DY	L	G808-E0114	dch	ol	0	f11r	f11r	G808-P0038	f11r.4	4	1	H	A	1	2	EXACT	0.304894238011	11	-0.169079955817	2	0.133845274496	72	0	0	0.18097618652	85	0.179981015662	85	0.133359826594	68	0.142089170149	4	0.312586701477	6	0	0	0.26965955669	0.26965955669	0.269174108789	0.582246258168	0.26965955669
M08_DY_TO_L_ALL28:G808-E0120	M08_DY_TO_L_ALL28	ALL28	DY	L	G808-E0120	dch	ol	0	f13r	f13r	G808-P0041	f13r.2	2	1	H	A	1	3	EXACT	0.209945941434	12	0.160085706256	4	0.136072428975	72	0	0	0.177766433784	88	0.176771262926	88	0.13571799016	68	0.142089170149	4	-0.196232433972	6	0	0	0.506104076665	0.506104076665	0.505749637851	0.309871642693	0.506104076665
M08_DY_TO_L_ALL28:G808-E0147	M08_DY_TO_L_ALL28	ALL28	DY	L	G808-E0147	dch	ol	0	f16v	f16v	G808-P0053	f16v.4	4	1	H	A	1	2	EXACT	0.101717960992	18	0.0246220481838	1	0.121371359165	72	0	0	0.140351476598	91	0.13935630574	91	0.120152151538	68	0.142089170149	4	0.312586701477	6	0	0	0.247711368341	0.247711368341	0.246492160714	0.560298069818	0.247711368341
M08_DY_TO_L_ALL28:G808-E0232	M08_DY_TO_L_ALL28	ALL28	DY	L	G808-E0232	dch	ol	0	f22r	f22r	G808-P0077	f22r.12	12	5	H	A	1	2	EXACT	0.169725091061	14	0	0	0.113199341683	72	0	0	0.151097029116	86	0.150101858258	86	0.132404547366	68	-0.213297873596	4	0.0813495016989	6	-0.344688030759	1	0.282924432745	0.282924432745	0.302129638428	0.364273934444	-0.061763598014
M08_DY_TO_L_ALL28:G808-E0283	M08_DY_TO_L_ALL28	ALL28	DY	L	G808-E0283	dch	ol	0	f27r	f27r	G808-P0093	f27r.2	2	7	H	A	1	3	EXACT	0.230320262021	21	0.0283048393616	3	0.106379697677	72	0.108823101423	1	0.1516825699	96	0.150464704921	97	0.125183747829	68	-0.213297873596	4	-0.00745699633979	6	0.0321971160648	1	0.365004799059	0.473827900483	0.383808849212	0.357547802719	0.397201915124
M08_DY_TO_L_ALL28:G808-E0002	M08_DY_TO_L_ALL28	ALL28	DY	L	G808-E0002	dch	ol	0	f2r	f2r	G808-P0001	f2r.6	6	7	H	A	1	3	EXACT	0.494527733136	19	-0.167853427557	2	0.0784473436769	72	0	0	0.180924368301	93	0.179929197444	93	0.0956083141828	68	-0.213297873596	4	-0.114222800015	6	0	0	0.405121649256	0.405121649256	0.422282619762	0.29089884924	0.405121649256
M08_DY_TO_L_ALL28:G808-E0330	M08_DY_TO_L_ALL28	ALL28	DY	L	G808-E0330	dch	ol	0	f32r	f32r	G808-P0111	f32r.19	19	2	H	A	1	1	EXACT	0.360216758348	19	0	0	0.161826984336	72	0	0	0.226157974606	91	0.225162803749	91	0.161633117711	68	0.16511399829	4	0.0483161850593	6	0	0	0.522043742684	0.522043742684	0.521849876059	0.570359927743	0.522043742684
M08_DY_TO_L_ALL28:G808-E0331	M08_DY_TO_L_ALL28	ALL28	DY	L	G808-E0331	dch	ol	0	f32v	f32v	G808-P0112	f32v.5	5	8	H	A	1	3	EXACT	0.113085263945	21	-0.0204642709518	1	0.114309351304	72	0	0	0.133323670198	94	0.13232849934	94	0.125824171128	68	-0.0814513043701	4	0.217829736538	6	0	0	0.206930344298	0.206930344298	0.218445164121	0.424760080836	0.206930344298
M08_DY_TO_L_ALL28:G808-E0375	M08_DY_TO_L_ALL28	ALL28	DY	L	G808-E0375	dch	ol	0	f37r	f37r	G808-P0129	f37r.6	6	5	H	A	1	2	EXACT	0.186760698649	7	0	0	0.125625090941	72	-0.34372932619	1	0.169070237639	79	0.161930798968	80	0.138062271924	68	-0.0858157044343	4	0.0468302536418	6	-0.344688030759	1	0.31238578959	-0.0313435366	0.324822970573	0.359216043232	-0.0323022411684
M08_DY_TO_L_ALL28:G808-E0541	M08_DY_TO_L_ALL28	ALL28	DY	L	G808-E0541	dch	ol	0	f49r	f49r	G808-P0184	f49r.11	11	2	H	A	1	1	EXACT	0.320600191168	18	0	0	0.158804962151	72	0	0	0.21517889298	90	0.214183722122	90	0.15422522684	68	0.23665174376	4	0.366197791183	6	0	0	0.479405153319	0.479405153319	0.474825418009	0.845602944502	0.479405153319
M08_DY_TO_L_ALL28:G808-E0549	M08_DY_TO_L_ALL28	ALL28	DY	L	G808-E0549	dch	ol	0	f49v	f49v	G808-P0186	f49v.22	22	1	H	A	1	1	EXACT	0.345365508338	25	0	0	0.165244441332	72	0.35614978795	1	0.228419592055	97	0.228944710325	98	0.169075741421	68	0.100103621132	4	-0.00624512904063	6	0.305887817369	1	0.510609949669	0.86675973762	0.514441249759	0.504364820629	0.816497767039
M08_DY_TO_L_ALL28:G808-E0558	M08_DY_TO_L_ALL28	ALL28	DY	L	G808-E0558	dch	eol	1	f49v	f49v	G808-P0188	f49v.36	36	7	H	A	1	2	EXACT	0.263396341366	27	0	0	0.121444807172	72	0	0	0.175024644348	99	0.17402947349	99	0.133379359693	68	-0.0814513043701	4	-0.113664653302	6	0	0	0.384841148537	0.384841148537	0.396775701059	0.271176495236	0.384841148537
M08_DY_TO_L_ALL28:G808-E0580	M08_DY_TO_L_ALL28	ALL28	DY	L	G808-E0580	dch	ol	0	f51v	f51v	G808-P0192	f51v.3	3	6	H	A	1	3	EXACT	0.389858484938	38	0	0	0.109008867544	72	0	0	0.211823709541	110	0.210807226938	110	0.127429216584	68	-0.204145784803	4	0.201590372443	6	0	0	0.498867352482	0.498867352482	0.517287701521	0.700457724925	0.498867352482
M08_DY_TO_L_ALL28:G808-E0648	M08_DY_TO_L_ALL28	ALL28	DY	L	G808-E0648	dch	ol	0	f58r	f58r	G808-P0209	f58r.41	41	1	S	A	3	2	EXACT	-0.0425188783969	58	0.0468366655231	3	0.0344588352237	71	-0.0867970122845	1	-0.00623564572431	132	-0.00770474031097	133	0.0280409260781	67	0.141957287758	4	0.218587495121	6	-0.0878216218478	1	0.0387766223498	-0.0480203899347	0.0323587132042	0.257364117471	-0.049044999498
M08_DY_TO_L_ALL28:G808-E0041	M08_DY_TO_L_ALL28	ALL28	DY	L	G808-E0041	dch	ol	0	f5v	f5v	G808-P0017	f5v.2	2	1	H	A	1	2	EXACT	0.200762620383	15	-0.0338847502387	1	0.136870966314	72	-0.0921084829005	1	0.173180011662	88	0.169442926694	89	0.136563500284	68	0.142089170149	4	-0.0308179478582	6	-0.093067187469	1	0.303748836458	0.211640353557	0.303441370428	0.2729308886	0.210681648989
M08_DY_TO_L_ALL28:G808-E0676	M08_DY_TO_L_ALL28	ALL28	DY	L	G808-E0676	dch	eol	1	f66r	f66r	G808-P0218	f66r.73	73	7	T	B	5	3	EXACT	-0.104883944877	49	0	0	-0.0250562629419	71	-0.26490535717	2	-0.0600769739584	120	-0.0640509194642	122	-0.0164629549816	67	-0.168997144559	4	-0.0238099193128	6	-0.265614553064	2	-0.129940207819	-0.39484556499	-0.121346899859	-0.153750127132	-0.395554760884
M08_DY_TO_L_ALL28:G808-E0889	M08_DY_TO_L_ALL28	ALL28	DY	L	G808-E0889	dch	eol	1	f77v	f77v	G808-P0246	f77v.39	39	1	B	B	2	2	EXACT	-0.260900303864	44	0.265297365265	2	-0.130267040295	72	0	0	-0.17068146078	118	-0.171884315984	118	-0.146183357837	68	0.140301421646	4	-0.187481849528	6	0	0	-0.125869978894	-0.125869978894	-0.141786296436	-0.313351828422	-0.125869978894
M08_DY_TO_L_ALL28:G808-E0976	M08_DY_TO_L_ALL28	ALL28	DY	L	G808-E0976	dch	ol	0	f79r	f79r	G808-P0255	f79r.29	29	7	B	B	2	3	EXACT	-0.310864530164	20	0.355647518793	2	-0.132910671579	72	-0.15739070136	2	-0.135428787042	94	-0.135787672766	96	-0.126772777841	68	-0.237278767792	4	0.184174075992	6	-0.162097994471	2	-0.0881276829498	-0.24551838431	-0.0819897892119	0.0960463930418	-0.250225677421
M08_DY_TO_L_ALL28:G808-E1010	M08_DY_TO_L_ALL28	ALL28	DY	L	G808-E1010	dch	eol	1	f80r	f80r	G808-P0266	f80r.19	19	1	B	B	2	3	EXACT	-0.436432848299	85	-0.0583283281305	5	-0.0979916610634	72	0	0	-0.291974610037	162	-0.292889373374	162	-0.112267491725	68	0.144688606872	4	-0.221557019821	6	0	0	-0.592752837492	-0.592752837492	-0.607028668154	-0.814309857313	-0.592752837492
M08_DY_TO_L_ALL28:G808-E1068	M08_DY_TO_L_ALL28	ALL28	DY	L	G808-E1068	dch	ol	0	f81r	f81r	G808-P0279	f81r.13	13	1	B	B	2	1	EXACT	-0.377283042337	38	-0.121728370117	1	-0.0840569133665	72	0	0	-0.178954103373	111	-0.179927888036	111	-0.0990132753657	68	0.170192004939	4	-0.148329517956	6	0	0	-0.58306832582	-0.58306832582	-0.598024687819	-0.731397843776	-0.58306832582
M08_DY_TO_L_ALL28:G808-E1280	M08_DY_TO_L_ALL28	ALL28	DY	L	G808-E1280	dch	ol	0	f86v5	f86v	G808-P0325	f86v5.37	37	1	T	B	2	2	EXACT	0.0322724739973	63	-0.234504747187	2	-0.0586165771697	72	-0.0876783679881	1	-0.0310776021296	137	-0.0321678802688	138	-0.0698883663924	68	0.132994674046	4	-0.151084680778	6	-0.0925816178772	1	-0.26084885036	-0.348527218348	-0.272120639583	-0.411933531138	-0.353430468237
M08_DY_TO_L_ALL28:G808-E1315	M08_DY_TO_L_ALL28	ALL28	DY	L	G808-E1315	dch	ol	0	f87r	f87r	G808-P0330	f87r.9	9	4	H	A	1	2	EXACT	0.457959972353	28	0	0	0.128025743058	72	0	0	0.234389237202	100	0.233339370372	100	0.133590356202	68	0.0334186641337	4	-0.0765381636663	6	0	0	0.585985715411	0.585985715411	0.591550328555	0.509447551745	0.585985715411
M08_DY_TO_L_ALL28:G808-E0069	M08_DY_TO_L_ALL28	ALL28	DY	L	G808-E0069	dch	ol	0	f8r	f8r	G808-P0025	f8r.4	4	5	H	A	1	3	EXACT	0.315802943906	25	-0.0022525340923	2	0.121720711415	71	0.223522114732	2	0.185114796858	98	0.185312935132	100	0.137061193871	67	-0.135234709754	4	0.00850998115403	6	0.222563410163	2	0.435271121229	0.65879323596	0.450611603684	0.443781102383	0.657834531392
M08_DY_TO_L_ALL28:G808-E1560	M08_DY_TO_L_ALL28	ALL28	DY	L	G808-E1560	dsh	ol	0	f103r	f103r	G808-P0385	f103r.16	16	1	S	B	3	3	EXACT	-0.46938319417	10	0.568077964403	2	-0.0238974217242	72	0	0	-0.0312650731218	84	-0.031772821498	84	-0.0311463830322	68	0.0993279238588	4	-0.0892188619445	6	0	0	0.074797348509	0.074797348509	0.067548387201	-0.0144215134355	0.074797348509
M08_DY_TO_L_ALL28:G808-E1726	M08_DY_TO_L_ALL28	ALL28	DY	L	G808-E1726	dsh	eol	1	f106r	f106r	G808-P0464	f106r.18	18	2	S	B	3	3	EXACT	-0.355659254891	13	0.0237168530153	3	-0.0175324755071	72	-0.173933962994	1	-0.0385513367096	88	-0.0404606505528	89	-0.0311809685406	68	0.214482817853	4	0.0966335996109	6	-0.302961857442	1	-0.349474877383	-0.523408840377	-0.363123370416	-0.252841277772	-0.652436734825
M08_DY_TO_L_ALL28:G808-E1915	M08_DY_TO_L_ALL28	ALL28	DY	L	G808-E1915	dsh	eol	1	f108v	f108v	G808-P0537	f108v.38	38	1	S	B	3	3	EXACT	-0.358148964949	85	-0.0742906516577	4	0.00227177191828	72	-0.0718703331183	2	-0.205935963262	161	-0.204625541511	163	-0.00260713714007	68	0.0852040559836	4	-0.0654231802925	6	-0.215234457319	2	-0.430167844689	-0.502038177807	-0.435046753747	-0.495591024981	-0.645402302008
M08_DY_TO_L_ALL28:G808-E2163	M08_DY_TO_L_ALL28	ALL28	DY	L	G808-E2163	dsh	eol	1	f115v	f115v	G808-P0645	f115v.3	3	1	S	B	3	3	EXACT	-0.208105773318	26	1.08474267955	1	-0.0265338733514	72	0	0	-0.0485637508263	99	-0.0489721839776	99	-0.0344725849939	68	0.108415105505	4	0.0145285290707	6	-0.176929473563	1	0.850103032884	0.850103032884	0.842164321241	0.864631561955	0.673173559321
M08_DY_TO_L_ALL28:G808-E0490	M08_DY_TO_L_ALL28	ALL28	DY	L	G808-E0490	dsh	eol	1	f46r	f46r	G808-P0171	f46r.8	8	1	H	B	2	3	EXACT	-0.230613593692	16	-0.0831305597849	5	-0.0460271029732	72	-0.0593062150213	1	-0.0562121757975	93	-0.0566765968273	94	-0.0541879376246	68	0.0926987224175	4	0.144925098849	6	-0.0624947107635	1	-0.359771256451	-0.419077471472	-0.367932091102	-0.214846157602	-0.422265967214
M08_DY_TO_L_ALL28:G808-E0665	M08_DY_TO_L_ALL28	ALL28	DY	L	G808-E0665	dsh	eol	1	f66r	f66r	G808-P0214	f66r.56	56	1	T	B	5	1	EXACT	-0.379994670052	23	0	0	0.0257206339547	71	0.103478024205	1	-0.0566658501956	94	-0.0553778353813	95	0.0270058458844	67	0.00419042833871	4	0.276161874854	6	0.100540326441	1	-0.354274036097	-0.250796011892	-0.352988824168	-0.0781121612434	-0.253733709657
M08_DY_TO_L_ALL28:G808-E0813	M08_DY_TO_L_ALL28	ALL28	DY	L	G808-E0813	dsh	ol	0	f76v	f76v	G808-P0238	f76v.26	26	1	B	B	2	3	EXACT	-0.296251147362	41	-0.109321657775	3	-0.105795770987	72	0.164374621003	1	-0.169672766977	116	-0.167228426541	117	-0.117857351007	68	0.0992419818144	4	0.208916742841	6	0.0628252044833	1	-0.511368576124	-0.34699395512	-0.523430156144	-0.302451833283	-0.44854337164
M08_DY_TO_L_ALL28:G808-E1100	M08_DY_TO_L_ALL28	ALL28	DY	L	G808-E1100	dsh	eol	1	f81v	f81v	G808-P0282	f81v.27	27	1	B	B	2	2	EXACT	-0.325146135225	59	0.0643753537113	1	-0.112822550176	72	-0.293737424949	1	-0.212136406649	132	-0.213158232365	133	-0.123455865163	68	0.0679351013116	4	0.0917222109647	6	-0.30609565759	1	-0.37359333169	-0.667330756639	-0.384226646676	-0.281871120725	-0.67968898928
M08_DY_TO_L_ALL28:G808-E1214	M08_DY_TO_L_ALL28	ALL28	DY	L	G808-E1214	dsh	eol	1	f83v	f83v	G808-P0301	f83v.27	27	1	B	B	2	2	EXACT	-0.378975364406	38	-0.307873583193	1	-0.0713622055619	72	0	0	-0.173380795436	111	-0.173908779328	111	-0.0804494543904	68	0.0831125003639	4	-0.107171631032	6	0	0	-0.758211153161	-0.758211153161	-0.76729840199	-0.865382784193	-0.758211153161
M08_DY_TO_L_ALL28:G808-E1337	M08_DY_TO_L_ALL28	ALL28	DY	L	G808-E1337	dsh	eol	1	f88r	f88r	G808-P0335	f88r.20	20	1	P	A	1	3	EXACT	0.397823301111	11	-0.145665720018	3	0.140953727372	72	-0.309068513007	2	0.192577801485	86	0.180913879322	88	0.144274298415	68	0.0844957643729	4	0.142825229426	6	-0.288873113771	2	0.393111308465	0.0840427954578	0.396431879508	0.535936537891	0.104238194694
M08_DY_TO_L_ALL28:G808-E0080	M08_DY_TO_L_ALL28	ALL28	DY	L	G808-E0080	dsh	ol	0	f8v	f8v	G808-P0028	f8v.4	4	1	H	A	1	2	EXACT	0.230268419822	28	0.392455963421	1	0.130151278344	72	0	0	0.17336435664	101	0.172810437238	101	0.132930002595	68	0.0829044950444	4	-0.10999545955	6	0	0	0.752875661587	0.752875661587	0.755654385838	0.642880202037	0.752875661587
M08_DY_TO_L_ALL28:G808-E1459	M08_DY_TO_L_ALL28	ALL28	DY	L	G808-E1459	dsh	eol	1	f99r	f99r	G808-P0364	f99r.29	29	1	P	A	1	2	EXACT	-0.281961925023	7	-0.0117345400214	1	0.126310549371	72	0	0	0.12264105949	80	0.122170804105	80	0.130524452422	68	0.0546658261465	4	-0.0415498165087	6	0	0	-0.167385915674	-0.167385915674	-0.163172012623	-0.208935732183	-0.167385915674
M08_DY_TO_L_ALL28:G808-E1998	M08_DY_TO_L_ALL28	ALL28	DY	L	G808-E1998	fch	eol	1	f112v	f112v	G808-P0563	f112v.1	1	6	S	B	3	3	EXACT	-0.139859888449	32	-0.0303572490844	1	-0.0575689268283	72	-0.0168258472255	1	-0.0661507556031	105	-0.0658685648563	106	-0.0558130722561	68	-0.0874435685314	4	0.275717713137	6	-0.0753312464085	2	-0.227786064362	-0.244611911587	-0.226030209789	0.0479316487751	-0.30311731077
M08_DY_TO_L_ALL28:G808-E0159	M08_DY_TO_L_ALL28	ALL28	DY	L	G808-E0159	fch	ol	0	f17v	f17v	G808-P0058	f17v.4	4	2	H	A	1	2	EXACT	0.255928899599	60	0	0	0.150602048035	72	0	0	0.188661225675	132	0.187396413657	132	0.149681641947	68	0.166238885822	4	0.0114564466934	6	0	0	0.406530947634	0.406530947634	0.405610541546	0.417987394327	0.406530947634
M08_DY_TO_L_ALL28:G808-E1674	M08_DY_TO_L_ALL28	ALL28	DY	L	G808-E1674	k	ol	0	f105r	f105r	G808-P0442	f105r.17	17	6	S	B	3	3	EXACT	0.180439812097	33	-0.413672452047	1	-0.0421493698211	70	0	0	0.035480977259	104	0.0343049779175	104	-0.0364097186163	66	-0.136846999911	4	-0.350097841935	6	0.231933257313	1	-0.27538200977	-0.27538200977	-0.269642358565	-0.625479851705	-0.043448752457
M08_DY_TO_L_ALL28:G808-E1853	M08_DY_TO_L_ALL28	ALL28	DY	L	G808-E1853	k	eol	1	f108r	f108r	G808-P0525	f108r.31	31	1	S	B	3	2	EXACT	-0.502682047243	8	0.0352983146482	2	-0.0033571016175	72	0	0	-0.00671500043685	82	-0.00780989660882	82	-0.00846392883416	68	0.0834477680158	4	-0.253848738486	6	0	0	-0.470740834212	-0.470740834212	-0.475847661429	-0.724589572698	-0.470740834212
M08_DY_TO_L_ALL28:G808-E1878	M08_DY_TO_L_ALL28	ALL28	DY	L	G808-E1878	k	eol	1	f108r	f108r	G808-P0530	f108r.48	48	5	S	B	3	3	EXACT	-0.191373895946	10	0.268162280276	1	-0.0193364666734	72	0.694679905187	2	0.00474683283902	83	0.020471920064	85	-0.0132173407468	68	-0.123372800476	4	-0.0666804322967	6	0.434902468219	3	0.0574519176565	0.752131822844	0.0635710435832	-0.00922851464017	0.492354385876
M08_DY_TO_L_ALL28:G808-E1905	M08_DY_TO_L_ALL28	ALL28	DY	L	G808-E1905	k	eol	1	f108v	f108v	G808-P0537	f108v.30	30	3	S	B	3	3	EXACT	-0.359197924112	90	0.0342181724556	5	-0.0160604972017	72	0	0	-0.221178495085	167	-0.222171881973	167	-0.0249496856659	68	0.1350449391	4	-0.183086983729	6	0	0	-0.341040248858	-0.341040248858	-0.349929437323	-0.524127232587	-0.341040248858
M08_DY_TO_L_ALL28:G808-E1921	M08_DY_TO_L_ALL28	ALL28	DY	L	G808-E1921	k	eol	1	f108v	f108v	G808-P0537	f108v.46	46	7	S	B	3	3	EXACT	-0.359197924112	90	-0.388298324005	2	-0.0393232194717	72	-0.11089438798	1	-0.241435822645	164	-0.241504664579	165	-0.034258452397	68	-0.125435027329	4	-0.177608637724	6	-0.112456749407	1	-0.786819467589	-0.89771385557	-0.781754700514	-0.964428105313	-0.899276216996
M08_DY_TO_L_ALL28:G808-E2121	M08_DY_TO_L_ALL28	ALL28	DY	L	G808-E2121	k	eol	1	f114v	f114v	G808-P0622	f114v.9	9	5	S	B	3	3	EXACT	-0.666340023522	10	-0.246794093767	1	-0.00216038487447	72	0.138531843306	1	-0.0537684807296	83	-0.052700093622	84	0.00538520281871	68	-0.1304319777	4	-0.0762957067626	6	-0.0361815006442	1	-0.915294502163	-0.776762658857	-0.90774891447	-0.991590208925	-0.951476002807
M08_DY_TO_L_ALL28:G808-E0132	M08_DY_TO_L_ALL28	ALL28	DY	L	G808-E0132	k	ol	0	f14r	f14r	G808-P0045	f14r.4	4	2	H	A	1	2	EXACT	0.0460434931988	14	0	0	0.149068938815	72	0.358904563268	1	0.164785818371	86	0.166145654606	87	0.143369847375	68	0.2459434276	4	0.194222699166	6	0.30782739479	1	0.195112432014	0.554016995282	0.189413340574	0.38933513118	0.502939826804
M08_DY_TO_L_ALL28:G808-E0135	M08_DY_TO_L_ALL28	ALL28	DY	L	G808-E0135	k	ol	0	f14v	f14v	G808-P0047	f14v.1	1	7	H	A	1	3	EXACT	0.083917146238	28	-0.402342007061	1	0.107097231087	72	-0.00847924675594	1	0.111287370457	101	0.109233618495	102	0.116097748724	68	-0.0459216344578	4	0.211912942541	6	0.0679324220437	1	-0.211327629736	-0.219806876492	-0.202327112098	0.00058531280519	-0.143395207692
M08_DY_TO_L_ALL28:G808-E0144	M08_DY_TO_L_ALL28	ALL28	DY	L	G808-E0144	k	ol	0	f16r	f16r	G808-P0050	f16r.2	2	3	H	A	1	3	EXACT	0.272560566789	12	0	0	0.123149759738	72	0	0	0.179369328964	84	0.178253272112	84	0.1278480503	68	0.0432687544755	4	0.142979644283	6	-0.105637305871	1	0.395710326527	0.395710326527	0.400408617089	0.53868997081	0.290073020655
M08_DY_TO_L_ALL28:G808-E0261	M08_DY_TO_L_ALL28	ALL28	DY	L	G808-E0261	k	eol	1	f24v	f24v	G808-P0087	f24v.10	10	4	H	A	1	2	EXACT	-0.0985074173638	17	0	0	0.143779271544	72	0	0	0.125639140499	89	0.124523083647	89	0.142655819088	68	0.162867897596	4	0.24732170319	6	0	0	0.04527185418	0.04527185418	0.0441484017239	0.29259355737	0.04527185418
M08_DY_TO_L_ALL28:G808-E0284	M08_DY_TO_L_ALL28	ALL28	DY	L	G808-E0284	k	eol	1	f27r	f27r	G808-P0093	f27r.3	3	3	H	A	1	2	EXACT	0.169213842389	23	-0.122000679117	3	0.162369902026	72	-0.0258429411128	1	0.176004158168	98	0.173092895423	99	0.164374536714	68	0.12828104662	4	-0.22534684767	6	-0.0276168435784	1	0.209583065298	0.183740124185	0.211587699986	-0.0157637823726	0.181966221719
M08_DY_TO_L_ALL28:G808-E0293	M08_DY_TO_L_ALL28	ALL28	DY	L	G808-E0293	k	ol	0	f28r	f28r	G808-P0095	f28r.8	8	4	H	A	1	2	EXACT	0.328237722873	26	1.09443547026	1	0.150626766842	72	-0.401734569223	2	0.224499737381	99	0.211460658932	101	0.159813504231	68	-0.00555783445672	4	-0.0323434635409	6	-0.441276662863	2	1.57329995997	1.17156539075	1.58248669736	1.54095649643	1.13202329711
M08_DY_TO_L_ALL28:G808-E0005	M08_DY_TO_L_ALL28	ALL28	DY	L	G808-E0005	k	ol	0	f2r	f2r	G808-P0002	f2r.9	9	3	H	A	1	3	EXACT	0.164490031086	20	-0.0839092039928	1	0.151005112314	72	0.220954938257	2	0.175700263719	93	0.176044762456	95	0.152341229961	68	0.12828104662	4	0.0142899630534	6	0.214642770008	2	0.231585939407	0.452540877664	0.232922057054	0.245875902461	0.446228709416
M08_DY_TO_L_ALL28:G808-E0007	M08_DY_TO_L_ALL28	ALL28	DY	L	G808-E0007	k	eol	1	f2r	f2r	G808-P0002	f2r.10	10	7	H	A	1	3	EXACT	0.164490031086	20	-0.263862558819	1	0.125633379335	72	-0.462494587574	1	0.154122649425	93	0.146703448732	94	0.144382369596	68	-0.193109520801	4	-0.0731207810609	6	-0.539804872387	1	0.0262608516022	-0.436233735971	0.0450098418631	-0.0468599294587	-0.513544020785
M08_DY_TO_L_ALL28:G808-E0012	M08_DY_TO_L_ALL28	ALL28	DY	L	G808-E0012	k	eol	1	f2v	f2v	G808-P0004	f2v.6	6	5	H	A	1	3	EXACT	0.570854413912	10	-0.248350256761	2	0.140281202285	72	0	0	0.219484638071	84	0.218368581219	84	0.156652537622	68	-0.138041564144	4	-0.272293325575	6	0	0	0.462785359436	0.462785359436	0.479156694773	0.190492033861	0.462785359436
M08_DY_TO_L_ALL28:G808-E0333	M08_DY_TO_L_ALL28	ALL28	DY	L	G808-E0333	k	eol	1	f32v	f32v	G808-P0113	f32v.10	10	2	H	A	1	3	EXACT	0.109075356713	15	-0.266105360598	3	0.140457207096	72	0	0	0.151808563644	90	0.150692506793	90	0.138408802027	68	0.175270027567	4	-0.0980180827993	6	0	0	-0.0165727967886	-0.0165727967886	-0.0186212018576	-0.114590879588	-0.0165727967886
M08_DY_TO_L_ALL28:G808-E0359	M08_DY_TO_L_ALL28	ALL28	DY	L	G808-E0359	k	ol	0	f35v	f35v	G808-P0123	f35v.7	7	5	H	A	1	2	EXACT	0.338497272182	38	0	0	0.151029759293	72	-0.340974550873	1	0.222327002873	110	0.216353470005	111	0.162856396174	68	-0.0500331333745	4	-0.121760286423	6	-0.342748453338	1	0.489527031475	0.148552480602	0.501353668356	0.367766745052	0.146778578137
M08_DY_TO_L_ALL28:G808-E0370	M08_DY_TO_L_ALL28	ALL28	DY	L	G808-E0370	k	eol	1	f36v	f36v	G808-P0127	f36v.7	7	2	H	A	1	2	EXACT	0.145403855599	16	-0.0184300328783	1	0.14240774553	72	-0.140812904934	1	0.170374651933	89	0.166068974626	90	0.140474078016	68	0.175270027567	4	0.1594635533	6	-0.142586807399	1	0.269381568251	0.128568663317	0.267447900737	0.428845121551	0.126794760852
M08_DY_TO_L_ALL28:G808-E0376	M08_DY_TO_L_ALL28	ALL28	DY	L	G808-E0376	k	ol	0	f37r	f37r	G808-P0130	f37r.10	10	9	H	A	1	3	EXACT	0.204961326055	12	0.704805492547	1	0.171571478959	72	-0.462494587574	1	0.217170967565	85	0.208432307931	86	0.184364599413	68	-0.0459216344578	4	0.143730768959	6	-0.539804872387	1	1.08133829756	0.618843709988	1.09413141802	1.22506906652	0.541533425174
M08_DY_TO_L_ALL28:G808-E0453	M08_DY_TO_L_ALL28	ALL28	DY	L	G808-E0453	k	ol	0	f43v	f43v	G808-P0158	f43v.15	15	7	H	B	2	3	EXACT	0.0516041117319	24	1.10811706268	1	-0.0670940478143	72	-0.0786149550434	1	-0.00578024467528	97	-0.00732542040446	98	-0.0597381284122	68	-0.192153749541	4	0.258339362631	6	-0.151230362407	1	1.0926271266	1.01401217156	1.099983046	1.35096648923	0.941396764193
M08_DY_TO_L_ALL28:G808-E0477	M08_DY_TO_L_ALL28	ALL28	DY	L	G808-E0477	k	ol	0	f45r	f45r	G808-P0167	f45r.9	9	8	H	A	1	3	EXACT	0.136405631387	16	-0.346296556349	2	0.110115949313	72	-0.108509880373	1	0.133697002772	90	0.130184405621	91	0.119294038612	68	-0.0459216344578	4	0.0889226240608	6	-0.160681315011	1	-0.099774975649	-0.208284856022	-0.0905968863507	-0.0108523515881	-0.26045629066
M08_DY_TO_L_ALL28:G808-E0515	M08_DY_TO_L_ALL28	ALL28	DY	L	G808-E0515	k	ol	0	f47v	f47v	G808-P0178	f47v.4	4	3	H	A	1	2	EXACT	0.431897059824	16	-0.223778868366	1	0.132154617473	72	0.0978833564553	1	0.211277092517	89	0.20916912433	90	0.137382605549	68	0.0432687544755	4	-0.0157637799377	6	0.0961094539896	1	0.340272808931	0.438156165387	0.345500797008	0.324509028994	0.436382262921
M08_DY_TO_L_ALL28:G808-E0576	M08_DY_TO_L_ALL28	ALL28	DY	L	G808-E0576	k	ol	0	f51r	f51r	G808-P0191	f51r.12	12	3	H	A	1	2	EXACT	0.231591578879	35	0	0	0.121904429565	72	0	0	0.166826456774	107	0.165628365334	107	0.126063888664	68	0.0511849124454	4	0.200053306834	6	0	0	0.353496008445	0.353496008445	0.357655467544	0.553549315278	0.353496008445
M08_DY_TO_L_ALL28:G808-E0616	M08_DY_TO_L_ALL28	ALL28	DY	L	G808-E0616	k	ol	0	f54v	f54v	G808-P0198	f54v.10	10	1	H	A	1	2	EXACT	0.13887770662	44	0.112561920947	2	0.111304321081	72	-0.153412264109	1	0.123512036603	118	0.120262439186	119	0.113411747165	68	0.0754680314237	4	0.300131745317	6	-0.155257114167	1	0.362743948647	0.209331684538	0.364851374732	0.662875693964	0.207486834481
M08_DY_TO_L_ALL28:G808-E0630	M08_DY_TO_L_ALL28	ALL28	DY	L	G808-E0630	k	eol	1	f56r	f56r	G808-P0204	f56r.19	19	2	H	A	1	1	EXACT	0.4434590155	25	0	0	0.167257781253	72	-0.340974550873	1	0.257250086133	97	0.250275836209	98	0.167398099432	68	0.164862306503	4	0.342076372417	6	-0.342748453338	1	0.610716796753	0.26974224588	0.610857114932	0.95279316917	0.267968343414
M08_DY_TO_L_ALL28:G808-E0633	M08_DY_TO_L_ALL28	ALL28	DY	L	G808-E0633	k	ol	0	f56v	f56v	G808-P0206	f56v.8	8	5	H	A	1	2	EXACT	0.197364849072	19	0	0	0.150710574333	72	0	0	0.186103853846	91	0.184987796994	91	0.157788006141	68	0.030384167909	4	0.260216451252	6	0	0	0.348075423406	0.348075423406	0.355152855213	0.608291874658	0.348075423406
M08_DY_TO_L_ALL28:G808-E0658	M08_DY_TO_L_ALL28	ALL28	DY	L	G808-E0658	k	ol	0	f58v	f58v	G808-P0212	f58v.32	32	9	S	A	3	3	EXACT	-0.162321395147	18	-0.0410533412861	3	0.0024244571298	71	0	0	-0.00432890362111	92	-0.00554669501093	92	0.0051373993899	67	-0.043020069605	4	-0.075615085165	6	0.000633852275687	1	-0.200950279303	-0.200950279303	-0.198237337043	-0.276565364468	-0.200316427028
M08_DY_TO_L_ALL28:G808-E0663	M08_DY_TO_L_ALL28	ALL28	DY	L	G808-E0663	k	ol	0	f66r	f66r	G808-P0214	f66r.53	53	10	T	B	5	3	EXACT	-0.316789884396	19	0.00401039837051	2	-0.0197258625636	71	0.0284098256596	2	-0.0554735016915	92	-0.0542652161444	94	-0.0186099599401	67	-0.0384205738152	4	-0.0784298120323	6	-0.0117362422642	2	-0.332505348589	-0.304095522929	-0.331389445966	-0.410935160621	-0.344241590853
M08_DY_TO_L_ALL28:G808-E0704	M08_DY_TO_L_ALL28	ALL28	DY	L	G808-E0704	k	ol	0	f75r	f75r	G808-P0222	f75r.17	17	7	B	B	2	3	EXACT	-0.42534726754	87	0.0627046888332	1	-0.120281026974	72	0.00686605675906	1	-0.305105955319	160	-0.304009990339	161	-0.115517957531	68	-0.201264035945	4	-0.298411282734	6	0.00343441315367	1	-0.482923605682	-0.476057548923	-0.478160536238	-0.781334888416	-0.479489192528
M08_DY_TO_L_ALL28:G808-E0918	M08_DY_TO_L_ALL28	ALL28	DY	L	G808-E0918	k	eol	1	f78r	f78r	G808-P0247	f78r.25	25	2	B	B	2	2	EXACT	-0.311094672434	56	-0.00379322169528	1	-0.135087690949	72	0	0	-0.215918959827	129	-0.21677089462	129	-0.154904397376	68	0.201785806007	4	0.302411780305	6	0	0	-0.449975585079	-0.449975585079	-0.469792291506	-0.147563804774	-0.449975585079
M08_DY_TO_L_ALL28:G808-E1327	M08_DY_TO_L_ALL28	ALL28	DY	L	G808-E1327	k	eol	1	f87v	f87v	G808-P0333	f87v.14	14	3	H	A	1	2	EXACT	0.0465445556515	21	-0.0145948212674	1	0.129571959467	72	0	0	0.133263605615	94	0.132074679638	94	0.134571327033	68	0.044572645151	4	0.0949337207332	6	0	0	0.161521693852	0.161521693852	0.166521061417	0.256455414585	0.161521693852
M08_DY_TO_L_ALL28:G808-E0088	M08_DY_TO_L_ALL28	ALL28	DY	L	G808-E0088	k	ol	0	f8v	f8v	G808-P0029	f8v.14	14	5	H	A	1	2	EXACT	0.0811678402764	21	0	0	0.131440728291	72	0	0	0.143360961995	93	0.142244905143	93	0.147292035745	68	-0.138041564144	4	-0.128015823287	6	0	0	0.212608568567	0.212608568567	0.228459876022	0.0845927452796	0.212608568567
M08_DY_TO_L_ALL28:G808-E1395	M08_DY_TO_L_ALL28	ALL28	DY	L	G808-E1395	k	eol	1	f93r	f93r	G808-P0346	f93r.10	10	3	H	A	1	2	EXACT	0.303386888821	49	0	0	0.0874432738487	72	-0.160134364293	1	0.168671178656	121	0.163590688434	122	0.0941101233853	68	-0.0258886493491	4	-0.0320540195543	6	-0.185640331263	1	0.390830162669	0.230695798377	0.397497012206	0.358776143115	0.205189831406
M08_DY_TO_L_ALL28:G808-E1425	M08_DY_TO_L_ALL28	ALL28	DY	L	G808-E1425	k	ol	0	f95r1	f95r	G808-P0352	f95r1.2	2	8	H	B	3	3	EXACT	-0.137092150396	21	0.235191262428	4	-0.0279307677461	72	-0.137151070616	4	-0.0175584620694	97	-0.0224570793249	101	-0.0223715726359	68	-0.122447249664	4	0.175580552253	6	-0.147355220892	4	0.070168344285	-0.0669827263314	0.0757275393952	0.245748896538	-0.077186876607
M08_DY_TO_L_ALL28:G808-E0107	M08_DY_TO_L_ALL28	ALL28	DY	L	G808-E0107	kch	ol	0	f10v	f10v	G808-P0036	f10v.3	3	3	H	A	1	2	EXACT	0.528783680847	12	0.139923614946	1	0.152598950013	72	0	0	0.239986723528	85	0.239003430317	85	0.159942867658	68	0.0277448062182	4	-0.127640987257	6	-0.282068643169	1	0.821306245806	0.821306245806	0.828650163451	0.693665258549	0.539237602637
M08_DY_TO_L_ALL28:G808-E2028	M08_DY_TO_L_ALL28	ALL28	DY	L	G808-E2028	kch	ol	0	f113r	f113r	G808-P0577	f113r.6	6	12	S	B	3	3	EXACT	-0.29884873445	20	-0.212988416199	5	-0.0385966207638	72	0.250511783529	1	-0.0773136935109	97	-0.0748416891866	98	-0.0328891636463	68	-0.135631027579	4	0.0172740281941	6	0.251429620561	1	-0.550433771413	-0.299921987885	-0.544726314296	-0.533159743219	-0.299004150852
M08_DY_TO_L_ALL28:G808-E0112	M08_DY_TO_L_ALL28	ALL28	DY	L	G808-E0112	kch	ol	0	f11r	f11r	G808-P0038	f11r.2	2	8	H	A	1	3	EXACT	0.247709512595	13	0.174537185283	2	0.129509011362	72	-0.176194446572	1	0.181058881734	87	0.176255338809	88	0.141614228598	68	-0.0762872254762	4	0.0745115367483	6	-0.179953369164	1	0.55175570924	0.375561262667	0.563860926476	0.626267245988	0.371802340076
M08_DY_TO_L_ALL28:G808-E0122	M08_DY_TO_L_ALL28	ALL28	DY	L	G808-E0122	kch	ol	0	f13r	f13r	G808-P0042	f13r.5	5	4	H	A	1	2	EXACT	0.0414740812063	22	0	0	0.121852432531	72	0	0	0.124963704693	94	0.123980411483	94	0.132904244004	68	-0.0660359063392	4	-0.012342774105	6	0	0	0.163326513737	0.163326513737	0.174378325211	0.150983739632	0.163326513737
M08_DY_TO_L_ALL28:G808-E0166	M08_DY_TO_L_ALL28	ALL28	DY	L	G808-E0166	kch	ol	0	f17v	f17v	G808-P0058	f17v.9	9	3	H	A	1	1	EXACT	0.273148724713	63	0	0	0.173757509034	72	-0.239398804592	1	0.209621260668	135	0.205491285752	136	0.186828056295	68	-0.0484493382179	4	-0.14989331456	6	-0.26578689222	1	0.446906233747	0.207507429155	0.459976781007	0.297012919187	0.181119341527
M08_DY_TO_L_ALL28:G808-E0192	M08_DY_TO_L_ALL28	ALL28	DY	L	G808-E0192	kch	ol	0	f19v	f19v	G808-P0063	f19v.2	2	2	H	A	1	2	EXACT	0.362137336855	15	0	0	0.158058441134	72	0	0	0.223762506366	87	0.222779213156	87	0.152705012291	68	0.249059187644	4	0.287680342148	6	0	0	0.520195777989	0.520195777989	0.514842349146	0.807876120137	0.520195777989
M08_DY_TO_L_ALL28:G808-E0227	M08_DY_TO_L_ALL28	ALL28	DY	L	G808-E0227	kch	ol	0	f22r	f22r	G808-P0076	f22r.7	7	1	H	A	1	2	EXACT	0.318539186202	9	-0.4493754463	2	0.129578693562	72	0	0	0.174645013349	83	0.173661720138	83	0.130158242185	68	0.119718823147	4	-0.0856322560581	6	0	0	-0.00125756653565	-0.00125756653565	-0.000678017912539	-0.0868898225937	-0.00125756653565
M08_DY_TO_L_ALL28:G808-E0229	M08_DY_TO_L_ALL28	ALL28	DY	L	G808-E0229	kch	ol	0	f22r	f22r	G808-P0077	f22r.10	10	1	H	A	1	3	EXACT	0.226429517476	15	-0.110428947845	2	0.132677158055	72	0.126477464184	2	0.173221571237	89	0.171674041682	91	0.133438969295	68	0.119718823147	4	0.0931870498121	6	0.0980669085862	2	0.248677727686	0.37515519187	0.249439538926	0.341864777498	0.346744636272
M08_DY_TO_L_ALL28:G808-E0286	M08_DY_TO_L_ALL28	ALL28	DY	L	G808-E0286	kch	eol	1	f27r	f27r	G808-P0094	f27r.7	7	3	H	A	1	3	EXACT	0.0470178067545	17	0	0	0.140071704975	72	0.00323356919406	2	0.150221791546	89	0.146471094622	91	0.146678725854	68	0.0277448062182	4	0.199239367821	6	0.183695442194	2	0.18708951173	0.190323080924	0.193696532608	0.386328879551	0.370784953924
M08_DY_TO_L_ALL28:G808-E0305	M08_DY_TO_L_ALL28	ALL28	DY	L	G808-E0305	kch	eol	1	f29r	f29r	G808-P0100	f29r.5	5	1	H	A	1	3	EXACT	0.327693992283	17	0.783889185451	1	0.143453102024	72	0	0	0.213169322797	90	0.212186029586	90	0.144848792322	68	0.119718823147	4	0.168204674884	6	0	0	1.25503627976	1.25503627976	1.25643197006	1.42324095464	1.25503627976
M08_DY_TO_L_ALL28:G808-E0028	M08_DY_TO_L_ALL28	ALL28	DY	L	G808-E0028	kch	eol	1	f3v	f3v	G808-P0009	f3v.4	4	4	H	A	1	3	EXACT	0.18235489018	13	-0.0578530043822	1	0.129125071481	72	0.00294371971586	1	0.16803821972	86	0.165399488043	87	0.140604685245	68	-0.0660359063392	4	0.147047542007	6	-0.000815202875911	1	0.253626957278	0.256570676994	0.265106571043	0.400674499285	0.252811754402
M08_DY_TO_L_ALL28:G808-E0433	M08_DY_TO_L_ALL28	ALL28	DY	L	G808-E0433	kch	ol	0	f42v	f42v	G808-P0152	f42v.11	11	4	H	A	1	3	EXACT	0.322997097624	24	0.484602321331	1	0.146728675643	72	0.024772638247	2	0.213491124075	97	0.209121020108	99	0.159243795535	68	-0.0660359063392	4	0.0654384905295	6	-0.0984028873834	2	0.954328094598	0.979100732845	0.96684321449	1.01976658513	0.855925207215
M08_DY_TO_L_ALL28:G808-E0475	M08_DY_TO_L_ALL28	ALL28	DY	L	G808-E0475	kch	ol	0	f45r	f45r	G808-P0165	f45r.3	3	3	H	A	1	3	EXACT	0.0874887034548	16	0	0	0.123095066003	72	-0.176194446572	1	0.145827683119	88	0.141462920512	89	0.121058067848	68	0.157716490809	4	0.193204988881	6	-0.179953369164	1	0.210583769458	0.0343893228854	0.208546771303	0.403788758339	0.0306304002936
M08_DY_TO_L_ALL28:G808-E0560	M08_DY_TO_L_ALL28	ALL28	DY	L	G808-E0560	kch	eol	1	f49v	f49v	G808-P0188	f49v.42	42	5	H	A	1	3	EXACT	0.264120642899	25	-0.0901189612793	1	0.13382642685	72	0.225024082311	2	0.18337901466	98	0.18365004987	100	0.147862490186	68	-0.104794193673	4	0.169856632023	6	0.211955747279	3	0.30782810847	0.532852190781	0.321864171805	0.477684740493	0.519783855749
M08_DY_TO_L_ALL28:G808-E0625	M08_DY_TO_L_ALL28	ALL28	DY	L	G808-E0625	kch	ol	0	f56r	f56r	G808-P0203	f56r.7	7	2	H	A	1	2	EXACT	0.156703904966	25	0.0142747438249	1	0.155611365835	72	0	0	0.173047288779	98	0.172063995569	98	0.149114683937	68	0.266047414293	4	0.311028699006	6	0	0	0.326590014626	0.326590014626	0.320093332728	0.637618713633	0.326590014626
M08_DY_TO_L_ALL28:G808-E0626	M08_DY_TO_L_ALL28	ALL28	DY	L	G808-E0626	kch	ol	0	f56r	f56r	G808-P0204	f56r.9	9	2	H	A	1	1	EXACT	0.466554498071	26	0	0	0.186643980276	72	0	0	0.278469125636	98	0.277485832426	98	0.181972746285	68	0.266047414293	4	-0.201893928387	6	0	0	0.653198478346	0.653198478346	0.648527244356	0.451304549959	0.653198478346
M08_DY_TO_L_ALL28:G808-E0635	M08_DY_TO_L_ALL28	ALL28	DY	L	G808-E0635	kch	ol	0	f56v	f56v	G808-P0206	f56v.11	11	4	H	A	1	2	EXACT	0.339072069934	16	0	0	0.143665070596	72	0.0242344794473	1	0.208400117146	88	0.205584303887	89	0.15166173096	68	0.00771430059842	4	0.220024606478	6	-0.0028491157109	1	0.48273714053	0.506971619977	0.490733800893	0.702761747008	0.479888024819
M08_DY_TO_L_ALL28:G808-E0637	M08_DY_TO_L_ALL28	ALL28	DY	L	G808-E0637	kch	ol	0	f56v	f56v	G808-P0206	f56v.14	14	3	H	A	1	2	EXACT	0.339072069934	16	0	0	0.144280251571	72	0.841339937209	1	0.208903447034	88	0.215262938583	89	0.150135526564	68	0.0447330328672	4	-0.177585881134	6	0.837581014617	1	0.483352321505	1.32469225871	0.489207596498	0.30576644037	1.32093333612
M08_DY_TO_L_ALL28:G808-E0919	M08_DY_TO_L_ALL28	ALL28	DY	L	G808-E0919	kch	ol	0	f78r	f78r	G808-P0248	f78r.28	28	4	B	B	2	3	EXACT	-0.417365239513	50	0	0	-0.147113647372	72	-0.234135338717	2	-0.259893741093	122	-0.259922928577	124	-0.151630521431	68	-0.0703347759244	4	0.152269540935	6	-0.0594053941209	2	-0.564478886885	-0.798614225601	-0.568995760943	-0.41220934595	-0.623884281006
M08_DY_TO_L_ALL28:G808-E1274	M08_DY_TO_L_ALL28	ALL28	DY	L	G808-E1274	kch	ol	0	f86v5	f86v	G808-P0325	f86v5.30	30	7	T	B	2	2	EXACT	-0.00413332079141	64	0.0948329300612	2	-0.043503244413	72	0	0	-0.0362582952106	138	-0.036901593765	138	-0.0370082712543	68	-0.153925822572	4	-0.262650618406	6	0	0	0.0471963648568	0.0471963648568	0.0536913380155	-0.215454253549	0.0471963648568
M08_DY_TO_L_ALL28:G808-E0083	M08_DY_TO_L_ALL28	ALL28	DY	L	G808-E0083	kch	ol	0	f8v	f8v	G808-P0028	f8v.7	7	2	H	A	1	2	EXACT	0.174871496754	26	0	0	0.145485463517	72	-0.128880660372	2	0.170844929301	98	0.164288551364	100	0.139392447755	68	0.249059187644	4	0.311028699006	6	-0.13581425245	2	0.32035696027	0.191476299898	0.314263944509	0.631385659277	0.184542707821
M08_DY_TO_L_ALL28:G808-E1399	M08_DY_TO_L_ALL28	ALL28	DY	L	G808-E1399	kch	ol	0	f93r	f93r	G808-P0346	f93r.13	13	3	H	A	1	2	EXACT	0.301278334971	50	0	0	0.117265037657	72	0	0	0.185581099258	122	0.182823506167	122	0.121683140203	68	0.0421643351755	4	0.147289303294	6	0	0	0.418543372628	0.418543372628	0.422961475174	0.565832675921	0.418543372628
M08_DY_TO_L_ALL28:G808-E0102	M08_DY_TO_L_ALL28	ALL28	DY	L	G808-E0102	kch	ol	0	f9v	f9v	G808-P0033	f9v.10	10	2	H	A	1	2	EXACT	0.253942408288	25	0	0	0.157361145163	72	-0.054504489858	2	0.20083326101	97	0.19515908735	99	0.150857264328	68	0.267919575536	4	-0.0100920181076	6	-0.059867255084	2	0.411303553451	0.356799063593	0.404799672616	0.401211535343	0.351436298367
M08_DY_TO_L_ALL28:G808-E0246	M08_DY_TO_L_ALL28	ALL28	DY	L	G808-E0246	ksh	ol	0	f23v	f23v	G808-P0084	f23v.10	10	3	H	A	1	2	EXACT	0.0982631041391	27	0	0	0.160746881946	71	0	0	0.157812567676	98	0.1570969543	98	0.166774548547	67	0.0597807524763	4	-0.189795000526	6	0	0	0.259009986085	0.259009986085	0.265037652686	0.0692149855585	0.259009986085
M08_DY_TO_L_ALL28:G808-E0296	M08_DY_TO_L_ALL28	ALL28	DY	L	G808-E0296	ksh	ol	0	f28v	f28v	G808-P0096	f28v.1	1	1	H	A	1	3	EXACT	0.162354573446	7	0.285800320539	2	0.0954445776196	72	-0.0587609080702	1	0.143575198376	81	0.140576563182	82	0.097848138183	68	0.0545739823405	4	0.215938507853	6	-0.0628990498767	1	0.543599471604	0.484838563534	0.546003032167	0.759537979457	0.480700421727
M08_DY_TO_L_ALL28:G808-E0998	M08_DY_TO_L_ALL28	ALL28	DY	L	G808-E0998	ksh	eol	1	f79v	f79v	G808-P0263	f79v.28	28	2	B	B	2	3	EXACT	-0.466707543388	24	-0.0703960437739	2	-0.0894371160068	72	0.268315721739	1	-0.163992662494	98	-0.160160377647	99	-0.106376759308	68	0.198526498608	4	0.253216086	6	0.263531383524	1	-0.626540703168	-0.358224981429	-0.643480346469	-0.373324617168	-0.363009319645
M08_DY_TO_L_ALL28:G808-E1326	M08_DY_TO_L_ALL28	ALL28	DY	L	G808-E1326	ksh	eol	1	f87v	f87v	G808-P0333	f87v.13	13	1	H	A	1	2	EXACT	0.0875097038579	21	0.205226134684	1	0.162833684871	72	0	0	0.167686881122	94	0.166896617161	94	0.165122871135	68	0.123907452682	4	0.129936167402	6	0	0	0.455569523413	0.455569523413	0.457858709676	0.585505690815	0.455569523413
M08_DY_TO_L_ALL28:G808-E1793	M08_DY_TO_L_ALL28	ALL28	DY	L	G808-E1793	lch	eol	1	f107v	f107v	G808-P0505	f107v.12	12	2	S	B	3	3	EXACT	-0.268133209885	24	0.0802464658317	3	-0.0319249121766	72	-0.0455821629142	1	-0.0686149520053	99	-0.0686101355692	100	-0.045867240767	68	0.205085057292	4	-0.147792003094	6	-0.171963945181	2	-0.21981165623	-0.265393819144	-0.233753984821	-0.367603659324	-0.391775601412
M08_DY_TO_L_ALL28:G808-E1926	M08_DY_TO_L_ALL28	ALL28	DY	L	G808-E1926	lch	eol	1	f111r	f111r	G808-P0538	f111r.2	2	11	S	B	3	3	EXACT	-0.111446885634	18	-0.150233996492	3	-0.037867949304	72	0	0	-0.0299017242295	93	-0.0305944041834	93	-0.0366990614382	68	-0.0577527355267	4	-0.0610460062861	6	0	0	-0.29954883143	-0.29954883143	-0.298379943564	-0.360594837716	-0.29954883143
M08_DY_TO_L_ALL28:G808-E1962	M08_DY_TO_L_ALL28	ALL28	DY	L	G808-E1962	lch	eol	1	f111v	f111v	G808-P0544	f111v.23	23	6	S	B	3	3	EXACT	-0.265353308132	111	-0.0823044241403	4	-0.0303075606187	72	0.0269218185966	2	-0.194975463641	187	-0.192850584461	189	-0.0236917833907	68	-0.142785833708	4	-0.0222949230048	6	0.015176707122	2	-0.377965292891	-0.351043474294	-0.371349515663	-0.400260215896	-0.362788585769
M08_DY_TO_L_ALL28:G808-E2062	M08_DY_TO_L_ALL28	ALL28	DY	L	G808-E2062	lch	eol	1	f113v	f113v	G808-P0593	f113v.6	6	2	S	B	3	2	EXACT	-0.265215923762	13	0	0	-0.00366803199526	72	0	0	-0.0214784904334	85	-0.0231474664601	85	-0.00808110677018	68	0.0713588228841	4	0.294345274299	6	0	0	-0.268883955758	-0.268883955758	-0.273297030533	0.0254613185418	-0.268883955758
M08_DY_TO_L_ALL28:G808-E0222	M08_DY_TO_L_ALL28	ALL28	DY	L	G808-E0222	lch	ol	0	f21v	f21v	G808-P0073	f21v.7	7	2	H	A	1	3	EXACT	0.630043677926	18	-0.211941426343	1	0.160457637523	72	0	0	0.273211671998	91	0.272731217095	91	0.15779524518	68	0.205708675126	4	0.215444523834	6	-0.00519471026512	1	0.578559889106	0.578559889106	0.575897496763	0.794004412939	0.57336517884
M08_DY_TO_L_ALL28:G808-E0950	M08_DY_TO_L_ALL28	ALL28	DY	L	G808-E0950	lch	eol	1	f78v	f78v	G808-P0249	f78v.17	17	4	B	B	2	3	EXACT	-0.486447394475	56	-0.206500339731	2	-0.13064348868	72	-0.0234716998728	2	-0.289623460223	130	-0.28573807189	132	-0.13838854687	68	0.00101247169163	4	0.135985714892	6	-0.086121219537	2	-0.823591222887	-0.847062922759	-0.831336281077	-0.687605507994	-0.909712442424
M08_DY_TO_L_ALL28:G808-E0979	M08_DY_TO_L_ALL28	ALL28	DY	L	G808-E0979	lch	eol	1	f79r	f79r	G808-P0256	f79r.34	34	1	B	B	2	2	EXACT	-0.17348877454	17	0.399051449475	1	-0.13409011009	72	0	0	-0.10699388346	90	-0.106344485032	90	-0.146525963984	68	0.0772945212299	4	-0.266475648401	6	0	0	0.0914725648452	0.0914725648452	0.0790367109511	-0.175003083556	0.0914725648452
M08_DY_TO_L_ALL28:G808-E0983	M08_DY_TO_L_ALL28	ALL28	DY	L	G808-E0983	lch	eol	1	f79r	f79r	G808-P0257	f79r.37	37	1	B	B	2	3	EXACT	-0.249880907261	16	-0.0680638526587	1	-0.13152055963	72	-0.254104038605	2	-0.122284143672	89	-0.124848772378	91	-0.143805263497	68	0.0772945212299	4	0.143504121446	6	-0.269881857646	2	-0.44946531955	-0.703569358155	-0.461750023417	-0.305961198104	-0.719347177196
M08_DY_TO_L_ALL28:G808-E1015	M08_DY_TO_L_ALL28	ALL28	DY	L	G808-E1015	lch	ol	0	f80r	f80r	G808-P0266	f80r.26	26	1	B	B	2	3	EXACT	-0.45462591483	82	-0.0450393682032	3	-0.101957199186	72	-0.0919423881032	2	-0.301249076324	157	-0.298851183494	159	-0.113693745192	68	0.0975543157391	4	0.00062172738232	6	-0.0982727142917	2	-0.601622482219	-0.693564870323	-0.613359028225	-0.601000754837	-0.699895196511
M08_DY_TO_L_ALL28:G808-E1250	M08_DY_TO_L_ALL28	ALL28	DY	L	G808-E1250	lch	eol	1	f85r2	f85r	G808-P0314	f85r2.23	23	2	C	B	2	2	EXACT	-0.32156120413	17	0	0	-0.0352327029959	70	-0.155038176595	2	-0.065436339983	87	-0.0677385690276	89	-0.0499919873333	66	0.208290956457	4	-0.102853589862	6	-0.163565725393	2	-0.356793907125	-0.511832083721	-0.371553191463	-0.459647496987	-0.520359632519
M08_DY_TO_L_ALL28:G808-E1481	M08_DY_TO_L_ALL28	ALL28	DY	L	G808-E1481	lch	ol	0	f99v	f99v	G808-P0368	f99v.23	23	6	P	A	1	2	EXACT	0.0742195400882	16	-0.298149521168	1	0.146070741119	72	0	0	0.154336555427	89	0.153856100524	89	0.163427839263	68	-0.149009559546	4	-0.238039718065	6	0	0	-0.0778592399612	-0.0778592399612	-0.0605021418175	-0.315898958027	-0.0778592399612
M08_DY_TO_L_ALL28:G808-E1689	M08_DY_TO_L_ALL28	ALL28	DY	L	G808-E1689	lk	eol	1	f105r	f105r	G808-P0446	f105r.32	32	2	S	B	3	3	EXACT	-0.201555677776	16	0.151548970664	4	-0.0209769149199	72	0	0	-0.0183517964739	92	-0.0192776335866	92	-0.0325406192949	68	0.17559398935	4	0.201143634912	6	-0.389389525507	1	-0.0709836220321	-0.0709836220321	-0.0825473264071	0.13016001288	-0.460373147539
M08_DY_TO_L_ALL28:G808-E1700	M08_DY_TO_L_ALL28	ALL28	DY	L	G808-E1700	lk	ol	0	f105v	f105v	G808-P0454	f105v.24	24	7	S	B	3	2	EXACT	0.368444656258	3	0.0232587961032	1	-0.0340685184366	72	0	0	0.0267747336788	76	0.0259087874713	76	-0.0335048876802	68	-0.043658656551	4	0.000753267730628	6	-0.408953953895	1	0.357634933925	0.357634933925	0.358198564681	0.358388201656	-0.0513190199705
M08_DY_TO_L_ALL28:G808-E1861	M08_DY_TO_L_ALL28	ALL28	DY	L	G808-E1861	lk	eol	1	f108r	f108r	G808-P0526	f108r.35	35	3	S	B	3	3	EXACT	-0.695971277342	4	0.0204199064736	1	0.0337898464672	72	0	0	0.0416863346075	77	0.0408104652206	77	0.0235081099046	68	0.208570510474	4	-0.039952847606	6	0	0	-0.641761524401	-0.641761524401	-0.652043260964	-0.681714372007	-0.641761524401
M08_DY_TO_L_ALL28:G808-E0683	M08_DY_TO_L_ALL28	ALL28	DY	L	G808-E0683	lk	eol	1	f66r	f66r	G808-P0218	f66r.80	80	7	T	B	5	3	EXACT	-0.129584607982	50	0.244773480346	3	-0.058908534373	71	-0.0370355173269	2	-0.0821594076226	124	-0.0819895804573	126	-0.0521283321062	67	-0.172479712798	4	-0.114272321	6	-0.0972206163003	2	0.0562803379917	0.0192448206648	0.0630605402585	-0.0579919830084	-0.0409402783085
M08_DY_TO_L_ALL28:G808-E1056	M08_DY_TO_L_ALL28	ALL28	DY	L	G808-E1056	lk	ol	0	f80v	f80v	G808-P0278	f80v.41	41	5	B	B	2	3	EXACT	-0.350857025943	30	-0.284963275361	3	-0.146147634581	72	0.316682137964	2	-0.196282122249	105	-0.187291271953	107	-0.145656576377	68	-0.154504048949	4	-0.3186801136	6	0.574007597443	2	-0.781967935885	-0.465285797921	-0.781476877682	-1.10064804949	-0.207960338442
M08_DY_TO_L_ALL28:G808-E1421	M08_DY_TO_L_ALL28	ALL28	DY	L	G808-E1421	lk	eol	1	f94v	f94v	G808-P0350	f94v.6	6	2	H	B	3	3	EXACT	-0.170607033824	7	0.0958968100311	3	0.0083663663317	72	0	0	0.0329012729247	82	0.0319350221912	82	-0.00249841883681	68	0.193059631089	4	0.182869321293	6	0	0	-0.0663438574617	-0.0663438574617	-0.0772086426302	0.116525463832	-0.0663438574617
M08_DY_TO_L_ALL28:G808-E1503	M08_DY_TO_L_ALL28	ALL28	DY	L	G808-E1503	ok	eol	1	f100r	f100r	G808-P0372	f100r.25	25	10	P	A	1	2	EXACT	0.363778142296	17	-0.00407965898234	3	0.147878262507	72	0	0	0.210570921441	92	0.209488179653	92	0.156119606746	68	0.00776521697947	4	0.0175134733015	6	0	0	0.507576745821	0.507576745821	0.51581809006	0.525090219122	0.507576745821
M08_DY_TO_L_ALL28:G808-E1509	M08_DY_TO_L_ALL28	ALL28	DY	L	G808-E1509	ok	ol	0	f100v	f100v	G808-P0373	f100v.17	17	4	P	A	1	2	EXACT	0.195576016491	27	0	0	0.135467726524	72	0	0	0.168360855085	99	0.167239564675	99	0.143390752618	68	0.000766089452816	4	-0.29583564292	6	0	0	0.331043743015	0.331043743015	0.338966769109	0.0352081000948	0.331043743015
M08_DY_TO_L_ALL28:G808-E1526	M08_DY_TO_L_ALL28	ALL28	DY	L	G808-E1526	ok	ol	0	f102r1	f102r	G808-P0376	f102r1.14	14	7	P	A	1	3	EXACT	0.244833790452	12	0.836721563943	1	0.117182107107	72	-0.112019959233	1	0.178805927733	85	0.174410583767	86	0.131670223015	68	-0.129126056791	4	-0.265610695727	6	-0.053061856226	2	1.1987374615	1.08671750227	1.21322557741	0.933126765775	1.14567560528
M08_DY_TO_L_ALL28:G808-E1528	M08_DY_TO_L_ALL28	ALL28	DY	L	G808-E1528	ok	eol	1	f102r1	f102r	G808-P0376	f102r1.16	16	6	P	A	1	3	EXACT	0.244833790452	12	0.00243784038717	1	0.0958388131389	72	0	0	0.150911799624	85	0.149558697828	85	0.109071441166	68	-0.129126056791	4	0.150615770455	6	0.105205602105	2	0.343110443978	0.343110443978	0.356343072005	0.493726214432	0.448316046083
M08_DY_TO_L_ALL28:G808-E1546	M08_DY_TO_L_ALL28	ALL28	DY	L	G808-E1546	ok	eol	1	f102v2	f102v	G808-P0380	f102v2.32	32	4	P	A	1	3	EXACT	0.143501493972	42	-0.161854949399	6	0.147311189286	72	0.0639688697413	1	0.133908556756	120	0.132378956037	121	0.155703075466	68	0.00463940940661	4	0.191607604564	6	0.0348454522401	1	0.128957733859	0.192926603601	0.137349620039	0.320565338423	0.163803186099
M08_DY_TO_L_ALL28:G808-E1555	M08_DY_TO_L_ALL28	ALL28	DY	L	G808-E1555	ok	eol	1	f103r	f103r	G808-P0383	f103r.10	10	4	S	B	3	3	EXACT	-0.283515536477	25	0.19408031259	4	-0.0512650170077	72	0	0	-0.0799761361756	101	-0.0809699368747	101	-0.0596645994425	68	0.0915189435095	4	-0.121924690973	6	0.332260172708	1	-0.140700240894	-0.140700240894	-0.149099823329	-0.262624931867	0.191559931814
M08_DY_TO_L_ALL28:G808-E1636	M08_DY_TO_L_ALL28	ALL28	DY	L	G808-E1636	ok	eol	1	f104v	f104v	G808-P0425	f104v.3	3	5	S	B	3	3	EXACT	-0.0757650079339	22	-0.422834653127	3	-0.0682059777067	72	-0.0498291707047	2	-0.0592644086281	97	-0.0596960533786	99	-0.064495186676	68	-0.13129965886	4	-0.0493917119637	6	-0.0503307538752	2	-0.566805638768	-0.616634809472	-0.563094847737	-0.616197350731	-0.617136392643
M08_DY_TO_L_ALL28:G808-E1698	M08_DY_TO_L_ALL28	ALL28	DY	L	G808-E1698	ok	eol	1	f105v	f105v	G808-P0450	f105v.12	12	3	S	B	3	3	EXACT	-0.0378636961447	36	0.280654085656	4	0.0107254056678	72	0.62653044148	2	0.012967993773	112	0.0230645772384	114	0.00322801177475	68	0.138170506118	4	0.0652218171263	6	0.612188646453	2	0.253515795179	0.880046236659	0.246018401286	0.318737612305	0.865704441632
M08_DY_TO_L_ALL28:G808-E1704	M08_DY_TO_L_ALL28	ALL28	DY	L	G808-E1704	ok	ol	0	f105v	f105v	G808-P0457	f105v.37	37	7	S	B	3	3	EXACT	-0.0455428263768	38	0.348765460267	3	-0.0297645090071	72	0	0	-0.0186861036829	113	-0.019765314061	113	-0.0243912434646	68	-0.12112061896	4	0.185550644201	6	0	0	0.273458124883	0.273458124883	0.278831390426	0.459008769084	0.273458124883
M08_DY_TO_L_ALL28:G808-E1725	M08_DY_TO_L_ALL28	ALL28	DY	L	G808-E1725	ok	ol	0	f106r	f106r	G808-P0463	f106r.16	16	10	S	B	3	3	EXACT	0.512386776924	6	-0.162409954946	3	-0.0575440214135	72	-0.313139172116	2	0.0254723390622	81	0.0168476117119	83	-0.0487604914786	68	-0.206874980035	4	0.071083157101	6	-0.242302149794	3	0.292432800564	-0.0207063715518	0.301216330499	0.363515957665	0.0501306507701
M08_DY_TO_L_ALL28:G808-E1766	M08_DY_TO_L_ALL28	ALL28	DY	L	G808-E1766	ok	eol	1	f107r	f107r	G808-P0490	f107r.10	10	3	S	B	3	3	EXACT	-0.204086580386	21	0.118128635228	1	-0.0281201116182	72	-0.160417263845	1	-0.0427779326987	94	-0.0448174860983	95	-0.0384420985401	68	0.147343484737	4	-0.153324183658	6	-0.140630184933	2	-0.114078056776	-0.27449532062	-0.124400043698	-0.267402240433	-0.254708241708
M08_DY_TO_L_ALL28:G808-E1786	M08_DY_TO_L_ALL28	ALL28	DY	L	G808-E1786	ok	eol	1	f107v	f107v	G808-P0504	f107v.8	8	3	S	B	3	2	EXACT	-0.0981834207739	12	0	0	-0.0007344862844	72	0.196872685675	1	0.0194931054839	84	0.0209118815741	85	-0.0068521376844	68	0.103255480872	4	-0.175378213006	6	0.197078259424	1	-0.0989179070583	0.0979547786164	-0.105035558458	-0.274296120064	0.0981603523655
M08_DY_TO_L_ALL28:G808-E1806	M08_DY_TO_L_ALL28	ALL28	DY	L	G808-E1806	ok	eol	1	f107v	f107v	G808-P0509	f107v.25	25	3	S	B	3	3	EXACT	0.051685989886	13	-0.171527084809	2	-0.0058044259566	72	0.0520226845805	1	0.0313453549198	87	0.0309043395893	88	-0.012220309102	68	0.103255480872	4	0.174395585843	6	0.0522282583296	1	-0.12564552088	-0.0736228362991	-0.132061404025	0.0487500649629	-0.0734172625501
M08_DY_TO_L_ALL28:G808-E1807	M08_DY_TO_L_ALL28	ALL28	DY	L	G808-E1807	ok	ol	0	f107v	f107v	G808-P0509	f107v.27	27	5	S	B	3	3	EXACT	0.051685989886	13	-0.493429286778	4	-0.0150032032521	72	0	0	0.00524304085572	89	0.00434201877951	89	-0.00728484838936	68	-0.146225342563	4	0.0239505936401	6	0	0	-0.456746500144	-0.456746500144	-0.449028145281	-0.432795906504	-0.456746500144
M08_DY_TO_L_ALL28:G808-E1809	M08_DY_TO_L_ALL28	ALL28	DY	L	G808-E1809	ok	eol	1	f107v	f107v	G808-P0510	f107v.29	29	2	S	B	3	3	EXACT	-0.326002951017	9	0	0	-0.0220013589025	72	-0.0650913337707	1	-0.0172188660714	81	-0.0184621955103	82	-0.0354648536965	68	0.206867945952	4	-0.153458635818	6	-0.0648857600216	1	-0.34800430992	-0.413095643691	-0.361467804714	-0.501462945738	-0.412890069942
M08_DY_TO_L_ALL28:G808-E1839	M08_DY_TO_L_ALL28	ALL28	DY	L	G808-E1839	ok	ol	0	f108r	f108r	G808-P0521	f108r.19	19	4	S	B	3	2	EXACT	-0.466500386874	11	0.113137005759	3	-0.0204847804288	72	0	0	-0.0336853019334	86	-0.0346857437087	86	-0.0225809765531	68	0.0151394016739	4	-0.107512917142	6	0.0108505494989	1	-0.373848161544	-0.373848161544	-0.375944357668	-0.481361078686	-0.362997612045
M08_DY_TO_L_ALL28:G808-E1877	M08_DY_TO_L_ALL28	ALL28	DY	L	G808-E1877	ok	eol	1	f108r	f108r	G808-P0530	f108r.48	48	4	S	B	3	3	EXACT	-0.06983207755	5	0.204953524806	2	-0.0170965533308	72	0.43701091793	1	0.0348786962403	79	0.0391874808969	80	-0.0189934419788	68	0.0151394016739	4	-0.17243902379	6	0.0418328972584	2	0.118024893925	0.555035811855	0.116128005277	-0.0544141298642	0.159857791184
M08_DY_TO_L_ALL28:G808-E1922	M08_DY_TO_L_ALL28	ALL28	DY	L	G808-E1922	ok	eol	1	f108v	f108v	G808-P0537	f108v.47	47	7	S	B	3	3	EXACT	-0.383762825176	91	-0.181550848057	1	-0.0198148273217	72	0.128799663198	1	-0.246841293447	164	-0.24541663643	165	-0.0129929819505	68	-0.135797107575	4	-0.217336540591	6	0.101490382074	1	-0.585128500555	-0.456328837357	-0.578306655184	-0.802465041146	-0.483638118481
M08_DY_TO_L_ALL28:G808-E1999	M08_DY_TO_L_ALL28	ALL28	DY	L	G808-E1999	ok	eol	1	f112v	f112v	G808-P0563	f112v.2	2	7	S	B	3	3	EXACT	-0.0816875097911	24	-0.0879721460795	1	-0.0409199579671	72	-0.150515191287	1	-0.026080639862	97	-0.0273858699617	98	-0.0367809718603	68	-0.111308190953	4	0.0531980155757	6	-0.193069126981	1	-0.210579613838	-0.361094805124	-0.206440627731	-0.157381598262	-0.403648740819
M08_DY_TO_L_ALL28:G808-E2027	M08_DY_TO_L_ALL28	ALL28	DY	L	G808-E2027	ok	ol	0	f113r	f113r	G808-P0577	f113r.5	5	11	S	B	3	3	EXACT	-0.163439071876	25	-0.215300824492	3	-0.0068223214032	72	-0.272537935222	1	-0.0336624119754	100	-0.0368727757398	101	0.00567519544251	68	-0.21929030856	4	-0.305091089233	6	-0.290350863438	1	-0.385562217772	-0.658100152994	-0.373064700926	-0.690653307005	-0.67591308121
M08_DY_TO_L_ALL28:G808-E2066	M08_DY_TO_L_ALL28	ALL28	DY	L	G808-E2066	ok	ol	0	f113v	f113v	G808-P0596	f113v.13	13	4	S	B	3	3	EXACT	-0.251967149889	29	0	0	-0.0458213303285	72	0.0111584207361	3	-0.0951222421624	101	-0.0928318632053	104	-0.0498324740909	68	0.022372522865	4	-0.094840345933	6	0.00295394775082	3	-0.297788480217	-0.286630059481	-0.301799623979	-0.39262882615	-0.294834532466
M08_DY_TO_L_ALL28:G808-E2102	M08_DY_TO_L_ALL28	ALL28	DY	L	G808-E2102	ok	ol	0	f114r	f114r	G808-P0614	f114r.25	25	10	S	B	3	3	EXACT	-0.00565575722845	18	0.0449118994053	4	-0.022213983448	72	0	0	0.0106675420455	94	0.0095608198117	94	-0.0163443792402	68	-0.12200808461	4	0.123331018587	6	0	0	0.0170421587289	0.0170421587289	0.0229117629366	0.140373177316	0.0170421587289
M08_DY_TO_L_ALL28:G808-E2134	M08_DY_TO_L_ALL28	ALL28	DY	L	G808-E2134	ok	ol	0	f114v	f114v	G808-P0629	f114v.31	31	5	S	B	3	2	EXACT	0.0305472554201	13	-0.128874416292	2	0.00024436261636	72	0.0458601250119	2	0.0296836082916	87	0.0292279512927	89	0.00752220618101	68	-0.123475374002	4	-0.0841233483716	6	0.0405316110591	2	-0.0980827982552	-0.0522226732434	-0.0908049546906	-0.182206146627	-0.0575511871961
M08_DY_TO_L_ALL28:G808-E0131	M08_DY_TO_L_ALL28	ALL28	DY	L	G808-E0131	ok	ol	0	f14r	f14r	G808-P0045	f14r.2	2	7	H	A	1	2	EXACT	0.103922334398	11	0.697442138787	1	0.110478575595	72	0	0	0.1533160659	84	0.152190309627	84	0.126062508257	68	-0.154458473128	4	0.0509861072026	6	0	0	0.91184304878	0.91184304878	0.927426981442	0.962829155983	0.91184304878
M08_DY_TO_L_ALL28:G808-E0158	M08_DY_TO_L_ALL28	ALL28	DY	L	G808-E0158	ok	ol	0	f17v	f17v	G808-P0058	f17v.2	2	4	H	A	1	2	EXACT	0.274903094458	55	0	0	0.14369901963	72	-0.0971045560717	1	0.194020236023	127	0.190846138861	128	0.156595403528	68	-0.0755497000942	4	0.309218105007	6	-0.098204469891	1	0.418602114089	0.321497558017	0.431498497986	0.727820219096	0.320397644198
M08_DY_TO_L_ALL28:G808-E0167	M08_DY_TO_L_ALL28	ALL28	DY	L	G808-E0167	ok	ol	0	f17v	f17v	G808-P0058	f17v.10	10	4	H	A	1	2	EXACT	0.274903094458	55	0	0	0.134725517044	72	0.18660025264	1	0.188932895974	127	0.188014987474	128	0.147094047848	68	-0.0755497000942	4	0.0468915936634	6	0.597970153833	2	0.409628611503	0.596228864143	0.421997142307	0.456520205166	1.00759876534
M08_DY_TO_L_ALL28:G808-E0172	M08_DY_TO_L_ALL28	ALL28	DY	L	G808-E0172	ok	eol	1	f17v	f17v	G808-P0058	f17v.14	14	5	H	A	1	2	EXACT	0.274903094458	55	-0.272005620785	1	0.160953262483	72	0	0	0.200232513208	128	0.19914977142	128	0.174514399997	68	-0.0695962687345	4	0.239657202911	6	0	0	0.163850736156	0.163850736156	0.177411873671	0.403507939067	0.163850736156
M08_DY_TO_L_ALL28:G808-E0176	M08_DY_TO_L_ALL28	ALL28	DY	L	G808-E0176	ok	eol	1	f17v	f17v	G808-P0058	f17v.16	16	3	H	A	1	1	EXACT	0.274903094458	55	0	0	0.169895656481	72	0	0	0.208871872663	127	0.207789130875	127	0.181139976242	68	-0.0212679729212	4	-0.370591461357	6	0	0	0.444798750939	0.444798750939	0.4560430707	0.0742072895825	0.444798750939
M08_DY_TO_L_ALL28:G808-E0237	M08_DY_TO_L_ALL28	ALL28	DY	L	G808-E0237	ok	ol	0	f23r	f23r	G808-P0082	f23r.6	6	7	H	A	1	3	EXACT	-0.0819118635102	21	-0.150470237034	3	0.142320669348	72	0	0	0.10707436281	96	0.105991621022	96	0.158141087949	68	-0.126636640331	4	0.104766339762	6	-0.019226507511	1	-0.0900614311959	-0.0900614311959	-0.0742410125954	0.0147049085659	-0.109287938707
M08_DY_TO_L_ALL28:G808-E0238	M08_DY_TO_L_ALL28	ALL28	DY	L	G808-E0238	ok	ol	0	f23r	f23r	G808-P0082	f23r.9	9	1	H	A	1	3	EXACT	-0.0819118635102	21	0.0654679998116	5	0.125709913621	72	0	0	0.101017335	98	0.0999345932115	98	0.127636731454	68	0.0929438169802	4	0.00306849886703	6	0	0	0.109266049922	0.109266049922	0.111192867756	0.112334548789	0.109266049922
M08_DY_TO_L_ALL28:G808-E0242	M08_DY_TO_L_ALL28	ALL28	DY	L	G808-E0242	ok	eol	1	f23v	f23v	G808-P0083	f23v.3	3	3	H	A	1	3	EXACT	0.133451030672	17	0.0104965951149	3	0.147030989974	72	0.381880510215	1	0.167822706683	92	0.169293611215	93	0.146932258456	68	0.148699232299	4	0.0631322707804	6	0.370263146603	1	0.29097861576	0.672859125976	0.290879884243	0.354110886541	0.661241762363
M08_DY_TO_L_ALL28:G808-E0243	M08_DY_TO_L_ALL28	ALL28	DY	L	G808-E0243	ok	ol	0	f23v	f23v	G808-P0084	f23v.6	6	4	H	A	1	2	EXACT	-0.00585960981097	27	0	0	0.165128020055	71	-0.33982581643	1	0.134009828553	98	0.128377547969	99	0.175645365758	67	-0.0110403551815	4	0.187203676763	6	-0.340925730249	1	0.159268410244	-0.180557406186	0.169785755947	0.346472087007	-0.181657320005
M08_DY_TO_L_ALL28:G808-E0250	M08_DY_TO_L_ALL28	ALL28	DY	L	G808-E0250	ok	ol	0	f24r	f24r	G808-P0085	f24r.3	3	3	H	A	1	2	EXACT	0.132757872045	48	0	0	0.0884573696569	71	-0.0611682043429	1	0.104067748855	119	0.101803301659	120	0.0950079671412	67	-0.0212679729212	4	0.309218105007	6	-0.0932183642033	1	0.221215241702	0.160047037359	0.227765839186	0.530433346709	0.127996877499
M08_DY_TO_L_ALL28:G808-E0256	M08_DY_TO_L_ALL28	ALL28	DY	L	G808-E0256	ok	ol	0	f24v	f24v	G808-P0086	f24v.4	4	3	H	A	1	2	EXACT	0.0292350314563	13	0	0	0.150688290527	71	0.150274130524	1	0.165118120179	84	0.164136405621	85	0.156820354161	67	0.0479733899483	4	0.187203676763	6	0.149174216705	1	0.179923321983	0.330197452507	0.186055385617	0.367126998746	0.329097538688
M08_DY_TO_L_ALL28:G808-E0008	M08_DY_TO_L_ALL28	ALL28	DY	L	G808-E0008	ok	ol	0	f2r	f2r	G808-P0002	f2r.12	12	1	H	A	1	3	EXACT	0.0948624997671	21	-0.0976631899898	3	0.121136603105	72	-0.295268033346	1	0.131505925315	96	0.126265011831	97	0.122794402673	68	0.0929438169802	4	0.282175525447	6	-0.296367947166	1	0.118335912882	-0.176932120464	0.11999371245	0.400511438329	-0.178032034283
M08_DY_TO_L_ALL28:G808-E0318	M08_DY_TO_L_ALL28	ALL28	DY	L	G808-E0318	ok	eol	1	f31r	f31r	G808-P0108	f31r.9	9	4	H	B	2	2	EXACT	-0.301439814766	9	0	0	-0.0178234800687	72	0	0	-0.00855225320632	81	-0.00966538256042	81	-0.0269123791844	68	0.136677569853	4	0.249569569933	6	0	0	-0.319263294835	-0.319263294835	-0.32835219395	-0.0696937249015	-0.319263294835
M08_DY_TO_L_ALL28:G808-E0367	M08_DY_TO_L_ALL28	ALL28	DY	L	G808-E0367	ok	ol	0	f36r	f36r	G808-P0125	f36r.7	7	3	H	A	1	2	EXACT	0.0652832411088	15	0	0	0.108762587367	72	-0.10736114593	1	0.131972698364	87	0.12843651862	88	0.111793892262	68	0.0572202106886	4	-0.174760921455	6	-0.158858591921	1	0.174045828476	0.0666846825459	0.177077133371	-0.000715092978498	0.0151872365547
M08_DY_TO_L_ALL28:G808-E0029	M08_DY_TO_L_ALL28	ALL28	DY	L	G808-E0029	ok	eol	1	f3v	f3v	G808-P0010	f3v.9	9	2	H	A	1	2	EXACT	0.527695706388	17	0	0	0.13663297877	72	-0.295268033346	1	0.239382318611	89	0.232619365182	90	0.132993786582	68	0.198489052508	4	0.224762055984	6	-0.296367947166	1	0.664328685158	0.369060651812	0.66068949297	0.889090741143	0.367960737993
M08_DY_TO_L_ALL28:G808-E0397	M08_DY_TO_L_ALL28	ALL28	DY	L	G808-E0397	ok	ol	0	f40r	f40r	G808-P0141	f40r.5	5	4	H	B	2	3	EXACT	-0.271412305362	30	0.158330973554	3	-0.0429077221009	72	-0.0783691082025	3	-0.088970071186	105	-0.0891073049634	108	-0.0453272208879	68	-0.00178644681428	4	-0.0357199593718	6	-0.121370002767	3	-0.155989053909	-0.234358162111	-0.158408552696	-0.191709013281	-0.277359056676
M08_DY_TO_L_ALL28:G808-E0426	M08_DY_TO_L_ALL28	ALL28	DY	L	G808-E0426	ok	ol	0	f42r	f42r	G808-P0150	f42r.20	20	4	H	A	1	2	EXACT	0.24574348673	18	0	0	0.163830355007	72	0	0	0.206981896788	90	0.205899154999	90	0.173572337123	68	-0.00179353444125	4	-0.0870886905975	6	0	0	0.409573841737	0.409573841737	0.419315823853	0.32248515114	0.409573841737
M08_DY_TO_L_ALL28:G808-E0431	M08_DY_TO_L_ALL28	ALL28	DY	L	G808-E0431	ok	ol	0	f42v	f42v	G808-P0151	f42v.5	5	7	H	A	1	3	EXACT	0.30311953844	27	-0.0954209446705	2	0.141160511573	72	0	0	0.196209170193	101	0.195126428405	101	0.15379477577	68	-0.0736321732439	4	0.0974880075366	6	0	0	0.348859105343	0.348859105343	0.36149336954	0.44634711288	0.348859105343
M08_DY_TO_L_ALL28:G808-E0479	M08_DY_TO_L_ALL28	ALL28	DY	L	G808-E0479	ok	ol	0	f45v	f45v	G808-P0168	f45v.2	2	1	H	A	1	3	EXACT	0.117613650371	14	-0.209211457149	2	0.0961778105339	72	0.124749297301	2	0.124427802152	88	0.12387290035	90	0.0963674458329	68	0.0929438169802	4	0.0588305134658	6	0.119919706758	2	0.00458000375612	0.129329301057	0.00476963905511	0.0634105172219	0.124499710514
M08_DY_TO_L_ALL28:G808-E0038	M08_DY_TO_L_ALL28	ALL28	DY	L	G808-E0038	ok	eol	1	f4v	f4v	G808-P0014	f4v.12	12	3	H	A	1	3	EXACT	0.381864900461	14	0.0138643024312	2	0.16809701426	72	0	0	0.224829559436	88	0.222488667779	88	0.172564247	68	0.0921582620499	4	0.261799605504	6	0.0653473696863	2	0.563826217152	0.563826217152	0.568293449892	0.825625822656	0.629173586838
M08_DY_TO_L_ALL28:G808-E0568	M08_DY_TO_L_ALL28	ALL28	DY	L	G808-E0568	ok	ol	0	f51r	f51r	G808-P0191	f51r.4	4	3	H	A	1	2	EXACT	0.240767934245	36	0	0	0.132063869218	72	-0.462157011633	1	0.175942491595	108	0.16915485529	109	0.136060167055	68	0.0641179824815	4	-0.217681215565	6	-0.536665235195	1	0.372831803463	-0.0893252081704	0.3768281013	0.155150587898	-0.163833431732
M08_DY_TO_L_ALL28:G808-E0623	M08_DY_TO_L_ALL28	ALL28	DY	L	G808-E0623	ok	ol	0	f55r	f55r	G808-P0199	f55r.6	6	7	H	B	2	2	EXACT	-0.0427926930553	31	-0.0169179346659	1	-0.0526203638655	72	0	0	-0.036928420285	104	-0.0380111620731	104	-0.0513849746945	68	-0.0736321732439	4	-0.00516692039771	6	-0.205793718264	2	-0.112330991587	-0.112330991587	-0.111095602416	-0.117497911984	-0.318124709851
M08_DY_TO_L_ALL28:G808-E0054	M08_DY_TO_L_ALL28	ALL28	DY	L	G808-E0054	ok	ol	0	f6v	f6v	G808-P0019	f6v.3	3	7	H	A	1	2	EXACT	0.249129915136	22	0	0	0.121516737222	72	0	0	0.173293358019	94	0.172210616231	94	0.13299548528	68	-0.0736321732439	4	-0.0575476130607	6	0	0	0.370646652358	0.370646652358	0.382125400416	0.313099039297	0.370646652358
M08_DY_TO_L_ALL28:G808-E0059	M08_DY_TO_L_ALL28	ALL28	DY	L	G808-E0059	ok	ol	0	f6v	f6v	G808-P0020	f6v.20	20	3	H	A	1	2	EXACT	0.224023655378	30	0	0	0.141798524098	72	-0.33982581643	1	0.179317019023	102	0.173421543922	103	0.143139449415	68	0.118992600242	4	0.224482634859	6	-0.340925730249	1	0.365822179476	0.0259963630466	0.367163104793	0.590304814336	0.0248964492273
M08_DY_TO_L_ALL28:G808-E0895	M08_DY_TO_L_ALL28	ALL28	DY	L	G808-E0895	ok	ol	0	f77v	f77v	G808-P0246	f77v.42	42	6	B	B	2	2	EXACT	-0.252711216023	45	-0.0289426244451	2	-0.120555626573	72	0	0	-0.168394689166	119	-0.169700512404	119	-0.12774854739	68	0.00171360770417	4	-0.0951167298364	6	0	0	-0.402209467041	-0.402209467041	-0.409402387858	-0.497326196878	-0.402209467041
M08_DY_TO_L_ALL28:G808-E0945	M08_DY_TO_L_ALL28	ALL28	DY	L	G808-E0945	ok	ol	0	f78v	f78v	G808-P0249	f78v.14	14	5	B	B	2	2	EXACT	-0.457153524257	65	-0.132284813514	2	-0.102165222914	72	-0.172410248774	1	-0.279992707391	139	-0.279953170754	140	-0.0997641359482	68	-0.142994230177	4	-0.436733378838	6	-0.190662542403	1	-0.691603560684	-0.864013809458	-0.689202473719	-1.12833693952	-0.882266103087
M08_DY_TO_L_ALL28:G808-E0965	M08_DY_TO_L_ALL28	ALL28	DY	L	G808-E0965	ok	ol	0	f79r	f79r	G808-P0252	f79r.10	10	4	B	B	2	3	EXACT	-0.305306075211	25	0	0	-0.104913763074	72	-0.575607142543	1	-0.134638834363	97	-0.139075189414	98	-0.1171514058	68	0.103100323068	4	0.153364003515	6	-0.580594090302	1	-0.410219838285	-0.985826980828	-0.422457481011	-0.25685583477	-0.990813928587
M08_DY_TO_L_ALL28:G808-E0968	M08_DY_TO_L_ALL28	ALL28	DY	L	G808-E0968	ok	ol	0	f79r	f79r	G808-P0253	f79r.15	15	5	B	B	2	3	EXACT	-0.330389114814	40	-0.299116569709	3	-0.143067116414	72	-0.164359909497	1	-0.205646006706	115	-0.205223981259	116	-0.145103967212	68	-0.108466493044	4	-0.264982359037	6	-0.179205344905	1	-0.772572800937	-0.936932710434	-0.774609651735	-1.03755515997	-0.951778145841
M08_DY_TO_L_ALL28:G808-E1201	M08_DY_TO_L_ALL28	ALL28	DY	L	G808-E1201	ok	eol	1	f83v	f83v	G808-P0299	f83v.6	6	7	B	B	2	3	EXACT	-0.431861003031	27	0.0302061801774	3	-0.142086268357	72	0	0	-0.197274463652	102	-0.198336016637	102	-0.142349430703	68	-0.137622763911	4	-0.368935556964	6	0	0	-0.54374109121	-0.54374109121	-0.544004253557	-0.912676648175	-0.54374109121
M08_DY_TO_L_ALL28:G808-E1212	M08_DY_TO_L_ALL28	ALL28	DY	L	G808-E1212	ok	ol	0	f83v	f83v	G808-P0301	f83v.25	25	5	B	B	2	2	EXACT	-0.447881104984	35	-0.0105513827562	2	-0.124326198557	72	-0.0856066064173	2	-0.21740128123	109	-0.215671761752	111	-0.123544650916	68	-0.137622763911	4	-0.0331735804242	6	-0.0983901502201	2	-0.582758686298	-0.668365292715	-0.581977138656	-0.615932266722	-0.681148836518
M08_DY_TO_L_ALL28:G808-E1270	M08_DY_TO_L_ALL28	ALL28	DY	L	G808-E1270	ok	ol	0	f86v5	f86v	G808-P0324	f86v5.23	23	4	T	B	2	3	EXACT	0.00300946189645	38	0.206086483912	5	-0.0874766644864	72	0.088030405786	2	-0.0388674460727	115	-0.0371743182587	117	-0.0925140150975	68	-0.00185252071614	4	-0.130108105975	6	0.029350483957	2	0.121619281322	0.209649687108	0.116581930711	-0.00848882465342	0.150969765278
M08_DY_TO_L_ALL28:G808-E1320	M08_DY_TO_L_ALL28	ALL28	DY	L	G808-E1320	ok	eol	1	f87r	f87r	G808-P0331	f87r.14	14	4	H	A	1	2	EXACT	0.650458896399	14	0.639627350288	1	0.159766527197	72	0	0	0.276665906123	87	0.275526232323	87	0.170715438157	68	-0.0263750246289	4	-0.0122823647575	6	0	0	1.44985277388	1.44985277388	1.46080168484	1.43757040913	1.44985277388
M08_DY_TO_L_ALL28:G808-E1335	M08_DY_TO_L_ALL28	ALL28	DY	L	G808-E1335	ok	ol	0	f88r	f88r	G808-P0335	f88r.19	19	7	P	A	1	2	EXACT	0.274555706805	13	-0.168605826274	1	0.154022746603	72	0	0	0.201640092472	86	0.200602651337	86	0.167520977935	68	-0.0754570702889	4	-0.226916129049	6	0	0	0.259972627134	0.259972627134	0.273470858466	0.0330564980852	0.259972627134
M08_DY_TO_L_ALL28:G808-E1349	M08_DY_TO_L_ALL28	ALL28	DY	L	G808-E1349	ok	ol	0	f88v	f88v	G808-P0338	f88v.17	17	6	P	A	1	2	EXACT	0.174985018457	16	-0.3145805955	1	0.131142888794	72	0.253170720284	1	0.157083446309	89	0.156357441088	90	0.149996136572	68	-0.189357335391	4	-0.175974945126	6	0.260642816157	1	-0.00845268824839	0.244718032036	0.0104005595294	-0.184427633374	0.252190127909
M08_DY_TO_L_ALL28:G808-E1372	M08_DY_TO_L_ALL28	ALL28	DY	L	G808-E1372	ok	ol	0	f89v1	f89v	G808-P0343	f89v1.9	9	3	P	A	1	3	EXACT	0.14650038058	34	-0.156279662251	2	0.154253966975	71	0	0	0.155355874936	107	0.153925692804	107	0.155177468824	67	0.138782559542	4	0.22663809622	6	0	0	0.144474685304	0.144474685304	0.145398187153	0.371112781524	0.144474685304
M08_DY_TO_L_ALL28:G808-E1377	M08_DY_TO_L_ALL28	ALL28	DY	L	G808-E1377	ok	ol	0	f89v1	f89v	G808-P0344	f89v1.14	14	5	P	A	1	3	EXACT	-0.0241024421386	26	0.00638206486511	2	0.127424795019	72	0	0	0.103395279489	100	0.101965097358	100	0.141607773183	68	-0.113695718024	4	0.126853616186	6	0.695173915894	1	0.109704417746	0.109704417746	0.12388739591	0.236558033931	0.80487833364
M08_DY_TO_L_ALL28:G808-E1380	M08_DY_TO_L_ALL28	ALL28	DY	L	G808-E1380	ok	eol	1	f89v1	f89v	G808-P0344	f89v1.17	17	8	P	A	1	2	EXACT	-0.0241024421386	26	-0.0560279927739	1	0.11813519618	72	0	0	0.0967871584825	99	0.0953569763512	99	0.12962508484	68	-0.0772027952975	4	0.0582306866231	6	0	0	0.0380047612671	0.0380047612671	0.0494946499273	0.0962354478901	0.0380047612671
M08_DY_TO_L_ALL28:G808-E0086	M08_DY_TO_L_ALL28	ALL28	DY	L	G808-E0086	ok	ol	0	f8v	f8v	G808-P0029	f8v.14	14	2	H	A	1	2	EXACT	0.0779944972464	20	-0.154801527645	2	0.147071043094	72	0	0	0.15012279904	94	0.149040057252	94	0.143501924057	68	0.207735873248	4	0.0550478939615	6	0	0	0.0702640126951	0.0702640126951	0.0666948936583	0.125311906657	0.0702640126951
M08_DY_TO_L_ALL28:G808-E1397	M08_DY_TO_L_ALL28	ALL28	DY	L	G808-E1397	ok	eol	1	f93r	f93r	G808-P0346	f93r.11	11	1	H	A	1	2	EXACT	0.336839080217	48	-0.103853746669	2	0.104406302165	72	0	0	0.187305063897	122	0.184452559992	122	0.102912844015	68	0.129799831277	4	-0.184896020591	6	0.0281182865091	1	0.337391635713	0.337391635713	0.335898177563	0.152495615122	0.365509922222
M08_DY_TO_L_ALL28:G808-E1407	M08_DY_TO_L_ALL28	ALL28	DY	L	G808-E1407	ok	ol	0	f93v	f93v	G808-P0347	f93v.3	3	10	H	A	1	3	EXACT	0.210624891029	31	0.641106102635	1	0.124017605263	71	0	0	0.167009398129	103	0.165929610922	103	0.130154190793	67	0.0212264311781	4	-0.0696562814791	6	0	0	0.975748598927	0.975748598927	0.981885184457	0.906092317448	0.975748598927
M08_DY_TO_L_ALL28:G808-E1428	M08_DY_TO_L_ALL28	ALL28	DY	L	G808-E1428	ok	ol	0	f95r1	f95r	G808-P0353	f95r1.9	9	6	H	B	3	3	EXACT	-0.310162557775	28	0.310780460353	2	-0.0346698345363	72	-0.149573314266	2	-0.0879976140061	102	-0.0898262123196	104	-0.0293865645457	68	-0.124495725713	4	0.0220759556697	6	-0.15551776982	2	-0.0340519319579	-0.183625246224	-0.0287686619674	-0.0119759762882	-0.189569701778
M08_DY_TO_L_ALL28:G808-E1445	M08_DY_TO_L_ALL28	ALL28	DY	L	G808-E1445	ok	ol	0	f96r	f96r	G808-P0361	f96r.5	5	7	H	A	1	2	EXACT	0.366234912874	32	-0.0169179346659	1	0.145216065682	72	0	0	0.222469074715	105	0.221343670653	105	0.152509003349	68	0.0212264311781	4	-0.0902803409705	6	0	0	0.49453304389	0.49453304389	0.501825981556	0.404252702919	0.49453304389
M08_DY_TO_L_ALL28:G808-E1453	M08_DY_TO_L_ALL28	ALL28	DY	L	G808-E1453	ok	eol	1	f99r	f99r	G808-P0363	f99r.17	17	5	P	A	1	3	EXACT	0.26639040062	11	0.30552165682	1	0.101849454443	72	0.0108772561976	1	0.16157742341	84	0.159059329084	85	0.115296880135	68	-0.12676681089	4	0.17169433214	6	-0.00874149629359	1	0.673761511883	0.68463876808	0.687208937575	0.845455844023	0.665020015589
M08_DY_TO_L_ALL28:G808-E1457	M08_DY_TO_L_ALL28	ALL28	DY	L	G808-E1457	ok	eol	1	f99r	f99r	G808-P0364	f99r.28	28	7	P	A	1	3	EXACT	-0.630286958817	2	0.00931200954267	2	0.126822643931	72	0	0	0.153747563924	76	0.15274697042	76	0.14566024678	68	-0.193426633073	4	-0.171802234211	6	0	0	-0.494152305343	-0.494152305343	-0.475314702494	-0.665954539554	-0.494152305343
M08_DY_TO_L_ALL28:G808-E1466	M08_DY_TO_L_ALL28	ALL28	DY	L	G808-E1466	ok	eol	1	f99r	f99r	G808-P0364	f99r.31	31	7	P	A	1	2	EXACT	-0.630286958817	2	-0.265114505858	1	0.139467019202	72	0	0	0.16392009837	75	0.162919504867	75	0.146836563237	68	0.0141747420442	4	0.0158413666445	6	-0.526458516765	1	-0.755934445473	-0.755934445473	-0.748564901438	-0.740093078828	-1.28239296224
M08_DY_TO_L_ALL28:G808-E1471	M08_DY_TO_L_ALL28	ALL28	DY	L	G808-E1471	ok	eol	1	f99r	f99r	G808-P0366	f99r.48	48	2	P	A	1	2	EXACT	0.233725438089	15	-0.232053538747	1	0.146193894416	72	0	0	0.187034927245	88	0.186034333741	88	0.142999497668	68	0.200488610563	4	-0.125549306189	6	0	0	0.147865793758	0.147865793758	0.14467139701	0.0223164875692	0.147865793758
M08_DY_TO_L_ALL28:G808-E1476	M08_DY_TO_L_ALL28	ALL28	DY	L	G808-E1476	ok	ol	0	f99v	f99v	G808-P0367	f99v.13	13	2	P	A	1	2	EXACT	0.12038893131	18	0	0	0.150693167363	72	0	0	0.171401235588	90	0.1703184938	90	0.147881045092	68	0.198489052508	4	0.224762055984	6	0	0	0.271082098673	0.271082098673	0.268269976401	0.495844154657	0.271082098673
M08_DY_TO_L_ALL28:G808-E1477	M08_DY_TO_L_ALL28	ALL28	DY	L	G808-E1477	ok	eol	1	f99v	f99v	G808-P0368	f99v.22	22	7	P	A	1	3	EXACT	0.434839946746	6	0.121743359812	3	0.13832004507	72	0	0	0.203064948063	81	0.201982206275	81	0.153905132831	68	-0.126636640331	4	-0.218003019488	6	0.20941564279	1	0.694903351629	0.694903351629	0.710488439389	0.476900332141	0.904318994418
M08_DY_TO_L_ALL28:G808-E1482	M08_DY_TO_L_ALL28	ALL28	DY	L	G808-E1482	ok	eol	1	f99v	f99v	G808-P0368	f99v.23	23	7	P	A	1	2	EXACT	0.434839946746	6	-0.336101311242	1	0.136225200152	72	0	0	0.196940719821	79	0.195857978033	79	0.156304013718	68	-0.205124823941	4	-0.163474406274	6	0	0	0.234963835656	0.234963835656	0.255042649222	0.0714894293821	0.234963835656
M08_DY_TO_L_ALL28:G808-E1483	M08_DY_TO_L_ALL28	ALL28	DY	L	G808-E1483	ok	ol	0	f99v	f99v	G808-P0368	f99v.24	24	3	P	A	1	2	EXACT	0.434839946746	6	0	0	0.137237749781	72	0.0573427506219	1	0.20446704999	78	0.201818574086	79	0.142487994861	68	0.0479733899483	4	0.128357922986	6	0.0340305387677	1	0.572077696527	0.629420447149	0.577327941607	0.700435619513	0.606108235295
M08_DY_TO_L_ALL28:G808-E1491	M08_DY_TO_L_ALL28	ALL28	DY	L	G808-E1491	ok	eol	1	f99v	f99v	G808-P0370	f99v.39	39	6	P	A	1	2	EXACT	0.371350679816	4	-0.285403183378	1	0.126148139245	72	0	0	0.180969800279	77	0.179887058491	77	0.133111240939	68	0.00776521697947	4	-0.0806521701913	6	0	0	0.212095635682	0.212095635682	0.219058737376	0.131443465491	0.212095635682
M08_DY_TO_L_ALL28:G808-E1493	M08_DY_TO_L_ALL28	ALL28	DY	L	G808-E1493	ok	ol	0	f99v	f99v	G808-P0370	f99v.42	42	4	P	A	1	2	EXACT	0.371350679816	4	0.0875323655255	2	0.112138411351	72	0.19376068325	1	0.171863256138	78	0.171354295759	79	0.1188396909	68	-0.00179353444125	4	-0.257198258456	6	0.19266076943	1	0.571021456692	0.764782139942	0.577722736241	0.313823198237	0.763682226123
M08_DY_TO_L_ALL28:G808-E0117	M08_DY_TO_L_ALL28	ALL28	DY	L	G808-E0117	okch	ol	0	f11r	f11r	G808-P0039	f11r.7	7	2	H	A	1	2	EXACT	0.598495126378	9	0	0	0.102629393727	72	-0.118973096439	1	0.20474711286	81	0.199326434719	82	0.110604803174	68	-0.0329626325768	4	0.315127948969	6	-0.202027605284	1	0.701124520105	0.582151423667	0.709099929552	1.01625246907	0.499096914821
M08_DY_TO_L_ALL28:G808-E0174	M08_DY_TO_L_ALL28	ALL28	DY	L	G808-E0174	okch	eol	1	f17v	f17v	G808-P0058	f17v.16	16	1	H	A	1	1	EXACT	0.25035848832	63	0	0	0.142758057664	72	0	0	0.177797535191	135	0.175811516123	135	0.144147717715	68	0.119123771101	4	-0.152873509695	6	0	0	0.393116545984	0.393116545984	0.394506206035	0.240243036289	0.393116545984
M08_DY_TO_L_ALL28:G808-E0236	M08_DY_TO_L_ALL28	ALL28	DY	L	G808-E0236	okch	ol	0	f23r	f23r	G808-P0080	f23r.2	2	11	H	A	1	3	EXACT	0.0187860819534	8	-0.0988119575633	3	0.0681241262157	72	-0.468851489497	1	0.105835520963	83	0.0975089204048	84	0.0827120166234	68	-0.179880076417	4	0.0895656854258	6	-0.156106938069	2	-0.0119017493942	-0.480753238891	0.00268614101351	0.0776639360315	-0.168008687464
M08_DY_TO_L_ALL28:G808-E0427	M08_DY_TO_L_ALL28	ALL28	DY	L	G808-E0427	okch	ol	0	f42r	f42r	G808-P0150	f42r.23	23	1	H	A	1	1	EXACT	0.312570961361	20	0	0	0.163873182245	72	0	0	0.224629241893	92	0.222643222825	92	0.171342322098	68	0.0368877390374	4	-0.0349458610422	6	0	0	0.476444143606	0.476444143606	0.483913283459	0.441498282563	0.476444143606
M08_DY_TO_L_ALL28:G808-E0589	M08_DY_TO_L_ALL28	ALL28	DY	L	G808-E0589	okch	ol	0	f52r	f52r	G808-P0193	f52r.3	3	3	H	A	1	2	EXACT	0.0799116902946	25	0.992662775845	1	0.129056346857	72	0	0	0.146856046055	98	0.144870026987	98	0.134983275509	68	0.0282884940601	4	0.220086659405	6	0	0	1.201630813	1.201630813	1.20755774165	1.4217174724	1.201630813
M08_DY_TO_L_ALL28:G808-E0591	M08_DY_TO_L_ALL28	ALL28	DY	L	G808-E0591	okch	ol	0	f52r	f52r	G808-P0193	f52r.6	6	7	H	A	1	3	EXACT	0.0799116902946	25	-0.218664308594	2	0.110715589497	72	0	0	0.117954367182	99	0.115968348114	99	0.124509266673	68	-0.123786988203	4	0.218663802453	6	0	0	-0.0280370288024	-0.0280370288024	-0.014243351626	0.19062677365	-0.0280370288024
M08_DY_TO_L_ALL28:G808-E1382	M08_DY_TO_L_ALL28	ALL28	DY	L	G808-E1382	okch	ol	0	f89v1	f89v	G808-P0344	f89v1.20	20	3	P	A	1	2	EXACT	0.147136461943	37	0.0327795086216	1	0.129065594339	72	0.153656500541	3	0.141626365903	110	0.14091795521	113	0.133734576975	68	0.0496830395929	4	0.138460872576	6	0.0899836807102	3	0.308981564904	0.462638065445	0.31365054754	0.447442437479	0.398965245614
M08_DY_TO_L_ALL28:G808-E1464	M08_DY_TO_L_ALL28	ALL28	DY	L	G808-E1464	okch	ol	0	f99r	f99r	G808-P0364	f99r.30	30	8	P	A	1	2	EXACT	0.106585621535	8	0	0	0.120077429882	72	0	0	0.167174627063	80	0.16527459174	80	0.133856028304	68	-0.114168709314	4	-0.153950715663	6	-0.182346605707	1	0.226663051417	0.226663051417	0.240441649839	0.0727123357541	0.0443164457108
M08_DY_TO_L_ALL28:G808-E1561	M08_DY_TO_L_ALL28	ALL28	DY	L	G808-E1561	opch	eol	1	f103r	f103r	G808-P0385	f103r.16	16	8	S	B	3	3	EXACT	-0.480884026436	10	0.724093694093	1	-0.032236483309	72	-0.068726322404	2	-0.0371060303803	83	-0.0384775503232	85	-0.0210707949909	68	-0.222061434081	4	-0.134584769102	6	0.182354637285	2	0.210973184349	0.142246861945	0.222138872667	0.0763884152465	0.393327821633
M08_DY_TO_L_ALL28:G808-E1769	M08_DY_TO_L_ALL28	ALL28	DY	L	G808-E1769	opch	eol	1	f107r	f107r	G808-P0491	f107r.16	16	5	S	B	3	3	EXACT	-0.281351564845	12	0	0	-0.0352364032243	72	0.01781737345	2	-0.0339923205589	84	-0.033379967846	86	-0.0296952465551	68	-0.129445783822	4	0.13866444368	6	0.0131167474729	2	-0.316587968069	-0.298770594619	-0.3110468114	-0.177923524389	-0.303471220596
M08_DY_TO_L_ALL28:G808-E1788	M08_DY_TO_L_ALL28	ALL28	DY	L	G808-E1788	opch	eol	1	f107v	f107v	G808-P0504	f107v.8	8	6	S	B	3	2	EXACT	-0.0712314660011	12	0	0	-0.016767460046	72	-0.031591273332	1	0.0108531749788	84	0.00957347697378	85	-0.00573269847904	68	-0.204368136709	4	-0.187739347574	6	-0.046070364521	1	-0.0879989260472	-0.119590199379	-0.0769641644802	-0.275738273622	-0.134069290568
M08_DY_TO_L_ALL28:G808-E1796	M08_DY_TO_L_ALL28	ALL28	DY	L	G808-E1796	opch	ol	0	f107v	f107v	G808-P0506	f107v.16	16	3	S	B	3	3	EXACT	-0.18650224403	18	0	0	0.0154794754735	72	-0.0801322867094	2	0.00235426319352	90	6.01798063511e-06	92	0.00944432028134	68	0.118067383716	4	-0.0493365243962	6	-0.0831707661887	2	-0.171022768556	-0.251155055266	-0.177057923749	-0.220359292953	-0.254193534745
M08_DY_TO_L_ALL28:G808-E2094	M08_DY_TO_L_ALL28	ALL28	DY	L	G808-E2094	opch	eol	1	f114r	f114r	G808-P0609	f114r.8	8	8	S	B	3	3	EXACT	-0.0727063992955	10	0	0	-0.0396038377395	72	-0.0284895379091	1	-0.00369516209655	82	-0.0049311413674	83	-0.0297691416625	68	-0.206804027352	4	-0.135231423449	6	-0.0781874985819	1	-0.112310237035	-0.140799774944	-0.102475540958	-0.247541660484	-0.190497735617
M08_DY_TO_L_ALL28:G808-E0231	M08_DY_TO_L_ALL28	ALL28	DY	L	G808-E0231	opch	ol	0	f22r	f22r	G808-P0077	f22r.10	10	9	H	A	1	3	EXACT	0.248004825384	15	-0.0309758702966	2	0.122131517353	72	0	0	0.171453018213	89	0.170209396956	89	0.132927946356	68	-0.0614175252587	4	0.00891027412309	6	0.133797676286	1	0.339160472441	0.339160472441	0.349956901443	0.348070746564	0.472958148727
M08_DY_TO_L_ALL28:G808-E0239	M08_DY_TO_L_ALL28	ALL28	DY	L	G808-E0239	opch	ol	0	f23v	f23v	G808-P0083	f23v.1	1	6	H	A	1	3	EXACT	-0.0584358681129	18	-0.25570144231	1	0.151593218467	72	-0.242389231683	1	0.133314588792	91	0.128275509365	92	0.167958266482	68	-0.126622347362	4	-0.130541649536	6	-0.0496415441605	3	-0.162544091956	-0.404933323639	-0.146179043941	-0.293085741492	-0.212185636117
M08_DY_TO_L_ALL28:G808-E0289	M08_DY_TO_L_ALL28	ALL28	DY	L	G808-E0289	opch	ol	0	f28r	f28r	G808-P0095	f28r.1	1	4	H	A	1	3	EXACT	0.403909643807	24	-0.149192973305	2	0.152587388154	72	-0.341088076637	1	0.228440115184	98	0.221711579554	99	0.160966121506	68	0.0101391716081	4	-0.139044662631	6	-0.345251213147	1	0.407304058657	0.0662159820195	0.415682792008	0.268259396026	0.0620528455097
M08_DY_TO_L_ALL28:G808-E0310	M08_DY_TO_L_ALL28	ALL28	DY	L	G808-E0310	opch	ol	0	f30r	f30r	G808-P0105	f30r.8	8	1	H	A	1	3	EXACT	0.226315310083	16	-0.063155462679	2	0.15296074786	72	-0.214601422789	1	0.19072539424	90	0.185569423002	91	0.155252524993	68	0.113990787017	4	0.22486100629	6	-0.234312618153	1	0.316120595264	0.101519172475	0.318412372397	0.540981601554	0.0818079771106
M08_DY_TO_L_ALL28:G808-E1519	M08_DY_TO_L_ALL28	ALL28	DY	L	G808-E1519	ot	eol	1	f102r1	f102r	G808-P0375	f102r1.8	8	6	P	A	1	2	EXACT	0.272636625005	11	0	0	0.115232355458	72	-0.0305282177821	1	0.170600016061	83	0.16742129966	84	0.133261945481	68	-0.191281105015	4	-0.121016140579	6	0.0480936197251	1	0.387868980463	0.357340762681	0.405898570486	0.266852839884	0.435962600188
M08_DY_TO_L_ALL28:G808-E1533	M08_DY_TO_L_ALL28	ALL28	DY	L	G808-E1533	ot	eol	1	f102v1	f102v	G808-P0377	f102v1.14	14	4	P	A	1	2	EXACT	0.02662452235	31	0	0	0.0994951150055	72	0	0	0.0893249672606	103	0.0883649993683	103	0.101373194883	68	0.0675564903913	4	0.243856908035	6	0	0	0.126119637355	0.126119637355	0.127997717233	0.36997654539	0.126119637355
M08_DY_TO_L_ALL28:G808-E1678	M08_DY_TO_L_ALL28	ALL28	DY	L	G808-E1678	ot	eol	1	f105r	f105r	G808-P0442	f105r.19	19	2	S	B	3	3	EXACT	0.0909291968983	20	-0.0445030149187	2	-0.0432950503076	71	0	0	0.00966454797402	93	0.00875988405059	93	-0.0573352412975	67	0.191873731516	4	-0.0153220041378	6	-0.0720665603504	1	0.00313113167204	0.00313113167204	-0.0109090593178	-0.0121908724657	-0.0689354286784
M08_DY_TO_L_ALL28:G808-E1682	M08_DY_TO_L_ALL28	ALL28	DY	L	G808-E1682	ot	ol	0	f105r	f105r	G808-P0442	f105r.21	21	7	S	B	3	3	EXACT	0.0909291968983	20	1.12567447164	1	-0.0345475904104	71	0.00272596063669	1	0.0295250848014	92	0.0285583871535	93	-0.0296886989521	67	-0.115938439592	4	-0.189384117313	6	-0.0156570442744	1	1.18205607813	1.18478203877	1.18691496959	0.992671960816	1.16639903385
M08_DY_TO_L_ALL28:G808-E1727	M08_DY_TO_L_ALL28	ALL28	DY	L	G808-E1727	ot	ol	0	f106r	f106r	G808-P0464	f106r.18	18	4	S	B	3	3	EXACT	-0.381742158296	13	0.0288214776547	2	-0.0273530017912	72	-0.359220529709	2	-0.0465778907045	87	-0.0540095075584	89	-0.0290903168095	68	0.00216364855165	4	-0.0154059215246	6	-0.380900788892	2	-0.380273682432	-0.739494212142	-0.382010997451	-0.395679603957	-0.761174471325
M08_DY_TO_L_ALL28:G808-E1757	M08_DY_TO_L_ALL28	ALL28	DY	L	G808-E1757	ot	eol	1	f106v	f106v	G808-P0485	f106v.39	39	4	S	B	3	2	EXACT	-0.137957484075	11	-0.213341418437	1	0.0241419583684	72	0	0	0.0348823960871	84	0.034060500138	84	0.0190266178077	68	0.111091912327	4	0.168046022925	6	0.423764775825	2	-0.327156944144	-0.327156944144	-0.332272284704	-0.159110921218	0.0966078316812
M08_DY_TO_L_ALL28:G808-E1760	M08_DY_TO_L_ALL28	ALL28	DY	L	G808-E1760	ot	ol	0	f106v	f106v	G808-P0487	f106v.44	44	10	S	B	3	3	EXACT	-0.224842027617	22	-0.160569958646	3	-0.0176361988159	72	-0.2348993433	1	-0.048014588974	97	-0.050551615425	98	-0.012156277745	68	-0.110805692597	4	0.205451641342	6	-0.245406571183	1	-0.403048185079	-0.637947528378	-0.397568264008	-0.197596543737	-0.648454756262
M08_DY_TO_L_ALL28:G808-E1792	M08_DY_TO_L_ALL28	ALL28	DY	L	G808-E1792	ot	ol	0	f107v	f107v	G808-P0505	f107v.11	11	8	S	B	3	3	EXACT	-0.150824970975	24	0.00934899415681	2	-0.0224092730722	72	-0.021346517466	3	-0.034930490379	98	-0.034744124046	101	-0.0162669941985	68	-0.126838650435	4	-0.13207859173	6	-0.0783442512107	3	-0.16388524989	-0.185231767356	-0.157742971016	-0.29596384162	-0.242229501101
M08_DY_TO_L_ALL28:G808-E1828	M08_DY_TO_L_ALL28	ALL28	DY	L	G808-E1828	ot	ol	0	f108r	f108r	G808-P0518	f108r.5	5	12	S	B	3	3	EXACT	-0.0978838781879	6	-0.0189645084938	5	-0.00669493222643	72	0	0	0.0304629119445	83	0.029604225945	83	-0.00590047842479	68	-0.0202126066307	4	-0.16656458324	6	0	0	-0.123543318908	-0.123543318908	-0.122748865106	-0.290107902148	-0.123543318908
M08_DY_TO_L_ALL28:G808-E0106	M08_DY_TO_L_ALL28	ALL28	DY	L	G808-E0106	ot	ol	0	f10r	f10r	G808-P0035	f10r.8	8	3	H	A	1	2	EXACT	0.352886177942	22	-0.0301893614467	2	0.142726540426	72	0	0	0.208117358473	96	0.207248443289	96	0.14841881084	68	0.0459472946254	4	-0.160006535435	6	0	0	0.465423356922	0.465423356922	0.471115627336	0.305416821487	0.465423356922
M08_DY_TO_L_ALL28:G808-E2021	M08_DY_TO_L_ALL28	ALL28	DY	L	G808-E2021	ot	ol	0	f112v	f112v	G808-P0574	f112v.44	44	4	S	B	3	3	EXACT	-0.300480787801	10	0	0	-0.0309036950304	72	-0.0547821635307	1	-0.0178488071583	82	-0.0182357619332	83	-0.0309181754533	68	-0.0306832750388	4	-0.219329187161	6	-0.0668641750306	1	-0.331384482832	-0.386166646363	-0.331398963255	-0.550713669993	-0.398248657862
M08_DY_TO_L_ALL28:G808-E2023	M08_DY_TO_L_ALL28	ALL28	DY	L	G808-E2023	ot	eol	1	f112v	f112v	G808-P0575	f112v.45	45	5	S	B	3	3	EXACT	-0.0928855825409	18	-0.0477301684616	1	-0.0239891054367	72	0	0	-0.00504494251396	91	-0.00496457897818	91	-0.0177020929822	68	-0.13089406436	4	0.269330420329	6	0	0	-0.164604856439	-0.164604856439	-0.158317843985	0.10472556389	-0.164604856439
M08_DY_TO_L_ALL28:G808-E2048	M08_DY_TO_L_ALL28	ALL28	DY	L	G808-E2048	ot	eol	1	f113r	f113r	G808-P0586	f113r.30	30	2	S	B	3	3	EXACT	-0.00484096001437	17	0.277595857996	1	-0.0172319145182	72	0	0	0.0149376511134	90	0.0141040025216	90	-0.029095033609	68	0.184430366816	4	-0.189004777572	6	0	0	0.255522983464	0.255522983464	0.243659864373	0.0665182058915	0.255522983464
M08_DY_TO_L_ALL28:G808-E2060	M08_DY_TO_L_ALL28	ALL28	DY	L	G808-E2060	ot	eol	1	f113v	f113v	G808-P0592	f113v.2	2	9	S	B	3	3	EXACT	-0.28553823618	14	-0.0751930652581	6	-0.0214208738505	72	-0.0717993874424	2	-0.0408056193263	92	-0.0423931761923	94	-0.0149656839364	68	-0.131155672095	4	0.0781983483491	6	-0.0825776347762	2	-0.382152175288	-0.453951562731	-0.375696985374	-0.303953826939	-0.464729810064
M08_DY_TO_L_ALL28:G808-E2065	M08_DY_TO_L_ALL28	ALL28	DY	L	G808-E2065	ot	eol	1	f113v	f113v	G808-P0595	f113v.10	10	2	S	B	3	3	EXACT	-0.341073598515	10	-0.00962837636218	4	0.00330693741378	72	0	0	-0.00887315411535	86	-0.010671955049	86	-0.00900414206786	68	0.212598718897	4	0.017127200069	6	0	0	-0.347395037464	-0.347395037464	-0.359706116945	-0.330267837395	-0.347395037464
M08_DY_TO_L_ALL28:G808-E2075	M08_DY_TO_L_ALL28	ALL28	DY	L	G808-E2075	ot	ol	0	f113v	f113v	G808-P0599	f113v.26	26	11	S	B	3	3	EXACT	-0.212587399788	11	-0.16785190792	4	-0.0159182337992	72	0.0143511775252	1	-0.0204471815847	87	-0.0213855211729	88	-0.00408202170531	68	-0.217130409101	4	0.206477797982	6	-0.0262200453072	2	-0.396357541507	-0.382006363982	-0.384521329414	-0.189879743526	-0.422577586815
M08_DY_TO_L_ALL28:G808-E2085	M08_DY_TO_L_ALL28	ALL28	DY	L	G808-E2085	ot	eol	1	f113v	f113v	G808-P0604	f113v.42	42	8	S	B	3	3	EXACT	-0.090227774832	15	-0.19962141154	4	-0.0156967993836	72	0	0	-0.0130650711066	91	-0.0148638720403	91	-0.00890489920677	68	-0.131155672095	4	-0.142941051189	6	-0.030260641523	3	-0.305545985755	-0.305545985755	-0.298754085579	-0.448487036945	-0.335806627278
M08_DY_TO_L_ALL28:G808-E2096	M08_DY_TO_L_ALL28	ALL28	DY	L	G808-E2096	ot	ol	0	f114r	f114r	G808-P0611	f114r.16	16	13	S	B	3	3	EXACT	-0.0715143397988	25	0.152824749872	3	-0.00371029880956	72	0	0	0.00189688041725	100	0.00100041414152	100	0.000638060139434	68	-0.0776436608534	4	-0.132002041118	6	0.00147074019771	1	0.0776001112638	0.0776001112638	0.0819484702128	-0.0544019298541	0.0790708514615
M08_DY_TO_L_ALL28:G808-E2114	M08_DY_TO_L_ALL28	ALL28	DY	L	G808-E2114	ot	ol	0	f114v	f114v	G808-P0620	f114v.2	2	4	S	B	3	3	EXACT	-0.316734491939	20	-0.372117723431	1	-0.0563820920749	72	0.999578522016	1	-0.0971232290284	93	-0.0864314223776	94	-0.0601454316229	68	0.00759743943729	4	-0.204031620929	6	0.991126540598	1	-0.745234307444	0.254344214572	-0.748997646992	-0.949265928374	0.245892233153
M08_DY_TO_L_ALL28:G808-E2124	M08_DY_TO_L_ALL28	ALL28	DY	L	G808-E2124	ot	ol	0	f114v	f114v	G808-P0623	f114v.11	11	7	S	B	3	3	EXACT	0.062310726743	13	-0.0134475990432	1	0.011405647317	72	0	0	0.0449013736393	86	0.0436067721601	86	0.0177037804198	68	-0.0956598562353	4	-0.0636498422287	6	0	0	0.0602687750168	0.0602687750168	0.0665669081196	-0.00338106721187	0.0602687750168
M08_DY_TO_L_ALL28:G808-E0116	M08_DY_TO_L_ALL28	ALL28	DY	L	G808-E0116	ot	ol	0	f11r	f11r	G808-P0039	f11r.6	6	5	H	A	1	3	EXACT	0.528020577148	7	0.00266825726838	2	0.0966467006561	72	0	0	0.171513653826	81	0.170644738642	81	0.109543861476	68	-0.122615682041	4	0.0721728609799	6	0.0329582354587	2	0.627335535073	0.627335535073	0.640232695892	0.699508396052	0.660293770531
M08_DY_TO_L_ALL28:G808-E0125	M08_DY_TO_L_ALL28	ALL28	DY	L	G808-E0125	ot	ol	0	f13v	f13v	G808-P0043	f13v.1	1	5	H	A	1	2	EXACT	0.0385124877769	13	0	0	0.148198055591	72	0	0	0.163259621501	85	0.162390706317	85	0.167965245498	68	-0.187854821587	4	0.200661830435	6	0	0	0.186710543368	0.186710543368	0.206477733275	0.387372373803	0.186710543368
M08_DY_TO_L_ALL28:G808-E0145	M08_DY_TO_L_ALL28	ALL28	DY	L	G808-E0145	ot	ol	0	f16r	f16r	G808-P0051	f16r.8	8	5	H	A	1	2	EXACT	0.210962568066	18	0	0	0.133034661297	72	-0.482245934319	1	0.174122878963	90	0.166259019266	91	0.1450231247	68	-0.0707798653267	4	0.22461483248	6	-0.485517495191	1	0.343997229363	-0.138248704956	0.355985692767	0.568612061843	-0.141520265828
M08_DY_TO_L_ALL28:G808-E0173	M08_DY_TO_L_ALL28	ALL28	DY	L	G808-E0173	ot	eol	1	f17v	f17v	G808-P0058	f17v.15	15	6	H	A	1	2	EXACT	0.28775406032	60	0	0	0.141669095635	72	0.349700414799	1	0.199310808793	132	0.199721731719	133	0.150275793047	68	-0.00465540911817	4	0.248577568854	6	0.167861319993	2	0.429423155956	0.779123570755	0.438029853367	0.67800072481	0.597284475949
M08_DY_TO_L_ALL28:G808-E0205	M08_DY_TO_L_ALL28	ALL28	DY	L	G808-E0205	ot	ol	0	f20v	f20v	G808-P0068	f20v.2	2	7	H	A	1	2	EXACT	0.27277827984	14	0	0	0.13792561021	72	0	0	0.190273729805	86	0.189381916889	86	0.152842826457	68	-0.115677714745	4	-0.183507978832	6	0	0	0.41070389005	0.41070389005	0.425621106297	0.227195911218	0.41070389005
M08_DY_TO_L_ALL28:G808-E0212	M08_DY_TO_L_ALL28	ALL28	DY	L	G808-E0212	ot	ol	0	f21r	f21r	G808-P0071	f21r.5	5	5	H	A	1	2	EXACT	-0.0607934275473	10	0.598482061624	1	0.0912306946652	72	0	0	0.116301063062	83	0.115333936391	83	0.104504941197	68	-0.134442145136	4	-0.13920693262	6	0	0	0.628919328742	0.628919328742	0.642193575274	0.489712396121	0.628919328742
M08_DY_TO_L_ALL28:G808-E0240	M08_DY_TO_L_ALL28	ALL28	DY	L	G808-E0240	ot	ol	0	f23v	f23v	G808-P0083	f23v.1	1	7	H	A	1	3	EXACT	-0.0525712117537	18	0.0269194712525	2	0.153806076655	72	-0.239765708034	1	0.13597999493	92	0.131284016946	93	0.169089903879	68	-0.106029634909	4	-0.0709481373034	6	-0.204099240019	2	0.128154336154	-0.11161137188	0.143438163378	0.0572061988506	-0.0759449038652
M08_DY_TO_L_ALL28:G808-E0248	M08_DY_TO_L_ALL28	ALL28	DY	L	G808-E0248	ot	ol	0	f23v	f23v	G808-P0084	f23v.10	10	6	H	A	1	2	EXACT	0.0715271747519	27	-0.283212690454	1	0.156298576515	71	0	0	0.144091540825	99	0.143222625641	99	0.169855327556	67	-0.0707798653267	4	-0.0959075466845	6	0	0	-0.0553869391873	-0.0553869391873	-0.0418301881461	-0.151294485872	-0.0553869391873
M08_DY_TO_L_ALL28:G808-E0255	M08_DY_TO_L_ALL28	ALL28	DY	L	G808-E0255	ot	ol	0	f24v	f24v	G808-P0086	f24v.2	2	6	H	A	1	3	EXACT	0.000626946141406	12	0	0	0.146511209753	71	0	0	0.158382200808	83	0.157513285624	83	0.161588104247	67	-0.106029634909	4	0.128289736264	6	0	0	0.147138155895	0.147138155895	0.162215050388	0.275427892159	0.147138155895
M08_DY_TO_L_ALL28:G808-E0300	M08_DY_TO_L_ALL28	ALL28	DY	L	G808-E0300	ot	ol	0	f28v	f28v	G808-P0097	f28v.5	5	1	H	A	1	2	EXACT	0.482442674937	8	0	0	0.124550750808	72	0.360734023462	1	0.199303114467	80	0.200671974241	81	0.126263924043	68	0.095416157054	4	-0.0387985533233	6	0.308159196578	1	0.606993425745	0.967727449208	0.60870659898	0.568194872422	0.915152622323
M08_DY_TO_L_ALL28:G808-E0308	M08_DY_TO_L_ALL28	ALL28	DY	L	G808-E0308	ot	ol	0	f29v	f29v	G808-P0102	f29v.8	8	1	H	A	1	2	EXACT	0.382913436357	21	-0.121173661015	2	0.17734422058	72	0	0	0.238417249234	95	0.23754833405	95	0.182162892037	68	0.095416157054	4	-0.0146274509779	6	0	0	0.439083995922	0.439083995922	0.443902667379	0.424456544944	0.439083995922
M08_DY_TO_L_ALL28:G808-E0326	M08_DY_TO_L_ALL28	ALL28	DY	L	G808-E0326	ot	ol	0	f32r	f32r	G808-P0111	f32r.7	7	1	H	A	1	1	EXACT	0.342361036573	18	0	0	0.136487539349	72	-0.361074233513	1	0.203164875106	90	0.196313429746	91	0.13960676326	68	0.0834500840967	4	-0.0387985533233	6	-0.386974959421	1	0.478848575922	0.117774342409	0.481967799833	0.440050022598	0.0918736165009
M08_DY_TO_L_ALL28:G808-E0343	M08_DY_TO_L_ALL28	ALL28	DY	L	G808-E0343	ot	eol	1	f34r	f34r	G808-P0117	f34r.6	6	1	H	B	2	3	EXACT	-0.235009126235	29	0.166817056563	3	-0.0408164080429	72	0	0	-0.0751883561647	104	-0.076050108067	104	-0.0488960473194	68	0.0965268446458	4	0.148253591696	6	0	0	-0.109008477716	-0.109008477716	-0.117088116992	0.0392451139804	-0.109008477716
M08_DY_TO_L_ALL28:G808-E0384	M08_DY_TO_L_ALL28	ALL28	DY	L	G808-E0384	ot	eol	1	f38v	f38v	G808-P0135	f38v.1	1	4	H	A	1	3	EXACT	0.226840105009	35	0.0255848745875	2	0.155176592413	72	0.0143023866486	1	0.18435564246	109	0.182121050974	110	0.164307189382	68	-5.42048206658e-05	4	-0.0755365856168	6	-0.00840591594628	1	0.40760157201	0.421903958659	0.416732168979	0.332064986394	0.399195656064
M08_DY_TO_L_ALL28:G808-E0391	M08_DY_TO_L_ALL28	ALL28	DY	L	G808-E0391	ot	eol	1	f39r	f39r	G808-P0138	f39r.16	16	1	H	B	2	2	EXACT	-0.381979931654	26	-0.263968439383	1	-0.0335107424175	72	-0.208588269085	1	-0.110622553134	99	-0.112282404104	100	-0.0412909154212	68	0.09874146241	4	0.150132224238	6	0.193684728848	1	-0.679459113455	-0.88804738254	-0.687239286458	-0.529326889217	-0.485774384607
M08_DY_TO_L_ALL28:G808-E0022	M08_DY_TO_L_ALL28	ALL28	DY	L	G808-E0022	ot	eol	1	f3r	f3r	G808-P0007	f3r.16	16	1	H	A	1	2	EXACT	0.553706743181	4	0.26626107528	1	0.103326046593	72	0.013295709946	1	0.172652249105	77	0.170005170491	78	0.102930592019	68	0.110038161984	4	-0.0859707856647	6	-0.00941080455353	1	0.923293865054	0.936589575	0.92289841048	0.837323079389	0.9138830605
M08_DY_TO_L_ALL28:G808-E0420	M08_DY_TO_L_ALL28	ALL28	DY	L	G808-E0420	ot	ol	0	f42r	f42r	G808-P0149	f42r.10	10	5	H	A	1	2	EXACT	0.334389317159	29	-0.119849047405	1	0.164469919555	72	0	0	0.223795866268	102	0.222926951084	102	0.181356681487	68	-0.122615682041	4	-0.33749989896	6	0	0	0.379010189309	0.379010189309	0.39589695124	0.0415102903489	0.379010189309
M08_DY_TO_L_ALL28:G808-E0430	M08_DY_TO_L_ALL28	ALL28	DY	L	G808-E0430	ot	ol	0	f42v	f42v	G808-P0151	f42v.2	2	9	H	A	1	3	EXACT	0.263547182838	27	-0.175966085865	2	0.136343695978	72	-0.482245934319	1	0.179896217529	101	0.172730113234	102	0.149904935164	68	-0.0942080189425	4	0.1975011813	6	-0.485517495191	1	0.223924792951	-0.258321141368	0.237486032136	0.42142597425	-0.26159270224
M08_DY_TO_L_ALL28:G808-E0450	M08_DY_TO_L_ALL28	ALL28	DY	L	G808-E0450	ot	eol	1	f43v	f43v	G808-P0158	f43v.12	12	9	H	B	2	3	EXACT	0.0364918189801	28	-0.188928408223	3	-0.0819191144055	72	-0.0419149945116	2	-0.0380302671947	103	-0.0385755651541	105	-0.0794397194519	68	-0.124079087746	4	-0.147296634022	6	0.0268233921199	2	-0.234355703648	-0.27627069816	-0.231876308695	-0.381652337671	-0.207532311528
M08_DY_TO_L_ALL28:G808-E0458	M08_DY_TO_L_ALL28	ALL28	DY	L	G808-E0458	ot	ol	0	f44v	f44v	G808-P0162	f44v.1	1	6	H	A	1	2	EXACT	0.148888396123	4	0	0	0.135621215007	72	0	0	0.181658701806	76	0.180789786623	76	0.149835344487	68	-0.106029634909	4	-0.253446269524	6	0	0	0.284509611131	0.284509611131	0.29872374061	0.0310633416069	0.284509611131
M08_DY_TO_L_ALL28:G808-E0465	M08_DY_TO_L_ALL28	ALL28	DY	L	G808-E0465	ot	ol	0	f44v	f44v	G808-P0162	f44v.3	3	4	H	A	1	2	EXACT	0.148888396123	4	0	0	0.131528679916	72	-0.281087503482	2	0.177781563299	76	0.165655206982	78	0.139972109854	68	-0.012020277778	4	0.110145325925	6	-0.28865954958	2	0.28041707604	-0.000670427441795	0.288860505977	0.390562401964	-0.00824247354027
M08_DY_TO_L_ALL28:G808-E0512	M08_DY_TO_L_ALL28	ALL28	DY	L	G808-E0512	ot	eol	1	f47v	f47v	G808-P0178	f47v.3	3	3	H	A	1	2	EXACT	0.554508348224	17	-0.134064052136	1	0.130949792428	72	0	0	0.234611618238	90	0.233742703054	90	0.13594931296	68	0.0459472946254	4	-0.0797216634554	6	-0.0107062139413	1	0.551394088516	0.551394088516	0.556393609048	0.471672425061	0.540687874575
M08_DY_TO_L_ALL28:G808-E0528	M08_DY_TO_L_ALL28	ALL28	DY	L	G808-E0528	ot	eol	1	f48r	f48r	G808-P0180	f48r.8	8	3	H	B	5	2	EXACT	0.0809042201262	44	0.0438086929428	1	-0.0325259801788	72	0	0	0.0123404209265	117	0.0114491245718	117	-0.0369952625473	68	0.0434414015757	4	-0.275550515838	6	0	0	0.0921869328902	0.0921869328902	0.0877176505217	-0.183363582947	0.0921869328902
M08_DY_TO_L_ALL28:G808-E0543	M08_DY_TO_L_ALL28	ALL28	DY	L	G808-E0543	ot	ol	0	f49r	f49r	G808-P0185	f49r.14	14	5	H	A	1	2	EXACT	0.113830481622	22	0	0	0.133659066952	72	-0.482245934319	1	0.149938660763	94	0.142623895764	95	0.1456842601	68	-0.0707798653267	4	0.152242738308	6	-0.258490561172	2	0.247489548574	-0.234756385745	0.259514741722	0.399732286882	-0.0110010125985
M08_DY_TO_L_ALL28:G808-E0552	M08_DY_TO_L_ALL28	ALL28	DY	L	G808-E0552	ot	ol	0	f49v	f49v	G808-P0186	f49v.26	26	3	H	A	1	2	EXACT	0.342909277492	25	-0.134064052136	1	0.171867741039	72	0	0	0.230099742997	98	0.229230827813	98	0.179274199724	68	0.0459472946254	4	-0.209322836428	6	-0.00840591594628	1	0.380712966395	0.380712966395	0.38811942508	0.171390129966	0.372307050448
M08_DY_TO_L_ALL28:G808-E0602	M08_DY_TO_L_ALL28	ALL28	DY	L	G808-E0602	ot	ol	0	f53r	f53r	G808-P0196	f53r.5	5	2	H	A	1	3	EXACT	0.10775088323	25	-0.176450629269	1	0.167503857424	72	0	0	0.166471722038	98	0.165602806854	98	0.165848445578	68	0.19563521003	4	0.240445495998	6	0	0	0.0988041113839	0.0988041113839	0.0971486995386	0.339249607382	0.0988041113839
M08_DY_TO_L_ALL28:G808-E0603	M08_DY_TO_L_ALL28	ALL28	DY	L	G808-E0603	ot	ol	0	f53r	f53r	G808-P0196	f53r.9	9	1	H	A	1	2	EXACT	0.10775088323	25	0.782994065379	1	0.139594843101	72	0	0	0.155757392073	98	0.154888476889	98	0.142192962941	68	0.095416157054	4	-0.0387985533233	6	0	0	1.03033979171	1.03033979171	1.03293791155	0.991541238387	1.03033979171
M08_DY_TO_L_ALL28:G808-E0624	M08_DY_TO_L_ALL28	ALL28	DY	L	G808-E0624	ot	ol	0	f55r	f55r	G808-P0200	f55r.13	13	4	H	B	2	2	EXACT	-0.139903750381	40	-0.0227087936828	1	-0.0440347401384	72	-0.109294967448	1	-0.0733226121454	113	-0.0743331369144	114	-0.0459185702045	68	-0.012020277778	4	0.128289736264	6	-0.0221511522441	2	-0.206647284202	-0.31594225165	-0.208531114268	-0.0783575479378	-0.228798436446
M08_DY_TO_L_ALL28:G808-E0660	M08_DY_TO_L_ALL28	ALL28	DY	L	G808-E0660	ot	ol	0	f58v	f58v	G808-P0213	f58v.37	37	6	S	A	3	3	EXACT	-0.00755430456955	26	-0.29207323246	2	0.0297653939908	71	0	0	0.0302374719789	99	0.0292714428725	99	0.0385624702112	67	-0.117588532954	4	0.202561283079	6	0	0	-0.269862143039	-0.269862143039	-0.261065066819	-0.0673008599598	-0.269862143039
M08_DY_TO_L_ALL28:G808-E0039	M08_DY_TO_L_ALL28	ALL28	DY	L	G808-E0039	ot	ol	0	f5r	f5r	G808-P0015	f5r.2	2	9	H	A	1	3	EXACT	0.354130613282	14	-0.236796665101	1	0.195392916375	72	0.749594139287	1	0.246626816858	87	0.251683867171	88	0.207112355702	68	-0.00384818148931	4	0.0590562098008	6	0.74631114362	1	0.312726864557	1.06232100384	0.324446303883	0.371783074358	1.05903800818
M08_DY_TO_L_ALL28:G808-E0043	M08_DY_TO_L_ALL28	ALL28	DY	L	G808-E0043	ot	ol	0	f5v	f5v	G808-P0017	f5v.4	4	3	H	A	1	3	EXACT	0.192079859358	14	-0.390568181701	2	0.156886567097	72	0	0	0.180239840394	88	0.17937092521	88	0.158253260173	68	0.133642136044	4	-0.107516830685	6	0	0	-0.0416017552453	-0.0416017552453	-0.0402350621694	-0.14911858593	-0.0416017552453
M08_DY_TO_L_ALL28:G808-E0046	M08_DY_TO_L_ALL28	ALL28	DY	L	G808-E0046	ot	ol	0	f5v	f5v	G808-P0017	f5v.6	6	1	H	A	1	1	EXACT	0.192079859358	14	0	0	0.161454228069	72	0	0	0.196951003404	86	0.19608208822	86	0.170151440359	68	0.0135909703765	4	-0.0387985533233	6	0	0	0.353534087427	0.353534087427	0.362231299717	0.314735534104	0.353534087427
M08_DY_TO_L_ALL28:G808-E0737	M08_DY_TO_L_ALL28	ALL28	DY	L	G808-E0737	ot	ol	0	f75v	f75v	G808-P0230	f75v.68	68	4	B	B	2	2	EXACT	-0.449072161459	36	0.934695502329	1	-0.0973556742363	72	0	0	-0.196552204762	109	-0.197290776125	109	-0.0992308545913	68	-0.065488436316	4	-0.132155773051	6	0	0	0.388267666634	0.388267666634	0.386392486279	0.256111893583	0.388267666634
M08_DY_TO_L_ALL28:G808-E0805	M08_DY_TO_L_ALL28	ALL28	DY	L	G808-E0805	ot	eol	1	f76v	f76v	G808-P0237	f76v.21	21	2	B	B	2	3	EXACT	-0.432974242207	27	-0.0423062717978	3	-0.106273613193	72	-0.156235295764	1	-0.175011526038	102	-0.175491386287	103	-0.123877414396	68	0.192979637022	4	-0.162769715893	6	-0.15766955401	1	-0.581554127199	-0.737789422963	-0.599157928401	-0.744323843092	-0.739223681208
M08_DY_TO_L_ALL28:G808-E0818	M08_DY_TO_L_ALL28	ALL28	DY	L	G808-E0818	ot	ol	0	f76v	f76v	G808-P0238	f76v.32	32	9	B	B	2	3	EXACT	-0.372273857815	36	0.196906019407	3	-0.138820398034	72	0	0	-0.197705950225	111	-0.198561775731	111	-0.141242051536	68	-0.0976636587155	4	0.000590409544802	6	0	0	-0.314188236442	-0.314188236442	-0.316609889944	-0.313597826897	-0.314188236442
M08_DY_TO_L_ALL28:G808-E1001	M08_DY_TO_L_ALL28	ALL28	DY	L	G808-E1001	ot	ol	0	f79v	f79v	G808-P0264	f79v.35	35	6	B	B	2	3	EXACT	-0.172810572108	20	0.0248333922841	3	-0.153854803965	72	0.367601360968	3	-0.129336524974	95	-0.11436418551	98	-0.155511764711	68	-0.125697375728	4	0.197625858373	6	0.361435270528	3	-0.301831983789	0.0657693771793	-0.303488944535	-0.104206125416	0.0596032867394
M08_DY_TO_L_ALL28:G808-E1012	M08_DY_TO_L_ALL28	ALL28	DY	L	G808-E1012	ot	ol	0	f80r	f80r	G808-P0266	f80r.21	21	6	B	B	2	2	EXACT	-0.439167742275	81	-0.233630734166	2	-0.0975644539464	72	-0.025693741017	1	-0.296019623609	155	-0.294953604414	156	-0.0960475898735	68	-0.123361926985	4	-0.219481386372	6	-0.0296639537091	1	-0.770362930387	-0.796056671404	-0.768846066314	-0.989844316759	-0.800026884096
M08_DY_TO_L_ALL28:G808-E1057	M08_DY_TO_L_ALL28	ALL28	DY	L	G808-E1057	ot	ol	0	f80v	f80v	G808-P0278	f80v.41	41	6	B	B	2	3	EXACT	-0.358098434189	30	-0.228489937299	3	-0.1448619407	72	-0.609746102053	2	-0.195056191985	105	-0.203374182957	107	-0.146955089512	68	-0.109289439464	4	-0.433249937082	6	-0.621363950554	2	-0.731450312188	-1.34119641424	-0.733543461	-1.16470024927	-1.35281426274
M08_DY_TO_L_ALL28:G808-E1082	M08_DY_TO_L_ALL28	ALL28	DY	L	G808-E1082	ot	eol	1	f81r	f81r	G808-P0280	f81r.26	26	3	B	B	2	2	EXACT	-0.413217392145	48	0	0	-0.121654458337	72	-0.209483745632	2	-0.239527823221	120	-0.239584278182	122	-0.131235724485	68	0.0412158054486	4	-0.127981652003	6	-0.212111734873	2	-0.534871850482	-0.744355596114	-0.54445311663	-0.662853502485	-0.746983585355
M08_DY_TO_L_ALL28:G808-E1243	M08_DY_TO_L_ALL28	ALL28	DY	L	G808-E1243	ot	ol	0	f85r1	f85r	G808-P0310	f85r1.35	35	5	T	B	2	2	EXACT	0.0809969895066	21	-0.280740677932	1	-0.0491520153544	72	0	0	0.00039191404518	94	-0.000602925998968	94	-0.0488690759042	68	-0.0539510727897	4	-0.0597279926774	6	0	0	-0.24889570378	-0.24889570378	-0.24861276433	-0.308623696457	-0.24889570378
M08_DY_TO_L_ALL28:G808-E1265	M08_DY_TO_L_ALL28	ALL28	DY	L	G808-E1265	ot	ol	0	f86v5	f86v	G808-P0321	f86v5.5	5	3	T	B	2	3	EXACT	-0.232712475109	29	0.0799271518228	2	-0.0633839126198	72	-0.247641442295	2	-0.0941170237765	103	-0.0973562174711	105	-0.0731827480451	68	0.103184388905	4	-0.0495291801294	6	-0.361283301482	2	-0.216169235906	-0.4638106782	-0.225968071331	-0.265698416035	-0.577452537387
M08_DY_TO_L_ALL28:G808-E1266	M08_DY_TO_L_ALL28	ALL28	DY	L	G808-E1266	ot	ol	0	f86v5	f86v	G808-P0322	f86v5.7	7	5	T	B	2	3	EXACT	-0.0391915434463	32	-0.0179941410785	1	-0.0488393620624	72	0	0	-0.0344895095346	105	-0.0350499629962	105	-0.0449238473183	68	-0.115415013418	4	0.196135264166	6	0	0	-0.106025046587	-0.106025046587	-0.102109531843	0.0901102175792	-0.106025046587
M08_DY_TO_L_ALL28:G808-E1297	M08_DY_TO_L_ALL28	ALL28	DY	L	G808-E1297	ot	ol	0	f86v6	f86v	G808-P0328	f86v6.20	20	2	T	B	2	3	EXACT	-0.192386555731	50	0	0	-0.055930552739	72	0	0	-0.116002224712	122	-0.116562678173	122	-0.0692032101211	68	0.169692722051	4	0.17510512605	6	0	0	-0.24831710847	-0.24831710847	-0.261589765852	-0.0732119824199	-0.24831710847
M08_DY_TO_L_ALL28:G808-E1310	M08_DY_TO_L_ALL28	ALL28	DY	L	G808-E1310	ot	ol	0	f86v6	f86v	G808-P0329	f86v6.39	39	4	T	B	2	3	EXACT	-0.194971612085	73	-0.00497011467614	3	-0.0557302285859	72	-0.108772433021	2	-0.140815066467	148	-0.140776410733	150	-0.0590070127169	68	-3.67990659006e-05	4	0.264172604988	6	-0.100111896747	4	-0.255671955347	-0.364444388368	-0.258948739478	0.00850064964029	-0.355783852094
M08_DY_TO_L_ALL28:G808-E1325	M08_DY_TO_L_ALL28	ALL28	DY	L	G808-E1325	ot	ol	0	f87v	f87v	G808-P0332	f87v.9	9	3	H	A	1	1	EXACT	0.386253055	20	0	0	0.14934946617	72	0	0	0.224683017435	92	0.22374413102	92	0.14808179167	68	0.170889283895	4	0.243451771392	6	0	0	0.53560252117	0.53560252117	0.53433484667	0.779054292561	0.53560252117
M08_DY_TO_L_ALL28:G808-E1350	M08_DY_TO_L_ALL28	ALL28	DY	L	G808-E1350	ot	ol	0	f88v	f88v	G808-P0338	f88v.18	18	3	P	A	1	2	EXACT	0.0785060493669	6	0	0	0.122318674353	72	0	0	0.15301850943	78	0.150944311262	78	0.132650831362	68	-0.0533242641242	4	-0.0101777303168	6	0	0	0.20082472372	0.20082472372	0.211156880729	0.190646993403	0.20082472372
M08_DY_TO_L_ALL28:G808-E1355	M08_DY_TO_L_ALL28	ALL28	DY	L	G808-E1355	ot	eol	1	f88v	f88v	G808-P0338	f88v.20	20	3	P	A	1	2	EXACT	0.0785060493669	6	0	0	0.120518029076	72	0	0	0.151356375328	78	0.14928217716	78	0.135252407598	68	-0.12996267512	4	-0.000330709363583	6	0.436155370552	1	0.199024078443	0.199024078443	0.213758456965	0.19869336908	0.635179448995
M08_DY_TO_L_ALL28:G808-E0077	M08_DY_TO_L_ALL28	ALL28	DY	L	G808-E0077	ot	ol	0	f8v	f8v	G808-P0028	f8v.1	1	5	H	A	1	2	EXACT	0.276992356847	26	-0.722444661033	1	0.123360690218	72	0.118765163324	1	0.171876507507	99	0.170674767508	100	0.137829262188	68	-0.122615682041	4	-0.430243278006	6	0.00111807863709	1	-0.322091613969	-0.203326450645	-0.307623041998	-0.752334891975	-0.320973535332
M08_DY_TO_L_ALL28:G808-E1390	M08_DY_TO_L_ALL28	ALL28	DY	L	G808-E1390	ot	ol	0	f93r	f93r	G808-P0346	f93r.4	4	7	H	A	1	3	EXACT	0.340553259448	47	-0.0138866631433	1	0.078378205595	72	0	0	0.175890001462	120	0.173350390621	120	0.0929012578867	68	-0.16850980454	4	0.209445862479	6	0	0	0.4050448019	0.4050448019	0.419567854192	0.614490664379	0.4050448019
M08_DY_TO_L_ALL28:G808-E1398	M08_DY_TO_L_ALL28	ALL28	DY	L	G808-E1398	ot	eol	1	f93r	f93r	G808-P0346	f93r.11	11	2	H	A	1	2	EXACT	0.340553259448	47	-0.0530940702547	2	0.112894153345	72	0	0	0.194663114045	121	0.192123503204	121	0.109443099276	68	0.171565951357	4	-0.170734727303	6	0.162436258745	1	0.400353342539	0.400353342539	0.396902288469	0.229618615237	0.562789601284
M08_DY_TO_L_ALL28:G808-E1475	M08_DY_TO_L_ALL28	ALL28	DY	L	G808-E1475	ot	ol	0	f99v	f99v	G808-P0367	f99v.12	12	4	P	A	1	3	EXACT	0.0637051189974	14	-0.252917882494	1	0.131659650547	72	-0.257827495664	2	0.146656049095	87	0.137143208469	89	0.139406897994	68	-5.42048206658e-05	4	-0.103866691749	6	-0.261099056536	2	-0.0575531129491	-0.315380608613	-0.0498058655018	-0.161419804698	-0.318652169485
M08_DY_TO_L_ALL28:G808-E0100	M08_DY_TO_L_ALL28	ALL28	DY	L	G808-E0100	ot	ol	0	f9v	f9v	G808-P0032	f9v.4	4	6	H	A	1	3	EXACT	0.370983486518	15	-0.128153678565	1	0.102076962133	72	0	0	0.174403391071	88	0.173606566061	88	0.11791835466	68	-0.167237359586	4	0.24505733044	6	0	0	0.344906770086	0.344906770086	0.360748162613	0.589964100526	0.344906770086
M08_DY_TO_L_ALL28:G808-E0123	M08_DY_TO_L_ALL28	ALL28	DY	L	G808-E0123	otch	ol	0	f13r	f13r	G808-P0042	f13r.5	5	7	H	A	1	2	EXACT	0.0426166013738	22	0	0	0.119726254374	72	0	0	0.123515984007	94	0.123052287816	94	0.128772676563	68	-0.0340726414163	4	0.05048788868	6	0	0	0.162342855748	0.162342855748	0.171389277937	0.212830744428	0.162342855748
M08_DY_TO_L_ALL28:G808-E0127	M08_DY_TO_L_ALL28	ALL28	DY	L	G808-E0127	otch	ol	0	f13v	f13v	G808-P0043	f13v.2	2	4	H	A	1	2	EXACT	0.0330502135431	12	0	0	0.153235360551	72	0	0	0.170484375542	84	0.17002067935	84	0.165203987289	68	-0.050241012568	4	-0.228717574978	6	0	0	0.186285574094	0.186285574094	0.198254200832	-0.0424320008834	0.186285574094
M08_DY_TO_L_ALL28:G808-E0152	M08_DY_TO_L_ALL28	ALL28	DY	L	G808-E0152	otch	ol	0	f17r	f17r	G808-P0055	f17r.2	2	7	H	A	1	3	EXACT	0.361310997672	7	0	0	0.160931313583	72	0	0	0.220590083808	79	0.220126387617	79	0.181088160221	68	-0.181744797849	4	0.176003199274	6	0	0	0.522242311255	0.522242311255	0.542399157893	0.698245510528	0.522242311255
M08_DY_TO_L_ALL28:G808-E0156	M08_DY_TO_L_ALL28	ALL28	DY	L	G808-E0156	otch	ol	0	f17r	f17r	G808-P0057	f17r.11	11	1	H	A	1	2	EXACT	-0.237667514137	10	0	0	0.129480628071	72	0.315964590949	1	0.122009359968	82	0.124003427159	83	0.132565519298	68	0.0770277586245	4	0.0908430727788	6	0.332443326394	1	-0.108186886066	0.207777704883	-0.105101994838	-0.0173438132871	0.224256440328
M08_DY_TO_L_ALL28:G808-E0241	M08_DY_TO_L_ALL28	ALL28	DY	L	G808-E0241	otch	ol	0	f23v	f23v	G808-P0083	f23v.2	2	6	H	A	1	2	EXACT	0.106235888269	20	0	0	0.0997353317892	72	0	0	0.125282685001	92	0.124818988809	92	0.116292414793	68	-0.181744797849	4	-0.232768521648	6	0	0	0.205971220058	0.205971220058	0.222528303061	-0.0267973015901	0.205971220058
M08_DY_TO_L_ALL28:G808-E0262	M08_DY_TO_L_ALL28	ALL28	DY	L	G808-E0262	otch	ol	0	f24v	f24v	G808-P0087	f24v.16	16	1	H	A	1	1	EXACT	-0.0549704058871	18	0	0	0.162873066807	72	0	0	0.145838192048	90	0.145374495857	90	0.163521158779	68	0.151845784695	4	0.318460940986	6	0	0	0.107902660919	0.107902660919	0.108550752892	0.426363601906	0.107902660919
M08_DY_TO_L_ALL28:G808-E0290	M08_DY_TO_L_ALL28	ALL28	DY	L	G808-E0290	otch	ol	0	f28r	f28r	G808-P0095	f28r.1	1	6	H	A	1	3	EXACT	0.373219814597	24	0.00770805508318	1	0.143942416765	72	0.00489741138034	1	0.218861450525	97	0.216316887911	98	0.158208203992	68	-0.0985856846566	4	-0.0869816239088	6	0.0743502987446	1	0.524870286445	0.529767697825	0.539136073671	0.437888662536	0.59922058519
M08_DY_TO_L_ALL28:G808-E0328	M08_DY_TO_L_ALL28	ALL28	DY	L	G808-E0328	otch	ol	0	f32r	f32r	G808-P0111	f32r.16	16	1	H	A	1	1	EXACT	0.394828822877	18	0	0	0.132351202769	72	-0.152847440542	1	0.211380546571	90	0.207024665134	91	0.139815283554	68	0.00545211084872	4	0.284814146907	6	-0.161580124443	1	0.527180025645	0.374332585104	0.53464410643	0.811994172552	0.365599901203
M08_DY_TO_L_ALL28:G808-E0332	M08_DY_TO_L_ALL28	ALL28	DY	L	G808-E0332	otch	ol	0	f32v	f32v	G808-P0113	f32v.8	8	1	H	A	1	3	EXACT	0.209543391775	16	0.0316412373554	2	0.141524704022	72	0.0223416643339	2	0.179922741442	90	0.176251611613	92	0.145318070306	68	0.0770277586245	4	0.237985603892	6	-0.0110426525735	2	0.382709333153	0.405050997487	0.386502699436	0.620694937045	0.371666680579
M08_DY_TO_L_ALL28:G808-E0018	M08_DY_TO_L_ALL28	ALL28	DY	L	G808-E0018	otch	ol	0	f3r	f3r	G808-P0005	f3r.7	7	1	H	A	1	2	EXACT	0.424092924878	13	0	0	0.199740547396	72	0.224981960847	1	0.266280405304	85	0.265465652311	86	0.206082263995	68	0.0919216836034	4	0.290427706086	6	0.216232042341	1	0.623833472275	0.848815433121	0.630175188873	0.914261178361	0.840065514615
M08_DY_TO_L_ALL28:G808-E0419	M08_DY_TO_L_ALL28	ALL28	DY	L	G808-E0419	otch	ol	0	f42r	f42r	G808-P0149	f42r.9	9	2	H	A	1	2	EXACT	0.322849607744	30	0	0	0.173774305286	72	0	0	0.231167563794	102	0.230703867603	102	0.172263115919	68	0.19945480595	4	0.26408650541	6	0	0	0.496623913031	0.496623913031	0.495112723663	0.760710418441	0.496623913031
M08_DY_TO_L_ALL28:G808-E0455	M08_DY_TO_L_ALL28	ALL28	DY	L	G808-E0455	otch	ol	0	f44r	f44r	G808-P0161	f44r.9	9	1	H	A	1	2	EXACT	0.489986796218	7	-0.14574509249	2	0.129106797557	72	-0.25415424798	1	0.194765937954	81	0.188950033761	82	0.132169698754	68	0.0770277586245	4	0.288526354509	6	-0.276542647668	1	0.473348501285	0.219194253305	0.476411402482	0.761874855794	0.196805853617
M08_DY_TO_L_ALL28:G808-E0462	M08_DY_TO_L_ALL28	ALL28	DY	L	G808-E0462	otch	ol	0	f44v	f44v	G808-P0162	f44v.2	2	5	H	A	1	2	EXACT	0.628112291763	7	-0.0707677143322	1	0.108107725827	72	-0.327597892736	1	0.192949177474	80	0.186182914117	81	0.121552047454	68	-0.12045546041	4	-0.167528202027	6	-0.336330576637	1	0.665452303257	0.337854410521	0.678896624884	0.49792410123	0.32912172662
M08_DY_TO_L_ALL28:G808-E0468	M08_DY_TO_L_ALL28	ALL28	DY	L	G808-E0468	otch	ol	0	f44v	f44v	G808-P0163	f44v.6	6	9	H	A	1	3	EXACT	0.413992401794	11	0.134070466625	3	0.110747597141	72	-0.0992395363789	1	0.185491473231	86	0.181870399111	87	0.12795246046	68	-0.181744797849	4	-0.0256672825244	6	-0.188404868863	1	0.658810465561	0.559570929182	0.676015328879	0.633143183036	0.470405596697
M08_DY_TO_L_ALL28:G808-E0513	M08_DY_TO_L_ALL28	ALL28	DY	L	G808-E0513	otch	ol	0	f47v	f47v	G808-P0178	f47v.3	3	5	H	A	1	2	EXACT	0.543998166902	17	0	0	0.120944256887	72	0.372281221404	1	0.229526385625	89	0.230760400162	90	0.13874892372	68	-0.181744797849	4	-0.0882014979664	6	0.31424527149	1	0.664942423789	1.03722364519	0.682747090622	0.576740925823	0.97918769528
M08_DY_TO_L_ALL28:G808-E0032	M08_DY_TO_L_ALL28	ALL28	DY	L	G808-E0032	otch	ol	0	f4r	f4r	G808-P0011	f4r.3	3	1	H	A	1	2	EXACT	0.35359324934	13	0.338503080753	1	0.12669047827	72	-0.0124662829765	1	0.196279001453	86	0.193531326472	87	0.129611243038	68	0.0770277586245	4	-0.0496730042327	6	-0.0211989668775	1	0.818786808363	0.806320525386	0.821707573132	0.76911380413	0.797587841485
M08_DY_TO_L_ALL28:G808-E0588	M08_DY_TO_L_ALL28	ALL28	DY	L	G808-E0588	otch	ol	0	f52r	f52r	G808-P0193	f52r.1	1	8	H	A	1	3	EXACT	0.0677030466451	29	0	0	0.165085389599	72	0	0	0.151636028764	101	0.151172332572	101	0.18548659365	68	-0.181744797849	4	0.302590267766	6	-0.315845558095	2	0.232788436244	0.232788436244	0.253189640296	0.53537870401	-0.0830571218507
M08_DY_TO_L_ALL28:G808-E0638	M08_DY_TO_L_ALL28	ALL28	DY	L	G808-E0638	otch	ol	0	f56v	f56v	G808-P0206	f56v.15	15	1	H	A	1	1	EXACT	0.288371709375	22	-0.434720461418	1	0.155820678905	72	0	0	0.202073342407	95	0.201609646216	95	0.160454984887	68	0.0770277586245	4	-0.195521123803	6	0	0	0.0094719268613	0.0094719268613	0.0141062328438	-0.186049196942	0.0094719268613
M08_DY_TO_L_ALL28:G808-E0044	M08_DY_TO_L_ALL28	ALL28	DY	L	G808-E0044	otch	ol	0	f5v	f5v	G808-P0017	f5v.5	5	4	H	A	1	2	EXACT	0.178771569574	16	0	0	0.142341989189	72	0.183607221779	3	0.178008074197	88	0.178059925611	91	0.150064574232	68	0.0110483248708	4	-0.0216800824569	6	0.174874537878	3	0.321113558763	0.504720780542	0.328836143806	0.299433476306	0.495988096641
M08_DY_TO_L_ALL28:G808-E0063	M08_DY_TO_L_ALL28	ALL28	DY	L	G808-E0063	otch	ol	0	f7r	f7r	G808-P0022	f7r.7	7	4	H	A	1	2	EXACT	0.0530768016194	17	0	0	0.150309042466	72	0.257000185709	1	0.159440817942	89	0.160171283211	90	0.158467836651	68	0.0115998597011	4	-0.20435348319	6	0.248249569666	1	0.203385844085	0.460386029794	0.21154463827	-0.000967639104916	0.451635413752
M08_DY_TO_L_ALL28:G808-E1241	M08_DY_TO_L_ALL28	ALL28	DY	L	G808-E1241	otch	ol	0	f85r1	f85r	G808-P0310	f85r1.32	32	6	T	B	2	3	EXACT	0.024528184317	22	0.275205402377	1	-0.0317496473433	72	0.211077345017	1	0.00705411199263	95	0.00873438028806	96	-0.0263763326299	68	-0.123082488366	4	0.0664223139776	6	0.694995081176	1	0.267983939351	0.479061284367	0.273357254064	0.334406253328	0.962979020526
M08_DY_TO_L_ALL28:G808-E1318	M08_DY_TO_L_ALL28	ALL28	DY	L	G808-E1318	otch	eol	1	f87r	f87r	G808-P0331	f87r.12	12	4	H	A	1	2	EXACT	0.725145548447	17	0	0	0.133433104178	72	0	0	0.27456495683	89	0.274049883408	89	0.136911881692	68	0.0742842318825	4	0.203679998966	6	0	0	0.858578652625	0.858578652625	0.862057430139	1.06225865159	0.858578652625
M08_DY_TO_L_ALL28:G808-E1333	M08_DY_TO_L_ALL28	ALL28	DY	L	G808-E1333	otch	ol	0	f88r	f88r	G808-P0335	f88r.18	18	5	P	A	1	2	EXACT	0.324535238374	15	0	0	0.129514570201	72	0	0	0.193335449161	87	0.192918012095	87	0.147847952752	68	-0.182162433131	4	0.0259120108945	6	0	0	0.454049808575	0.454049808575	0.472383191126	0.479961819469	0.454049808575
M08_DY_TO_L_ALL28:G808-E1385	M08_DY_TO_L_ALL28	ALL28	DY	L	G808-E1385	otch	ol	0	f90r1	f90r	G808-P0345	f90r1.6	6	2	H	A	1	2	EXACT	0.299104857037	26	0	0	0.149410294964	71	0	0	0.206680183213	97	0.206216487022	97	0.147113951698	67	0.187871340533	4	-0.134702441624	6	0	0	0.448515152001	0.448515152001	0.446218808735	0.313812710377	0.448515152001
M08_DY_TO_L_ALL28:G808-E0093	M08_DY_TO_L_ALL28	ALL28	DY	L	G808-E0093	otch	ol	0	f9r	f9r	G808-P0030	f9r.5	5	8	H	A	1	3	EXACT	0.263757663096	21	-0.101088216364	2	0.127052120986	72	-0.0992395363789	1	0.175289815415	95	0.172071012744	96	0.145216073942	68	-0.181744797849	4	-0.0275767162196	6	-0.188404868863	1	0.289721567718	0.190482031339	0.307885520674	0.262144851498	0.101316698854
M08_DY_TO_L_ALL28:G808-E1496	M08_DY_TO_L_ALL28	ALL28	DY	L	G808-E1496	pch	eol	1	f100r	f100r	G808-P0371	f100r.12	12	1	P	A	1	3	EXACT	0.450735446871	13	-0.183922709732	2	0.126710661315	72	0	0	0.197286119556	87	0.196775160653	87	0.130336382335	68	0.065064656071	4	0.210669218936	6	0	0	0.393523398454	0.393523398454	0.397149119474	0.604192617391	0.393523398454
M08_DY_TO_L_ALL28:G808-E1529	M08_DY_TO_L_ALL28	ALL28	DY	L	G808-E1529	pch	ol	0	f102v1	f102v	G808-P0377	f102v1.7	7	3	P	A	1	2	EXACT	0.0975466295941	31	0	0	0.119856398749	72	-0.0395882234199	1	0.124355712615	103	0.122290267211	104	0.122102440716	68	0.0816643813165	4	0.0570789441823	6	-0.0453271943524	1	0.217403028344	0.177814804924	0.21964907031	0.274481972526	0.172075833991
M08_DY_TO_L_ALL28:G808-E1602	M08_DY_TO_L_ALL28	ALL28	DY	L	G808-E1602	pch	ol	0	f103v	f103v	G808-P0407	f103v.30	30	4	S	B	3	2	EXACT	-0.221561548169	13	0	0	0.000175226699324	72	0	0	-0.0063750740228	85	-0.00796379927687	85	-0.000153888935542	68	0.00577540213802	4	-0.357090614569	6	0	0	-0.221386321469	-0.221386321469	-0.221715437104	-0.578476936038	-0.221386321469
M08_DY_TO_L_ALL28:G808-E1630	M08_DY_TO_L_ALL28	ALL28	DY	L	G808-E1630	pch	ol	0	f104r	f104r	G808-P0421	f104r.34	34	1	S	B	3	3	EXACT	-0.093237829194	3	0.164753635518	4	-0.0585127458647	72	0	0	-0.00686507068927	79	-0.00746816494245	79	-0.0658506979556	68	0.0662239093837	4	-0.218278011793	6	0	0	0.0130030604593	0.0130030604593	0.0056651083685	-0.205274951334	0.0130030604593
M08_DY_TO_L_ALL28:G808-E1719	M08_DY_TO_L_ALL28	ALL28	DY	L	G808-E1719	pch	eol	1	f106r	f106r	G808-P0462	f106r.13	13	1	S	B	3	3	EXACT	0.247438260651	4	-0.249946990755	1	-0.0138269112896	72	-0.00323154661108	1	0.0397572718663	77	0.0388476825115	78	-0.0183537955569	68	0.0631206670644	4	0.2195535848	6	-0.00895673632717	1	-0.0163356413937	-0.0195671880048	-0.0208625256611	0.203217943406	-0.0252923777209
M08_DY_TO_L_ALL28:G808-E2069	M08_DY_TO_L_ALL28	ALL28	DY	L	G808-E2069	pch	eol	1	f113v	f113v	G808-P0596	f113v.15	15	8	S	B	3	3	EXACT	-0.210041836724	29	0.211120151247	3	-0.0294150231856	72	-0.0346761279953	1	-0.0636021938144	104	-0.0645049261877	105	-0.0220651794865	68	-0.154356910696	4	0.0648064974775	6	0.0630904596693	2	-0.0283367086629	-0.0630128366582	-0.0209868649637	0.0364697888146	0.0347537510064
M08_DY_TO_L_ALL28:G808-E2073	M08_DY_TO_L_ALL28	ALL28	DY	L	G808-E2073	pch	eol	1	f113v	f113v	G808-P0599	f113v.25	25	5	S	B	3	3	EXACT	-0.041843518158	10	-0.405451929727	1	-0.0333258826063	72	-0.110235562786	2	-0.0137014009615	83	-0.0167103347991	85	-0.0282852975256	68	-0.119010373603	4	-0.0701429366509	6	-0.126791205518	2	-0.480621330491	-0.590856893277	-0.47558074541	-0.550764267142	-0.607412536009
M08_DY_TO_L_ALL28:G808-E0302	M08_DY_TO_L_ALL28	ALL28	DY	L	G808-E0302	pch	ol	0	f28v	f28v	G808-P0098	f28v.7	7	1	H	A	1	3	EXACT	-0.0614530422023	13	-0.0233354226019	4	0.106333122182	72	0	0	0.104896560188	89	0.104385601285	89	0.108760164429	68	0.065064656071	4	0.0181625680006	6	0	0	0.0215446573773	0.0215446573773	0.0239716996247	0.0397072253779	0.0215446573773
M08_DY_TO_L_ALL28:G808-E0020	M08_DY_TO_L_ALL28	ALL28	DY	L	G808-E0020	pch	eol	1	f3r	f3r	G808-P0006	f3r.11	11	1	H	A	1	1	EXACT	0.237601056851	9	-1.22072725387	1	0.162542602591	72	0	0	0.187578441039	82	0.187084980259	82	0.167346894217	68	0.0808609335269	4	-0.116601959703	6	0	0	-0.820583594423	-0.820583594423	-0.815779302797	-0.937185554126	-0.820583594423
M08_DY_TO_L_ALL28:G808-E0597	M08_DY_TO_L_ALL28	ALL28	DY	L	G808-E0597	pch	eol	1	f52v	f52v	G808-P0195	f52v.7	7	1	H	A	1	2	EXACT	0.509394382284	16	0.0192331067893	1	0.146943066432	72	0	0	0.23665301489	89	0.236142055986	89	0.152541843054	68	0.0517551159594	4	0.264153022583	6	0	0	0.675570555506	0.675570555506	0.681169332127	0.939723578089	0.675570555506
M08_DY_TO_L_ALL28:G808-E0878	M08_DY_TO_L_ALL28	ALL28	DY	L	G808-E0878	pch	eol	1	f77v	f77v	G808-P0246	f77v.29	29	6	B	B	2	3	EXACT	-0.242970231286	41	0.147858179111	1	-0.143961943939	72	-0.0317811508909	2	-0.173326244849	114	-0.171338162603	116	-0.144885009372	68	-0.128278797105	4	-0.0254207112968	6	0.0287225120626	2	-0.239073996114	-0.270855147005	-0.239997061547	-0.264494707411	-0.210351484052
M08_DY_TO_L_ALL28:G808-E1032	M08_DY_TO_L_ALL28	ALL28	DY	L	G808-E1032	pch	eol	1	f80v	f80v	G808-P0271	f80v.6	6	3	B	B	2	2	EXACT	-0.661900295256	23	-0.175376464249	2	-0.0963480483564	72	0	0	-0.213164634446	97	-0.213813153288	97	-0.110579742587	68	0.145581626964	4	-0.222072208027	6	0	0	-0.933624807861	-0.933624807861	-0.947856502092	-1.15569701589	-0.933624807861
M08_DY_TO_L_ALL28:G808-E1132	M08_DY_TO_L_ALL28	ALL28	DY	L	G808-E1132	pch	eol	1	f82v	f82v	G808-P0287	f82v.11	11	1	B	B	2	3	EXACT	-0.536458296516	18	0.050370799449	4	-0.117589537682	72	-0.132054223738	2	-0.166993788869	94	-0.166597314801	96	-0.128334345271	68	0.0650632123881	4	0.0322052010996	6	-0.140496911838	2	-0.603677034749	-0.735731258487	-0.614421842338	-0.571471833649	-0.744173946587
M08_DY_TO_L_ALL28:G808-E1150	M08_DY_TO_L_ALL28	ALL28	DY	L	G808-E1150	pch	eol	1	f82v	f82v	G808-P0291	f82v.38	38	1	B	B	2	1	EXACT	-0.33019634294	28	0	0	-0.0782608224531	72	0.197131833347	1	-0.134775503378	100	-0.131964483944	101	-0.0859799049584	68	0.0529546011878	4	-0.0907379495913	6	0.19209874982	1	-0.408457165393	-0.211325332046	-0.416176247898	-0.499195114984	-0.216358415573
M08_DY_TO_L_ALL28:G808-E1468	M08_DY_TO_L_ALL28	ALL28	DY	L	G808-E1468	pch	ol	0	f99r	f99r	G808-P0365	f99r.41	41	4	P	A	1	3	EXACT	0.0976825971761	21	0.305802498583	1	0.11513630482	72	0	0	0.133624168489	94	0.133195512177	94	0.121498604008	68	0.00696857040789	4	-0.0826794793228	6	0	0	0.518621400579	0.518621400579	0.524983699767	0.435941921257	0.518621400579
M08_DY_TO_L_ALL28:G808-E1506	M08_DY_TO_L_ALL28	ALL28	DY	L	G808-E1506	qok	eol	1	f100v	f100v	G808-P0373	f100v.15	15	9	P	A	1	3	EXACT	0.143113412086	25	-0.221059763988	4	0.0938735452867	72	0	0	0.112497103046	101	0.111310145885	101	0.11189772498	68	-0.212548520754	4	-0.158986141396	6	-0.00571127899892	1	0.0159271933847	0.0159271933847	0.0339513730779	-0.143058948011	0.0102159143858
M08_DY_TO_L_ALL28:G808-E1508	M08_DY_TO_L_ALL28	ALL28	DY	L	G808-E1508	qok	eol	1	f100v	f100v	G808-P0373	f100v.17	17	3	P	A	1	2	EXACT	0.143113412086	25	0	0	0.141936691129	72	0	0	0.161085396653	97	0.159898439492	97	0.147002326799	68	0.055809873487	4	-0.241808903252	6	0	0	0.285050103215	0.285050103215	0.290115738885	0.0432411999634	0.285050103215
M08_DY_TO_L_ALL28:G808-E1511	M08_DY_TO_L_ALL28	ALL28	DY	L	G808-E1511	qok	eol	1	f100v	f100v	G808-P0373	f100v.18	18	10	P	A	1	3	EXACT	0.143113412086	25	-0.11537169799	3	0.147361281014	72	0	0	0.157310209698	100	0.156123252537	100	0.159403437984	68	-0.0573663987379	4	0.152896114565	6	-0.028768990206	1	0.17510299511	0.17510299511	0.187145152081	0.327999109675	0.146334004904
M08_DY_TO_L_ALL28:G808-E1518	M08_DY_TO_L_ALL28	ALL28	DY	L	G808-E1518	qok	ol	0	f102r1	f102r	G808-P0374	f102r1.5	5	9	P	A	1	2	EXACT	0.182857504984	5	-0.0121437632345	1	0.135059776206	72	0	0	0.182713158724	78	0.181353542402	78	0.14610363125	68	-0.0526965527397	4	-0.0156776471931	6	0.241425238015	1	0.305773517955	0.305773517955	0.316817373	0.290095870762	0.54719875597
M08_DY_TO_L_ALL28:G808-E1521	M08_DY_TO_L_ALL28	ALL28	DY	L	G808-E1521	qok	eol	1	f102r1	f102r	G808-P0375	f102r1.9	9	3	P	A	1	2	EXACT	0.3109199921	9	0	0	0.133853220048	72	0	0	0.193512797194	81	0.192153180871	81	0.138227933111	68	0.0594723047883	4	0.182424036816	6	-0.512725510675	1	0.444773212147	0.444773212147	0.449147925211	0.627197248963	-0.0679522985274
M08_DY_TO_L_ALL28:G808-E1531	M08_DY_TO_L_ALL28	ALL28	DY	L	G808-E1531	qok	eol	1	f102v1	f102v	G808-P0377	f102v1.9	9	3	P	A	1	3	EXACT	0.154794893564	24	0.210761746873	2	0.114825715041	72	0	0	0.146325926627	98	0.145064139139	98	0.11176391315	68	0.166864604428	4	-0.171963165297	6	0	0	0.480382355477	0.480382355477	0.477320553587	0.30841919018	0.480382355477
M08_DY_TO_L_ALL28:G808-E1548	M08_DY_TO_L_ALL28	ALL28	DY	L	G808-E1548	qok	eol	1	f102v2	f102v	G808-P0380	f102v2.35	35	9	P	A	1	3	EXACT	0.162695043012	43	0	0	0.140437175839	72	0	0	0.150316521976	115	0.149054734487	115	0.15229041998	68	-0.061079717311	4	-0.0461955760979	6	0.0133383472793	2	0.303132218851	0.303132218851	0.314985462992	0.256936642753	0.31647056613
M08_DY_TO_L_ALL28:G808-E1556	M08_DY_TO_L_ALL28	ALL28	DY	L	G808-E1556	qok	eol	1	f103r	f103r	G808-P0383	f103r.11	11	10	S	B	3	3	EXACT	-0.181477868366	22	-0.0547602581119	4	-0.0520034224921	72	-0.0776394888257	1	-0.0584462117447	98	-0.0594705430252	99	-0.0425498392046	68	-0.212723958596	4	0.0656335295976	6	-0.0942839897636	1	-0.28824154897	-0.365881037796	-0.278787965683	-0.222608019373	-0.382525538734
M08_DY_TO_L_ALL28:G808-E1557	M08_DY_TO_L_ALL28	ALL28	DY	L	G808-E1557	qok	eol	1	f103r	f103r	G808-P0383	f103r.12	12	5	S	B	3	3	EXACT	-0.181477868366	22	-0.353159069376	2	-0.0556405158081	72	-0.527355035681	2	-0.0679388031075	96	-0.077878321532	98	-0.0508805804066	68	-0.136569037849	4	-0.10033910607	6	-0.525457650613	2	-0.59027745355	-1.11763248923	-0.585517518149	-0.690616559621	-1.11573510416
M08_DY_TO_L_ALL28:G808-E1562	M08_DY_TO_L_ALL28	ALL28	DY	L	G808-E1562	qok	eol	1	f103r	f103r	G808-P0386	f103r.18	18	2	S	B	3	3	EXACT	-0.488659893345	10	-0.208839552496	2	-0.0098080124317	72	0.00122988016704	2	-0.0323772865604	84	-0.0320856949688	86	-0.022540038262	68	0.206626806468	4	0.196288399853	6	-0.00980658446864	3	-0.707307458273	-0.706077578106	-0.720039484103	-0.511019058419	-0.717114042741
M08_DY_TO_L_ALL28:G808-E1622	M08_DY_TO_L_ALL28	ALL28	DY	L	G808-E1622	qok	ol	0	f104r	f104r	G808-P0413	f104r.9	9	3	S	B	3	2	EXACT	-0.175425353186	32	0	0	-0.00325982797448	72	0	0	-0.0448186500926	104	-0.0460837398547	104	-0.00359312579441	68	0.00239538004346	4	0.0136411268732	6	0.951639619875	1	-0.178685181161	-0.178685181161	-0.179018478981	-0.165044054288	0.772954438715
M08_DY_TO_L_ALL28:G808-E1646	M08_DY_TO_L_ALL28	ALL28	DY	L	G808-E1646	qok	eol	1	f104v	f104v	G808-P0428	f104v.13	13	4	S	B	3	3	EXACT	-0.27894041718	11	-0.258415965276	1	0.0250916499113	72	0.0984984548916	1	0.0183692458145	84	0.0184649992147	85	0.0262017737719	68	0.00620850625852	4	-0.235258198381	6	0.101728852578	1	-0.512264732545	-0.413766277653	-0.511154608684	-0.747522930926	-0.410535879967
M08_DY_TO_L_ALL28:G808-E1652	M08_DY_TO_L_ALL28	ALL28	DY	L	G808-E1652	qok	ol	0	f104v	f104v	G808-P0430	f104v.20	20	8	S	B	3	3	EXACT	0.0801155057493	11	-0.16885880768	4	-0.0125802740026	72	-0.113769201099	1	0.0278237877926	87	0.0253570517442	88	-0.00531478617823	68	-0.13610460504	4	0.201847852898	6	-0.110538803413	1	-0.101323575933	-0.215092777033	-0.0940580881087	0.100524276965	-0.211862379346
M08_DY_TO_L_ALL28:G808-E1711	M08_DY_TO_L_ALL28	ALL28	DY	L	G808-E1711	qok	eol	1	f106r	f106r	G808-P0459	f106r.6	6	10	S	B	3	3	EXACT	-0.0146135529268	15	-0.210820787272	4	0.00292155856101	72	-0.066108126736	1	0.0221250436203	91	0.0203995444883	92	0.0109505201737	68	-0.133582499712	4	0.233889103833	6	-0.0639544796924	1	-0.222512781638	-0.288620908374	-0.214483820026	0.0113763221949	-0.286467261331
M08_DY_TO_L_ALL28:G808-E1749	M08_DY_TO_L_ALL28	ALL28	DY	L	G808-E1749	qok	ol	0	f106v	f106v	G808-P0480	f106v.24	24	4	S	B	3	3	EXACT	-0.233610558129	16	0.0273234459049	1	-0.0334429912166	72	0	0	-0.0388208309936	89	-0.0398982616383	89	-0.0361468057604	68	0.0125107180969	4	0.171154868594	6	0	0	-0.239730103441	-0.239730103441	-0.242433917984	-0.0685752348465	-0.239730103441
M08_DY_TO_L_ALL28:G808-E1771	M08_DY_TO_L_ALL28	ALL28	DY	L	G808-E1771	qok	eol	1	f107r	f107r	G808-P0493	f107r.21	21	7	S	B	3	3	EXACT	0.332434148745	9	-0.171591926308	4	-0.00888811511792	72	0	0	0.0590960266683	85	0.0579793737537	85	-0.00126612956001	68	-0.138472858921	4	-0.197263074862	6	0	0	0.151954107319	0.151954107319	0.159576092877	-0.0453089675432	0.151954107319
M08_DY_TO_L_ALL28:G808-E1787	M08_DY_TO_L_ALL28	ALL28	DY	L	G808-E1787	qok	ol	0	f107v	f107v	G808-P0504	f107v.8	8	4	S	B	3	2	EXACT	0.110356254734	5	0	0	-0.0109710790883	72	0.282856400583	1	0.0428866699649	77	0.0453037982018	78	-0.00984946938157	68	-0.0300496167475	4	-0.212836928911	6	0.18589731014	1	0.0993851756461	0.382241576229	0.100506785353	-0.113451753265	0.285282485787
M08_DY_TO_L_ALL28:G808-E1803	M08_DY_TO_L_ALL28	ALL28	DY	L	G808-E1803	qok	ol	0	f107v	f107v	G808-P0507	f107v.21	21	6	S	B	3	3	EXACT	-0.253359294273	8	0.205874570788	4	-0.0518526213958	71	0	0	-0.0191689260672	83	-0.0201112608319	83	-0.0459306617287	67	-0.15104843033	4	-0.34707313279	6	0	0	-0.0993373448813	-0.0993373448813	-0.0934153852143	-0.446410477672	-0.0993373448813
M08_DY_TO_L_ALL28:G808-E1819	M08_DY_TO_L_ALL28	ALL28	DY	L	G808-E1819	qok	ol	0	f107v	f107v	G808-P0513	f107v.37	37	7	S	B	3	3	EXACT	0.141395835027	12	0.921829072347	2	-0.0206610714232	72	0	0	0.0583343480609	86	0.0573920132962	86	-0.0151038364036	68	-0.115145239401	4	-0.073634622584	6	-0.141034623153	2	1.04256383595	1.04256383595	1.04812107097	0.968929213368	0.901529212799
M08_DY_TO_L_ALL28:G808-E1820	M08_DY_TO_L_ALL28	ALL28	DY	L	G808-E1820	qok	ol	0	f107v	f107v	G808-P0513	f107v.38	38	6	S	B	3	3	EXACT	0.141395835027	12	-0.0398727492885	1	-0.0237593235619	72	-0.144824487055	2	0.0340282357598	85	0.0294816633098	87	-0.0181932553236	68	-0.118393656258	4	0.204085986249	6	-0.151091295679	2	0.0777637621769	-0.0670607248785	0.0833298304152	0.281849748426	-0.0733275335024
M08_DY_TO_L_ALL28:G808-E0110	M08_DY_TO_L_ALL28	ALL28	DY	L	G808-E0110	qok	ol	0	f10v	f10v	G808-P0037	f10v.6	6	6	H	A	1	3	EXACT	0.36603300679	10	0	0	0.116962391309	72	0	0	0.185785887453	82	0.184635733395	82	0.136697208625	68	-0.218540514321	4	0.0492638041523	6	-0.160315753082	2	0.482995398099	0.482995398099	0.502730215415	0.532259202251	0.322679645017
M08_DY_TO_L_ALL28:G808-E0111	M08_DY_TO_L_ALL28	ALL28	DY	L	G808-E0111	qok	ol	0	f10v	f10v	G808-P0037	f10v.7	7	1	H	A	1	2	EXACT	0.36603300679	10	0.0701488733974	3	0.120397437371	72	0	0	0.185327750041	85	0.184177595983	85	0.121756782005	68	0.097277567337	4	-0.00416226038756	6	-0.23480879475	1	0.556579317558	0.556579317558	0.557938662192	0.552417057171	0.321770522808
M08_DY_TO_L_ALL28:G808-E2057	M08_DY_TO_L_ALL28	ALL28	DY	L	G808-E2057	qok	eol	1	f113r	f113r	G808-P0591	f113r.48	48	7	S	B	3	3	EXACT	0.00410163279476	40	-0.330039325822	2	-0.0112513562615	72	0	0	-0.00676969449353	114	-0.00797414952566	114	-0.00260235198371	68	-0.158295697326	4	0.240316804724	6	-0.293112088346	1	-0.337189049289	-0.337189049289	-0.328540045011	-0.0968722445648	-0.630301137635
M08_DY_TO_L_ALL28:G808-E2126	M08_DY_TO_L_ALL28	ALL28	DY	L	G808-E2126	qok	ol	0	f114v	f114v	G808-P0624	f114v.15	15	6	S	B	3	3	EXACT	-0.0238562466997	19	-0.168273021906	2	-0.0198937714812	72	0.268550248709	1	-0.00235235624321	93	-0.000679833937093	94	-0.0135736498523	68	-0.127333517588	4	-0.0810220660735	6	0.266404295254	1	-0.212023040087	0.056527208622	-0.205702918458	-0.29304510616	0.0543812551674
M08_DY_TO_L_ALL28:G808-E2129	M08_DY_TO_L_ALL28	ALL28	DY	L	G808-E2129	qok	ol	0	f114v	f114v	G808-P0626	f114v.20	20	3	S	B	3	3	EXACT	0.236810230479	4	-0.431191616569	3	-0.0286385049795	72	0.209709748686	1	0.0104835386748	79	0.0118343317942	80	-0.0346160553498	68	0.0729821728984	4	-0.167764986329	6	0.240124811281	1	-0.22301989107	-0.0133101423837	-0.22899744144	-0.390784877399	0.017104920211
M08_DY_TO_L_ALL28:G808-E2150	M08_DY_TO_L_ALL28	ALL28	DY	L	G808-E2150	qok	eol	1	f115r	f115r	G808-P0638	f115r.24	24	2	S	B	@	3	EXACT	-0.00388599722834	23	0.0239230160253	6	0.0273602716115	70	0.656428505999	2	0.0407053512282	99	0.0522641271877	101	0.0168042947955	66	0.201535093825	4	-0.0490750903317	6	0.645027624953	2	0.0473972904085	0.703825796407	0.0368413135925	-0.00167779992322	0.692424915361
M08_DY_TO_L_ALL28:G808-E2159	M08_DY_TO_L_ALL28	ALL28	DY	L	G808-E2159	qok	ol	0	f115r	f115r	G808-P0644	f115r.42	42	4	S	B	@	3	EXACT	0.0877807500169	19	-0.63753794186	2	-0.0349358019569	70	0	0	0.00316218934482	91	0.00198166065602	91	-0.0373887402183	66	0.00553888410555	4	0.105797307146	6	0	0	-0.5846929938	-0.5846929938	-0.587145932062	-0.478895686654	-0.5846929938
M08_DY_TO_L_ALL28:G808-E0126	M08_DY_TO_L_ALL28	ALL28	DY	L	G808-E0126	qok	ol	0	f13v	f13v	G808-P0043	f13v.2	2	2	H	A	1	2	EXACT	0.00953859426419	12	0	0	0.174122435616	72	0	0	0.186020754843	84	0.184870600785	84	0.172322999061	68	0.204701845799	4	0.0532202304636	6	0	0	0.18366102988	0.18366102988	0.181861593325	0.236881260344	0.18366102988
M08_DY_TO_L_ALL28:G808-E0146	M08_DY_TO_L_ALL28	ALL28	DY	L	G808-E0146	qok	ol	0	f16r	f16r	G808-P0052	f16r.11	11	2	H	A	1	2	EXACT	0.228648198155	12	0	0	0.158341052467	72	0	0	0.203795226986	84	0.202645072928	84	0.155613299256	68	0.204701845799	4	0.165854968028	6	0	0	0.386989250622	0.386989250622	0.384261497411	0.552844218651	0.386989250622
M08_DY_TO_L_ALL28:G808-E0155	M08_DY_TO_L_ALL28	ALL28	DY	L	G808-E0155	qok	ol	0	f17r	f17r	G808-P0056	f17r.4	4	3	H	A	1	3	EXACT	1.16808838812	7	0	0	0.164855696482	72	0	0	0.297045352139	79	0.295895198081	79	0.165393070429	68	0.155709328129	4	-0.128495160003	6	0	0	1.33294408461	1.33294408461	1.33348145855	1.2044489246	1.33294408461
M08_DY_TO_L_ALL28:G808-E0214	M08_DY_TO_L_ALL28	ALL28	DY	L	G808-E0214	qok	eol	1	f21r	f21r	G808-P0071	f21r.6	6	8	H	A	1	3	EXACT	0.170018848239	9	0.230243262494	2	0.0875247390578	72	0	0	0.141050456912	83	0.139798051192	83	0.101547916856	68	-0.150880294759	4	-0.471266369494	6	-0.263331527989	1	0.487786849791	0.487786849791	0.501810027589	0.0165204802969	0.224455321802
M08_DY_TO_L_ALL28:G808-E0225	M08_DY_TO_L_ALL28	ALL28	DY	L	G808-E0225	qok	ol	0	f22r	f22r	G808-P0074	f22r.3	3	1	H	A	1	3	EXACT	0.0297370871074	13	-0.00382891953632	2	0.149571825621	72	0	0	0.161767971698	87	0.16061781764	87	0.152647310741	68	0.097277567337	4	-0.0776046802043	6	0	0	0.175479993192	0.175479993192	0.178555478312	0.097875312988	0.175479993192
M08_DY_TO_L_ALL28:G808-E0230	M08_DY_TO_L_ALL28	ALL28	DY	L	G808-E0230	qok	ol	0	f22r	f22r	G808-P0077	f22r.10	10	7	H	A	1	3	EXACT	0.216225278373	15	-0.170893625922	1	0.113006033864	72	-0.0446619031189	2	0.158364395697	88	0.153290912984	90	0.128064215149	68	-0.142994059233	4	-0.0633709334122	6	-0.072177694924	2	0.158337686315	0.113675783196	0.1733958676	0.0949667529027	0.0861599913909
M08_DY_TO_L_ALL28:G808-E0233	M08_DY_TO_L_ALL28	ALL28	DY	L	G808-E0233	qok	ol	0	f22v	f22v	G808-P0079	f22v.8	8	3	H	A	1	2	EXACT	0.706800521102	18	0	0	0.104272854579	72	-0.179857638967	2	0.251882810754	90	0.241922571036	92	0.111767757755	68	-0.0231515106736	4	0.198021253656	6	0.312848970638	2	0.811073375681	0.631215736714	0.818568278857	1.00909462934	1.12392234632
M08_DY_TO_L_ALL28:G808-E0245	M08_DY_TO_L_ALL28	ALL28	DY	L	G808-E0245	qok	ol	0	f23v	f23v	G808-P0084	f23v.7	7	5	H	A	1	3	EXACT	-0.0294687745864	26	-0.497146388424	1	0.134685204528	71	-0.330926217132	1	0.101931948464	98	0.0966769291909	99	0.150801190895	67	-0.135260509124	4	-0.133423497617	6	-0.328267122174	1	-0.391929958482	-0.722856175614	-0.375813972115	-0.525353456099	-0.720197080656
M08_DY_TO_L_ALL28:G808-E0252	M08_DY_TO_L_ALL28	ALL28	DY	L	G808-E0252	qok	eol	1	f24r	f24r	G808-P0085	f24r.8	8	6	H	A	1	2	EXACT	0.090259703087	48	-0.00777604592114	1	0.107861530563	71	0.000603735679994	1	0.0975913544478	120	0.0958584639483	121	0.114026074295	67	0.00460248104119	4	0.258273111398	6	0.0798367303498	1	0.190345187729	0.190948923409	0.196509731461	0.448618299126	0.270181918078
M08_DY_TO_L_ALL28:G808-E0292	M08_DY_TO_L_ALL28	ALL28	DY	L	G808-E0292	qok	ol	0	f28r	f28r	G808-P0095	f28r.6	6	6	H	A	1	3	EXACT	0.336390045707	24	0	0	0.137869587246	72	-0.429049313067	1	0.207336485252	96	0.199898606565	97	0.158834239618	68	-0.218540514321	4	0.0492638041523	6	-0.587474693032	2	0.474259632953	0.0452103198867	0.495224285325	0.523523437105	-0.113215060078
M08_DY_TO_L_ALL28:G808-E0016	M08_DY_TO_L_ALL28	ALL28	DY	L	G808-E0016	qok	ol	0	f3r	f3r	G808-P0005	f3r.5	5	1	H	A	1	2	EXACT	0.430735686255	14	0	0	0.16843014504	72	0.0103627233861	1	0.242894020947	86	0.239383861133	87	0.171742274955	68	0.112113250381	4	0.108479000326	6	-0.00642754393672	1	0.599165831294	0.60952855468	0.602477961209	0.707644831621	0.592738287358
M08_DY_TO_L_ALL28:G808-E0396	M08_DY_TO_L_ALL28	ALL28	DY	L	G808-E0396	qok	ol	0	f40r	f40r	G808-P0141	f40r.4	4	5	H	B	2	3	EXACT	-0.184361097009	33	0.000908529017684	4	-0.0237100821378	72	-0.0596061424821	2	-0.060617519204	109	-0.0612717983031	111	-0.0171570244469	68	-0.135123082706	4	0.211163468418	6	-0.0439885024624	3	-0.20716265013	-0.266768792612	-0.200609592439	0.00400081828854	-0.251151152592
M08_DY_TO_L_ALL28:G808-E0399	M08_DY_TO_L_ALL28	ALL28	DY	L	G808-E0399	qok	ol	0	f40v	f40v	G808-P0143	f40v.7	7	2	H	B	2	2	EXACT	-0.2213052933	20	0.137884500989	1	-0.018945683404	72	0.0119970849837	1	-0.0361886941184	93	-0.0365272300813	94	-0.0314234390198	68	0.193165146546	4	-0.0604651410674	6	-0.00485539712394	1	-0.102366475715	-0.0903693907315	-0.114844231331	-0.162831616783	-0.107221872839
M08_DY_TO_L_ALL28:G808-E0400	M08_DY_TO_L_ALL28	ALL28	DY	L	G808-E0400	qok	ol	0	f40v	f40v	G808-P0143	f40v.11	11	2	H	B	2	2	EXACT	-0.2213052933	20	0	0	-0.0361671563017	72	0	0	-0.0517756473816	92	-0.0529027463163	92	-0.049657939735	68	0.193165146546	4	-0.165234223215	6	0	0	-0.257472449602	-0.257472449602	-0.270963233035	-0.422706672817	-0.257472449602
M08_DY_TO_L_ALL28:G808-E0443	M08_DY_TO_L_ALL28	ALL28	DY	L	G808-E0443	qok	ol	0	f43r	f43r	G808-P0155	f43r.12	12	3	H	B	2	3	EXACT	-0.28047269936	14	-0.163226772546	5	-0.0235338793144	72	0	0	-0.0389500450319	91	-0.0400807583576	91	-0.0341375098489	68	0.156716422303	4	-0.428810396523	6	0	0	-0.467233351221	-0.467233351221	-0.477836981755	-0.896043747744	-0.467233351221
M08_DY_TO_L_ALL28:G808-E0474	M08_DY_TO_L_ALL28	ALL28	DY	L	G808-E0474	qok	ol	0	f45r	f45r	G808-P0165	f45r.2	2	4	H	A	1	3	EXACT	0.174217262185	16	-0.108570515849	2	0.108341086798	72	0.0121297705148	2	0.144767530955	90	0.141309523612	92	0.114429909158	68	0.00482009543333	4	-0.0584425957989	6	-0.0350026203155	2	0.173987833135	0.18611760365	0.180076655494	0.115545237336	0.13898521282
M08_DY_TO_L_ALL28:G808-E0483	M08_DY_TO_L_ALL28	ALL28	DY	L	G808-E0483	qok	ol	0	f46r	f46r	G808-P0170	f46r.3	3	8	H	B	2	3	EXACT	-0.192772075011	21	0.094610053545	5	-0.0389089118725	70	-0.337385601009	1	-0.0429149024646	96	-0.0468303493169	97	-0.0331028817342	66	-0.134703329847	4	0.0793680960703	6	-0.0198357295522	2	-0.137070933339	-0.474456534348	-0.131264903201	-0.0577028372685	-0.156906662891
M08_DY_TO_L_ALL28:G808-E0526	M08_DY_TO_L_ALL28	ALL28	DY	L	G808-E0526	qok	eol	1	f48r	f48r	G808-P0180	f48r.7	7	2	H	B	5	3	EXACT	0.144561001004	36	-0.0810748114299	3	-0.0161425049226	72	0	0	0.0423440196783	111	0.0411646504992	111	-0.0289828005544	68	0.202131747034	4	-0.0157268233905	6	0	0	0.0473436846514	0.0473436846514	0.0345033890196	0.0316168612609	0.0473436846514
M08_DY_TO_L_ALL28:G808-E0551	M08_DY_TO_L_ALL28	ALL28	DY	L	G808-E0551	qok	eol	1	f49v	f49v	G808-P0186	f49v.26	26	1	H	A	1	2	EXACT	0.346737408398	25	0.202519695684	1	0.177592527942	72	0	0	0.239724343497	98	0.238574189439	98	0.182316289669	68	0.097277567337	4	-0.090951286095	6	0	0	0.726849632025	0.726849632025	0.731573393751	0.63589834593	0.726849632025
M08_DY_TO_L_ALL28:G808-E0564	M08_DY_TO_L_ALL28	ALL28	DY	L	G808-E0564	qok	ol	0	f50v	f50v	G808-P0190	f50v.1	1	7	H	B	2	3	EXACT	-0.276609664335	37	0	0	-0.0580966826053	72	0	0	-0.125526539481	109	-0.126657335861	109	-0.0530941519678	68	-0.143150729357	4	-0.21556746517	6	0	0	-0.334706346941	-0.334706346941	-0.329703816303	-0.55027381211	-0.334706346941
M08_DY_TO_L_ALL28:G808-E0573	M08_DY_TO_L_ALL28	ALL28	DY	L	G808-E0573	qok	eol	1	f51r	f51r	G808-P0191	f51r.10	10	4	H	A	1	2	EXACT	0.279466276585	30	0	0	0.125037487212	72	-0.0573906475863	1	0.183927113194	102	0.180645498781	103	0.131546274312	68	0.0143784420249	4	0.0694090097293	6	-0.0526028135927	1	0.404503763796	0.34711311621	0.411012550897	0.473912773526	0.351900950204
M08_DY_TO_L_ALL28:G808-E0575	M08_DY_TO_L_ALL28	ALL28	DY	L	G808-E0575	qok	ol	0	f51r	f51r	G808-P0191	f51r.11	11	3	H	A	1	2	EXACT	0.279466276585	30	0	0	0.12819617303	72	0	0	0.186156773772	102	0.18494716557	102	0.131708902321	68	0.0684701106178	4	-0.147316196453	6	0	0	0.407662449615	0.407662449615	0.411175178905	0.260346253162	0.407662449615
M08_DY_TO_L_ALL28:G808-E0578	M08_DY_TO_L_ALL28	ALL28	DY	L	G808-E0578	qok	ol	0	f51r	f51r	G808-P0191	f51r.15	15	1	H	A	1	2	EXACT	0.279466276585	30	0.0988815550958	2	0.123400983778	72	0	0	0.181579102391	104	0.180369494188	104	0.125739322879	68	0.083639554591	4	0.053986682561	6	0	0	0.501748815459	0.501748815459	0.50408715456	0.55573549802	0.501748815459
M08_DY_TO_L_ALL28:G808-E0579	M08_DY_TO_L_ALL28	ALL28	DY	L	G808-E0579	qok	ol	0	f51v	f51v	G808-P0192	f51v.2	2	3	H	A	1	3	EXACT	0.375207956374	34	-0.114888187727	1	0.128114891928	72	-0.193434513698	1	0.214141733093	107	0.209449568262	108	0.132250609512	68	0.0577966817376	4	0.204575400514	6	-0.190528977925	1	0.388434660575	0.195000146878	0.39257037816	0.593010061089	0.197905682651
M08_DY_TO_L_ALL28:G808-E0581	M08_DY_TO_L_ALL28	ALL28	DY	L	G808-E0581	qok	ol	0	f51v	f51v	G808-P0192	f51v.5	5	3	H	A	1	3	EXACT	0.375207956374	34	0.303744036744	3	0.142987033795	72	0	0	0.229820616796	109	0.228652855985	109	0.142812062074	68	0.145950541779	4	-0.0582565775406	6	0	0	0.821939026913	0.821939026913	0.821764055193	0.763682449372	0.821939026913
M08_DY_TO_L_ALL28:G808-E0608	M08_DY_TO_L_ALL28	ALL28	DY	L	G808-E0608	qok	ol	0	f53v	f53v	G808-P0197	f53v.4	4	1	H	A	1	2	EXACT	0.276871893076	30	-0.0570820307221	1	0.132449398822	72	0	0	0.186218674429	103	0.18505318307	103	0.13425805554	68	0.101691242751	4	0.240580650154	6	0	0	0.352239261177	0.352239261177	0.354047917895	0.592819911331	0.352239261177
M08_DY_TO_L_ALL28:G808-E0651	M08_DY_TO_L_ALL28	ALL28	DY	L	G808-E0651	qok	eol	1	f58v	f58v	G808-P0210	f58v.3	3	4	S	A	3	3	EXACT	0.0024883199985	86	-0.0710985276478	1	0.0342508751424	71	0	0	-0.00815778882111	158	-0.00938204607548	158	0.0353329342503	67	0.0161233987954	4	0.0369625159145	6	0	0	-0.0343593325069	-0.0343593325069	-0.033277273399	0.00260318340764	-0.0343593325069
M08_DY_TO_L_ALL28:G808-E0656	M08_DY_TO_L_ALL28	ALL28	DY	L	G808-E0656	qok	eol	1	f58v	f58v	G808-P0211	f58v.25	25	4	S	A	3	3	EXACT	-0.0484095709411	29	0.225688085586	1	0.0249175617181	71	0.300658326997	1	0.0202102625397	101	0.0220115785802	102	0.0254424080842	67	0.0161233987954	4	0.117546666826	6	0.303326909097	1	0.202196076363	0.50285440336	0.202720922729	0.319742743188	0.50552298546
M08_DY_TO_L_ALL28:G808-E0684	M08_DY_TO_L_ALL28	ALL28	DY	L	G808-E0684	qok	ol	0	f66r	f66r	G808-P0218	f66r.80	80	8	T	B	5	3	EXACT	-0.12348290028	44	0.22691013779	3	-0.0503166638233	71	0	0	-0.0696524194916	118	-0.0707399339022	118	-0.0502452437884	67	-0.0515160605459	4	-0.0953879031537	6	0	0	0.0531105736868	0.0531105736868	0.0531819937217	-0.0422773294668	0.0531105736868
M08_DY_TO_L_ALL28:G808-E0691	M08_DY_TO_L_ALL28	ALL28	DY	L	G808-E0691	qok	ol	0	f66v	f66v	G808-P0220	f66v.8	8	4	H	B	5	2	EXACT	0.377410402021	7	0	0	0.0148584153084	72	0	0	0.0895956172979	79	0.0885042528741	79	0.0151932124931	68	0.00915587476078	4	-0.189607025836	6	0	0	0.392268817329	0.392268817329	0.392603614514	0.202661791494	0.392268817329
M08_DY_TO_L_ALL28:G808-E0734	M08_DY_TO_L_ALL28	ALL28	DY	L	G808-E0734	qok	ol	0	f75v	f75v	G808-P0229	f75v.59	59	2	B	B	2	1	EXACT	-0.299606448087	4	0	0	-0.0585775606648	71	-0.511155996432	1	-0.0244852869472	75	-0.0316523980916	76	-0.0732576887397	67	0.187311601059	4	0.00775906955338	6	-0.508423419048	1	-0.358184008752	-0.869340005184	-0.372864136827	-0.350424939198	-0.8666074278
M08_DY_TO_L_ALL28:G808-E0791	M08_DY_TO_L_ALL28	ALL28	DY	L	G808-E0791	qok	ol	0	f76v	f76v	G808-P0236	f76v.12	12	9	B	B	2	3	EXACT	-0.536972429501	16	0.0490934771014	2	-0.118852493149	72	0	0	-0.159594033094	90	-0.16071932347	90	-0.112683367806	68	-0.223739303267	4	-0.328608907087	6	0	0	-0.606731445548	-0.606731445548	-0.600562320205	-0.935340352636	-0.606731445548
M08_DY_TO_L_ALL28:G808-E0808	M08_DY_TO_L_ALL28	ALL28	DY	L	G808-E0808	qok	ol	0	f76v	f76v	G808-P0237	f76v.23	23	4	B	B	2	2	EXACT	-0.639870344479	18	-0.0431990009487	1	-0.0951734925551	72	-0.0962782824948	1	-0.175042096298	91	-0.175022592861	92	-0.101413003006	68	0.0108865058302	4	-0.325612507651	6	-1.00529260127	1	-0.778242837983	-0.874521120477	-0.784482348434	-1.10385534563	-1.78353543926
M08_DY_TO_L_ALL28:G808-E0828	M08_DY_TO_L_ALL28	ALL28	DY	L	G808-E0828	qok	ol	0	f77r	f77r	G808-P0241	f77r.9	9	3	B	B	2	2	EXACT	-0.357350996019	50	-0.276282262151	1	-0.125191013914	72	-0.17232689849	1	-0.223952614158	123	-0.224425470564	124	-0.141764151614	68	0.156541051309	4	-0.0939707514168	6	-0.151695601883	2	-0.758824272084	-0.931151170574	-0.775397409784	-0.852795023501	-0.910519873967
M08_DY_TO_L_ALL28:G808-E0830	M08_DY_TO_L_ALL28	ALL28	DY	L	G808-E0830	qok	ol	0	f77r	f77r	G808-P0241	f77r.10	10	6	B	B	2	3	EXACT	-0.357350996019	50	-0.565013060386	2	-0.135405833517	72	-0.110519222871	3	-0.23482085709	124	-0.232381503945	127	-0.135321041988	68	-0.136858565183	4	-0.165097687287	6	-0.117396177412	3	-1.05776988992	-1.16828911279	-1.05768509839	-1.22286757721	-1.17516606733
M08_DY_TO_L_ALL28:G808-E0854	M08_DY_TO_L_ALL28	ALL28	DY	L	G808-E0854	qok	ol	0	f77r	f77r	G808-P0242	f77r.36	36	7	B	B	2	2	EXACT	-0.524255672292	43	0	0	-0.111722950118	72	-0.486908761417	1	-0.264194835159	115	-0.266989951572	116	-0.115162873887	68	-0.0532555217091	4	0.0100895278104	6	-0.484492061516	1	-0.63597862241	-1.12288738383	-0.63941854618	-0.6258890946	-1.12047068393
M08_DY_TO_L_ALL28:G808-E0908	M08_DY_TO_L_ALL28	ALL28	DY	L	G808-E0908	qok	ol	0	f78r	f78r	G808-P0247	f78r.12	12	3	B	B	2	2	EXACT	-0.259398112262	47	-0.181739283945	1	-0.138653010476	72	0	0	-0.187191368631	120	-0.188064241068	120	-0.150321150095	68	0.059693955713	4	-0.188769653412	6	0	0	-0.579790406683	-0.579790406683	-0.591458546303	-0.768560060095	-0.579790406683
M08_DY_TO_L_ALL28:G808-E0915	M08_DY_TO_L_ALL28	ALL28	DY	L	G808-E0915	qok	ol	0	f78r	f78r	G808-P0247	f78r.16	16	1	B	B	2	2	EXACT	-0.259398112262	47	-0.0945298446306	2	-0.126091260419	72	0	0	-0.178126492094	121	-0.17899936453	121	-0.139719218036	68	0.105572611733	4	0.178390756943	6	0	0	-0.480019217312	-0.480019217312	-0.493647174929	-0.301628460369	-0.480019217312
M08_DY_TO_L_ALL28:G808-E0964	M08_DY_TO_L_ALL28	ALL28	DY	L	G808-E0964	qok	ol	0	f79r	f79r	G808-P0252	f79r.8	8	1	B	B	2	3	EXACT	-0.218790067807	27	0.0307920481651	2	-0.0977842536294	72	0.00230747751118	2	-0.108408764378	101	-0.106288006367	103	-0.108218837627	68	0.0795774496116	4	0.233262606085	6	0.203901788391	2	-0.285782273271	-0.28347479576	-0.296216857269	-0.0525196671859	-0.08188048488
M08_DY_TO_L_ALL28:G808-E0985	M08_DY_TO_L_ALL28	ALL28	DY	L	G808-E0985	qok	ol	0	f79r	f79r	G808-P0258	f79r.39	39	2	B	B	2	2	EXACT	-0.374571550846	22	-0.272767314529	1	-0.0908411911476	72	0	0	-0.133220908411	95	-0.133273356007	95	-0.108552977174	68	0.210232946584	4	0.202552709218	6	0	0	-0.738180056523	-0.738180056523	-0.75589184255	-0.535627347305	-0.738180056523
M08_DY_TO_L_ALL28:G808-E0997	M08_DY_TO_L_ALL28	ALL28	DY	L	G808-E0997	qok	ol	0	f79v	f79v	G808-P0262	f79v.23	23	6	B	B	2	3	EXACT	-0.340716350755	18	0.0924762716599	1	-0.133921751695	72	0	0	-0.14542080909	91	-0.146533708096	91	-0.128669490682	68	-0.223221455415	4	0.0633464895351	6	-0.138995989866	2	-0.38216183079	-0.38216183079	-0.376909569778	-0.318815341255	-0.521157820656
M08_DY_TO_L_ALL28:G808-E1036	M08_DY_TO_L_ALL28	ALL28	DY	L	G808-E1036	qok	ol	0	f80v	f80v	G808-P0272	f80v.7	7	3	B	B	2	2	EXACT	-0.617463822858	27	0	0	-0.121066996455	72	0	0	-0.239721831068	99	-0.240976626557	99	-0.131636302544	68	0.0585998325417	4	-0.148241171681	6	0	0	-0.738530819313	-0.738530819313	-0.749100125402	-0.886771990993	-0.738530819313
M08_DY_TO_L_ALL28:G808-E1040	M08_DY_TO_L_ALL28	ALL28	DY	L	G808-E1040	qok	ol	0	f80v	f80v	G808-P0272	f80v.12	12	6	B	B	2	2	EXACT	-0.617463822858	27	-0.35879053876	2	-0.14569314396	72	0	0	-0.259212256998	101	-0.260467052486	101	-0.145485374951	68	-0.149236591639	4	-0.170207130528	6	-0.56542367786	1	-1.12194750558	-1.12194750558	-1.12173973657	-1.29215463611	-1.68737118344
M08_DY_TO_L_ALL28:G808-E1060	M08_DY_TO_L_ALL28	ALL28	DY	L	G808-E1060	qok	ol	0	f80v	f80v	G808-P0278	f80v.42	42	7	B	B	2	3	EXACT	-0.371556027951	29	-0.101695128138	5	-0.131002999303	72	0	0	-0.180532781238	106	-0.181787576727	106	-0.130660777892	68	-0.136832137803	4	-0.185777048074	6	-0.267432620643	1	-0.604254155392	-0.604254155392	-0.603911933981	-0.790031203466	-0.871686776035
M08_DY_TO_L_ALL28:G808-E1061	M08_DY_TO_L_ALL28	ALL28	DY	L	G808-E1061	qok	ol	0	f81r	f81r	G808-P0279	f81r.2	2	4	B	B	2	2	EXACT	-0.392529659036	38	-0.502999113405	1	-0.133721184754	72	-0.206357879957	1	-0.21954348674	111	-0.220345203013	112	-0.141586478185	68	-2.27975906681e-05	4	-0.34928392547	6	-0.202978261406	1	-1.0292499572	-1.23560783715	-1.03711525063	-1.37853388267	-1.2322282186
M08_DY_TO_L_ALL28:G808-E1102	M08_DY_TO_L_ALL28	ALL28	DY	L	G808-E1102	qok	eol	1	f82r	f82r	G808-P0283	f82r.1	1	2	B	B	2	3	EXACT	-0.568868320388	32	0.363682471861	3	-0.105241537307	72	-0.33200621762	1	-0.219171417825	107	-0.221131755699	108	-0.1237523854	68	0.209431477503	4	0.252101255638	6	-0.329232464514	1	-0.310427385834	-0.642433603454	-0.328938233928	-0.0583261301956	-0.639659850348
M08_DY_TO_L_ALL28:G808-E1142	M08_DY_TO_L_ALL28	ALL28	DY	L	G808-E1142	qok	ol	0	f82v	f82v	G808-P0288	f82v.19	19	1	B	B	2	3	EXACT	-0.392359423696	17	-0.249069642791	5	-0.137206279693	72	0	0	-0.161054752759	94	-0.162305958414	94	-0.150764995453	68	0.0932806822173	4	-0.168151452487	6	0	0	-0.77863534618	-0.77863534618	-0.79219406194	-0.946786798667	-0.77863534618
M08_DY_TO_L_ALL28:G808-E1146	M08_DY_TO_L_ALL28	ALL28	DY	L	G808-E1146	qok	ol	0	f82v	f82v	G808-P0289	f82v.26	26	3	B	B	2	2	EXACT	-0.445346006193	31	0.0136746030932	2	-0.139065391992	72	-0.0268080132103	3	-0.214028163726	105	-0.209270663364	108	-0.156161367775	68	0.151554990314	4	-0.263884322091	6	-0.0232545070111	3	-0.570736795092	-0.597544808302	-0.587832770875	-0.834621117183	-0.593991302103
M08_DY_TO_L_ALL28:G808-E1190	M08_DY_TO_L_ALL28	ALL28	DY	L	G808-E1190	qok	ol	0	f83r	f83r	G808-P0296	f83r.37	37	4	B	B	2	1	EXACT	-0.217611456955	38	-0.193718857663	1	-0.0755029255516	72	0	0	-0.118890999374	111	-0.120033401299	111	-0.0839696661447	68	0.0684199372195	4	-0.325373835111	6	0	0	-0.486833240169	-0.486833240169	-0.495299980762	-0.81220707528	-0.486833240169
M08_DY_TO_L_ALL28:G808-E1284	M08_DY_TO_L_ALL28	ALL28	DY	L	G808-E1284	qok	ol	0	f86v6	f86v	G808-P0326	f86v6.2	2	11	T	B	2	3	EXACT	-0.324433309705	53	-0.211056612329	1	-0.0463552916129	72	0	0	-0.17162406007	126	-0.172424357182	126	-0.0453308038734	68	-0.0637860523306	4	-0.0848350517447	6	0.0683008761212	1	-0.581845213647	-0.581845213647	-0.580820725907	-0.666680265391	-0.513544337525
M08_DY_TO_L_ALL28:G808-E1290	M08_DY_TO_L_ALL28	ALL28	DY	L	G808-E1290	qok	ol	0	f86v6	f86v	G808-P0326	f86v6.9	9	5	T	B	2	3	EXACT	-0.324433309705	53	0.00277886906458	2	-0.0699548174075	72	0.0385034525532	3	-0.181805910843	127	-0.177089485036	130	-0.0665318524676	68	-0.128159690532	4	-0.205355534572	6	0.0156060716871	3	-0.391609258048	-0.353105805494	-0.388186293108	-0.596964792619	-0.376003186361
M08_DY_TO_L_ALL28:G808-E1311	M08_DY_TO_L_ALL28	ALL28	DY	L	G808-E1311	qok	ol	0	f86v6	f86v	G808-P0329	f86v6.40	40	7	T	B	2	3	EXACT	-0.183233522149	77	-0.286798632461	3	-0.051031260799	72	-0.130257236755	1	-0.143963353272	152	-0.14455152786	153	-0.0475348040967	68	-0.110485493883	4	-0.2869962285	6	-0.153553228961	1	-0.521063415409	-0.651320652165	-0.517566958707	-0.80805964391	-0.674616644371
M08_DY_TO_L_ALL28:G808-E1331	M08_DY_TO_L_ALL28	ALL28	DY	L	G808-E1331	qok	eol	1	f88r	f88r	G808-P0334	f88r.10	10	1	P	A	1	2	EXACT	0.112920383394	14	0.656199798821	1	0.128348182146	72	-0.0516170197275	1	0.164314398858	87	0.161008554406	88	0.130157985622	68	0.0975705481016	4	-0.110268346017	6	-0.0489967250664	1	0.89746836436	0.845851344633	0.899278167836	0.787200018343	0.848471639294
M08_DY_TO_L_ALL28:G808-E1339	M08_DY_TO_L_ALL28	ALL28	DY	L	G808-E1339	qok	eol	1	f88r	f88r	G808-P0335	f88r.21	21	4	P	A	1	2	EXACT	0.211707391078	14	0	0	0.0918361600705	72	-0.0219664861318	2	0.143872320107	86	0.13955279805	88	0.0969215927355	68	0.00537282981129	4	-0.0886861573184	6	-0.0306607739888	2	0.303543551149	0.281577065017	0.308628983814	0.21485739383	0.27288277716
M08_DY_TO_L_ALL28:G808-E1360	M08_DY_TO_L_ALL28	ALL28	DY	L	G808-E1360	qok	eol	1	f89r1	f89r	G808-P0340	f89r1.8	8	1	P	A	1	2	EXACT	0.0552032219539	16	-0.00796174625056	2	0.142858654281	72	0.145577190391	1	0.153030545205	90	0.152074644759	91	0.145334876682	68	0.100751533187	4	-0.117984653038	6	0.148874737256	1	0.190100129985	0.335677320375	0.192576352385	0.0721154769463	0.33897486724
M08_DY_TO_L_ALL28:G808-E1369	M08_DY_TO_L_ALL28	ALL28	DY	L	G808-E1369	qok	ol	0	f89v1	f89v	G808-P0343	f89v1.6	6	3	P	A	1	3	EXACT	0.157231561669	24	0.370574093549	2	0.125568610538	72	0.278463959372	1	0.158667552155	98	0.15872934114	99	0.124501968671	68	0.143690547324	4	-0.207621592845	6	0.282568422109	1	0.653374265755	0.931838225127	0.652307623888	0.44575267291	0.935942687864
M08_DY_TO_L_ALL28:G808-E1373	M08_DY_TO_L_ALL28	ALL28	DY	L	G808-E1373	qok	ol	0	f89v1	f89v	G808-P0343	f89v1.10	10	5	P	A	1	3	EXACT	0.157231561669	24	0	0	0.125578154005	72	0	0	0.153815956728	96	0.152321751091	96	0.139918003925	68	-0.118210269592	4	0.279934215584	6	-0.33288765203	1	0.282809715673	0.282809715673	0.297149565594	0.562743931257	-0.0500779363563
M08_DY_TO_L_ALL28:G808-E1383	M08_DY_TO_L_ALL28	ALL28	DY	L	G808-E1383	qok	eol	1	f90r1	f90r	G808-P0345	f90r1.1	1	2	H	A	1	2	EXACT	0.386097127311	22	0	0	0.13006071536	71	0	0	0.212418918642	93	0.211268764584	93	0.12614712953	67	0.195610336007	4	0.210180840488	6	0	0	0.516157842671	0.516157842671	0.512244256841	0.726338683159	0.516157842671
M08_DY_TO_L_ALL28:G808-E1387	M08_DY_TO_L_ALL28	ALL28	DY	L	G808-E1387	qok	ol	0	f90r1	f90r	G808-P0345	f90r1.7	7	6	H	A	1	3	EXACT	0.386097127311	22	-0.323831286469	1	0.128486609898	71	-0.0163898353474	1	0.205740234128	94	0.20253056891	95	0.144151458694	67	-0.133902549441	4	0.0501854743395	6	-0.0137307403892	1	0.19075245074	0.174362615392	0.206417299536	0.240937925079	0.177021710351
M08_DY_TO_L_ALL28:G808-E1391	M08_DY_TO_L_ALL28	ALL28	DY	L	G808-E1391	qok	ol	0	f93r	f93r	G808-P0346	f93r.5	5	5	H	A	1	2	EXACT	0.295844093828	50	-0.271385815266	1	0.086534916218	72	0	0	0.161561487806	123	0.158749401781	123	0.102408508877	68	-0.183312720246	4	-0.103573946095	6	0	0	0.110993194779	0.110993194779	0.126866787438	0.00741924868488	0.110993194779
M08_DY_TO_L_ALL28:G808-E1431	M08_DY_TO_L_ALL28	ALL28	DY	L	G808-E1431	qok	ol	0	f95r2	f95r	G808-P0354	f95r2.3	3	4	H	B	3	3	EXACT	-0.122193473253	15	-0.284577876731	2	-0.041752866381	72	-0.0183223789952	3	-0.0294867977873	89	-0.0294150121895	92	-0.0442088031592	68	-1.30515368935e-05	4	0.170350405658	6	-0.0237287979082	3	-0.448524216365	-0.46684659536	-0.450980153143	-0.278173810706	-0.472253014273
M08_DY_TO_L_ALL28:G808-E1444	M08_DY_TO_L_ALL28	ALL28	DY	L	G808-E1444	qok	eol	1	f96r	f96r	G808-P0361	f96r.5	5	6	H	A	1	2	EXACT	0.369152020815	29	-0.00651823086328	1	0.142787264474	72	0.122876411684	1	0.220170052392	102	0.218299578286	103	0.155148996218	68	-0.0673726955926	4	-0.175732860326	6	0.113979084898	1	0.505421054426	0.62829746611	0.517782786171	0.329688194101	0.619400139324
M08_DY_TO_L_ALL28:G808-E1463	M08_DY_TO_L_ALL28	ALL28	DY	L	G808-E1463	qok	ol	0	f99r	f99r	G808-P0364	f99r.30	30	3	P	A	1	2	EXACT	0.0692687619108	8	-0.0583338936052	1	0.128946399181	72	0	0	0.161805419496	81	0.160727175571	81	0.127561014735	68	0.152487022708	4	-0.36288736229	6	0	0	0.139881267486	0.139881267486	0.13849588304	-0.223006094804	0.139881267486
M08_DY_TO_L_ALL28:G808-E1473	M08_DY_TO_L_ALL28	ALL28	DY	L	G808-E1473	qok	eol	1	f99v	f99v	G808-P0367	f99v.11	11	4	P	A	1	3	EXACT	0.0487966154298	9	-0.115932264987	1	0.137787418816	72	0	0	0.164709086769	82	0.163558932711	82	0.145608378353	68	0.00482009543333	4	0.0201472567954	6	0	0	0.0706517692595	0.0706517692595	0.0784727287964	0.0907990260549	0.0706517692595
M08_DY_TO_L_ALL28:G808-E1474	M08_DY_TO_L_ALL28	ALL28	DY	L	G808-E1474	qok	eol	1	f99v	f99v	G808-P0367	f99v.12	12	2	P	A	1	3	EXACT	0.0487966154298	9	-0.305681210209	3	0.142818581886	72	0	0	0.156044145091	84	0.154893991033	84	0.139177742171	68	0.204701845799	4	0.00402712274055	6	0	0	-0.114066012893	-0.114066012893	-0.117706852608	-0.110038890152	-0.114066012893
M08_DY_TO_L_ALL28:G808-E1480	M08_DY_TO_L_ALL28	ALL28	DY	L	G808-E1480	qok	ol	0	f99v	f99v	G808-P0368	f99v.23	23	4	P	A	1	2	EXACT	0.309210449147	8	-0.099720667677	1	0.146584107676	72	0	0	0.200980372511	81	0.199830218453	81	0.154922519499	68	0.00482009543333	4	-0.0863424331644	6	0	0	0.356073889146	0.356073889146	0.364412300968	0.269731455981	0.356073889146
M08_DY_TO_L_ALL28:G808-E1486	M08_DY_TO_L_ALL28	ALL28	DY	L	G808-E1486	qok	ol	0	f99v	f99v	G808-P0369	f99v.34	34	6	P	A	1	3	EXACT	-0.0700915209956	13	0.0705585253622	4	0.0913090087975	72	1.09960218525	1	0.100128555717	89	0.110377847646	90	0.104635979778	68	-0.135260509124	4	0.0711028485833	6	1.10226128021	1	0.0917760131641	1.19137819841	0.105102984144	0.162878861747	1.19403729337
M08_DY_TO_L_ALL28:G808-E1488	M08_DY_TO_L_ALL28	ALL28	DY	L	G808-E1488	qok	ol	0	f99v	f99v	G808-P0370	f99v.37	37	3	P	A	1	2	EXACT	-0.0712102230868	9	0	0	0.132298158614	72	0.372273326743	1	0.14971078704	81	0.151597694556	82	0.136997699964	68	0.0523949444142	4	-0.322051198131	6	0.324928979021	1	0.0610879355275	0.43336126227	0.0657874768772	-0.260963262604	0.386016914548
M08_DY_TO_L_ALL28:G808-E1489	M08_DY_TO_L_ALL28	ALL28	DY	L	G808-E1489	qok	eol	1	f99v	f99v	G808-P0370	f99v.38	38	3	P	A	1	2	EXACT	-0.0712102230868	9	0	0	0.104879022316	72	0	0	0.125338221441	81	0.124188067383	81	0.107430878601	68	0.0614864542065	4	-0.242461600942	6	0.401956248843	1	0.0336687992287	0.0336687992287	0.0362206555143	-0.208792801714	0.435625048072
M08_DY_TO_L_ALL28:G808-E1492	M08_DY_TO_L_ALL28	ALL28	DY	L	G808-E1492	qok	ol	0	f99v	f99v	G808-P0370	f99v.41	41	4	P	A	1	2	EXACT	-0.0712102230868	9	0	0	0.118556281367	72	0	0	0.137495785042	81	0.136345630984	81	0.13014482136	68	-0.0784599097642	4	0.151993999481	6	0	0	0.0473460582801	0.0473460582801	0.0589345982728	0.199340057761	0.0473460582801
M08_DY_TO_L_ALL28:G808-E2135	M08_DY_TO_L_ALL28	ALL28	DY	L	G808-E2135	qopch	ol	0	f114v	f114v	G808-P0631	f114v.36	36	6	S	B	3	3	EXACT	-0.0742509164409	29	-0.414442106091	1	-0.00368878676894	72	-0.0604091784121	1	-0.0181235063725	102	-0.0194954396929	103	0.00316429062271	68	-0.120185808677	4	0.110617655432	6	-0.0852803952172	1	-0.492381809301	-0.552790987713	-0.485528731909	-0.381764153869	-0.577662204518
M08_DY_TO_L_ALL28:G808-E2136	M08_DY_TO_L_ALL28	ALL28	DY	L	G808-E2136	qopch	ol	0	f115r	f115r	G808-P0632	f115r.1	1	2	S	B	@	3	EXACT	0.110545079884	8	-0.0254812375986	3	0.00125868757358	70	0	0	0.0476252776776	81	0.0468882068591	81	-0.0113515752314	66	0.209328376222	4	-0.030697290328	6	0	0	0.0863225298592	0.0863225298592	0.0737122670543	0.0556252395312	0.0863225298592
M08_DY_TO_L_ALL28:G808-E1005	M08_DY_TO_L_ALL28	ALL28	DY	L	G808-E1005	qopch	eol	1	f80r	f80r	G808-P0266	f80r.11	11	7	B	B	2	3	EXACT	-0.43299988157	84	0	0	-0.107261829938	72	-0.235636601618	2	-0.300671930224	156	-0.30028989216	158	-0.105748777462	68	-0.132992029239	4	0.12231224845	6	-0.265190816955	2	-0.540261711507	-0.775898313125	-0.538748659031	-0.417949463057	-0.805452528462
M08_DY_TO_L_ALL28:G808-E1069	M08_DY_TO_L_ALL28	ALL28	DY	L	G808-E1069	qopch	ol	0	f81r	f81r	G808-P0280	f81r.16	16	2	B	B	2	2	EXACT	-0.423528395866	48	0	0	-0.117280569287	72	0	0	-0.240742993287	120	-0.241435794332	120	-0.137196423842	68	0.221280299116	4	0.157378385466	6	0.424476918777	1	-0.540808965153	-0.540808965153	-0.560724819709	-0.383430579687	-0.116332046377
M08_DY_TO_L_ALL28:G808-E1258	M08_DY_TO_L_ALL28	ALL28	DY	L	G808-E1258	qopch	ol	0	f86v3	f86v	G808-P0318	f86v3.18	18	4	C	B	2	2	EXACT	-0.0808681396742	18	0	0	-0.0298923505247	70	0	0	-0.0154817849153	88	-0.0158367750427	88	-0.0362094272423	66	0.0743428815437	4	-0.348445408764	6	-0.102343271028	1	-0.110760490199	-0.110760490199	-0.117077566917	-0.459205898962	-0.213103761227
M08_DY_TO_L_ALL28:G808-E1263	M08_DY_TO_L_ALL28	ALL28	DY	L	G808-E1263	qopch	ol	0	f86v5	f86v	G808-P0321	f86v5.2	2	7	T	B	2	3	EXACT	-0.218784094963	30	0.141414650887	3	-0.0864952610007	72	-0.201124978295	2	-0.1053186975	105	-0.107321238988	107	-0.0851928261388	68	-0.108645347564	4	-0.122604546331	6	-0.274251475029	2	-0.163864705077	-0.364989683372	-0.162562270215	-0.286469251408	-0.438116180106
M08_DY_TO_L_ALL28:G808-E1513	M08_DY_TO_L_ALL28	ALL28	DY	L	G808-E1513	qot	eol	1	f102r1	f102r	G808-P0374	f102r1.3	3	3	P	A	1	2	EXACT	-0.0934452530596	7	0	0	0.155091812561	72	0	0	0.175246052374	79	0.174075255356	79	0.161925793768	68	0.0389045383847	4	0.196915008088	6	0	0	0.0616465595014	0.0616465595014	0.0684805407083	0.258561567589	0.0616465595014
M08_DY_TO_L_ALL28:G808-E1520	M08_DY_TO_L_ALL28	ALL28	DY	L	G808-E1520	qot	eol	1	f102r1	f102r	G808-P0375	f102r1.8	8	7	P	A	1	2	EXACT	0.263953131137	11	0	0	0.126584146572	72	-0.464025630582	1	0.180689308577	83	0.172148772471	84	0.136246723565	68	-0.0376892559618	4	-0.0604389851699	6	-0.542748831171	1	0.390537277709	-0.073488352873	0.400199854701	0.330098292539	-0.152211553462
M08_DY_TO_L_ALL28:G808-E1525	M08_DY_TO_L_ALL28	ALL28	DY	L	G808-E1525	qot	eol	1	f102r1	f102r	G808-P0376	f102r1.14	14	6	P	A	1	3	EXACT	0.262845363795	17	0.219050140659	1	0.121831667787	72	-0.257228970023	1	0.177047356665	90	0.17138623579	91	0.136834403594	68	-0.13322443458	4	-0.0784939647147	6	-0.260415788264	1	0.603727172241	0.346498202218	0.618729908047	0.525233207526	0.343311383977
M08_DY_TO_L_ALL28:G808-E1535	M08_DY_TO_L_ALL28	ALL28	DY	L	G808-E1535	qot	eol	1	f102v1	f102v	G808-P0378	f102v1.19	19	6	P	A	1	2	EXACT	0.277990870062	21	-0.193055331108	1	0.0813265575888	72	0	0	0.144852965688	94	0.1438105759	94	0.0965979854257	68	-0.178298084523	4	-0.129872656486	6	0	0	0.166262096542	0.166262096542	0.181533524379	0.036389440057	0.166262096542
M08_DY_TO_L_ALL28:G808-E1637	M08_DY_TO_L_ALL28	ALL28	DY	L	G808-E1637	qot	ol	0	f104v	f104v	G808-P0425	f104v.4	4	4	S	B	3	3	EXACT	0.0894954394934	22	-0.0406446489605	3	-0.0402714054737	72	0	0	0.010455679733	97	0.00946607186176	97	-0.0420920889026	68	-0.00932962646057	4	-0.094428446923	6	-0.0346203420267	1	0.00857938505912	0.00857938505912	0.0067587016303	-0.0858490618638	-0.0260409569676
M08_DY_TO_L_ALL28:G808-E1642	M08_DY_TO_L_ALL28	ALL28	DY	L	G808-E1642	qot	ol	0	f104v	f104v	G808-P0427	f104v.11	11	6	S	B	3	2	EXACT	-0.3399261801	24	-0.515640829019	1	-0.0166309146872	72	0	0	-0.082619980718	97	-0.0836095885893	97	-0.0102719266518	68	-0.124743550567	4	-0.233783304403	6	0	0	-0.872197923807	-0.872197923807	-0.865838935771	-1.10598122821	-0.872197923807
M08_DY_TO_L_ALL28:G808-E1648	M08_DY_TO_L_ALL28	ALL28	DY	L	G808-E1648	qot	ol	0	f104v	f104v	G808-P0429	f104v.17	17	8	S	B	3	3	EXACT	-0.290890078726	16	-0.143022710233	2	-0.0299211413502	72	0	0	-0.0503010844342	90	-0.0512906923055	90	-0.0246781306678	68	-0.119062162228	4	0.0133431389283	6	0.685733414564	1	-0.463833930309	-0.463833930309	-0.458590919627	-0.450490791381	0.221899484255
M08_DY_TO_L_ALL28:G808-E1651	M08_DY_TO_L_ALL28	ALL28	DY	L	G808-E1651	qot	ol	0	f104v	f104v	G808-P0430	f104v.19	19	5	S	B	3	3	EXACT	-0.00628370879624	12	-0.447896232425	1	0.0111997728959	72	0.00390262302313	1	0.0373919561581	85	0.036267288265	86	0.0196173103426	68	-0.131908202975	4	0.010005160472	6	0.000756534218001	1	-0.442980168325	-0.439077545302	-0.434562630878	-0.432975007853	-0.442223634107
M08_DY_TO_L_ALL28:G808-E1784	M08_DY_TO_L_ALL28	ALL28	DY	L	G808-E1784	qot	ol	0	f107v	f107v	G808-P0503	f107v.5	5	3	S	B	3	3	EXACT	-0.0972584535069	14	0	0	0.00214834900213	72	0	0	0.0168424043466	86	0.0160647797531	86	-0.00285691002686	68	0.0872279555453	4	-0.221039232274	6	0	0	-0.0951101045048	-0.0951101045048	-0.100115363534	-0.316149336779	-0.0951101045048
M08_DY_TO_L_ALL28:G808-E1888	M08_DY_TO_L_ALL28	ALL28	DY	L	G808-E1888	qot	eol	1	f108v	f108v	G808-P0533	f108v.7	7	7	S	B	3	3	EXACT	-0.367153058299	27	-0.141925688046	1	-0.0519291978937	72	-0.101813191638	2	-0.122330919808	100	-0.122442152408	102	-0.0480877375582	68	-0.117246130097	4	-0.162389923146	6	-0.105134548431	2	-0.561007944239	-0.662821135877	-0.557166483904	-0.723397867385	-0.66614249267
M08_DY_TO_L_ALL28:G808-E1956	M08_DY_TO_L_ALL28	ALL28	DY	L	G808-E1956	qot	eol	1	f111v	f111v	G808-P0544	f111v.10	10	11	S	B	3	3	EXACT	-0.245038708353	110	-0.417169741526	4	-0.00592602856799	72	-0.495335965507	1	-0.184969549896	186	-0.187329962273	187	0.00512829208425	68	-0.193859726898	4	0.105297042224	6	-0.499302962054	1	-0.668134478447	-1.16347044395	-0.657080157794	-0.562837436222	-1.1674374405
M08_DY_TO_L_ALL28:G808-E2078	M08_DY_TO_L_ALL28	ALL28	DY	L	G808-E2078	qot	ol	0	f113v	f113v	G808-P0600	f113v.28	28	11	S	B	3	3	EXACT	0.0640238773307	31	-0.172960096396	2	-0.0124909356663	72	0	0	0.0156732558828	105	0.0137581735082	105	-0.010262045031	68	-0.0503776860819	4	-0.115332950711	6	0	0	-0.121427154732	-0.121427154732	-0.119198264097	-0.236760105443	-0.121427154732
M08_DY_TO_L_ALL28:G808-E2111	M08_DY_TO_L_ALL28	ALL28	DY	L	G808-E2111	qot	ol	0	f114r	f114r	G808-P0619	f114r.42	42	2	S	B	3	3	EXACT	-0.304650797352	22	0.0497707320164	2	-0.020302438257	72	0.0502089878156	2	-0.0621967364369	96	-0.0604375147258	98	-0.0324387118098	68	0.186003782305	4	0.0782533924486	6	0.0468779354696	2	-0.275182503592	-0.224973515777	-0.287318777145	-0.196929111144	-0.228304568123
M08_DY_TO_L_ALL28:G808-E2169	M08_DY_TO_L_ALL28	ALL28	DY	L	G808-E2169	qot	ol	0	f115v	f115v	G808-P0647	f115v.8	8	6	S	B	3	3	EXACT	0.209862481769	13	0	0	0.0237035033322	72	0	0	0.0856639919906	85	0.0847740751847	85	0.0323828732806	68	-0.123856242737	4	-0.17867918841	6	-0.210968507336	1	0.233565985101	0.233565985101	0.242245355049	0.0548867966907	0.0225974777651
M08_DY_TO_L_ALL28:G808-E0193	M08_DY_TO_L_ALL28	ALL28	DY	L	G808-E0193	qot	ol	0	f19v	f19v	G808-P0063	f19v.3	3	4	H	A	1	2	EXACT	0.405922770566	15	0	0	0.140396756054	72	0	0	0.21649526284	87	0.215529650109	87	0.153525569744	68	-0.0828028894488	4	-0.336118832687	6	0.0687531768239	1	0.54631952662	0.54631952662	0.55944834031	0.210200693933	0.615072703444
M08_DY_TO_L_ALL28:G808-E0195	M08_DY_TO_L_ALL28	ALL28	DY	L	G808-E0195	qot	ol	0	f19v	f19v	G808-P0063	f19v.4	4	3	H	A	1	2	EXACT	0.405922770566	15	0	0	0.150919738683	72	0	0	0.225203938118	87	0.224238325388	87	0.162523325834	68	-0.0463510556602	4	0.0454587408599	6	-0.0729508553002	2	0.556842509249	0.556842509249	0.568446096399	0.602301250109	0.483891653948
M08_DY_TO_L_ALL28:G808-E0198	M08_DY_TO_L_ALL28	ALL28	DY	L	G808-E0198	qot	ol	0	f19v	f19v	G808-P0064	f19v.11	11	1	H	A	1	2	EXACT	0.351621265307	14	-0.033223727719	2	0.123834207634	72	0	0	0.187907163639	88	0.186941550909	88	0.126072310772	68	0.0857766415175	4	0.286969260548	6	-0.0102172609492	1	0.442231745222	0.442231745222	0.44446984836	0.72920100577	0.432014484273
M08_DY_TO_L_ALL28:G808-E0200	M08_DY_TO_L_ALL28	ALL28	DY	L	G808-E0200	qot	ol	0	f20r	f20r	G808-P0066	f20r.6	6	3	H	A	1	3	EXACT	0.00142942474909	6	-0.0170904935252	2	0.153730539396	72	0.253315000006	1	0.181330468159	80	0.181550761517	81	0.160341182358	68	0.041339870853	4	0.18385749478	6	0.198013899134	1	0.13806947062	0.391384470626	0.144680113581	0.3219269654	0.336083369754
M08_DY_TO_L_ALL28:G808-E0298	M08_DY_TO_L_ALL28	ALL28	DY	L	G808-E0298	qot	ol	0	f28v	f28v	G808-P0097	f28v.4	4	6	H	A	1	3	EXACT	0.473944243902	4	-0.508626910203	1	0.140341426031	72	-0.0595245251482	1	0.196158794534	77	0.192187126097	78	0.155469429615	68	-0.116844447682	4	-0.132063023838	6	-0.0663540747308	2	0.10565875973	0.0461342345816	0.120786763314	-0.0264042641083	0.0393046849989
M08_DY_TO_L_ALL28:G808-E0327	M08_DY_TO_L_ALL28	ALL28	DY	L	G808-E0327	qot	ol	0	f32r	f32r	G808-P0111	f32r.15	15	2	H	A	1	2	EXACT	0.381528898974	18	0	0	0.103252185052	72	-0.239483292281	1	0.185320174334	90	0.179919479273	91	0.108444674631	68	0.0149700494177	4	0.29797941547	6	-0.26585801864	1	0.484781084025	0.245297791744	0.489973573605	0.782760499496	0.218923065385
M08_DY_TO_L_ALL28:G808-E0365	M08_DY_TO_L_ALL28	ALL28	DY	L	G808-E0365	qot	ol	0	f36r	f36r	G808-P0125	f36r.7	7	1	H	A	1	2	EXACT	0.0646833336669	15	-0.170180298787	1	0.109017838681	72	0	0	0.128483284191	88	0.127517671461	88	0.110384390704	68	0.0857766415175	4	-0.0991613816765	6	0	0	0.00352087356167	0.00352087356167	0.00488742558424	-0.0956405081149	0.00352087356167
M08_DY_TO_L_ALL28:G808-E0378	M08_DY_TO_L_ALL28	ALL28	DY	L	G808-E0378	qot	ol	0	f37v	f37v	G808-P0131	f37v.5	5	2	H	A	1	2	EXACT	0.0340464760699	10	0	0	0.119881168267	72	0.432638927832	1	0.146875913352	82	0.149608782417	83	0.126051833329	68	0.0149700494177	4	0.29797941547	6	0.316009875578	1	0.153927644337	0.586566572168	0.160098309399	0.451907059807	0.469937519915
M08_DY_TO_L_ALL28:G808-E0381	M08_DY_TO_L_ALL28	ALL28	DY	L	G808-E0381	qot	ol	0	f37v	f37v	G808-P0133	f37v.22	22	1	H	A	1	1	EXACT	0.303123339624	8	0	0	0.194662757046	72	0	0	0.246078946273	80	0.245113333542	80	0.206196449889	68	-0.00141983406764	4	0.206566976191	6	0	0	0.49778609667	0.49778609667	0.509319789513	0.704353072861	0.49778609667
M08_DY_TO_L_ALL28:G808-E0024	M08_DY_TO_L_ALL28	ALL28	DY	L	G808-E0024	qot	eol	1	f3r	f3r	G808-P0008	f3r.19	19	6	H	A	1	3	EXACT	0.154724013821	8	-0.286784336331	1	0.110185248851	72	-0.294603941537	1	0.149018150283	81	0.142912962667	82	0.123467620978	68	-0.115624853607	4	0.179685099389	6	-0.298365342705	1	-0.021875073659	-0.316479015196	-0.00859270153224	0.15781002573	-0.320240416364
M08_DY_TO_L_ALL28:G808-E0415	M08_DY_TO_L_ALL28	ALL28	DY	L	G808-E0415	qot	eol	1	f41v	f41v	G808-P0147	f41v.5	5	7	H	B	5	3	EXACT	-0.0324812434435	24	-0.183113955557	2	-0.0441493731669	72	-0.119398264477	2	-0.0245034547877	98	-0.0269690083115	100	-0.0354633637196	68	-0.191821216155	4	0.230407259139	6	0.127600451617	2	-0.259744572167	-0.379142836644	-0.25105856272	-0.029337313028	-0.13214412055
M08_DY_TO_L_ALL28:G808-E0480	M08_DY_TO_L_ALL28	ALL28	DY	L	G808-E0480	qot	ol	0	f45v	f45v	G808-P0169	f45v.5	5	1	H	A	1	3	EXACT	0.438419944398	19	-0.216644407972	2	0.152204971889	72	0	0	0.227792786548	93	0.226827173818	93	0.156111943512	68	0.0857766415175	4	0.100008465495	6	0	0	0.373980508315	0.373980508315	0.377887479938	0.47398897381	0.373980508315
M08_DY_TO_L_ALL28:G808-E0514	M08_DY_TO_L_ALL28	ALL28	DY	L	G808-E0514	qot	ol	0	f47v	f47v	G808-P0178	f47v.4	4	1	H	A	1	2	EXACT	0.432413913528	16	0.782507893509	1	0.134644120321	72	-0.0384200248061	1	0.224335223161	89	0.22068578517	90	0.137518100675	68	0.0857766415175	4	0.072096837046	6	-0.0421655861293	1	1.34956592736	1.31114590255	1.35243990771	1.4216627644	1.30740034123
M08_DY_TO_L_ALL28:G808-E0525	M08_DY_TO_L_ALL28	ALL28	DY	L	G808-E0525	qot	ol	0	f48r	f48r	G808-P0180	f48r.6	6	6	H	B	5	3	EXACT	0.155251186317	34	0.55678948288	1	-0.0198427551778	72	0	0	0.0506760432589	107	0.0496893669812	107	-0.0136862032505	68	-0.124513719983	4	-0.249732000708	6	0	0	0.69219791402	0.69219791402	0.698354465947	0.442465913312	0.69219791402
M08_DY_TO_L_ALL28:G808-E0584	M08_DY_TO_L_ALL28	ALL28	DY	L	G808-E0584	qot	ol	0	f51v	f51v	G808-P0192	f51v.7	7	1	H	A	1	3	EXACT	0.313591517206	37	-0.167571972975	2	0.153610703871	72	0	0	0.208116390394	111	0.207131870172	111	0.158177847511	68	0.0759594492133	4	0.279420801397	6	0	0	0.299630248102	0.299630248102	0.304197391742	0.579051049499	0.299630248102
M08_DY_TO_L_ALL28:G808-E0675	M08_DY_TO_L_ALL28	ALL28	DY	L	G808-E0675	qot	ol	0	f66r	f66r	G808-P0218	f66r.73	73	3	T	B	5	3	EXACT	-0.115958484931	49	0.113232024372	3	-0.0111695408356	71	-0.167934563934	1	-0.0526875344616	123	-0.0544215831686	124	-0.0201862283693	67	0.139856702581	4	-0.117586296088	6	-0.170860319419	1	-0.0138960013951	-0.181830565329	-0.0229126889288	-0.131482297484	-0.184756320814
M08_DY_TO_L_ALL28:G808-E0834	M08_DY_TO_L_ALL28	ALL28	DY	L	G808-E0834	qot	ol	0	f77r	f77r	G808-P0241	f77r.15	15	3	B	B	2	2	EXACT	-0.367343270864	46	-0.406400852662	2	-0.108197782884	72	-0.0425540609484	2	-0.212625697012	120	-0.210423804787	122	-0.122468354082	68	0.134391870107	4	-0.365740331319	6	-0.515353989848	2	-0.88194190641	-0.924495967358	-0.896212477607	-1.24768223773	-1.39729589626
M08_DY_TO_L_ALL28:G808-E1009	M08_DY_TO_L_ALL28	ALL28	DY	L	G808-E1009	qot	ol	0	f80r	f80r	G808-P0266	f80r.18	18	8	B	B	2	3	EXACT	-0.443775456729	83	-0.382990344474	2	-0.114419919365	72	-0.180678866452	1	-0.312311435948	157	-0.312229094708	158	-0.114274032878	68	-0.116909937444	4	0.050483787916	6	-0.21284503617	2	-0.941185720568	-1.12186458702	-0.941039834081	-0.890701932653	-1.15403075674
M08_DY_TO_L_ALL28:G808-E1049	M08_DY_TO_L_ALL28	ALL28	DY	L	G808-E1049	qot	ol	0	f80v	f80v	G808-P0275	f80v.23	23	6	B	B	2	3	EXACT	-0.490632276958	10	-0.347588397864	2	-0.109419621039	72	-0.227272688826	1	-0.12281538929	84	-0.124849102721	85	-0.108591049763	68	-0.123515511922	4	0.153698049404	6	-0.230374035442	1	-0.947640295861	-1.17491298469	-0.946811724585	-0.793942246457	-1.1780143313
M08_DY_TO_L_ALL28:G808-E1050	M08_DY_TO_L_ALL28	ALL28	DY	L	G808-E1050	qot	ol	0	f80v	f80v	G808-P0275	f80v.24	24	5	B	B	2	3	EXACT	-0.490632276958	10	-0.0562968627389	3	-0.127360076226	72	0.116013424653	3	-0.130133871964	85	-0.122001837708	88	-0.126947442053	68	-0.134385036352	4	-0.0314405784426	6	0.104656066718	3	-0.674289215923	-0.55827579127	-0.673876581751	-0.705729794366	-0.569633149206
M08_DY_TO_L_ALL28:G808-E1127	M08_DY_TO_L_ALL28	ALL28	DY	L	G808-E1127	qot	ol	0	f82v	f82v	G808-P0286	f82v.6	6	3	B	B	2	2	EXACT	-0.314945325576	16	0.176205922053	1	-0.125257248281	72	0	0	-0.126836800062	89	-0.127884742555	89	-0.140173899399	68	0.128315729575	4	-0.406929673102	6	0	0	-0.263996651804	-0.263996651804	-0.278913302922	-0.670926324906	-0.263996651804
M08_DY_TO_L_ALL28:G808-E1239	M08_DY_TO_L_ALL28	ALL28	DY	L	G808-E1239	qot	ol	0	f85r1	f85r	G808-P0309	f85r1.29	29	9	T	B	2	3	EXACT	-0.0642746813639	9	-0.0117582905012	3	-0.0614839298823	72	-0.116453193825	2	-0.0201805469559	84	-0.0229247000605	86	-0.0587576508656	68	-0.107818787259	4	0.0490604691337	6	-0.118087916116	3	-0.137516901747	-0.253970095572	-0.134790622731	-0.0884564326137	-0.255604817864
M08_DY_TO_L_ALL28:G808-E1304	M08_DY_TO_L_ALL28	ALL28	DY	L	G808-E1304	qot	ol	0	f86v6	f86v	G808-P0328	f86v6.28	28	12	T	B	2	3	EXACT	-0.140996220122	42	-0.108969590118	7	-0.0974754065956	72	-0.0995484166044	1	-0.110576314212	121	-0.110910270885	122	-0.0923323509494	68	-0.184917759047	4	0.196364897153	6	-0.198886224387	2	-0.347441216835	-0.44698963344	-0.342298161189	-0.151076319683	-0.546327441222
M08_DY_TO_L_ALL28:G808-E1312	M08_DY_TO_L_ALL28	ALL28	DY	L	G808-E1312	qot	ol	0	f86v6	f86v	G808-P0329	f86v6.42	42	9	T	B	2	3	EXACT	-0.188535719649	72	0.075150390688	3	-0.0601614521916	72	-0.00521501792982	3	-0.136705975829	147	-0.134364945585	150	-0.0606875776745	68	-0.0512277254466	4	-0.000941606220029	6	-0.0104047995721	3	-0.173546781152	-0.178761799082	-0.174072906635	-0.174488387372	-0.183951580724
M08_DY_TO_L_ALL28:G808-E1367	M08_DY_TO_L_ALL28	ALL28	DY	L	G808-E1367	qot	ol	0	f89r1	f89r	G808-P0342	f89r1.22	22	7	P	A	1	3	EXACT	0.301523279163	20	-0.137892859556	2	0.136990716433	72	-0.128861112272	1	0.189477248983	94	0.185390935156	95	0.152428896959	68	-0.125468135297	4	-0.20207752321	6	-0.183941897534	1	0.30062113604	0.171760023767	0.316059316566	0.0985436128293	0.116679238506
M08_DY_TO_L_ALL28:G808-E0096	M08_DY_TO_L_ALL28	ALL28	DY	L	G808-E0096	qot	ol	0	f9r	f9r	G808-P0031	f9r.7	7	7	H	A	1	3	EXACT	0.305574480888	16	-0.285655123178	2	0.117910967631	72	0	0	0.171081042783	90	0.170115430053	90	0.131771538105	68	-0.117728543198	4	-0.182889315498	6	0	0	0.137830325341	0.137830325341	0.151690895814	-0.0450589901577	0.137830325341
M08_DY_TO_L_ALL28:G808-E1497	M08_DY_TO_L_ALL28	ALL28	DY	L	G808-E1497	sh	ol	0	f100r	f100r	G808-P0371	f100r.15	15	2	P	A	1	2	EXACT	0.385681283593	15	0	0	0.129960758182	71	-0.289162818731	1	0.203556135852	86	0.197480442601	87	0.125971546057	67	0.196777143895	4	0.0902448126471	6	-0.295240772208	1	0.515642041774	0.226479223044	0.51165282965	0.605886854422	0.220401269567
M08_DY_TO_L_ALL28:G808-E1516	M08_DY_TO_L_ALL28	ALL28	DY	L	G808-E1516	sh	eol	1	f102r1	f102r	G808-P0374	f102r1.5	5	2	P	A	1	2	EXACT	0.153176268156	5	-0.0669641947107	1	0.147090130239	72	0	0	0.18808163984	78	0.187296228421	78	0.144275034095	68	0.194936497926	4	-0.0609941467358	6	0	0	0.233302203684	0.233302203684	0.23048710754	0.172308056948	0.233302203684
M08_DY_TO_L_ALL28:G808-E1534	M08_DY_TO_L_ALL28	ALL28	DY	L	G808-E1534	sh	eol	1	f102v1	f102v	G808-P0378	f102v1.19	19	4	P	A	1	2	EXACT	0.411089728886	12	0	0	0.0907030813841	72	0	0	0.169800967045	84	0.169104537966	84	0.0954654619382	68	0.00973151937646	4	-0.201014306381	6	0.000693115922116	1	0.50179281027	0.50179281027	0.506555190824	0.30077850389	0.502485926192
M08_DY_TO_L_ALL28:G808-E1547	M08_DY_TO_L_ALL28	ALL28	DY	L	G808-E1547	sh	eol	1	f102v2	f102v	G808-P0380	f102v2.35	35	2	P	A	1	3	EXACT	0.170762320704	43	0.0337732867969	3	0.159606124122	72	0	0	0.162787340229	118	0.162090911151	118	0.157354273803	68	0.197876486964	4	0.00368585153436	6	0	0	0.364141731624	0.364141731624	0.361889881304	0.367827583158	0.364141731624
M08_DY_TO_L_ALL28:G808-E1567	M08_DY_TO_L_ALL28	ALL28	DY	L	G808-E1567	sh	ol	0	f103r	f103r	G808-P0387	f103r.23	23	5	S	B	3	2	EXACT	-0.437529951374	6	-0.112875040582	2	-0.0102889118989	72	0.000517147628744	1	-0.00247584793395	80	-0.00260774449138	81	-0.0113909432712	68	0.00843660471332	4	0.0449818523443	6	-0.00757834318796	1	-0.560693903854	-0.560176756225	-0.561795935226	-0.51571205151	-0.568272247042
M08_DY_TO_L_ALL28:G808-E1578	M08_DY_TO_L_ALL28	ALL28	DY	L	G808-E1578	sh	eol	1	f103r	f103r	G808-P0394	f103r.40	40	4	S	B	3	3	EXACT	-0.0323308743537	10	0.221645741994	3	-0.0072278814464	72	-0.163755966207	2	0.0339859169025	85	0.0293384825549	87	-0.00741088927258	68	-0.00412576511941	4	0.0825954664426	6	-0.120507884959	2	0.182086986194	0.018331019987	0.181903978368	0.264682452636	0.0615791012352
M08_DY_TO_L_ALL28:G808-E1580	M08_DY_TO_L_ALL28	ALL28	DY	L	G808-E1580	sh	ol	0	f103r	f103r	G808-P0396	f103r.45	45	3	S	B	3	3	EXACT	-0.316488727743	5	-0.274329130334	3	-0.006621080369	72	-0.0607734279167	1	0.00760696856872	80	0.00659391902304	81	-0.0152768612684	68	0.140518178202	4	-0.172603900033	6	-0.769018093032	2	-0.597438938446	-0.658212366363	-0.606094719346	-0.770042838479	-1.36645703148
M08_DY_TO_L_ALL28:G808-E1611	M08_DY_TO_L_ALL28	ALL28	DY	L	G808-E1611	sh	ol	0	f103v	f103v	G808-P0410	f103v.39	39	5	S	B	3	3	EXACT	-0.336446318489	13	-0.0723220895121	2	-0.022607261581	72	0	0	-0.0408543114951	87	-0.0422977016342	87	-0.0158889530831	68	-0.136814793565	4	0.030388709272	6	0	0	-0.431375669582	-0.431375669582	-0.424657361084	-0.40098696031	-0.431375669582
M08_DY_TO_L_ALL28:G808-E1615	M08_DY_TO_L_ALL28	ALL28	DY	L	G808-E1615	sh	ol	0	f103v	f103v	G808-P0411	f103v.46	46	2	S	B	3	3	EXACT	-0.652892865611	17	0.0078828743367	1	-0.035511332813	72	0.0194455727989	2	-0.126717408149	90	-0.124188811355	92	-0.0491198335256	68	0.195836891781	4	0.286355857413	6	0.0198235863026	2	-0.680521324088	-0.661075751289	-0.6941298248	-0.394165466675	-0.660697737785
M08_DY_TO_L_ALL28:G808-E1641	M08_DY_TO_L_ALL28	ALL28	DY	L	G808-E1641	sh	ol	0	f104v	f104v	G808-P0427	f104v.10	10	1	S	B	3	3	EXACT	-0.282119809947	21	0.24545745228	4	0.0104697717012	72	0.179934752609	2	-0.0217683198307	97	-0.017997207488	99	0.00603737312049	68	0.0858100123725	4	0.296223869947	6	0.174561812447	2	-0.0261925859659	0.153742166643	-0.0306249845466	0.270031283981	0.148369226481
M08_DY_TO_L_ALL28:G808-E1673	M08_DY_TO_L_ALL28	ALL28	DY	L	G808-E1673	sh	ol	0	f105r	f105r	G808-P0442	f105r.17	17	5	S	B	3	3	EXACT	0.174302219111	33	-0.14606150659	1	-0.0431239166494	70	0	0	0.0346820010908	104	0.0340738795265	104	-0.0382984049677	66	-0.122738468893	4	-0.287385326496	6	0	0	-0.0148832041284	-0.0148832041284	-0.0100576924468	-0.302268530625	-0.0148832041284
M08_DY_TO_L_ALL28:G808-E1713	M08_DY_TO_L_ALL28	ALL28	DY	L	G808-E1713	sh	eol	1	f106r	f106r	G808-P0459	f106r.7	7	5	S	B	3	2	EXACT	-0.0289826313487	21	0	0	0.00628460547306	72	0	0	0.0209775940519	93	0.0204144103809	93	0.015103887368	68	-0.143654479443	4	-0.00876363770085	6	0.430162555194	1	-0.0226980258756	-0.0226980258756	-0.0138787439806	-0.0314616635765	0.407464529318
M08_DY_TO_L_ALL28:G808-E1722	M08_DY_TO_L_ALL28	ALL28	DY	L	G808-E1722	sh	ol	0	f106r	f106r	G808-P0463	f106r.15	15	4	S	B	3	3	EXACT	-0.200983066009	12	-0.292164389447	1	-0.00122612118414	72	0	0	0.00110985665955	85	0.000546672988518	85	-0.00124789975314	68	-0.000867178212715	4	-0.221719030452	6	0	0	-0.49437357664	-0.49437357664	-0.494395355209	-0.716092607091	-0.49437357664
M08_DY_TO_L_ALL28:G808-E1746	M08_DY_TO_L_ALL28	ALL28	DY	L	G808-E1746	sh	ol	0	f106v	f106v	G808-P0474	f106v.7	7	5	S	B	3	3	EXACT	-0.0279333802735	10	0.215611707979	3	-0.027254072846	72	0	0	0.0167152095678	85	0.0162039117418	85	-0.0215569341832	68	-0.124116057566	4	0.180028897484	6	-0.143985136447	1	0.16042425486	0.16042425486	0.166121393522	0.340453152344	0.0164391184122
M08_DY_TO_L_ALL28:G808-E1750	M08_DY_TO_L_ALL28	ALL28	DY	L	G808-E1750	sh	eol	1	f106v	f106v	G808-P0480	f106v.25	25	2	S	B	3	2	EXACT	-0.274925075192	16	0	0	-0.011274579061	72	0	0	-0.0309392470339	88	-0.0314505448599	88	-0.0242514734825	68	0.209321998651	4	-0.0522300734054	6	0	0	-0.286199654253	-0.286199654253	-0.299176548675	-0.338429727658	-0.286199654253
M08_DY_TO_L_ALL28:G808-E1773	M08_DY_TO_L_ALL28	ALL28	DY	L	G808-E1773	sh	ol	0	f107r	f107r	G808-P0495	f107r.29	29	3	S	B	3	1	EXACT	-0.282982512383	11	0	0	0.0217872461991	72	-0.00093525992854	1	0.0163218165866	83	0.0158384592268	84	0.0116014302174	68	0.194935632026	4	0.365756840131	6	-0.00795093216333	1	-0.261195266184	-0.262130526112	-0.271381082166	0.104561573947	-0.269146198347
M08_DY_TO_L_ALL28:G808-E1774	M08_DY_TO_L_ALL28	ALL28	DY	L	G808-E1774	sh	eol	1	f107r	f107r	G808-P0496	f107r.31	31	2	S	B	3	3	EXACT	-0.263937700803	17	-0.351018074404	4	-0.0411771986481	72	0.0723226216102	2	-0.0689124437355	93	-0.0661241691358	95	-0.0549369029756	68	0.192727289056	4	0.261087290669	6	0.00549573159395	3	-0.656132973855	-0.583810352245	-0.669892678183	-0.395045683186	-0.650637242261
M08_DY_TO_L_ALL28:G808-E1783	M08_DY_TO_L_ALL28	ALL28	DY	L	G808-E1783	sh	ol	0	f107v	f107v	G808-P0502	f107v.3	3	5	S	B	3	3	EXACT	-0.0712517928036	20	-0.185100355923	3	-0.0646880887994	72	-0.0241454632913	1	-0.0477122182983	95	-0.0477661362087	96	-0.0603301975673	68	-0.138782709736	4	-0.0537383224751	6	-0.131294671853	1	-0.321040237526	-0.345185700817	-0.316682346294	-0.374778560001	-0.452334909379
M08_DY_TO_L_ALL28:G808-E1817	M08_DY_TO_L_ALL28	ALL28	DY	L	G808-E1817	sh	eol	1	f107v	f107v	G808-P0512	f107v.36	36	4	S	B	3	3	EXACT	0	0	0.083451431723	3	-0.0240774203733	72	0.581401319176	2	0.0294515129558	75	0.0436491961136	77	-0.0234438299403	68	-0.0348589277243	4	-0.117613322544	6	0.252542617928	3	0.0593740113497	0.640775330526	0.0600076017826	-0.058239311194	0.311916629278
M08_DY_TO_L_ALL28:G808-E1857	M08_DY_TO_L_ALL28	ALL28	DY	L	G808-E1857	sh	ol	0	f108r	f108r	G808-P0525	f108r.32	32	9	S	B	3	2	EXACT	-0.678617633321	5	-0.0268285621266	1	-0.0341754029068	72	0	0	-0.0268336661104	78	-0.0273575751632	78	-0.028452101216	68	-0.131482543862	4	-0.24157173648	6	0.709907628506	1	-0.739621598354	-0.739621598354	-0.733898296664	-0.981193334835	-0.0297139698487
M08_DY_TO_L_ALL28:G808-E1875	M08_DY_TO_L_ALL28	ALL28	DY	L	G808-E1875	sh	eol	1	f108r	f108r	G808-P0529	f108r.47	47	4	S	B	3	3	EXACT	-0.14328114037	13	-0.0220498650257	3	-0.0320356094508	72	0	0	-0.0131856171286	88	-0.0137095261814	88	-0.0347773004064	68	0.0145621245823	4	-0.322496898518	6	0	0	-0.197366614847	-0.197366614847	-0.200108305802	-0.519863513365	-0.197366614847
M08_DY_TO_L_ALL28:G808-E1899	M08_DY_TO_L_ALL28	ALL28	DY	L	G808-E1899	sh	ol	0	f108v	f108v	G808-P0536	f108v.21	21	2	S	B	3	3	EXACT	-0.203208636126	42	-0.0983231442297	1	-0.023784507876	72	-0.1566257075	1	-0.0871930685847	115	-0.0881819020153	116	-0.0366395394665	68	0.194739815531	4	0.00595261453929	6	-0.0473163785709	1	-0.325316288231	-0.481941995732	-0.338171319822	-0.319363673692	-0.372632666802
M08_DY_TO_L_ALL28:G808-E2032	M08_DY_TO_L_ALL28	ALL28	DY	L	G808-E2032	sh	ol	0	f113r	f113r	G808-P0579	f113r.12	12	5	S	B	3	3	EXACT	0.411694949847	6	-0.0255968888942	2	-0.0263122935547	72	0	0	0.0477836352701	80	0.0472334607655	80	-0.0190174413038	68	-0.150335461375	4	0.106615440189	6	0	0	0.359785767398	0.359785767398	0.367080619648	0.466401207586	0.359785767398
M08_DY_TO_L_ALL28:G808-E2038	M08_DY_TO_L_ALL28	ALL28	DY	L	G808-E2038	sh	ol	0	f113r	f113r	G808-P0581	f113r.17	17	3	S	B	3	3	EXACT	-0.333757095864	16	0.101825999871	3	-0.00150907223407	72	-0.615163726844	1	-0.0291631634838	91	-0.0359328694162	92	-0.00917507840141	68	0.128802353055	4	-0.12034825021	6	-0.616148938117	1	-0.233440168227	-0.848603895072	-0.241106174395	-0.353788418438	-0.849589106344
M08_DY_TO_L_ALL28:G808-E2040	M08_DY_TO_L_ALL28	ALL28	DY	L	G808-E2040	sh	ol	0	f113r	f113r	G808-P0582	f113r.21	21	2	S	B	3	3	EXACT	0.219512481075	4	-0.365531497133	1	-0.00785450699974	72	0	0	0.044158705888	77	0.0436085313833	77	-0.0191681188726	68	0.184466215284	4	0.0266607978242	6	0	0	-0.153873523059	-0.153873523059	-0.165187134932	-0.127212725235	-0.153873523059
M08_DY_TO_L_ALL28:G808-E2045	M08_DY_TO_L_ALL28	ALL28	DY	L	G808-E2045	sh	eol	1	f113r	f113r	G808-P0585	f113r.27	27	8	S	B	3	3	EXACT	-0.0150902307313	12	-1.14095061456	1	-0.0201161572851	72	0	0	0.000342316918245	85	-0.000207857586384	85	-0.0134445406218	68	-0.133544320116	4	-0.17314020622	6	-0.0986535547161	2	-1.17615700258	-1.17615700258	-1.16948538591	-1.3492972088	-1.27481055729
M08_DY_TO_L_ALL28:G808-E2056	M08_DY_TO_L_ALL28	ALL28	DY	L	G808-E2056	sh	eol	1	f113r	f113r	G808-P0591	f113r.47	47	2	S	B	3	3	EXACT	-0.0201147156253	32	-0.186741891408	5	-0.018335628134	72	0	0	-0.0155849237518	109	-0.0161350982565	109	-0.0302657765442	68	0.184466215284	4	0.183378316102	6	-0.11297818399	1	-0.225192235167	-0.225192235167	-0.237122383577	-0.0418139190648	-0.338170419157
M08_DY_TO_L_ALL28:G808-E2104	M08_DY_TO_L_ALL28	ALL28	DY	L	G808-E2104	sh	ol	0	f114r	f114r	G808-P0615	f114r.29	29	11	S	B	3	3	EXACT	-0.25141201018	20	-0.285696801589	3	-0.0540893373707	72	-0.00733901117725	1	-0.0797240765771	95	-0.0794277989862	96	-0.0510650152515	68	-0.105514018292	4	-0.151833098647	6	-0.000139379728504	2	-0.591198149139	-0.598537160316	-0.58817382702	-0.743031247786	-0.591337528867
M08_DY_TO_L_ALL28:G808-E2151	M08_DY_TO_L_ALL28	ALL28	DY	L	G808-E2151	sh	eol	1	f115r	f115r	G808-P0639	f115r.26	26	9	S	B	@	3	EXACT	-0.122094136263	10	-0.199336110827	2	-0.0180603768747	70	0.668400767222	1	0.00126092256229	82	0.00886581156112	83	-0.0130223223385	66	-0.101187448041	4	-0.0975464472987	6	0.661350862657	1	-0.339490623965	0.328910143257	-0.334452569429	-0.437037071264	0.321860238692
M08_DY_TO_L_ALL28:G808-E2160	M08_DY_TO_L_ALL28	ALL28	DY	L	G808-E2160	sh	eol	1	f115r	f115r	G808-P0644	f115r.43	43	3	S	B	@	3	EXACT	0.0338520062044	15	0	0	-0.010753470591	70	-0.254541140557	1	0.0269324085238	85	0.0232199162773	86	-0.0191703904209	66	0.128126535283	4	0.181198169141	6	0.0145136768301	2	0.0230985356134	-0.231442604943	0.0146816157835	0.204296704754	0.0376122124436
M08_DY_TO_L_ALL28:G808-E2168	M08_DY_TO_L_ALL28	ALL28	DY	L	G808-E2168	sh	eol	1	f115v	f115v	G808-P0647	f115v.8	8	2	S	B	3	3	EXACT	-0.044603442049	8	0.378981881606	1	0.0399242758793	72	0	0	0.074245794868	81	0.0738186105576	81	0.0290194529359	68	0.225295026934	4	-0.0418783488761	6	0	0	0.374302715436	0.374302715436	0.363397892493	0.33242436656	0.374302715436
M08_DY_TO_L_ALL28:G808-E0118	M08_DY_TO_L_ALL28	ALL28	DY	L	G808-E0118	sh	ol	0	f11v	f11v	G808-P0040	f11v.1	1	5	H	A	1	3	EXACT	0.365612890613	17	-0.228054265602	1	0.135505969009	72	0	0	0.20150780851	90	0.200929371274	90	0.150245240346	68	-0.115072132259	4	0.196387018015	6	0	0	0.273064594019	0.273064594019	0.287803865356	0.469451612034	0.273064594019
M08_DY_TO_L_ALL28:G808-E0119	M08_DY_TO_L_ALL28	ALL28	DY	L	G808-E0119	sh	ol	0	f11v	f11v	G808-P0040	f11v.2	2	1	H	A	1	3	EXACT	0.365612890613	17	-0.174139275366	3	0.116692828515	72	-0.1192288177	2	0.179426956591	92	0.172801751419	94	0.118681167643	68	0.0828805748075	4	0.26794484251	6	-0.150732267554	2	0.308166443762	0.188937626062	0.31015478289	0.576111286272	0.157434176208
M08_DY_TO_L_ALL28:G808-E0129	M08_DY_TO_L_ALL28	ALL28	DY	L	G808-E0129	sh	ol	0	f13v	f13v	G808-P0044	f13v.6	6	3	H	A	1	3	EXACT	0.150837365543	19	0	0	0.138703365163	72	-0.0703911116408	2	0.165604664412	91	0.160261967073	93	0.143978386443	68	0.049017514875	4	0.172607731382	6	-0.101894561495	2	0.289540730706	0.219149619065	0.294815751986	0.462148462088	0.187646169211
M08_DY_TO_L_ALL28:G808-E0140	M08_DY_TO_L_ALL28	ALL28	DY	L	G808-E0140	sh	ol	0	f15v	f15v	G808-P0049	f15v.4	4	3	H	A	1	2	EXACT	0.251013860907	28	0	0	0.129537427811	72	-0.149888353755	1	0.178336891529	100	0.174651844748	101	0.138973741721	68	-0.0308903971746	4	0.196387018015	6	-0.155966307232	1	0.380551288718	0.230662934963	0.389987602628	0.576938306733	0.224584981486
M08_DY_TO_L_ALL28:G808-E0141	M08_DY_TO_L_ALL28	ALL28	DY	L	G808-E0141	sh	ol	0	f15v	f15v	G808-P0049	f15v.8	8	6	H	A	1	2	EXACT	0.251013860907	28	0.0712659601889	1	0.100688547968	72	-0.0740905908116	1	0.15681266557	101	0.154112212892	102	0.109824078825	68	-0.0546259651438	4	0.239605639984	6	-0.20998354979	2	0.422968369063	0.348877778252	0.432103899921	0.662574009048	0.212984819273
M08_DY_TO_L_ALL28:G808-E0154	M08_DY_TO_L_ALL28	ALL28	DY	L	G808-E0154	sh	ol	0	f17r	f17r	G808-P0056	f17r.4	4	2	H	A	1	3	EXACT	1.17548753592	7	0	0	0.166185001408	72	0	0	0.296156452105	79	0.295578014869	79	0.164384846643	68	0.196777143895	4	-0.210553348673	6	0	0	1.34167253733	1.34167253733	1.33987238256	1.13111918865	1.34167253733
M08_DY_TO_L_ALL28:G808-E0165	M08_DY_TO_L_ALL28	ALL28	DY	L	G808-E0165	sh	ol	0	f17v	f17v	G808-P0058	f17v.9	9	2	H	A	1	1	EXACT	0.286641565676	59	-0.269571681205	1	0.186832968528	72	0	0	0.219985767525	132	0.219407330289	132	0.186150386508	68	0.19842637433	4	-0.19030445717	6	0	0	0.203902852999	0.203902852999	0.203220270979	0.013598395829	0.203902852999
M08_DY_TO_L_ALL28:G808-E0171	M08_DY_TO_L_ALL28	ALL28	DY	L	G808-E0171	sh	eol	1	f17v	f17v	G808-P0058	f17v.13	13	6	H	A	1	1	EXACT	0.286641565676	59	0	0	0.154396609019	72	0	0	0.205817035509	131	0.205238598273	131	0.162650821662	68	0.0140645055694	4	-0.00768104882294	6	0	0	0.441038174695	0.441038174695	0.449292387337	0.433357125872	0.441038174695
M08_DY_TO_L_ALL28:G808-E0202	M08_DY_TO_L_ALL28	ALL28	DY	L	G808-E0202	sh	ol	0	f20r	f20r	G808-P0066	f20r.7	7	7	H	A	1	2	EXACT	-0.00169931839043	8	-0.152761844458	1	0.166346480977	72	0.638904350557	1	0.184531401885	81	0.189663445283	82	0.1793630965	68	-0.0549463959716	4	-0.274099211551	6	0.63282290498	1	0.0118853181282	0.650789668685	0.0249019336518	-0.262213893423	0.644708223108
M08_DY_TO_L_ALL28:G808-E0206	M08_DY_TO_L_ALL28	ALL28	DY	L	G808-E0206	sh	ol	0	f20v	f20v	G808-P0068	f20v.4	4	4	H	A	1	2	EXACT	0.176183878427	8	0	0	0.151924967757	72	-0.0492894419443	2	0.19323952704	80	0.187092541829	82	0.156842224625	68	0.0683211124854	4	0.341802298088	6	-0.10459451547	3	0.328108846184	0.27881940424	0.333026103052	0.669911144273	0.223514330714
M08_DY_TO_L_ALL28:G808-E0207	M08_DY_TO_L_ALL28	ALL28	DY	L	G808-E0207	sh	ol	0	f20v	f20v	G808-P0069	f20v.5	5	4	H	A	1	3	EXACT	0.461344624491	27	-0.167139314422	1	0.105640344874	72	0	0	0.214550977658	100	0.21395497716	100	0.111941801317	68	-0.00149490317851	4	0.205195289656	6	0.00268437045897	1	0.399845654943	0.399845654943	0.406147111385	0.605040944598	0.402530025402
M08_DY_TO_L_ALL28:G808-E0223	M08_DY_TO_L_ALL28	ALL28	DY	L	G808-E0223	sh	ol	0	f22r	f22r	G808-P0074	f22r.1	1	4	H	A	1	3	EXACT	-0.0649599700402	5	-0.19603105487	2	0.15032853694	72	-0.0487123716468	1	0.170811378729	79	0.167669615629	80	0.159295021494	68	-0.00211218900415	4	0.0555240661325	6	-0.0547903251239	1	-0.11066248797	-0.159374859617	-0.101696003416	-0.0551384218376	-0.165452813094
M08_DY_TO_L_ALL28:G808-E0224	M08_DY_TO_L_ALL28	ALL28	DY	L	G808-E0224	sh	ol	0	f22r	f22r	G808-P0074	f22r.2	2	3	H	A	1	3	EXACT	-0.0649599700402	5	-0.156739606346	3	0.141288498023	72	-0.0189145853313	1	0.159691285831	80	0.157086327732	81	0.141713318924	68	0.134056054175	4	0.116125396785	6	-0.149885110467	2	-0.0804110783637	-0.099325663695	-0.0799862574625	0.0357143184215	-0.230296188831
M08_DY_TO_L_ALL28:G808-E0228	M08_DY_TO_L_ALL28	ALL28	DY	L	G808-E0228	sh	ol	0	f22r	f22r	G808-P0076	f22r.7	7	2	H	A	1	2	EXACT	0.320123486179	9	-0.368263519205	1	0.131463368509	72	0	0	0.183254735012	82	0.182676297776	82	0.127620764749	68	0.196777143895	4	-0.00499126950669	6	0	0	0.083323335483	0.083323335483	0.0794807317234	0.0783320659763	0.083323335483
M08_DY_TO_L_ALL28:G808-E0235	M08_DY_TO_L_ALL28	ALL28	DY	L	G808-E0235	sh	ol	0	f22v	f22v	G808-P0079	f22v.14	14	3	H	A	1	2	EXACT	0.680585047782	19	0	0	0.116470359495	72	-0.333720601814	1	0.258620373801	91	0.251760596409	92	0.116356683116	68	0.118392369418	4	0.341407549426	6	-0.339798555291	1	0.797055407277	0.463334805463	0.796941730897	1.1384629567	0.457256851986
M08_DY_TO_L_ALL28:G808-E0244	M08_DY_TO_L_ALL28	ALL28	DY	L	G808-E0244	sh	ol	0	f23v	f23v	G808-P0084	f23v.7	7	4	H	A	1	3	EXACT	-0.0234073682325	26	-0.14629316731	1	0.144771463715	71	0.375595993174	1	0.113514987959	98	0.115729870789	99	0.15354046284	67	-0.00211218900415	4	-0.148484684652	6	0.319758714098	1	-0.0249290718272	0.350666921347	-0.0161600727023	-0.173413756479	0.29482964227
M08_DY_TO_L_ALL28:G808-E0258	M08_DY_TO_L_ALL28	ALL28	DY	L	G808-E0258	sh	ol	0	f24v	f24v	G808-P0087	f24v.8	8	3	H	A	1	2	EXACT	0.0444987690275	16	0	0	0.1464987013	72	0	0	0.155950541843	88	0.155372104608	88	0.148151397968	68	0.118392369418	4	0.232468854967	6	0	0	0.190997470328	0.190997470328	0.192650166996	0.423466325294	0.190997470328
M08_DY_TO_L_ALL28:G808-E0264	M08_DY_TO_L_ALL28	ALL28	DY	L	G808-E0264	sh	ol	0	f25v	f25v	G808-P0089	f25v.4	4	3	H	A	1	2	EXACT	0.437087873683	21	-0.14629316731	1	0.155071173952	72	-0.333720601814	1	0.236821276036	94	0.230389320942	95	0.161309007514	68	0.049017514875	4	0.108663012006	6	-0.337371817531	2	0.445865880326	0.112145278512	0.452103713888	0.554528892332	0.108494062795
M08_DY_TO_L_ALL28:G808-E0282	M08_DY_TO_L_ALL28	ALL28	DY	L	G808-E0282	sh	ol	0	f27r	f27r	G808-P0093	f27r.2	2	3	H	A	1	3	EXACT	0.242593638422	19	-0.303420488728	1	0.128873675331	72	0.176717446583	2	0.171874771171	92	0.171706979822	94	0.128568212544	68	0.134056054175	4	-0.0595604629562	6	0.0317583525472	3	0.0680468250248	0.244764271608	0.0677413622382	0.00848636206867	0.0998051775721
M08_DY_TO_L_ALL28:G808-E0285	M08_DY_TO_L_ALL28	ALL28	DY	L	G808-E0285	sh	ol	0	f27r	f27r	G808-P0093	f27r.3	3	6	H	A	1	2	EXACT	0.242593638422	19	-0.250109348593	1	0.147935721076	72	0.375595993174	1	0.187372362843	92	0.188973294549	93	0.163503167855	68	-0.116721362694	4	-0.0371275987508	6	0.319758714098	1	0.140420010905	0.516016004079	0.155987457684	0.103292412154	0.460178725002
M08_DY_TO_L_ALL28:G808-E0294	M08_DY_TO_L_ALL28	ALL28	DY	L	G808-E0294	sh	ol	0	f28r	f28r	G808-P0095	f28r.8	8	6	H	A	1	2	EXACT	0.358871515203	25	-0.155096822454	1	0.135836505743	72	-0.113105204701	2	0.2074699779	98	0.200769190638	100	0.155392699388	68	-0.196629274744	4	-0.0142969833227	6	-0.0617459561997	2	0.339611198491	0.22650599379	0.359167392136	0.325314215169	0.277865242292
M08_DY_TO_L_ALL28:G808-E0299	M08_DY_TO_L_ALL28	ALL28	DY	L	G808-E0299	sh	eol	1	f28v	f28v	G808-P0097	f28v.4	4	7	H	A	1	3	EXACT	0.44987581314	4	0.31618624602	2	0.133708374163	72	0.375595993174	1	0.199080527232	78	0.200919471606	79	0.148341904627	68	-0.115072132259	4	-0.126427836257	6	0.319758714098	1	0.899770433323	1.2753664265	0.914403963787	0.773342597065	1.21952914742
M08_DY_TO_L_ALL28:G808-E0004	M08_DY_TO_L_ALL28	ALL28	DY	L	G808-E0004	sh	ol	0	f2r	f2r	G808-P0002	f2r.8	8	5	H	A	1	3	EXACT	0.230694358834	19	0	0	0.123363626965	72	0	0	0.170141166854	91	0.169562729618	91	0.137913859796	68	-0.124000819687	4	0.196387018015	6	0	0	0.354057985799	0.354057985799	0.368608218629	0.550445003814	0.354057985799
M08_DY_TO_L_ALL28:G808-E0006	M08_DY_TO_L_ALL28	ALL28	DY	L	G808-E0006	sh	ol	0	f2r	f2r	G808-P0002	f2r.10	10	3	H	A	1	3	EXACT	0.230694358834	19	-0.181539268561	1	0.143067942819	72	0.21940651414	2	0.181850664292	92	0.182378897931	94	0.143597436943	68	0.134056054175	4	-0.0240549690855	6	0.188448897863	2	0.192223033091	0.411629547231	0.192752527215	0.168168064005	0.380671930954
M08_DY_TO_L_ALL28:G808-E0009	M08_DY_TO_L_ALL28	ALL28	DY	L	G808-E0009	sh	ol	0	f2v	f2v	G808-P0003	f2v.2	2	4	H	A	1	3	EXACT	0.543853145977	15	-0.0101507086783	2	0.175463469108	72	0	0	0.26221583785	89	0.261637400614	89	0.185908479084	68	-0.00211218900415	4	0.172607731382	6	0	0	0.709165906407	0.709165906407	0.719610916382	0.881773637789	0.709165906407
M08_DY_TO_L_ALL28:G808-E0315	M08_DY_TO_L_ALL28	ALL28	DY	L	G808-E0315	sh	eol	1	f31r	f31r	G808-P0108	f31r.7	7	4	H	B	2	2	EXACT	-0.00452058619049	6	0	0	-0.0336916700693	72	0	0	0.0122585621463	78	0.0116595379112	78	-0.036134411403	68	0.00782437188156	4	-0.194202049299	6	-0.093513582801	1	-0.0382122562597	-0.0382122562597	-0.0406549975935	-0.232414305559	-0.131725839061
M08_DY_TO_L_ALL28:G808-E0340	M08_DY_TO_L_ALL28	ALL28	DY	L	G808-E0340	sh	ol	0	f33v	f33v	G808-P0116	f33v.9	9	7	H	B	2	3	EXACT	-0.153189421613	26	-0.14469221729	8	-0.0280714739639	72	-0.251012280186	2	-0.0512909372762	106	-0.0552956617875	108	-0.0224838753101	68	-0.123071172138	4	0.203718013916	6	-0.132914730553	3	-0.325953112867	-0.576965393053	-0.320365514214	-0.122235098952	-0.458867843421
M08_DY_TO_L_ALL28:G808-E0356	M08_DY_TO_L_ALL28	ALL28	DY	L	G808-E0356	sh	ol	0	f35r	f35r	G808-P0122	f35r.14	14	7	H	A	1	2	EXACT	0.0739299021822	23	-0.107676705356	1	0.110255752153	72	-0.0164358890778	2	0.119067250029	96	0.116018497328	98	0.120001047073	68	-0.0554247500075	4	0.00583875405284	6	0.0349233594237	2	0.0765089489795	0.0600730599018	0.0862542438992	0.0823477030324	0.111432308403
M08_DY_TO_L_ALL28:G808-E0357	M08_DY_TO_L_ALL28	ALL28	DY	L	G808-E0357	sh	ol	0	f35v	f35v	G808-P0123	f35v.6	6	1	H	A	1	2	EXACT	0.315338000452	38	0	0	0.153022215517	71	0	0	0.21516149412	109	0.214583056885	109	0.157111140466	67	0.0845298052429	4	0.222738895488	6	0	0	0.468360215969	0.468360215969	0.472449140918	0.691099111457	0.468360215969
M08_DY_TO_L_ALL28:G808-E0358	M08_DY_TO_L_ALL28	ALL28	DY	L	G808-E0358	sh	ol	0	f35v	f35v	G808-P0123	f35v.7	7	3	H	A	1	2	EXACT	0.315338000452	38	-0.494602417342	1	0.157067794164	72	0	0	0.211396489042	111	0.210818051806	111	0.163326062418	68	0.0506667453103	4	-0.0741324009975	6	0	0	-0.0221966227267	-0.0221966227267	-0.0159383544723	-0.0963290237242	-0.0221966227267
M08_DY_TO_L_ALL28:G808-E0374	M08_DY_TO_L_ALL28	ALL28	DY	L	G808-E0374	sh	ol	0	f37r	f37r	G808-P0129	f37r.6	6	2	H	A	1	2	EXACT	0.170359402585	7	-0.14629316731	1	0.140775144774	72	0	0	0.179936292453	80	0.179357855217	80	0.137480292559	68	0.196777143895	4	0.11402409928	6	0	0	0.164841380049	0.164841380049	0.161546527835	0.278865479329	0.164841380049
M08_DY_TO_L_ALL28:G808-E0389	M08_DY_TO_L_ALL28	ALL28	DY	L	G808-E0389	sh	ol	0	f39r	f39r	G808-P0137	f39r.9	9	2	H	B	2	2	EXACT	-0.291022616151	9	0	0	-0.035684814251	72	0.155476716223	1	-0.0264138575511	81	-0.0246129400201	82	-0.0494375643923	68	0.198101361017	4	-0.0346839451218	6	0.149546822359	1	-0.326707430402	-0.171230714179	-0.340460180544	-0.361391375524	-0.177160608043
M08_DY_TO_L_ALL28:G808-E0027	M08_DY_TO_L_ALL28	ALL28	DY	L	G808-E0027	sh	ol	0	f3v	f3v	G808-P0009	f3v.3	3	3	H	A	1	2	EXACT	0.0283614499803	17	0	0	0.15285214979	72	0	0	0.155833304481	89	0.155254867245	89	0.158959452519	68	0.049017514875	4	-0.126427836257	6	0	0	0.181213599771	0.181213599771	0.187320902499	0.0547857635135	0.181213599771
M08_DY_TO_L_ALL28:G808-E0404	M08_DY_TO_L_ALL28	ALL28	DY	L	G808-E0404	sh	ol	0	f40v	f40v	G808-P0144	f40v.16	16	1	H	B	2	3	EXACT	-0.21555597789	33	-0.249134535172	5	-0.032204416958	72	0	0	-0.0868642015701	110	-0.0874200150017	110	-0.0389892279454	68	0.0831268689949	4	-0.209145891288	6	-0.0290932555467	1	-0.49689493002	-0.49689493002	-0.503679741008	-0.706040821308	-0.525988185567
M08_DY_TO_L_ALL28:G808-E0418	M08_DY_TO_L_ALL28	ALL28	DY	L	G808-E0418	sh	ol	0	f42r	f42r	G808-P0149	f42r.8	8	5	H	A	1	2	EXACT	0.359764974187	9	-0.228054265602	1	0.12528925373	72	0	0	0.18389432503	82	0.183315887795	82	0.139427541816	68	-0.115072132259	4	-0.230333282673	6	0	0	0.256999962314	0.256999962314	0.2711382504	0.0266666796404	0.256999962314
M08_DY_TO_L_ALL28:G808-E0424	M08_DY_TO_L_ALL28	ALL28	DY	L	G808-E0424	sh	ol	0	f42r	f42r	G808-P0149	f42r.12	12	3	H	A	1	2	EXACT	0.359764974187	9	-0.034285029601	2	0.141151786052	72	0	0	0.197483911378	83	0.196905474142	83	0.146570832091	68	0.049017514875	4	-0.15020712289	6	0	0	0.466631730638	0.466631730638	0.472050776676	0.316424607748	0.466631730638
M08_DY_TO_L_ALL28:G808-E0425	M08_DY_TO_L_ALL28	ALL28	DY	L	G808-E0425	sh	ol	0	f42r	f42r	G808-P0150	f42r.17	17	2	H	A	1	2	EXACT	0.350143136595	14	0	0	0.151852105488	72	0.375595993174	1	0.214689637576	86	0.216126878925	87	0.149208839198	68	0.196777143895	4	0.286907513115	6	0.319758714098	1	0.501995242083	0.877591235257	0.499351975793	0.788902755198	0.821753956181
M08_DY_TO_L_ALL28:G808-E0428	M08_DY_TO_L_ALL28	ALL28	DY	L	G808-E0428	sh	ol	0	f42r	f42r	G808-P0150	f42r.23	23	2	H	A	1	1	EXACT	0.350143136595	14	0	0	0.19475421096	72	0	0	0.250607679366	86	0.25002924213	86	0.195984194506	68	0.173834002145	4	0.0239537824271	6	0	0	0.544897347555	0.544897347555	0.546127331101	0.568851129982	0.544897347555
M08_DY_TO_L_ALL28:G808-E0432	M08_DY_TO_L_ALL28	ALL28	DY	L	G808-E0432	sh	ol	0	f42v	f42v	G808-P0152	f42v.10	10	4	H	A	1	3	EXACT	0.244001361872	27	-0.172839774294	1	0.140875666197	71	0	0	0.181170229433	99	0.180591792197	99	0.149412080395	67	-0.00211218900415	4	0.0555240661325	6	0	0	0.212037253775	0.212037253775	0.220573667973	0.267561319907	0.212037253775
M08_DY_TO_L_ALL28:G808-E0436	M08_DY_TO_L_ALL28	ALL28	DY	L	G808-E0436	sh	ol	0	f43r	f43r	G808-P0153	f43r.1	1	7	H	B	2	3	EXACT	0.0565482707131	30	0.103256407679	1	-0.0515068187908	72	-0.329702116947	1	-0.00568361929609	103	-0.00922743899204	104	-0.0475053045726	68	-0.119543469202	4	0.0212090998518	6	-0.206122647321	1	0.108297859602	-0.221404257345	0.11229937382	0.129506959453	-0.0978247877197
M08_DY_TO_L_ALL28:G808-E0441	M08_DY_TO_L_ALL28	ALL28	DY	L	G808-E0441	sh	ol	0	f43r	f43r	G808-P0155	f43r.11	11	3	H	B	2	3	EXACT	-0.238562207553	11	-0.00588497711733	4	-0.0384659529196	72	0	0	-0.0287354097588	87	-0.029299840652	87	-0.0486570231444	68	0.134771332201	4	-0.0277173212655	6	0	0	-0.28291313759	-0.28291313759	-0.293104207815	-0.310630458856	-0.28291313759
M08_DY_TO_L_ALL28:G808-E0454	M08_DY_TO_L_ALL28	ALL28	DY	L	G808-E0454	sh	ol	0	f44r	f44r	G808-P0160	f44r.7	7	3	H	A	1	2	EXACT	-0.047186844037	13	0	0	0.153993034127	72	0	0	0.155107282689	85	0.154528845454	85	0.160070434144	68	0.0506667453103	4	0.199048008634	6	0	0	0.10680619009	0.10680619009	0.112883590107	0.305854198724	0.10680619009
M08_DY_TO_L_ALL28:G808-E0459	M08_DY_TO_L_ALL28	ALL28	DY	L	G808-E0459	sh	ol	0	f44v	f44v	G808-P0162	f44v.1	1	7	H	A	1	2	EXACT	0.724315535791	4	0	0	0.130872486417	72	0	0	0.207486798532	76	0.206908361296	76	0.145339199955	68	-0.115072132259	4	-0.312749209693	6	0	0	0.855188022208	0.855188022208	0.869654735746	0.542438812515	0.855188022208
M08_DY_TO_L_ALL28:G808-E0463	M08_DY_TO_L_ALL28	ALL28	DY	L	G808-E0463	sh	ol	0	f44v	f44v	G808-P0162	f44v.2	2	7	H	A	1	2	EXACT	0.724315535791	4	0	0	0.102943189254	72	0.483465998495	2	0.181027464378	76	0.188574571127	78	0.120564481929	68	-0.196629274744	4	-0.0442643837687	6	0.521449466349	2	0.827258725045	1.31072472354	0.84488001772	0.782994341277	1.34870819139
M08_DY_TO_L_ALL28:G808-E0466	M08_DY_TO_L_ALL28	ALL28	DY	L	G808-E0466	sh	ol	0	f44v	f44v	G808-P0163	f44v.5	5	2	H	A	1	3	EXACT	0.373659613187	11	0.756342140167	1	0.144813895293	72	0	0	0.216400997481	84	0.215822560245	84	0.141756616639	68	0.196777143895	4	0.169823847865	6	0	0	1.27481564865	1.27481564865	1.27175836999	1.44463949651	1.27481564865
M08_DY_TO_L_ALL28:G808-E0471	M08_DY_TO_L_ALL28	ALL28	DY	L	G808-E0471	sh	ol	0	f44v	f44v	G808-P0164	f44v.8	8	4	H	A	1	3	EXACT	0.200742745683	14	-0.368263519205	1	0.125848725177	72	-0.0823328085959	1	0.162545286383	87	0.159348435355	88	0.133375220803	68	-0.00211218900415	4	0.0709194497629	6	-0.088410762073	1	-0.0416720483451	-0.124004856941	-0.0341455527184	0.0292474014178	-0.130082810418
M08_DY_TO_L_ALL28:G808-E0487	M08_DY_TO_L_ALL28	ALL28	DY	L	G808-E0487	sh	ol	0	f46r	f46r	G808-P0171	f46r.7	7	2	H	B	2	3	EXACT	-0.187456595346	16	-0.226879235386	6	-0.0349345101797	72	0.251975631139	1	-0.0460171252028	94	-0.043308072177	95	-0.0485271948499	68	0.19613063326	4	-0.0409413260704	6	0.138771101473	1	-0.449270340912	-0.197294709773	-0.462863025582	-0.490211666982	-0.310499239439
M08_DY_TO_L_ALL28:G808-E0491	M08_DY_TO_L_ALL28	ALL28	DY	L	G808-E0491	sh	ol	0	f46r	f46r	G808-P0172	f46r.9	9	5	H	B	2	3	EXACT	0	0	0.144257199562	1	-0.0296525370333	72	0	0	0.025097777962	73	0.0245174767066	73	-0.0240120158316	68	-0.125551893415	4	-0.0605777646898	6	0	0	0.114604662529	0.114604662529	0.12024518373	0.0540268978389	0.114604662529
M08_DY_TO_L_ALL28:G808-E0492	M08_DY_TO_L_ALL28	ALL28	DY	L	G808-E0492	sh	eol	1	f46r	f46r	G808-P0172	f46r.10	10	9	H	B	2	3	EXACT	0	0	0	0	-0.0315485224447	72	0	0	0.0213999932801	72	0.0208196920248	72	-0.0341533036	68	0.0127222612427	4	0.24667469149	6	0	0	-0.0315485224447	-0.0315485224447	-0.0341533036	0.215126169046	-0.0315485224447
M08_DY_TO_L_ALL28:G808-E0493	M08_DY_TO_L_ALL28	ALL28	DY	L	G808-E0493	sh	ol	0	f46r	f46r	G808-P0173	f46r.13	13	3	H	B	2	3	EXACT	-0.0754107139973	16	-0.271307544154	2	-0.0257721536163	72	-0.166762022406	1	-0.0121867352714	90	-0.0143063704473	91	-0.0352135943284	68	0.134721842537	4	-0.0754039004436	6	0.524279447593	2	-0.372490411768	-0.539252434174	-0.38193185248	-0.447894312212	0.151789035825
M08_DY_TO_L_ALL28:G808-E0503	M08_DY_TO_L_ALL28	ALL28	DY	L	G808-E0503	sh	eol	1	f46v	f46v	G808-P0175	f46v.10	10	1	H	B	2	2	EXACT	-0.210094640939	28	0.195871490492	3	-0.0373777178919	72	-0.113089097474	1	-0.0630173073831	103	-0.0639342374987	104	-0.0445441940272	68	0.084441761325	4	0.179459869765	6	-0.156808498899	2	-0.0516008683384	-0.164689965813	-0.0587673444736	0.127859001427	-0.208409367237
M08_DY_TO_L_ALL28:G808-E0505	M08_DY_TO_L_ALL28	ALL28	DY	L	G808-E0505	sh	ol	0	f47r	f47r	G808-P0176	f47r.1	1	4	H	A	1	2	EXACT	0.337066537527	13	0	0	0.134297347944	72	-0.33974341289	2	0.197192042162	85	0.184602621621	87	0.146593083443	68	-0.0747406440611	4	0.172607731382	6	-0.345821366367	2	0.471363885471	0.131620472581	0.48365962097	0.643971616854	0.125542519104
M08_DY_TO_L_ALL28:G808-E0511	M08_DY_TO_L_ALL28	ALL28	DY	L	G808-E0511	sh	ol	0	f47v	f47v	G808-P0178	f47v.3	3	1	H	A	1	2	EXACT	0.558685294523	17	0.286982381447	1	0.133981453962	72	0	0	0.242480057734	90	0.241901620498	90	0.136986771058	68	0.0828805748075	4	0.0348877743459	6	0	0	0.979649129932	0.979649129932	0.982654447027	1.01453690428	0.979649129932
M08_DY_TO_L_ALL28:G808-E0527	M08_DY_TO_L_ALL28	ALL28	DY	L	G808-E0527	sh	ol	0	f48r	f48r	G808-P0180	f48r.8	8	2	H	B	5	2	EXACT	0.00689107444198	35	0	0	-0.0262782168911	72	0	0	-0.00691833334189	107	-0.00750474141769	107	-0.0392195683903	68	0.19371448385	4	-0.175622167279	6	0	0	-0.0193871424492	-0.0193871424492	-0.0323284939483	-0.195009309728	-0.0193871424492
M08_DY_TO_L_ALL28:G808-E0540	M08_DY_TO_L_ALL28	ALL28	DY	L	G808-E0540	sh	ol	0	f49r	f49r	G808-P0183	f49r.1	1	4	H	A	1	3	EXACT	0.531911634415	5	0	0	0.145022861107	72	0	0	0.213870434742	77	0.213291997506	77	0.153677247083	68	-0.00211218900415	4	0.116125396785	6	-0.148531097444	1	0.676934495522	0.676934495522	0.685588881498	0.793059892307	0.528403398078
M08_DY_TO_L_ALL28:G808-E0546	M08_DY_TO_L_ALL28	ALL28	DY	L	G808-E0546	sh	ol	0	f49r	f49r	G808-P0185	f49r.21	21	4	H	A	1	2	EXACT	0.0937064779845	23	0	0	0.136990413499	72	0	0	0.146396274845	95	0.145817837609	95	0.137050812835	68	0.135953136252	4	0.232970352961	6	0	0	0.230696891483	0.230696891483	0.230757290819	0.463667244444	0.230696891483
M08_DY_TO_L_ALL28:G808-E0547	M08_DY_TO_L_ALL28	ALL28	DY	L	G808-E0547	sh	ol	0	f49v	f49v	G808-P0186	f49v.2	2	2	H	A	1	2	EXACT	0.30159936748	23	0	0	0.16215528825	72	0	0	0.215800563692	95	0.215222126456	95	0.169820823966	68	0.0318306925449	4	0.241701566093	6	-0.0246669455313	1	0.46375465573	0.46375465573	0.471420191446	0.705456221822	0.439087710198
M08_DY_TO_L_ALL28:G808-E0548	M08_DY_TO_L_ALL28	ALL28	DY	L	G808-E0548	sh	ol	0	f49v	f49v	G808-P0186	f49v.10	10	1	H	A	1	1	EXACT	0.30159936748	23	0	0	0.185974817242	72	0	0	0.233853259349	95	0.233274822113	95	0.196739032886	68	0.00297266275795	4	0.291724129143	6	0	0	0.487574184722	0.487574184722	0.498338400366	0.779298313865	0.487574184722
M08_DY_TO_L_ALL28:G808-E0554	M08_DY_TO_L_ALL28	ALL28	DY	L	G808-E0554	sh	ol	0	f49v	f49v	G808-P0187	f49v.28	28	2	H	A	1	2	EXACT	0.306284605577	8	0	0	0.156489655826	72	0	0	0.210475783846	80	0.20989734661	80	0.154119186614	68	0.196777143895	4	-0.0341849029195	6	0	0	0.462774261403	0.462774261403	0.460403792191	0.428589358483	0.462774261403
M08_DY_TO_L_ALL28:G808-E0574	M08_DY_TO_L_ALL28	ALL28	DY	L	G808-E0574	sh	ol	0	f51r	f51r	G808-P0191	f51r.10	10	6	H	A	1	2	EXACT	0.269776203696	34	-0.317626857889	2	0.122561936412	72	0	0	0.170137985069	108	0.169478228197	108	0.133341958898	68	-0.0607075648203	4	-0.0024520948365	6	0	0	0.0747112822193	0.0747112822193	0.0854913047052	0.0722591873828	0.0747112822193
M08_DY_TO_L_ALL28:G808-E0594	M08_DY_TO_L_ALL28	ALL28	DY	L	G808-E0594	sh	eol	1	f52v	f52v	G808-P0194	f52v.3	3	7	H	A	1	2	EXACT	0.330794956728	15	0	0	0.100261775501	72	0	0	0.169271601047	87	0.168693163812	87	0.109419189442	68	-0.0554247500075	4	-0.0903459993055	6	0	0	0.43105673223	0.43105673223	0.44021414617	0.340710732924	0.43105673223
M08_DY_TO_L_ALL28:G808-E0605	M08_DY_TO_L_ALL28	ALL28	DY	L	G808-E0605	sh	ol	0	f53v	f53v	G808-P0197	f53v.2	2	5	H	A	1	3	EXACT	0.26371690802	30	0.249056987048	2	0.125980009787	72	0	0	0.180934887617	104	0.180388695324	104	0.140694662724	68	-0.124179578677	4	0.12757796269	6	0	0	0.638753904855	0.638753904855	0.653468557793	0.766331867545	0.638753904855
M08_DY_TO_L_ALL28:G808-E0627	M08_DY_TO_L_ALL28	ALL28	DY	L	G808-E0627	sh	ol	0	f56r	f56r	G808-P0204	f56r.9	9	3	H	A	1	1	EXACT	0.454678144988	25	0	0	0.166621344798	72	0	0	0.258645209846	97	0.25806677261	97	0.178239065589	68	-0.0308903971746	4	-0.296548370818	6	0	0	0.621299489786	0.621299489786	0.632917210577	0.324751118968	0.621299489786
M08_DY_TO_L_ALL28:G808-E0631	M08_DY_TO_L_ALL28	ALL28	DY	L	G808-E0631	sh	ol	0	f56v	f56v	G808-P0205	f56v.1	1	2	H	A	1	2	EXACT	0.228774963494	14	0	0	0.154366947428	72	-0.138850915211	1	0.197037477067	86	0.192764433957	87	0.151871613017	68	0.196777143895	4	0.251402019244	6	-0.144928868688	1	0.383141910922	0.244290995711	0.38064657651	0.634543930166	0.238213042234
M08_DY_TO_L_ALL28:G808-E0632	M08_DY_TO_L_ALL28	ALL28	DY	L	G808-E0632	sh	ol	0	f56v	f56v	G808-P0206	f56v.7	7	3	H	A	1	1	EXACT	0.229179574145	20	0	0	0.157779273326	72	0	0	0.196511686596	92	0.19593324936	92	0.168876872266	68	-0.0308903971746	4	-0.490673137807	6	0	0	0.386958847471	0.386958847471	0.398056446411	-0.103714290336	0.386958847471
M08_DY_TO_L_ALL28:G808-E0636	M08_DY_TO_L_ALL28	ALL28	DY	L	G808-E0636	sh	ol	0	f56v	f56v	G808-P0206	f56v.13	13	5	H	A	1	2	EXACT	0.229179574145	20	-0.150752499957	1	0.137777991662	72	-0.333720601814	1	0.177402944573	93	0.171540827921	94	0.149095254502	68	-0.0546259651438	4	0.232468854967	6	-0.339798555291	1	0.21620506585	-0.117515535965	0.227522328689	0.448673920816	-0.123593489442
M08_DY_TO_L_ALL28:G808-E0642	M08_DY_TO_L_ALL28	ALL28	DY	L	G808-E0642	sh	ol	0	f58r	f58r	G808-P0208	f58r.18	18	2	S	A	3	3	EXACT	-0.0743032071719	35	-0.264016998849	2	0.00278527946881	71	0	0	-0.0191031671757	108	-0.0197306958366	108	-0.0087987719755	67	0.19681605736	4	0.089696684843	6	0	0	-0.335534926552	-0.335534926552	-0.347118977996	-0.245838241709	-0.335534926552
M08_DY_TO_L_ALL28:G808-E0647	M08_DY_TO_L_ALL28	ALL28	DY	L	G808-E0647	sh	eol	1	f58r	f58r	G808-P0209	f58r.39	39	5	S	A	3	3	EXACT	-0.0385224010568	56	0	0	-0.000931406503438	71	0.0615682039647	1	-0.0247553320118	127	-0.0245861606834	128	0.00643293592633	67	-0.124286226003	4	0.055915583533	6	-0.0757643440681	1	-0.0394538075602	0.0221143964045	-0.0320894651305	0.0164617759728	-0.115218151628
M08_DY_TO_L_ALL28:G808-E0657	M08_DY_TO_L_ALL28	ALL28	DY	L	G808-E0657	sh	ol	0	f58v	f58v	G808-P0212	f58v.31	31	7	S	A	3	3	EXACT	-0.236184102057	22	-0.0489259192209	1	0.0047992398697	71	0.493997970018	3	-0.0310378278523	94	-0.0149511357651	97	0.0119347621811	67	-0.114723687258	4	0.137335889201	6	0.320690714722	4	-0.280310781408	0.21368718861	-0.273175259097	-0.142974892207	0.0403799333138
M08_DY_TO_L_ALL28:G808-E0670	M08_DY_TO_L_ALL28	ALL28	DY	L	G808-E0670	sh	eol	1	f66r	f66r	G808-P0216	f66r.64	64	2	T	B	5	3	EXACT	-0.557658508227	3	-0.18649100833	2	-0.0426382413069	71	0	0	-0.0204601775145	76	-0.0209105382898	76	-0.0570835412182	67	0.199317058377	4	0.167626590999	6	0	0	-0.786787757863	-0.786787757863	-0.801233057774	-0.619161166864	-0.786787757863
M08_DY_TO_L_ALL28:G808-E0679	M08_DY_TO_L_ALL28	ALL28	DY	L	G808-E0679	sh	eol	1	f66r	f66r	G808-P0218	f66r.76	76	2	T	B	5	2	EXACT	-0.190579936872	33	-0.131181055313	1	-0.0224737800139	71	-0.153695296831	1	-0.066719904626	105	-0.0678834907647	106	-0.0357152314898	67	0.199317058377	4	-0.235245484831	6	-0.0448430156621	1	-0.344234772199	-0.49793006903	-0.357476223675	-0.57948025703	-0.389077787861
M08_DY_TO_L_ALL28:G808-E0682	M08_DY_TO_L_ALL28	ALL28	DY	L	G808-E0682	sh	eol	1	f66r	f66r	G808-P0218	f66r.79	79	1	T	B	5	2	EXACT	-0.190579936872	33	-0.124001770438	1	-0.0430164408969	71	0	0	-0.0805422821291	105	-0.0809926429044	105	-0.0507287287155	67	0.0861609062329	4	-0.0148837610375	6	0	0	-0.357598148206	-0.357598148206	-0.365310436025	-0.372481909244	-0.357598148206
M08_DY_TO_L_ALL28:G808-E0048	M08_DY_TO_L_ALL28	ALL28	DY	L	G808-E0048	sh	ol	0	f6r	f6r	G808-P0018	f6r.1	1	3	H	A	1	3	EXACT	0.432738820935	35	0.255242790252	1	0.151227530895	71	0	0	0.252336167054	107	0.251757729818	107	0.152252519512	67	0.134056054175	4	-0.0542612229686	6	-0.118638173456	1	0.839209142082	0.839209142082	0.840234130699	0.784947919113	0.720570968626
M08_DY_TO_L_ALL28:G808-E0052	M08_DY_TO_L_ALL28	ALL28	DY	L	G808-E0052	sh	ol	0	f6r	f6r	G808-P0018	f6r.12	12	2	H	A	1	2	EXACT	0.432738820935	35	0	0	0.121380402722	71	-0.289162818731	1	0.23222016534	106	0.226904108452	107	0.116780469051	67	0.19842637433	4	0.310686799748	6	-0.295240772208	1	0.554119223657	0.264956404927	0.549519289987	0.864806023405	0.25887845145
M08_DY_TO_L_ALL28:G808-E0706	M08_DY_TO_L_ALL28	ALL28	DY	L	G808-E0706	sh	eol	1	f75r	f75r	G808-P0222	f75r.26	26	3	B	B	2	3	EXACT	-0.472376136111	75	0.0985525629533	1	-0.100284240324	72	-0.00192406804547	4	-0.302600614683	148	-0.294833089197	152	-0.10880536425	68	0.0445636289423	4	0.167026570883	6	-0.0295010794917	4	-0.474107813482	-0.476031881527	-0.482628937408	-0.307081242599	-0.503608892974
M08_DY_TO_L_ALL28:G808-E0743	M08_DY_TO_L_ALL28	ALL28	DY	L	G808-E0743	sh	ol	0	f76r	f76r	G808-P0231	f76r.3	3	9	T	B	2	3	EXACT	-0.379190257466	89	-0.097899107201	3	-0.0368403175178	69	-0.0206373705016	2	-0.245582214947	161	-0.242941224057	163	-0.0319677105994	65	-0.116011418026	4	-0.185063583622	6	-0.0360532532845	2	-0.513929682184	-0.534567052686	-0.509057075266	-0.698993265807	-0.549982935469
M08_DY_TO_L_ALL28:G808-E0776	M08_DY_TO_L_ALL28	ALL28	DY	L	G808-E0776	sh	ol	0	f76r	f76r	G808-P0233	f76r.49	49	4	T	B	2	3	EXACT	-0.175375636878	13	-0.0450507854844	3	-0.0790330529005	72	1.10587791555	1	-0.0674014136459	88	-0.0543421706558	89	-0.0839027115217	68	0.00374326216262	4	-0.0802350133096	6	1.09900868751	1	-0.299459475263	0.806418440286	-0.304329133884	-0.379694488572	0.799549212245
M08_DY_TO_L_ALL28:G808-E0832	M08_DY_TO_L_ALL28	ALL28	DY	L	G808-E0832	sh	ol	0	f77r	f77r	G808-P0241	f77r.13	13	4	B	B	2	2	EXACT	-0.344855235491	50	-0.318173848932	1	-0.127906302147	72	0	0	-0.220182813455	123	-0.22072347688	123	-0.135422744395	68	-0.000137530221113	4	-0.187152054884	6	0.0708361835646	2	-0.79093538657	-0.79093538657	-0.798451828818	-0.978087441454	-0.720099203005
M08_DY_TO_L_ALL28:G808-E0872	M08_DY_TO_L_ALL28	ALL28	DY	L	G808-E0872	sh	eol	1	f77v	f77v	G808-P0245	f77v.18	18	2	B	B	2	2	EXACT	-0.597916262519	23	0.133487203288	2	-0.0879587258319	72	-0.101804884109	2	-0.185226359632	97	-0.183944813375	99	-0.104475925871	68	0.192823013329	4	0.285833640983	6	-0.109413156848	2	-0.552387785062	-0.654192669172	-0.568904985102	-0.26655414408	-0.661800941911
M08_DY_TO_L_ALL28:G808-E0885	M08_DY_TO_L_ALL28	ALL28	DY	L	G808-E0885	sh	eol	1	f77v	f77v	G808-P0246	f77v.35	35	5	B	B	2	3	EXACT	-0.302196520576	31	0	0	-0.125865851594	72	-0.170731960262	3	-0.167329597478	103	-0.16765576732	106	-0.126455543199	68	-0.115851755815	4	0.203473636235	6	-0.0944668483096	4	-0.428062372169	-0.598794332431	-0.428652063774	-0.224588735934	-0.522529220479
M08_DY_TO_L_ALL28:G808-E0960	M08_DY_TO_L_ALL28	ALL28	DY	L	G808-E0960	sh	ol	0	f78v	f78v	G808-P0250	f78v.30	30	2	B	B	2	3	EXACT	-0.190115307819	25	-0.00689445324072	4	-0.141150681675	72	0	0	-0.13203988492	101	-0.132401412234	101	-0.160943451203	68	0.195315510611	4	0.106582116812	6	0	0	-0.338160442735	-0.338160442735	-0.357953212263	-0.231578325923	-0.338160442735
M08_DY_TO_L_ALL28:G808-E0961	M08_DY_TO_L_ALL28	ALL28	DY	L	G808-E0961	sh	eol	1	f78v	f78v	G808-P0250	f78v.32	32	3	B	B	2	2	EXACT	-0.190115307819	25	0	0	-0.129091781366	72	-0.061985848335	2	-0.128522278057	97	-0.127355657549	99	-0.139044020067	68	0.0400853868694	4	0.184898484252	6	-0.144563180185	2	-0.319207089185	-0.38119293752	-0.329159327887	-0.134308604933	-0.46377026937
M08_DY_TO_L_ALL28:G808-E0963	M08_DY_TO_L_ALL28	ALL28	DY	L	G808-E0963	sh	ol	0	f79r	f79r	G808-P0251	f79r.6	6	1	B	B	2	3	EXACT	-0.343975241106	23	-0.123670564699	3	-0.143325408166	72	-0.1255672338	2	-0.167920720123	98	-0.166857242495	100	-0.155567634219	68	0.0647662734465	4	0.232792654875	6	-0.149069200723	2	-0.610971213971	-0.736538447771	-0.623213440024	-0.378178559096	-0.760040414694
M08_DY_TO_L_ALL28:G808-E0969	M08_DY_TO_L_ALL28	ALL28	DY	L	G808-E0969	sh	eol	1	f79r	f79r	G808-P0253	f79r.15	15	10	B	B	2	3	EXACT	-0.314283443321	40	0.0833919296517	3	-0.137724804881	72	-0.0247492648366	2	-0.187215123015	115	-0.184190581936	117	-0.140886476437	68	-0.0840025497141	4	0.0454570006633	6	-0.063809778854	3	-0.36861631855	-0.393365583387	-0.371777990106	-0.323159317887	-0.432426097404
M08_DY_TO_L_ALL28:G808-E0975	M08_DY_TO_L_ALL28	ALL28	DY	L	G808-E0975	sh	ol	0	f79r	f79r	G808-P0255	f79r.26	26	7	B	B	2	2	EXACT	-0.332346627477	23	0	0	-0.094000436826	72	0	0	-0.128783061464	95	-0.128353720303	95	-0.094590086732	68	-0.0840025497141	4	-0.000676076106299	6	0	0	-0.426347064303	-0.426347064303	-0.426936714209	-0.427023140409	-0.426347064303
M08_DY_TO_L_ALL28:G808-E0977	M08_DY_TO_L_ALL28	ALL28	DY	L	G808-E0977	sh	eol	1	f79r	f79r	G808-P0256	f79r.31	31	3	B	B	2	3	EXACT	-0.268088383106	11	-0.481650958153	2	-0.138081414363	72	-0.0573112186432	1	-0.125679481779	85	-0.124578959221	86	-0.150838323672	68	0.0787598825919	4	0.237180421275	6	0.311544194874	1	-0.887820755622	-0.945131974266	-0.900577664931	-0.650640334347	-0.576276560748
M08_DY_TO_L_ALL28:G808-E0984	M08_DY_TO_L_ALL28	ALL28	DY	L	G808-E0984	sh	eol	1	f79r	f79r	G808-P0257	f79r.38	38	3	B	B	2	2	EXACT	-0.358260081349	5	0	0	-0.117435217487	72	-0.604017600393	1	-0.0850181893369	77	-0.0913791824584	78	-0.130033701536	68	0.0967128500602	4	0.221237633001	6	-0.61482593961	1	-0.475695298835	-1.07971289923	-0.488293782885	-0.254457665834	-1.09052123845
M08_DY_TO_L_ALL28:G808-E0064	M08_DY_TO_L_ALL28	ALL28	DY	L	G808-E0064	sh	ol	0	f7r	f7r	G808-P0022	f7r.7	7	7	H	A	1	2	EXACT	-0.0367964707316	11	0	0	0.141550901943	72	0.0459696849302	1	0.152467317596	83	0.15079221705	84	0.153186154775	68	-0.0562588478144	4	0.00553259449365	6	-0.0124248098221	1	0.104754431211	0.150724116142	0.116389684044	0.110287025705	0.0923296213892
M08_DY_TO_L_ALL28:G808-E0065	M08_DY_TO_L_ALL28	ALL28	DY	L	G808-E0065	sh	ol	0	f7r	f7r	G808-P0022	f7r.8	8	5	H	A	1	3	EXACT	-0.0367964707316	11	-0.0250252210515	1	0.1264866177	72	0	0	0.137568489166	84	0.136987935441	84	0.140661928562	68	-0.114504118574	4	0.196409476572	6	0	0	0.0646649259167	0.0646649259167	0.0788402367793	0.261074402488	0.0646649259167
M08_DY_TO_L_ALL28:G808-E0068	M08_DY_TO_L_ALL28	ALL28	DY	L	G808-E0068	sh	ol	0	f7v	f7v	G808-P0023	f7v.4	4	7	H	A	1	3	EXACT	0.0960257812159	17	-0.019820818241	1	0.153179021948	71	0	0	0.166604198176	89	0.16602576094	89	0.174062925191	67	-0.196629274744	4	-0.0542612229686	6	0	0	0.229383984923	0.229383984923	0.250267888166	0.175122761955	0.229383984923
M08_DY_TO_L_ALL28:G808-E1008	M08_DY_TO_L_ALL28	ALL28	DY	L	G808-E1008	sh	eol	1	f80r	f80r	G808-P0266	f80r.18	18	2	B	B	2	3	EXACT	-0.464594981734	73	-0.18071681831	4	-0.0921430525487	72	0.224994022715	1	-0.291449037997	149	-0.288418644317	150	-0.109134704717	68	0.19670442751	4	-0.0471316315415	6	0.218034384189	1	-0.737454852592	-0.512460829878	-0.75444650476	-0.784586484134	-0.519420468404
M08_DY_TO_L_ALL28:G808-E1125	M08_DY_TO_L_ALL28	ALL28	DY	L	G808-E1125	sh	ol	0	f82v	f82v	G808-P0286	f82v.5	5	5	B	B	2	3	EXACT	-0.174036788107	12	0.0245508868687	1	-0.125817669042	72	-0.0480348250151	1	-0.0973663215849	85	-0.0972742945626	86	-0.125843765727	68	-0.125384790903	4	-0.150076426478	6	-0.993059759932	1	-0.27530357028	-0.323338395295	-0.275329666965	-0.425379996758	-1.26836333021
M08_DY_TO_L_ALL28:G808-E1130	M08_DY_TO_L_ALL28	ALL28	DY	L	G808-E1130	sh	eol	1	f82v	f82v	G808-P0286	f82v.8	8	2	B	B	2	2	EXACT	-0.174036788107	12	0	0	-0.0997269939363	72	-0.0438143570342	2	-0.0765834715073	84	-0.0761024997904	86	-0.116871751266	68	0.191723115152	4	0.0329573522391	6	-0.11817350661	2	-0.273763782043	-0.317578139077	-0.290908539373	-0.240806429804	-0.391937288653
M08_DY_TO_L_ALL28:G808-E1135	M08_DY_TO_L_ALL28	ALL28	DY	L	G808-E1135	sh	ol	0	f82v	f82v	G808-P0287	f82v.12	12	2	B	B	2	3	EXACT	-0.512368698053	12	-0.126626433574	5	-0.115498186495	72	-0.221007032203	2	-0.137161714551	89	-0.13930760184	91	-0.133570661034	68	0.191723115152	4	0.0533448057708	6	-0.332157532621	3	-0.754493318122	-0.975500350325	-0.772565792661	-0.701148512351	-1.08665085074
M08_DY_TO_L_ALL28:G808-E1145	M08_DY_TO_L_ALL28	ALL28	DY	L	G808-E1145	sh	eol	1	f82v	f82v	G808-P0289	f82v.25	25	2	B	B	2	3	EXACT	-0.365434185329	21	0.297396596382	1	-0.13925252962	72	-0.0479297930108	1	-0.16288006308	94	-0.162170649467	95	-0.158722318461	68	0.191723115152	4	0.308478264559	6	-0.0531242835053	1	-0.207290118567	-0.255219911578	-0.226759907408	0.101188145992	-0.260414402073
M08_DY_TO_L_ALL28:G808-E1154	M08_DY_TO_L_ALL28	ALL28	DY	L	G808-E1154	sh	ol	0	f83r	f83r	G808-P0292	f83r.2	2	4	B	B	2	3	EXACT	-0.662768068777	16	-0.116563197341	4	-0.114896463709	72	-0.671505484376	1	-0.182481254233	92	-0.18820402864	93	-0.121069843242	68	-0.0099602898675	4	-0.130962575935	6	-0.349578770749	2	-0.894227729827	-1.5657332142	-0.90040110936	-1.02519030576	-1.24380650058
M08_DY_TO_L_ALL28:G808-E1193	M08_DY_TO_L_ALL28	ALL28	DY	L	G808-E1193	sh	eol	1	f83r	f83r	G808-P0296	f83r.43	43	2	B	B	2	1	EXACT	-0.212240635609	35	0	0	-0.0753558212743	72	-0.159229020815	1	-0.111341628241	107	-0.112274169207	108	-0.0917693032326	68	0.203662093799	4	-0.229335594511	6	-0.0493098675715	1	-0.287596456884	-0.446825477698	-0.304009938842	-0.516932051395	-0.336906324455
M08_DY_TO_L_ALL28:G808-E1208	M08_DY_TO_L_ALL28	ALL28	DY	L	G808-E1208	sh	eol	1	f83v	f83v	G808-P0300	f83v.17	17	4	B	B	2	3	EXACT	-0.483955075965	36	-0.120528156597	2	-0.120407681406	72	-0.670152321365	1	-0.231761665801	110	-0.236158101195	111	-0.127474481872	68	-0.000282597485425	4	0.202674541957	6	-0.676183669588	1	-0.724890913968	-1.39504323533	-0.731957714434	-0.522216372011	-1.40107458356
M08_DY_TO_L_ALL28:G808-E1211	M08_DY_TO_L_ALL28	ALL28	DY	L	G808-E1211	sh	eol	1	f83v	f83v	G808-P0301	f83v.23	23	4	B	B	2	2	EXACT	-0.362481628773	18	-0.276465566706	1	-0.10969959806	72	0.251764858839	1	-0.13609675804	91	-0.132301046736	92	-0.11615742643	68	7.29602229217e-05	4	0.195613250394	6	0.138589295131	1	-0.748646793539	-0.4968819347	-0.755104621909	-0.553033543144	-0.610057498407
M08_DY_TO_L_ALL28:G808-E1216	M08_DY_TO_L_ALL28	ALL28	DY	L	G808-E1216	sh	ol	0	f83v	f83v	G808-P0301	f83v.28	28	2	B	B	2	2	EXACT	-0.362481628773	18	-0.420689003437	1	-0.0572408531525	72	0.0490643208623	2	-0.0961758108245	91	-0.0933193748114	93	-0.072188005701	68	0.196850216159	4	0.287346577547	6	0.0430329726387	2	-0.840411485362	-0.7913471645	-0.855358637911	-0.553064907815	-0.797378512723
M08_DY_TO_L_ALL28:G808-E1271	M08_DY_TO_L_ALL28	ALL28	DY	L	G808-E1271	sh	eol	1	f86v5	f86v	G808-P0324	f86v5.23	23	6	T	B	2	3	EXACT	-0.00478844200614	38	-0.0319043976961	5	-0.0849181863712	72	-0.15176539368	2	-0.05032318988	115	-0.0521801426004	117	-0.0830083681502	68	-0.117396266962	4	-0.148006089322	6	-0.172771162844	2	-0.121611026073	-0.273376419753	-0.119701207852	-0.269617115395	-0.294382188917
M08_DY_TO_L_ALL28:G808-E1287	M08_DY_TO_L_ALL28	ALL28	DY	L	G808-E1287	sh	eol	1	f86v6	f86v	G808-P0326	f86v6.6	6	2	T	B	2	3	EXACT	-0.285038432963	51	0.103669222784	4	-0.0125365567003	71	-0.0878070964677	2	-0.123684452064	126	-0.123254937164	128	-0.0234313682356	67	0.169948073689	4	0.00765265347475	6	0.252839301839	2	-0.19390576688	-0.281712863348	-0.204800578415	-0.186253113405	0.0589335349592
M08_DY_TO_L_ALL28:G808-E1292	M08_DY_TO_L_ALL28	ALL28	DY	L	G808-E1292	sh	eol	1	f86v6	f86v	G808-P0326	f86v6.10	10	4	T	B	2	3	EXACT	-0.285038432963	51	0.0125181191548	2	-0.030764154614	72	0	0	-0.138016162619	125	-0.13823413929	125	-0.032331011878	68	-0.00413875196034	4	0.0806573812517	6	0	0	-0.303284468423	-0.303284468423	-0.304851325687	-0.222627087171	-0.303284468423
M08_DY_TO_L_ALL28:G808-E1294	M08_DY_TO_L_ALL28	ALL28	DY	L	G808-E1294	sh	ol	0	f86v6	f86v	G808-P0327	f86v6.15	15	1	T	B	2	3	EXACT	-0.134800993261	33	-0.205129814402	6	-0.105342644913	72	0	0	-0.109344020062	111	-0.109561996732	111	-0.111851777606	68	0.00530144001861	4	0.185626566992	6	0	0	-0.445273452576	-0.445273452576	-0.451782585269	-0.259646885585	-0.445273452576
M08_DY_TO_L_ALL28:G808-E1306	M08_DY_TO_L_ALL28	ALL28	DY	L	G808-E1306	sh	ol	0	f86v6	f86v	G808-P0328	f86v6.29	29	3	T	B	2	3	EXACT	-0.204596709488	46	0.00775148321843	2	-0.0932973496927	72	0.183017999087	1	-0.134876335177	120	-0.132421118135	121	-0.104981103129	68	0.105315287891	4	-0.0568641353452	6	0.174873490115	1	-0.290142575962	-0.107124576875	-0.301826329398	-0.347006711307	-0.115269085847
M08_DY_TO_L_ALL28:G808-E1317	M08_DY_TO_L_ALL28	ALL28	DY	L	G808-E1317	sh	ol	0	f87r	f87r	G808-P0331	f87r.11	11	5	H	A	1	2	EXACT	0.800262380811	11	0.0947029235034	1	0.12598666585	72	0	0	0.248864165213	84	0.24825868533	84	0.136837026171	68	-0.0584798841668	4	0.216401999224	6	0	0	1.02095197016	1.02095197016	1.03180233048	1.23735396939	1.02095197016
M08_DY_TO_L_ALL28:G808-E1319	M08_DY_TO_L_ALL28	ALL28	DY	L	G808-E1319	sh	ol	0	f87r	f87r	G808-P0331	f87r.14	14	2	H	A	1	2	EXACT	0.800262380811	11	0	0	0.169484610049	72	-0.049100084978	1	0.28829840477	83	0.283856115541	84	0.167333775376	68	0.206038374925	4	0.0789746515806	6	0.107044914128	1	0.96974699086	0.920646905882	0.967596156187	1.04872164244	1.07679190499
M08_DY_TO_L_ALL28:G808-E1324	M08_DY_TO_L_ALL28	ALL28	DY	L	G808-E1324	sh	eol	1	f87v	f87v	G808-P0332	f87v.8	8	6	H	A	1	2	EXACT	0.426275405246	19	0	0	0.11368648714	72	0	0	0.204034041818	91	0.203390903603	91	0.120217374719	68	0.00265090978223	4	0.19746485909	6	0	0	0.539961892387	0.539961892387	0.546492779965	0.737426751477	0.539961892387
M08_DY_TO_L_ALL28:G808-E1357	M08_DY_TO_L_ALL28	ALL28	DY	L	G808-E1357	sh	eol	1	f88v	f88v	G808-P0339	f88v.23	23	4	P	A	1	3	EXACT	0.0330964593546	17	-0.0195720317588	1	0.144539227363	72	-0.312347643021	1	0.142245249794	90	0.135992903469	91	0.154944920264	68	-0.0323531363797	4	0.00531300674316	6	-0.20956878112	2	0.158063654959	-0.154283988062	0.16846934786	0.163376661702	-0.0515051261612
M08_DY_TO_L_ALL28:G808-E1364	M08_DY_TO_L_ALL28	ALL28	DY	L	G808-E1364	sh	eol	1	f89r1	f89r	G808-P0341	f89r1.15	15	3	P	A	1	2	EXACT	-0.0242117854931	15	-0.0673438693364	1	0.10781650271	72	-0.0775300870451	1	0.111731451272	88	0.109207330384	89	0.111234063779	68	0.049707728648	4	-0.0365619440854	6	-0.0833552438613	1	0.0162608478809	-0.0612692391642	0.019678408949	-0.0203010962045	-0.0670943959804
M08_DY_TO_L_ALL28:G808-E1379	M08_DY_TO_L_ALL28	ALL28	DY	L	G808-E1379	sh	ol	0	f89v1	f89v	G808-P0344	f89v1.17	17	2	P	A	1	2	EXACT	0.107342906637	32	0	0	0.132445180699	72	0	0	0.135938642692	104	0.135146830216	104	0.130889142505	68	0.158887559854	4	-0.243983354322	6	0	0	0.239788087337	0.239788087337	0.238232049142	-0.004195266985	0.239788087337
M08_DY_TO_L_ALL28:G808-E0070	M08_DY_TO_L_ALL28	ALL28	DY	L	G808-E0070	sh	ol	0	f8r	f8r	G808-P0026	f8r.11	11	1	H	A	1	3	EXACT	0.373982875851	10	-0.187334071555	2	0.127986739083	72	0.375595993174	1	0.1852027494	84	0.187034323047	85	0.130639425892	68	0.0828805748075	4	0.15086117726	6	0.319758714098	1	0.314635543379	0.690231536553	0.317288230188	0.46549672064	0.634394257477
M08_DY_TO_L_ALL28:G808-E0071	M08_DY_TO_L_ALL28	ALL28	DY	L	G808-E0071	sh	ol	0	f8r	f8r	G808-P0027	f8r.14	14	3	H	A	1	3	EXACT	0.161763146809	25	-0.250109348593	1	0.137210723352	71	0	0	0.156892850898	97	0.156314413663	97	0.137398887639	67	0.134056054175	4	0.152736553353	6	-0.0562665279881	1	0.048864521568	0.048864521568	0.0490526858546	0.201601074921	-0.00740200642009
M08_DY_TO_L_ALL28:G808-E0076	M08_DY_TO_L_ALL28	ALL28	DY	L	G808-E0076	sh	ol	0	f8v	f8v	G808-P0028	f8v.1	1	4	H	A	1	2	EXACT	0.258533212907	17	-0.181539268561	1	0.129374589365	72	0	0	0.176893376752	90	0.176314939516	90	0.137108488768	68	-0.00211218900415	4	-0.216803309772	6	0	0	0.206368533711	0.206368533711	0.214102433113	-0.0104347760612	0.206368533711
M08_DY_TO_L_ALL28:G808-E0079	M08_DY_TO_L_ALL28	ALL28	DY	L	G808-E0079	sh	ol	0	f8v	f8v	G808-P0028	f8v.3	3	6	H	A	1	3	EXACT	0.258533212907	17	0	0	0.105090788211	72	0	0	0.161160292527	89	0.160581855291	89	0.118040931267	68	-0.115072132259	4	0.172607731382	6	0	0	0.363624001118	0.363624001118	0.376574144174	0.536231732501	0.363624001118
M08_DY_TO_L_ALL28:G808-E0081	M08_DY_TO_L_ALL28	ALL28	DY	L	G808-E0081	sh	ol	0	f8v	f8v	G808-P0028	f8v.4	4	2	H	A	1	2	EXACT	0.258533212907	17	0.286982381447	1	0.133491369905	72	0	0	0.185392597295	90	0.184814160059	90	0.129768060345	68	0.196777143895	4	-0.214083743803	6	0	0	0.679006964259	0.679006964259	0.675283654699	0.464923220457	0.679006964259
M08_DY_TO_L_ALL28:G808-E0084	M08_DY_TO_L_ALL28	ALL28	DY	L	G808-E0084	sh	ol	0	f8v	f8v	G808-P0028	f8v.9	9	1	H	A	1	2	EXACT	0.258533212907	17	0	0	0.138797298886	72	0	0	0.188428480938	89	0.187850043702	89	0.142085900977	68	0.0828805748075	4	0.0712821420424	6	0	0	0.397330511793	0.397330511793	0.400619113884	0.468612653836	0.397330511793
M08_DY_TO_L_ALL28:G808-E0087	M08_DY_TO_L_ALL28	ALL28	DY	L	G808-E0087	sh	ol	0	f8v	f8v	G808-P0029	f8v.14	14	4	H	A	1	2	EXACT	0.077565344927	21	0	0	0.134822242995	72	0	0	0.143971543265	93	0.143393106029	93	0.142876592611	68	-0.00211218900415	4	-0.192473385968	6	0	0	0.212387587922	0.212387587922	0.220441937538	0.0199142019538	0.212387587922
M08_DY_TO_L_ALL28:G808-E1388	M08_DY_TO_L_ALL28	ALL28	DY	L	G808-E1388	sh	eol	1	f90r1	f90r	G808-P0345	f90r1.8	8	2	H	A	1	3	EXACT	0.38132176435	21	-0.130071855722	2	0.149029770934	71	0	0	0.216489694379	94	0.215911257143	94	0.146179007331	67	0.196777143895	4	0.310686799748	6	0	0	0.400279679561	0.400279679561	0.397428915959	0.710966479309	0.400279679561
M08_DY_TO_L_ALL28:G808-E1393	M08_DY_TO_L_ALL28	ALL28	DY	L	G808-E1393	sh	ol	0	f93r	f93r	G808-P0346	f93r.7	7	2	H	A	1	2	EXACT	0.273232528265	44	0	0	0.130366915185	72	0	0	0.182222928952	116	0.180097099811	116	0.127676270533	68	0.176112311295	4	0.217528465479	6	0	0	0.40359944345	0.40359944345	0.400908798797	0.621127908929	0.40359944345
M08_DY_TO_L_ALL28:G808-E1400	M08_DY_TO_L_ALL28	ALL28	DY	L	G808-E1400	sh	ol	0	f93r	f93r	G808-P0346	f93r.19	19	2	H	A	1	2	EXACT	0.273232528265	44	0	0	0.089201323488	72	0	0	0.156671872036	116	0.154546042895	116	0.0956894497788	68	-0.0210923864468	4	0.268278064588	6	0	0	0.362433851753	0.362433851753	0.368921978043	0.630711916341	0.362433851753
M08_DY_TO_L_ALL28:G808-E1402	M08_DY_TO_L_ALL28	ALL28	DY	L	G808-E1402	sh	ol	0	f93r	f93r	G808-P0346	f93r.21	21	2	H	A	1	1	EXACT	0.273232528265	44	0	0	0.11522486027	72	-0.190704645535	2	0.172824412108	116	0.165420426264	118	0.123243782842	68	-0.0210923864468	4	0.00340153661291	6	-0.197004237277	2	0.388457388534	0.197752742999	0.396476311106	0.391858925147	0.191453151257
M08_DY_TO_L_ALL28:G808-E1408	M08_DY_TO_L_ALL28	ALL28	DY	L	G808-E1408	sh	ol	0	f93v	f93v	G808-P0347	f93v.4	4	2	H	A	1	2	EXACT	0.310815802417	30	0.0912900435926	1	0.132576149632	71	0	0	0.196971563835	102	0.196391423791	102	0.129729293336	67	0.180257544039	4	0.0850407906989	6	0	0	0.534681995642	0.534681995642	0.531835139346	0.61972278634	0.534681995642
M08_DY_TO_L_ALL28:G808-E1413	M08_DY_TO_L_ALL28	ALL28	DY	L	G808-E1413	sh	eol	1	f93v	f93v	G808-P0347	f93v.8	8	4	H	A	1	3	EXACT	0.310815802417	30	0	0	0.117804156648	71	0	0	0.187538345269	101	0.186958205225	101	0.124448803541	67	0.00650287264877	4	-0.14546094929	6	0	0	0.428619959065	0.428619959065	0.435264605958	0.283159009775	0.428619959065
M08_DY_TO_L_ALL28:G808-E1433	M08_DY_TO_L_ALL28	ALL28	DY	L	G808-E1433	sh	ol	0	f95r2	f95r	G808-P0355	f95r2.6	6	4	H	B	3	3	EXACT	-0.475499615466	16	-0.00790815091577	5	-0.0379626886308	72	-0.151646578168	3	-0.0841220059756	93	-0.0863599378436	96	-0.0397878239258	68	-0.00694597773078	4	0.12159943797	6	-0.170598666161	3	-0.521370455012	-0.673017033181	-0.523195590307	-0.399771017042	-0.691969121174
M08_DY_TO_L_ALL28:G808-E1441	M08_DY_TO_L_ALL28	ALL28	DY	L	G808-E1441	sh	eol	1	f96r	f96r	G808-P0361	f96r.2	2	3	H	A	1	2	EXACT	0.446861331167	30	0	0	0.13240823868	72	0	0	0.237751713837	102	0.237133547723	102	0.13761859081	68	0.0438222630927	4	-0.221264873235	6	0	0	0.579269569847	0.579269569847	0.584479921976	0.358004696612	0.579269569847
M08_DY_TO_L_ALL28:G808-E1446	M08_DY_TO_L_ALL28	ALL28	DY	L	G808-E1446	sh	eol	1	f96r	f96r	G808-P0361	f96r.8	8	3	H	A	1	2	EXACT	0.446861331167	30	-0.494602417342	1	0.133972825544	72	0	0	0.231837663999	103	0.231219497885	103	0.140124580556	68	0.0293830009589	4	-0.0550555426194	6	0	0	0.0862317393681	0.0862317393681	0.0923834943803	0.0311761967488	0.0862317393681
M08_DY_TO_L_ALL28:G808-E1458	M08_DY_TO_L_ALL28	ALL28	DY	L	G808-E1458	sh	eol	1	f99r	f99r	G808-P0364	f99r.28	28	8	P	A	1	3	EXACT	-0.000831916233341	5	-0.0244255185956	1	0.132692900241	72	0	0	0.164794857927	78	0.164304201897	78	0.143225960309	68	-0.0463795085646	4	-0.12473697254	6	0	0	0.107435465412	0.107435465412	0.117968525481	-0.0173015071281	0.107435465412
M08_DY_TO_L_ALL28:G808-E1465	M08_DY_TO_L_ALL28	ALL28	DY	L	G808-E1465	sh	eol	1	f99r	f99r	G808-P0364	f99r.31	31	4	P	A	1	2	EXACT	-0.000831916233341	5	0	0	0.135201965518	72	-0.135799626108	1	0.169486616295	77	0.165239816167	78	0.142481362841	68	0.0114418233769	4	-0.180934512442	6	-0.0569861629825	2	0.134370049285	-0.0014295768238	0.141649446608	-0.0465644631571	0.0773838863022
M08_DY_TO_L_ALL28:G808-E1469	M08_DY_TO_L_ALL28	ALL28	DY	L	G808-E1469	sh	eol	1	f99r	f99r	G808-P0365	f99r.42	42	2	P	A	1	3	EXACT	0.145016756556	20	0.0957108121956	2	0.138051093313	72	0	0	0.161277453205	94	0.160786797175	94	0.135035735858	68	0.18930178239	4	0.170361537725	6	0	0	0.378778662065	0.378778662065	0.37576330461	0.54914019979	0.378778662065
M08_DY_TO_L_ALL28:G808-E1490	M08_DY_TO_L_ALL28	ALL28	DY	L	G808-E1490	sh	ol	0	f99v	f99v	G808-P0370	f99v.39	39	2	P	A	1	2	EXACT	0.0604972772807	10	0	0	0.136512642836	72	0	0	0.163295381228	82	0.162716943992	82	0.132967055213	68	0.196777143895	4	0.0291730558298	6	0	0	0.197009920117	0.197009920117	0.193464332494	0.226182975947	0.197009920117
M08_DY_TO_L_ALL28:G808-E0092	M08_DY_TO_L_ALL28	ALL28	DY	L	G808-E0092	sh	ol	0	f9r	f9r	G808-P0030	f9r.5	5	6	H	A	1	3	EXACT	0.263027963706	20	0.0177847545787	3	0.127251885559	72	0	0	0.175180586077	95	0.174602148841	95	0.141602636131	68	-0.116721362694	4	-0.0304819363359	6	0	0	0.408064603844	0.408064603844	0.422415354416	0.377582667508	0.408064603844
M08_DY_TO_L_ALL28:G808-E0097	M08_DY_TO_L_ALL28	ALL28	DY	L	G808-E0097	sh	ol	0	f9v	f9v	G808-P0032	f9v.1	1	8	H	A	1	3	EXACT	0.178565439971	15	0.589990305295	1	0.0907216137056	72	0.378273026953	1	0.140616506859	88	0.142937511005	89	0.1064208435	68	-0.176175781324	4	0.048078489582	6	0.320301708442	1	0.859277358972	1.23755038592	0.874976588766	0.907355848554	1.17957906741
M08_DY_TO_L_ALL28:G808-E1623	M08_DY_TO_L_ALL28	ALL28	DY	L	G808-E1623	t	ol	0	f104r	f104r	G808-P0414	f104r.10	10	1	S	B	3	3	EXACT	-0.418442584181	4	-0.248777553471	2	-0.0457053544797	72	0	0	-0.0253705856381	78	-0.0264822620561	78	-0.0525423896407	68	0.0705143349566	4	0.00605403051337	6	0	0	-0.712925492131	-0.712925492131	-0.719762527292	-0.706871461618	-0.712925492131
M08_DY_TO_L_ALL28:G808-E1679	M08_DY_TO_L_ALL28	ALL28	DY	L	G808-E1679	t	eol	1	f105r	f105r	G808-P0442	f105r.20	20	4	S	B	3	3	EXACT	0.0680410386787	28	-0.397116944645	2	-0.0515901235134	71	0.133000006656	1	-0.00967080995511	101	-0.0090891720927	102	-0.0592526441828	67	0.0767527792343	4	0.245644991071	6	0.0261832128432	2	-0.380666029479	-0.247666022823	-0.388328550149	-0.135021038408	-0.354482816636
M08_DY_TO_L_ALL28:G808-E2022	M08_DY_TO_L_ALL28	ALL28	DY	L	G808-E2022	t	eol	1	f112v	f112v	G808-P0574	f112v.44	44	5	S	B	3	3	EXACT	-0.281195530034	10	-0.057689707602	1	-0.0351003242201	72	-0.000275896542131	1	-0.0197379294467	83	-0.0194653882968	84	-0.0291918765956	68	-0.13556904781	4	-0.206123337299	6	-0.0121546853003	1	-0.373985561856	-0.374261458399	-0.368077114232	-0.580108899156	-0.386140247157
M08_DY_TO_L_ALL28:G808-E2043	M08_DY_TO_L_ALL28	ALL28	DY	L	G808-E2043	t	ol	0	f113r	f113r	G808-P0584	f113r.26	26	1	S	B	3	3	EXACT	0.575978368354	2	-0.144302201736	2	-0.00982480373233	72	0	0	0.0499625871885	76	0.0489647930045	76	-0.0153441734485	68	0.0839943216238	4	0.154556746882	6	0	0	0.421851362885	0.421851362885	0.416331993169	0.576408109768	0.421851362885
M08_DY_TO_L_ALL28:G808-E2173	M08_DY_TO_L_ALL28	ALL28	DY	L	G808-E2173	t	ol	0	f115v	f115v	G808-P0649	f115v.13	13	7	S	B	3	3	EXACT	-0.0700221544025	29	0	0	-0.0326704310412	72	0	0	-0.029417821712	101	-0.0302478130797	101	-0.0275068940767	68	-0.120461276297	4	-0.0816045765873	6	0	0	-0.102692585444	-0.102692585444	-0.0975290484792	-0.184297162031	-0.102692585444
M08_DY_TO_L_ALL28:G808-E0253	M08_DY_TO_L_ALL28	ALL28	DY	L	G808-E0253	t	ol	0	f24r	f24r	G808-P0085	f24r.12	12	3	H	A	1	2	EXACT	0.0844304633242	48	0	0	0.101312046215	71	0	0	0.0931408511536	119	0.0921368115684	119	0.108473648136	67	-0.0186474998487	4	0.122075068007	6	0	0	0.185742509539	0.185742509539	0.19290411146	0.307817577546	0.185742509539
M08_DY_TO_L_ALL28:G808-E0319	M08_DY_TO_L_ALL28	ALL28	DY	L	G808-E0319	t	ol	0	f31r	f31r	G808-P0109	f31r.10	10	1	H	B	2	2	EXACT	-0.102028664336	18	0.0978262125421	2	0.00888392609234	72	0	0	0.0156697261844	92	0.0146305229745	92	0.00534740737084	68	0.0689946073544	4	-0.0561314325116	6	0	0	0.0046814742984	0.0046814742984	0.0011449555769	-0.0514499582132	0.0046814742984
M08_DY_TO_L_ALL28:G808-E0347	M08_DY_TO_L_ALL28	ALL28	DY	L	G808-E0347	t	ol	0	f34r	f34r	G808-P0118	f34r.12	12	5	H	B	2	3	EXACT	-0.0311254268438	32	-0.116099128669	5	-0.0456578963142	72	-0.0648961329343	3	-0.033203507754	109	-0.0344799585915	112	-0.0408592170407	68	-0.127245478959	4	0.251303371487	6	-0.0854971224596	3	-0.192882451827	-0.257778584761	-0.188083772553	0.0584209196605	-0.278379574286
M08_DY_TO_L_ALL28:G808-E0350	M08_DY_TO_L_ALL28	ALL28	DY	L	G808-E0350	t	ol	0	f34v	f34v	G808-P0119	f34v.2	2	1	H	B	2	3	EXACT	-0.239989283923	25	-0.205358275237	1	-0.0342615420076	72	0	0	-0.070422229296	98	-0.0714240663206	98	-0.0404483552539	68	0.0709042129907	4	0.168960582263	6	0	0	-0.479609101167	-0.479609101167	-0.485795914414	-0.310648518905	-0.479609101167
M08_DY_TO_L_ALL28:G808-E0460	M08_DY_TO_L_ALL28	ALL28	DY	L	G808-E0460	t	ol	0	f44v	f44v	G808-P0162	f44v.1	1	8	H	A	1	2	EXACT	0.131865696074	4	0	0	0.127767610865	72	0	0	0.173600846759	76	0.172596807173	76	0.145661561367	68	-0.176439613381	4	-0.299551975262	6	0	0	0.259633306939	0.259633306939	0.277527257441	-0.0399186683237	0.259633306939
M08_DY_TO_L_ALL28:G808-E0464	M08_DY_TO_L_ALL28	ALL28	DY	L	G808-E0464	t	ol	0	f44v	f44v	G808-P0162	f44v.3	3	1	H	A	1	2	EXACT	0.131865696074	4	-0.157884723204	1	0.136726333105	72	-0.078423611782	1	0.177829459921	77	0.173815320962	78	0.140596420847	68	0.0709247757928	4	0.0899146893847	6	-0.0817693887171	1	0.110707305976	0.0322836941935	0.114577393717	0.20062199536	0.0289379172584
M08_DY_TO_L_ALL28:G808-E0467	M08_DY_TO_L_ALL28	ALL28	DY	L	G808-E0467	t	ol	0	f44v	f44v	G808-P0163	f44v.6	6	1	H	A	1	3	EXACT	0.444499509811	11	-0.272043538286	3	0.131102154351	72	0	0	0.19124272857	86	0.190238688985	86	0.134641408048	68	0.0709247757928	4	-0.0142329890881	6	0	0	0.303558125876	0.303558125876	0.307097379573	0.289325136788	0.303558125876
M08_DY_TO_L_ALL28:G808-E0472	M08_DY_TO_L_ALL28	ALL28	DY	L	G808-E0472	t	eol	1	f44v	f44v	G808-P0164	f44v.12	12	2	H	A	1	2	EXACT	0.0265863241441	15	0	0	0.168785336676	72	0	0	0.173841288371	87	0.172837248786	87	0.167158461493	68	0.196432149091	4	0.10953950899	6	0.00581727161158	1	0.19537166082	0.19537166082	0.193744785637	0.304911169811	0.201188932432
M08_DY_TO_L_ALL28:G808-E0522	M08_DY_TO_L_ALL28	ALL28	DY	L	G808-E0522	t	eol	1	f48r	f48r	G808-P0180	f48r.5	5	2	H	B	5	3	EXACT	0.102192578183	32	-0.337840480923	1	-0.0325699573599	72	0	0	0.0171416532545	105	0.0161134129568	105	-0.0458762044911	68	0.193626408903	4	-0.217695053075	6	0	0	-0.2682178601	-0.2682178601	-0.281524107231	-0.485912913175	-0.2682178601
M08_DY_TO_L_ALL28:G808-E0536	M08_DY_TO_L_ALL28	ALL28	DY	L	G808-E0536	t	ol	0	f48v	f48v	G808-P0182	f48v.10	10	1	H	B	5	3	EXACT	-0.190536526488	23	0.00237317113107	6	0.00476488867265	72	0	0	-0.020517586321	101	-0.0214717583411	101	0.000403971537685	68	0.0788902129248	4	-0.255726672849	6	0	0	-0.183398466685	-0.183398466685	-0.18775938382	-0.439125139533	-0.183398466685
M08_DY_TO_L_ALL28:G808-E0572	M08_DY_TO_L_ALL28	ALL28	DY	L	G808-E0572	t	ol	0	f51r	f51r	G808-P0191	f51r.9	9	1	H	A	1	2	EXACT	0.22885956724	36	0.0246510508041	1	0.160437804486	72	-0.341306814449	1	0.189788712469	109	0.184085650758	110	0.166516356241	68	0.0570937122148	4	0.230651946928	6	-0.342601321205	1	0.41394842253	0.0726416080814	0.420026974285	0.644600369458	0.0713471013245
M08_DY_TO_L_ALL28:G808-E0590	M08_DY_TO_L_ALL28	ALL28	DY	L	G808-E0590	t	ol	0	f52r	f52r	G808-P0193	f52r.5	5	6	H	A	1	3	EXACT	0.0466526367846	30	0	0	0.130626356694	72	0	0	0.119199303436	102	0.118195263851	102	0.148688468716	68	-0.176439613381	4	0.19852492036	6	0	0	0.177278993479	0.177278993479	0.195341105501	0.375803913839	0.177278993479
M08_DY_TO_L_ALL28:G808-E0613	M08_DY_TO_L_ALL28	ALL28	DY	L	G808-E0613	t	ol	0	f54v	f54v	G808-P0198	f54v.6	6	1	H	A	1	2	EXACT	0.054184780291	46	0	0	0.128738901004	72	0	0	0.100026918146	118	0.099011201004	118	0.132172409451	68	0.0703592111749	4	-0.0847843335932	6	0	0	0.182923681295	0.182923681295	0.186357189742	0.0981393477014	0.182923681295
M08_DY_TO_L_ALL28:G808-E0617	M08_DY_TO_L_ALL28	ALL28	DY	L	G808-E0617	t	ol	0	f54v	f54v	G808-P0198	f54v.12	12	1	H	A	1	1	EXACT	0.054184780291	46	-0.020266235191	1	0.147085578308	72	0	0	0.110222696859	119	0.109206979717	119	0.150654984436	68	0.0863956279241	4	-0.110786776708	6	0	0	0.181004123408	0.181004123408	0.184573529536	0.0702173467005	0.181004123408
M08_DY_TO_L_ALL28:G808-E0649	M08_DY_TO_L_ALL28	ALL28	DY	L	G808-E0649	t	ol	0	f58v	f58v	G808-P0210	f58v.1	1	1	S	A	3	3	EXACT	-0.0155564086201	88	0	0	0.0366200671376	71	0	0	-0.0150261368388	159	-0.0161333906273	159	0.0357412073674	67	0.0513382244107	4	0.13379241516	6	0	0	0.0210636585175	0.0210636585175	0.0201847987473	0.154856073677	0.0210636585175
M08_DY_TO_L_ALL28:G808-E0729	M08_DY_TO_L_ALL28	ALL28	DY	L	G808-E0729	t	ol	0	f75v	f75v	G808-P0228	f75v.46	46	9	B	B	2	3	EXACT	-0.538468324524	36	-0.104726143479	2	-0.129471422597	72	-0.435635571268	2	-0.254970356351	110	-0.258732025419	112	-0.134127911426	68	-0.0503213607089	4	-0.13642876975	6	-0.353240860523	3	-0.7726658906	-1.20830146187	-0.777322379428	-0.90909466035	-1.12590675112
M08_DY_TO_L_ALL28:G808-E0912	M08_DY_TO_L_ALL28	ALL28	DY	L	G808-E0912	t	ol	0	f78r	f78r	G808-P0247	f78r.13	13	7	B	B	2	2	EXACT	-0.331182680216	63	-0.19443549287	3	-0.10814478328	72	-0.136371737149	1	-0.219976773665	138	-0.219992523944	139	-0.109143465134	68	-0.0911777040631	4	-0.2647398788	6	-0.191166688397	2	-0.633762956365	-0.770134693514	-0.634761638219	-0.898502835165	-0.824929644762
M08_DY_TO_L_ALL28:G808-E0981	M08_DY_TO_L_ALL28	ALL28	DY	L	G808-E0981	t	eol	1	f79r	f79r	G808-P0256	f79r.34	34	5	B	B	2	2	EXACT	-0.149913605982	17	0	0	-0.143262497865	72	0	0	-0.11351016	89	-0.113338455317	89	-0.146902054788	68	-0.081415381122	4	-0.171769179448	6	0.1182712076	2	-0.293176103847	-0.293176103847	-0.296815660769	-0.464945283295	-0.174904896247
M08_DY_TO_L_ALL28:G808-E1013	M08_DY_TO_L_ALL28	ALL28	DY	L	G808-E1013	t	eol	1	f80r	f80r	G808-P0266	f80r.21	21	7	B	B	2	2	EXACT	-0.453221666494	79	0.0970409487673	3	-0.0952566256397	72	-0.273264771008	1	-0.291814332097	154	-0.292487243222	155	-0.0943652349125	68	-0.1104204688	4	-0.350496131128	6	-0.29810813485	1	-0.451437343366	-0.724702114374	-0.450545952639	-0.801933474494	-0.749545478216
M08_DY_TO_L_ALL28:G808-E1014	M08_DY_TO_L_ALL28	ALL28	DY	L	G808-E1014	t	eol	1	f80r	f80r	G808-P0266	f80r.25	25	12	B	B	2	3	EXACT	-0.453221666494	79	-0.141512298986	5	-0.0971914928199	72	0	0	-0.295223665105	156	-0.296144999428	156	-0.0986214332803	68	-0.072892705793	4	-0.139347071345	6	0	0	-0.6919254583	-0.6919254583	-0.69335539876	-0.831272529645	-0.6919254583
M08_DY_TO_L_ALL28:G808-E1038	M08_DY_TO_L_ALL28	ALL28	DY	L	G808-E1038	t	ol	0	f80v	f80v	G808-P0272	f80v.9	9	3	B	B	2	3	EXACT	-0.373354500237	22	0.0124321902878	3	-0.126837066005	72	-0.0930904549812	1	-0.157017924418	97	-0.157239448444	98	-0.142053548801	68	0.131832695847	4	-0.125561876254	6	-0.0958572755637	1	-0.487759375954	-0.580849830935	-0.50297585875	-0.613321252207	-0.583616651518
M08_DY_TO_L_ALL28:G808-E1044	M08_DY_TO_L_ALL28	ALL28	DY	L	G808-E1044	t	ol	0	f80v	f80v	G808-P0273	f80v.15	15	6	B	B	2	3	EXACT	-0.517535321005	16	-0.246019108492	3	-0.14368296632	72	-0.198499060605	2	-0.184430560255	91	-0.185331797704	93	-0.144369093149	68	-0.132029255906	4	-0.0245410604131	6	-0.0729232609878	3	-0.907237395817	-1.10573645642	-0.907923522646	-0.931778456231	-0.980160656805
M08_DY_TO_L_ALL28:G808-E1053	M08_DY_TO_L_ALL28	ALL28	DY	L	G808-E1053	t	ol	0	f80v	f80v	G808-P0277	f80v.35	35	1	B	B	2	3	EXACT	-0.376760989981	31	-0.169248764803	6	-0.148284663383	72	0	0	-0.201908332535	109	-0.203030619583	109	-0.16186057006	68	0.0824953044612	4	0.293571925246	6	0	0	-0.694294418167	-0.694294418167	-0.707870324845	-0.400722492921	-0.694294418167
M08_DY_TO_L_ALL28:G808-E1098	M08_DY_TO_L_ALL28	ALL28	DY	L	G808-E1098	t	eol	1	f81v	f81v	G808-P0282	f81v.24	24	8	B	B	2	3	EXACT	-0.365523723598	58	-0.171228596991	3	-0.155489801721	72	0	0	-0.253673931329	133	-0.254533519874	133	-0.154728879301	68	-0.168435870595	4	0.098715573293	6	0	0	-0.69224212231	-0.69224212231	-0.69148119989	-0.593526549017	-0.69224212231
M08_DY_TO_L_ALL28:G808-E1185	M08_DY_TO_L_ALL28	ALL28	DY	L	G808-E1185	t	ol	0	f83r	f83r	G808-P0295	f83r.26	26	4	B	B	2	2	EXACT	-0.420675260812	14	0	0	-0.100160738377	72	-0.00492858486964	2	-0.120608313969	86	-0.118493526166	88	-0.103321174781	68	-0.0464441704036	4	-0.177716391608	6	-0.0223260590926	2	-0.520835999189	-0.525764584059	-0.523996435593	-0.698552390797	-0.543162058282
M08_DY_TO_L_ALL28:G808-E1275	M08_DY_TO_L_ALL28	ALL28	DY	L	G808-E1275	t	ol	0	f86v5	f86v	G808-P0325	f86v5.31	31	1	T	B	2	3	EXACT	0.00621689794789	61	-0.192965209716	1	-0.0479431984697	72	0	0	-0.034280883254	134	-0.0348893710566	134	-0.0491026696389	68	-0.0282415429752	4	-0.00286417280981	6	0	0	-0.234691510238	-0.234691510238	-0.235850981407	-0.237555683048	-0.234691510238
M08_DY_TO_L_ALL28:G808-E1338	M08_DY_TO_L_ALL28	ALL28	DY	L	G808-E1338	t	eol	1	f88r	f88r	G808-P0335	f88r.21	21	1	P	A	1	2	EXACT	0.198004695407	14	-0.703198816631	1	0.0992295356255	72	-0.11055094037	1	0.136314421863	87	0.132786857081	88	0.100813488069	68	0.0722924941569	4	-0.032692581256	6	-0.11412737104	1	-0.405964585598	-0.516515525969	-0.404380633155	-0.438657166854	-0.520091956638
M08_DY_TO_L_ALL28:G808-E1384	M08_DY_TO_L_ALL28	ALL28	DY	L	G808-E1384	t	ol	0	f90r1	f90r	G808-P0345	f90r1.6	6	1	H	A	1	2	EXACT	0.290968717592	26	0	0	0.158888494782	71	0	0	0.211055409863	97	0.210051370278	97	0.164139898071	67	0.0709247757928	4	-0.253818852045	6	0	0	0.449857212374	0.449857212374	0.455108615663	0.196038360329	0.449857212374
M08_DY_TO_L_ALL28:G808-E1412	M08_DY_TO_L_ALL28	ALL28	DY	L	G808-E1412	t	eol	1	f93v	f93v	G808-P0347	f93v.8	8	3	H	A	1	3	EXACT	0.253073835306	34	0	0	0.127777825885	71	0.0944092742242	1	0.177592177608	105	0.17600793996	106	0.128110406142	67	0.122203884614	4	-0.166331746252	6	0.22335784523	1	0.380851661191	0.475260935415	0.381184241448	0.214519914939	0.604209506421
M08_DY_TO_L_ALL28:G808-E1443	M08_DY_TO_L_ALL28	ALL28	DY	L	G808-E1443	t	ol	0	f96r	f96r	G808-P0361	f96r.5	5	4	H	A	1	2	EXACT	0.379384684195	31	0.600366027363	1	0.147154163689	72	0	0	0.233068992398	104	0.23202248567	104	0.156344001133	68	-0.00908264535427	4	-0.0633078323673	6	0	0	1.12690487525	1.12690487525	1.13609471269	1.06359704288	1.12690487525
M08_DY_TO_L_ALL28:G808-E1448	M08_DY_TO_L_ALL28	ALL28	DY	L	G808-E1448	t	eol	1	f96r	f96r	G808-P0361	f96r.11	11	1	H	A	1	2	EXACT	0.379384684195	31	-0.157683417175	2	0.142594649119	72	0	0	0.219119544435	105	0.218073037707	105	0.146693302936	68	0.0729079617356	4	-0.0934045217443	6	0	0	0.36429591614	0.36429591614	0.368394569957	0.270891394396	0.36429591614
M08_DY_TO_L_ALL28:G808-E1461	M08_DY_TO_L_ALL28	ALL28	DY	L	G808-E1461	t	ol	0	f99r	f99r	G808-P0364	f99r.30	30	1	P	A	1	2	EXACT	0.0879666016899	8	0.31775164109	1	0.124186349235	72	0	0	0.161418779058	81	0.16049817975	81	0.128755447434	68	0.0465017138378	4	-0.266601413673	6	0	0	0.529904592015	0.529904592015	0.534473690214	0.263303178342	0.529904592015
M08_DY_TO_L_ALL28:G808-E1764	M08_DY_TO_L_ALL28	ALL28	DY	L	G808-E1764	tch	eol	1	f107r	f107r	G808-P0490	f107r.9	9	3	S	B	3	3	EXACT	-0.235566585297	25	0.118228201006	1	-0.0343993668733	72	0.185317931414	2	-0.0652002812084	98	-0.0607447661171	100	-0.0443888922335	68	0.135413033803	4	0.0450897869424	6	0.0890650788831	3	-0.151737751165	0.0335801802491	-0.161727276525	-0.106647964222	-0.0626726722814
M08_DY_TO_L_ALL28:G808-E1770	M08_DY_TO_L_ALL28	ALL28	DY	L	G808-E1770	tch	eol	1	f107r	f107r	G808-P0492	f107r.20	20	1	S	B	3	1	EXACT	0.0273534225387	13	0	0	0.00883566618797	72	0	0	0.0461862721759	85	0.0452113823315	85	-0.0026494979828	68	0.204073926644	4	0.357051657629	6	0	0	0.0361890887266	0.0361890887266	0.0247039245559	0.393240746356	0.0361890887266
M08_DY_TO_L_ALL28:G808-E0115	M08_DY_TO_L_ALL28	ALL28	DY	L	G808-E0115	tch	ol	0	f11r	f11r	G808-P0039	f11r.5	5	1	H	A	1	3	EXACT	0.581547855889	10	-0.292132201937	3	0.134482230496	71	-0.0579554531798	1	0.210429176578	84	0.206513858582	85	0.134327535987	67	0.137070701921	4	0.23342624191	6	-0.0590825883035	1	0.423897884448	0.365942431268	0.423743189939	0.657324126357	0.364815296144
M08_DY_TO_L_ALL28:G808-E0163	M08_DY_TO_L_ALL28	ALL28	DY	L	G808-E0163	tch	ol	0	f17v	f17v	G808-P0058	f17v.5	5	4	H	A	1	2	EXACT	0.285853656693	62	0	0	0.135558708855	72	-0.214994512775	1	0.193858710609	134	0.189978008846	135	0.148057344928	68	-0.0769276619671	4	-0.0465692034985	6	-0.22247098687	1	0.421412365548	0.206417852773	0.433911001621	0.374843162049	0.198941378678
M08_DY_TO_L_ALL28:G808-E0216	M08_DY_TO_L_ALL28	ALL28	DY	L	G808-E0216	tch	ol	0	f21r	f21r	G808-P0072	f21r.11	11	4	H	A	1	2	EXACT	0.533907704037	21	-0.0717870567722	1	0.102656664822	72	0	0	0.221581343085	94	0.220464152702	94	0.11015413585	68	-0.0248099002227	4	-0.177615669817	6	0	0	0.564777312087	0.564777312087	0.572274783115	0.38716164227	0.564777312087
M08_DY_TO_L_ALL28:G808-E0219	M08_DY_TO_L_ALL28	ALL28	DY	L	G808-E0219	tch	ol	0	f21v	f21v	G808-P0073	f21v.2	2	7	H	A	1	3	EXACT	0.534524049142	19	0	0	0.148856111755	72	-0.336613065266	1	0.255427959771	91	0.248215505413	92	0.161831079126	68	-0.0717278911334	4	0.224699824967	6	-0.33774020039	1	0.683380160897	0.34676709563	0.696355128268	0.908079985864	0.345639960506
M08_DY_TO_L_ALL28:G808-E0476	M08_DY_TO_L_ALL28	ALL28	DY	L	G808-E0476	tch	ol	0	f45r	f45r	G808-P0167	f45r.8	8	1	H	A	1	3	EXACT	0.0733726692037	16	0.0586015848494	2	0.104294921322	72	0	0	0.127596608693	90	0.126584126398	90	0.102366372018	68	0.137070701921	4	0.23342624191	6	0	0	0.236269175375	0.236269175375	0.234340626071	0.469695417285	0.236269175375
M08_DY_TO_L_ALL28:G808-E0510	M08_DY_TO_L_ALL28	ALL28	DY	L	G808-E0510	tch	ol	0	f47r	f47r	G808-P0177	f47r.10	10	7	H	A	1	3	EXACT	0.357241429785	17	0.0134532515225	1	0.14257345674	72	0.229923235049	4	0.21026380245	90	0.211008895807	94	0.162245418328	68	-0.191859447825	4	0.192627575267	6	0.473819857249	4	0.513268138048	0.743191373097	0.532940099636	0.705895713316	0.987087995297
M08_DY_TO_L_ALL28:G808-E0542	M08_DY_TO_L_ALL28	ALL28	DY	L	G808-E0542	tch	eol	1	f49r	f49r	G808-P0185	f49r.13	13	4	H	A	1	2	EXACT	0.195260675783	23	0	0	0.140371962207	72	-0.336613065266	1	0.174816059786	95	0.168701644888	96	0.153153730831	68	-0.0769276619671	4	-0.147793932183	6	-0.227160009473	2	0.33563263799	-0.000980427276311	0.348414406614	0.187838705807	0.108472628518
M08_DY_TO_L_ALL28:G808-E0555	M08_DY_TO_L_ALL28	ALL28	DY	L	G808-E0555	tch	ol	0	f49v	f49v	G808-P0187	f49v.28	28	3	H	A	1	2	EXACT	0.235136736332	6	0	0	0.150936795375	72	0	0	0.202827720175	78	0.20181523788	78	0.15775657155	68	0.0349910428292	4	-0.118965765075	6	0	0	0.386073531707	0.386073531707	0.392893307882	0.267107766632	0.386073531707
M08_DY_TO_L_ALL28:G808-E0557	M08_DY_TO_L_ALL28	ALL28	DY	L	G808-E0557	tch	ol	0	f49v	f49v	G808-P0187	f49v.30	30	6	H	A	1	2	EXACT	0.235136736332	6	0	0	0.175061568183	72	0	0	0.225096741228	78	0.224084258933	78	0.189058517014	68	-0.0628961195166	4	0.033131346242	6	0	0	0.410198304514	0.410198304514	0.424195253345	0.443329650756	0.410198304514
M08_DY_TO_L_ALL28:G808-E1031	M08_DY_TO_L_ALL28	ALL28	DY	L	G808-E1031	tch	eol	1	f80v	f80v	G808-P0271	f80v.6	6	1	B	B	2	2	EXACT	-0.698462798096	24	0.110975194851	2	-0.0928547273766	72	0	0	-0.216673104584	98	-0.217808816151	98	-0.10716425088	68	0.150397230145	4	-0.106159784119	6	0	0	-0.680342330621	-0.680342330621	-0.694651854125	-0.78650211474	-0.680342330621
M08_DY_TO_L_ALL28:G808-E1109	M08_DY_TO_L_ALL28	ALL28	DY	L	G808-E1109	tch	eol	1	f82r	f82r	G808-P0284	f82r.13	13	1	B	B	2	2	EXACT	-0.304262879816	36	-0.00315551639897	2	-0.117743521765	72	-0.0420283044126	1	-0.168794817096	110	-0.168483934031	111	-0.133048906568	68	0.142438040924	4	0.0959330397762	6	-0.131080239631	2	-0.42516191798	-0.467190222392	-0.440467302783	-0.329228878203	-0.556242157611
M08_DY_TO_L_ALL28:G808-E1253	M08_DY_TO_L_ALL28	ALL28	DY	L	G808-E1253	tch	ol	0	f86v3	f86v	G808-P0316	f86v3.9	9	1	C	B	2	3	EXACT	-0.0188022306793	27	0.310969680473	3	-0.0459994291826	70	0	0	-0.0115708053747	100	-0.0123057915474	100	-0.0508308705185	66	0.0337228294381	4	-0.0407529992942	6	0	0	0.246168020611	0.246168020611	0.241336579275	0.205415021317	0.246168020611
M08_DY_TO_L_ALL28:G808-E1363	M08_DY_TO_L_ALL28	ALL28	DY	L	G808-E1363	tch	eol	1	f89r1	f89r	G808-P0341	f89r1.15	15	1	P	A	1	2	EXACT	-0.0228588436407	15	-0.310358468055	2	0.110193574305	72	0	0	0.108788504199	89	0.1077866779	89	0.108245464911	68	0.143302138945	4	0.0608955290083	6	0	0	-0.223023737391	-0.223023737391	-0.224971846785	-0.162128208382	-0.223023737391
M08_DY_TO_L_ALL28:G808-E0095	M08_DY_TO_L_ALL28	ALL28	DY	L	G808-E0095	tch	ol	0	f9r	f9r	G808-P0031	f9r.7	7	5	H	A	1	3	EXACT	0.306526567362	16	-0.103395610025	2	0.11690345634	72	0	0	0.175533080938	90	0.174520598643	90	0.131999667213	68	-0.13974168608	4	-0.111204478219	6	-0.279610911956	1	0.320034413677	0.320034413677	0.33513062455	0.208829935458	0.0404235017202
M08_DY_TO_L_ALL28:G808-E1522	M08_DY_TO_L_ALL28	ALL28	DY	L	G808-E1522	ych	eol	1	f102r1	f102r	G808-P0375	f102r1.10	10	1	P	A	1	2	EXACT	0.257564004516	9	0.107899183836	1	0.160072785342	72	0	0	0.209611037667	82	0.208249431066	82	0.167283181268	68	0.0374874709995	4	-0.0164453586516	6	0	0	0.525535973694	0.525535973694	0.53274636962	0.509090615042	0.525535973694
M08_DY_TO_L_ALL28:G808-E1644	M08_DY_TO_L_ALL28	ALL28	DY	L	G808-E1644	ych	eol	1	f104v	f104v	G808-P0428	f104v.13	13	1	S	B	3	3	EXACT	-0.258180186788	11	-0.0576048859845	3	0.0228358976376	72	0	0	0.0197378912051	86	0.0185556150447	86	0.0213758407465	68	0.0476480358753	4	-0.216418482474	6	0	0	-0.292949175135	-0.292949175135	-0.294409232026	-0.509367657608	-0.292949175135
M08_DY_TO_L_ALL28:G808-E1656	M08_DY_TO_L_ALL28	ALL28	DY	L	G808-E1656	ych	eol	1	f104v	f104v	G808-P0433	f104v.30	30	1	S	B	3	3	EXACT	-0.0632980973598	13	-0.211253408849	3	-0.0389207935518	72	0	0	-0.0154757392719	88	-0.0166580154323	88	-0.0440135969835	68	0.0476480358753	4	-0.0199987545491	6	0	0	-0.313472299761	-0.313472299761	-0.318565103192	-0.33347105431	-0.313472299761
M08_DY_TO_L_ALL28:G808-E1720	M08_DY_TO_L_ALL28	ALL28	DY	L	G808-E1720	ych	ol	0	f106r	f106r	G808-P0462	f106r.14	14	1	S	B	3	2	EXACT	0.146047884037	7	0	0	-0.0209389124845	72	0	0	0.0368725141062	79	0.0357934313696	79	-0.0248943045912	68	0.0462936651186	4	-0.0546359027814	6	0.101388389997	1	0.125108971553	0.125108971553	0.121153579446	0.0704730687714	0.22649736155
M08_DY_TO_L_ALL28:G808-E1736	M08_DY_TO_L_ALL28	ALL28	DY	L	G808-E1736	ych	eol	1	f106r	f106r	G808-P0468	f106r.33	33	1	S	B	3	3	EXACT	0.0557329986598	5	-0.13239962009	4	-0.0485623519638	72	0	0	-0.00156196825614	81	-0.00264105099278	81	-0.0541426522752	68	0.0462936651186	4	0.0599537786647	6	0	0	-0.125228973394	-0.125228973394	-0.130809273705	-0.0652751947289	-0.125228973394
M08_DY_TO_L_ALL28:G808-E1859	M08_DY_TO_L_ALL28	ALL28	DY	L	G808-E1859	ych	eol	1	f108r	f108r	G808-P0525	f108r.34	34	1	S	B	3	1	EXACT	-0.504251276808	8	-0.0126707354416	1	0.00915652851376	72	-0.0810965925072	1	0.00373407718116	81	0.00188211942189	82	0.00644032351803	68	0.055322087173	4	0.0365816087621	6	-0.08467841355	1	-0.507765483736	-0.588862076243	-0.510481688731	-0.471183874973	-0.592443897286
M08_DY_TO_L_ALL28:G808-E0133	M08_DY_TO_L_ALL28	ALL28	DY	L	G808-E0133	ych	ol	0	f14r	f14r	G808-P0045	f14r.6	6	1	H	A	1	2	EXACT	-0.191583738545	13	0	0	0.132419180831	72	0	0	0.117260841259	85	0.116061447838	85	0.136489738818	68	0.0632108923248	4	0.238998629762	6	0	0	-0.0591645577147	-0.0591645577147	-0.0550939997276	0.179834072047	-0.0591645577147
M08_DY_TO_L_ALL28:G808-E0161	M08_DY_TO_L_ALL28	ALL28	DY	L	G808-E0161	ych	ol	0	f17v	f17v	G808-P0058	f17v.5	5	1	H	A	1	2	EXACT	0.293244076382	62	0.0733271382699	1	0.144964510438	72	0	0	0.203253075022	135	0.20209759107	135	0.150946261253	68	0.043265943867	4	-0.0927211523175	6	0	0	0.51153572509	0.51153572509	0.517517475905	0.418814572773	0.51153572509
M08_DY_TO_L_ALL28:G808-E0164	M08_DY_TO_L_ALL28	ALL28	DY	L	G808-E0164	ych	eol	1	f17v	f17v	G808-P0058	f17v.9	9	1	H	A	1	1	EXACT	0.293244076382	62	-0.397208944102	1	0.174228669982	72	0	0	0.215375174317	135	0.214219690365	135	0.181931841946	68	0.043265943867	4	-0.109150912293	6	0	0	0.070263802263	0.070263802263	0.0779669742271	-0.0388871100298	0.070263802263
M08_DY_TO_L_ALL28:G808-E0186	M08_DY_TO_L_ALL28	ALL28	DY	L	G808-E0186	ych	ol	0	f18v	f18v	G808-P0061	f18v.7	7	1	H	A	1	2	EXACT	0.210949800109	31	-0.0469866520092	3	0.123386996641	72	0	0	0.157322627941	106	0.15616714399	106	0.128099481938	68	0.043265943867	4	0.038203420126	6	-0.00897529828598	1	0.28735014474	0.28735014474	0.292062630037	0.325553564866	0.278374846454
M08_DY_TO_L_ALL28:G808-E0257	M08_DY_TO_L_ALL28	ALL28	DY	L	G808-E0257	ych	eol	1	f24v	f24v	G808-P0087	f24v.7	7	1	H	A	1	2	EXACT	0.00554632760358	15	0	0	0.143296908165	72	0.0847365883569	1	0.150781557114	87	0.149152906862	88	0.148555830365	68	0.0538864280479	4	0.253759342824	6	-0.0117614999001	1	0.148843235769	0.233579824126	0.154102157969	0.402602578593	0.137081735869
M08_DY_TO_L_ALL28:G808-E0259	M08_DY_TO_L_ALL28	ALL28	DY	L	G808-E0259	ych	ol	0	f24v	f24v	G808-P0087	f24v.9	9	1	H	A	1	2	EXACT	0.00554632760358	15	0.31328668919	1	0.139646131608	72	0.200431781545	1	0.149760726316	88	0.149448808539	89	0.145315036609	68	0.043265943867	4	-0.184210480446	6	0.697796651922	1	0.458479148401	0.658910929946	0.464148053402	0.274268667955	1.15627580032
M08_DY_TO_L_ALL28:G808-E0051	M08_DY_TO_L_ALL28	ALL28	DY	L	G808-E0051	ych	ol	0	f6r	f6r	G808-P0018	f6r.8	8	1	H	A	1	2	EXACT	0.38337404531	38	0	0	0.162925196844	71	0	0	0.246329784519	109	0.245174300567	109	0.170068891752	67	0.043265943867	4	0.253759342824	6	0	0	0.546299242154	0.546299242154	0.553442937062	0.800058584979	0.546299242154
M08_DY_TO_L_ALL28:G808-E0055	M08_DY_TO_L_ALL28	ALL28	DY	L	G808-E0055	ych	ol	0	f6v	f6v	G808-P0020	f6v.7	7	2	H	A	1	1	EXACT	0.178019603609	29	0	0	0.167323585719	72	-0.340669642725	1	0.185559953225	101	0.179484633375	102	0.165085087446	68	0.20536925363	4	0.0559446260838	6	-0.340685735895	1	0.345343189328	0.00467354660319	0.343104691055	0.401287815412	0.00465745343296
M08_DY_TO_L_ALL28:G808-E1039	M08_DY_TO_L_ALL28	ALL28	DY	L	G808-E1039	ych	eol	1	f80v	f80v	G808-P0272	f80v.12	12	1	B	B	2	2	EXACT	-0.485448185542	29	-0.556496169567	2	-0.133966608406	72	0	0	-0.22592080374	103	-0.227150363183	103	-0.144626847009	68	0.0472484466251	4	-0.0720917055364	6	-0.0455425518497	1	-1.17591096352	-1.17591096352	-1.18657120212	-1.24800266905	-1.22145351537
M08_DY_TO_L_ALL28:G808-E1415	M08_DY_TO_L_ALL28	ALL28	DY	L	G808-E1415	ych	ol	0	f93v	f93v	G808-P0347	f93v.10	10	1	H	A	1	2	EXACT	0.289519748733	33	-0.0158279538288	1	0.127631050574	71	0	0	0.188016959586	105	0.18686292522	105	0.133158495394	67	0.035043478493	4	0.124911202168	6	0	0	0.401322845478	0.401322845478	0.406850290298	0.526234047646	0.401322845478
M08_DY_TO_L_ALL28:G808-E1495	M08_DY_TO_L_ALL28	ALL28	DY	L	G808-E1495	ych	ol	0	f99v	f99v	G808-P0370	f99v.43	43	1	P	A	1	1	EXACT	0.063325405827	14	0	0	0.16253293035	72	0	0	0.178965641395	86	0.177810157444	86	0.16549837446	68	0.112111577746	4	0.294633462199	6	0	0	0.225858336177	0.225858336177	0.228823780287	0.520491798375	0.225858336177
M08_DY_TO_L_ALL28:G808-E1850	M08_DY_TO_L_ALL28	ALL28	DY	L	G808-E1850	yk	eol	1	f108r	f108r	G808-P0524	f108r.30	30	1	S	B	3	2	EXACT	-0.480800950625	5	-0.198695881827	1	0.0301505698006	72	0	0	0.0388119062268	78	0.037889866353	78	0.0269602469532	68	0.0843748651564	4	-0.0163883636184	6	0	0	-0.649346262651	-0.649346262651	-0.652536585498	-0.665734626269	-0.649346262651
M08_DY_TO_L_ALL28:G808-E0130	M08_DY_TO_L_ALL28	ALL28	DY	L	G808-E0130	yk	ol	0	f13v	f13v	G808-P0044	f13v.8	8	5	H	A	1	3	EXACT	0.292453148097	17	0.144369024522	2	0.139779600644	72	0.0866258987629	1	0.192465329543	91	0.190582263752	92	0.155204530743	68	-0.12245427674	4	0.14826587178	6	-0.0697099395868	2	0.576601773264	0.663227672027	0.592026703363	0.724867645044	0.506891833677
M08_DY_TO_L_ALL28:G808-E0188	M08_DY_TO_L_ALL28	ALL28	DY	L	G808-E0188	yk	ol	0	f18v	f18v	G808-P0061	f18v.10	10	4	H	A	1	2	EXACT	0.195413347412	33	0	0	0.144073596036	72	0	0	0.169662052856	105	0.168712021154	105	0.145815112109	68	0.114457757096	4	0.209009841133	6	0	0	0.339486943448	0.339486943448	0.341228459521	0.548496784581	0.339486943448
M08_DY_TO_L_ALL28:G808-E0360	M08_DY_TO_L_ALL28	ALL28	DY	L	G808-E0360	yk	ol	0	f35v	f35v	G808-P0123	f35v.15	15	1	H	A	1	1	EXACT	0.388539294326	39	0	0	0.170494621082	72	0	0	0.25208308424	111	0.251133052538	111	0.175245547072	68	0.0897188135479	4	-0.0345423747765	6	0	0	0.559033915408	0.559033915408	0.563784841399	0.524491540632	0.559033915408
M08_DY_TO_L_ALL28:G808-E0380	M08_DY_TO_L_ALL28	ALL28	DY	L	G808-E0380	yk	ol	0	f37v	f37v	G808-P0133	f37v.20	20	3	H	A	1	2	EXACT	0.36590852475	6	0	0	0.184015244431	72	-0.0314618726231	2	0.236116929402	78	0.228977435013	80	0.195297844158	68	-0.00779901662111	4	0.156797329046	6	-0.118480746321	3	0.549923769181	0.518461896558	0.561206368908	0.706721098227	0.43144302286
M08_DY_TO_L_ALL28:G808-E0456	M08_DY_TO_L_ALL28	ALL28	DY	L	G808-E0456	yk	ol	0	f44r	f44r	G808-P0161	f44r.10	10	4	H	A	1	2	EXACT	0.260053109191	8	0.189980058008	1	0.14567663276	72	0	0	0.192555068444	81	0.191605036741	81	0.153385841668	68	0.0146100156371	4	-0.102593080933	6	0	0	0.595709799959	0.595709799959	0.603419008866	0.493116719026	0.595709799959
M08_DY_TO_L_ALL28:G808-E0539	M08_DY_TO_L_ALL28	ALL28	DY	L	G808-E0539	yk	eol	1	f48v	f48v	G808-P0182	f48v.10	10	4	H	B	5	3	EXACT	-0.252297962974	19	0.0757621344043	5	0.00209849808787	72	-0.274784956085	1	-0.0232715556255	96	-0.0265460623861	97	-0.00367178437936	68	0.100183032988	4	-0.272158499	6	-0.286908315227	1	-0.174437330481	-0.449222286567	-0.180207612949	-0.446595829481	-0.461345645709
M08_DY_TO_L_ALL28:G808-E0582	M08_DY_TO_L_ALL28	ALL28	DY	L	G808-E0582	yk	ol	0	f51v	f51v	G808-P0192	f51v.5	5	6	H	A	1	3	EXACT	0.333797062855	35	-0.243053121217	1	0.133361893993	72	0.351336645457	2	0.20289945105	108	0.204998931137	110	0.145470441088	68	-0.0724934723172	4	0.00670331181462	6	0.300323291623	2	0.224105835631	0.575442481087	0.236214382725	0.230809147445	0.524429127253
M08_DY_TO_L_ALL28:G808-E0586	M08_DY_TO_L_ALL28	ALL28	DY	L	G808-E0586	yk	eol	1	f51v	f51v	G808-P0192	f51v.10	10	1	H	A	1	2	EXACT	0.333797062855	35	0	0	0.148488645144	72	0	0	0.217134109429	107	0.216161900578	107	0.152310159693	68	0.0835128321073	4	0.285591973709	6	0	0	0.482285707999	0.482285707999	0.486107222548	0.767877681708	0.482285707999
M08_DY_TO_L_ALL28:G808-E0639	M08_DY_TO_L_ALL28	ALL28	DY	L	G808-E0639	yk	eol	1	f58r	f58r	G808-P0207	f58r.13	13	4	S	A	3	3	EXACT	-0.168280714987	52	-0.111295293851	3	-0.00706366859786	71	0	0	-0.0796222831939	126	-0.0806017933982	126	-0.00834128449202	67	0.0143344807234	4	-0.049201886102	6	0	0	-0.286639677436	-0.286639677436	-0.28791729333	-0.335841563538	-0.286639677436
M08_DY_TO_L_ALL28:G808-E0667	M08_DY_TO_L_ALL28	ALL28	DY	L	G808-E0667	yk	ol	0	f66r	f66r	G808-P0215	f66r.58	58	10	T	B	5	3	EXACT	0.0133281085164	25	0.0316798882636	1	-0.034648183194	71	0	0	-0.0057108965935	97	-0.00662196458883	97	-0.0314061464447	67	-0.088955641054	4	0.267541361269	6	0.360444168649	1	0.010359813586	0.010359813586	0.0136018503353	0.277901174855	0.370803982235
M08_DY_TO_L_ALL28:G808-E1424	M08_DY_TO_L_ALL28	ALL28	DY	L	G808-E1424	yk	ol	0	f94v	f94v	G808-P0351	f94v.11	11	6	H	B	3	3	EXACT	-0.212427773807	27	-0.276174002552	2	-0.0355043024721	72	0.0521424301351	2	-0.0729247527161	101	-0.0711137715888	103	-0.0318508866954	68	-0.0976224727784	4	-0.110375937232	6	0.195226801325	3	-0.524106078831	-0.471963648696	-0.520452663055	-0.634482016063	-0.328879277507
M08_DY_TO_L_ALL28:G808-E1455	M08_DY_TO_L_ALL28	ALL28	DY	L	G808-E1455	yk	ol	0	f99r	f99r	G808-P0363	f99r.18	18	3	P	A	1	3	EXACT	0.452810725559	14	0.052777176776	2	0.105480133324	72	0	0	0.186511523993	88	0.185645541418	88	0.103995226898	68	0.130713576537	4	-0.133625116035	6	0.421121419946	1	0.611068035658	0.611068035658	0.609583129233	0.477442919624	1.0321894556
M08_DY_TO_L_ALL28:G808-E1494	M08_DY_TO_L_ALL28	ALL28	DY	L	G808-E1494	yk	eol	1	f99v	f99v	G808-P0370	f99v.42	42	7	P	A	1	2	EXACT	0.0791943981901	13	-0.291226173495	1	0.10754843889	72	-0.0634648482383	2	0.127360009412	86	0.122527601276	88	0.123180081342	68	-0.158199548507	4	-0.159522142927	6	-0.120055410134	2	-0.104483336416	-0.167948184654	-0.0888516939629	-0.264005479343	-0.22453874655
M08_DY_TO_L_ALL28:G808-E1515	M08_DY_TO_L_ALL28	ALL28	DY	L	G808-E1515	yt	ol	0	f102r1	f102r	G808-P0374	f102r1.5	5	1	P	A	1	2	EXACT	0.173449195152	5	-0.0961573960184	1	0.13661608545	72	0	0	0.179101660771	78	0.177956736478	78	0.141303654078	68	0.0569175721847	4	-0.127718948273	6	0	0	0.213907884583	0.213907884583	0.218595453212	0.0861889363103	0.213907884583
M08_DY_TO_L_ALL28:G808-E0139	M08_DY_TO_L_ALL28	ALL28	DY	L	G808-E0139	yt	ol	0	f15r	f15r	G808-P0048	f15r.14	14	6	H	A	1	2	EXACT	0.237714530473	41	0	0	0.11382548791	72	-0.461140206277	1	0.162281917975	113	0.156049436608	114	0.133011378212	68	-0.212344712928	4	-0.0738313173269	6	-0.195155724184	3	0.351540018383	-0.109600187895	0.370725908685	0.277708701056	0.156384294198
M08_DY_TO_L_ALL28:G808-E0182	M08_DY_TO_L_ALL28	ALL28	DY	L	G808-E0182	yt	ol	0	f18r	f18r	G808-P0060	f18r.6	6	4	H	A	1	3	EXACT	0.283681993837	18	-0.174126522099	2	0.132856977426	72	0.085786061505	1	0.180825046192	92	0.179078786862	93	0.141481610421	68	-0.013771849196	4	0.199421909513	6	-0.0128065025555	1	0.242412449164	0.328198510669	0.251037082159	0.441834358677	0.229605946608
M08_DY_TO_L_ALL28:G808-E0187	M08_DY_TO_L_ALL28	ALL28	DY	L	G808-E0187	yt	ol	0	f18v	f18v	G808-P0061	f18v.9	9	4	H	A	1	2	EXACT	0.214159808532	33	0	0	0.113347135273	72	-0.111261813219	1	0.155031605342	105	0.151768749716	106	0.126097787835	68	-0.103424023977	4	0.199421909513	6	-0.193805030776	1	0.327506943806	0.216245130587	0.340257596367	0.526928853319	0.13370191303
M08_DY_TO_L_ALL28:G808-E0194	M08_DY_TO_L_ALL28	ALL28	DY	L	G808-E0194	yt	ol	0	f19v	f19v	G808-P0063	f19v.3	3	5	H	A	1	2	EXACT	0.357435485603	16	0	0	0.145549942916	72	0	0	0.211797795854	88	0.21085886164	88	0.156682005118	68	-0.0437051802194	4	-0.0273806253163	6	-0.538787157599	1	0.502985428519	0.502985428519	0.514117490721	0.475604803203	-0.0358017290795
M08_DY_TO_L_ALL28:G808-E0217	M08_DY_TO_L_ALL28	ALL28	DY	L	G808-E0217	yt	eol	1	f21r	f21r	G808-P0072	f21r.11	11	8	H	A	1	2	EXACT	0.529209198995	21	0	0	0.107370965763	72	-0.0680768256879	1	0.225398771438	93	0.221468915759	94	0.112055266903	68	0.0277277806786	4	0.0292460221963	6	-0.0701873946617	1	0.636580164758	0.56850333907	0.641264465898	0.665826186954	0.566392770096
M08_DY_TO_L_ALL28:G808-E0295	M08_DY_TO_L_ALL28	ALL28	DY	L	G808-E0295	yt	eol	1	f28r	f28r	G808-P0095	f28r.9	9	3	H	A	1	2	EXACT	0.327200700672	27	0	0	0.156991127242	72	0	0	0.218972476615	99	0.218033542401	99	0.158635132121	68	0.129032978591	4	0.237855407091	6	0	0	0.484191827914	0.484191827914	0.485835832794	0.722047235005	0.484191827914
M08_DY_TO_L_ALL28:G808-E0371	M08_DY_TO_L_ALL28	ALL28	DY	L	G808-E0371	yt	ol	0	f36v	f36v	G808-P0127	f36v.12	12	1	H	A	1	2	EXACT	0.144691229338	19	0	0	0.11511760731	72	-0.065670554125	1	0.145406829412	91	0.142390507864	92	0.117845571922	68	0.0687321432009	4	0.278400241405	6	-0.0677811230987	1	0.259808836648	0.194138282523	0.26253680126	0.538209078052	0.192027713549
M08_DY_TO_L_ALL28:G808-E0442	M08_DY_TO_L_ALL28	ALL28	DY	L	G808-E0442	yt	ol	0	f43r	f43r	G808-P0155	f43r.11	11	11	H	B	2	3	EXACT	-0.2378712166	19	-0.0460700359508	2	-0.0441920162463	72	0	0	-0.0598633614111	93	-0.0607851313714	93	-0.0403578059716	68	-0.109384071594	4	-0.0261123399786	6	0	0	-0.328133268797	-0.328133268797	-0.324299058522	-0.354245608776	-0.328133268797
M08_DY_TO_L_ALL28:G808-E0593	M08_DY_TO_L_ALL28	ALL28	DY	L	G808-E0593	yt	ol	0	f52v	f52v	G808-P0194	f52v.3	3	6	H	A	1	2	EXACT	0.323023733804	16	0	0	0.0958938826987	72	-0.379404381649	1	0.164913428076	88	0.158082807785	89	0.114024972694	68	-0.212344712928	4	-0.1323922541	6	-0.381514950623	1	0.418917616503	0.0395132348532	0.437048706498	0.286525362403	0.0374026658795
M08_DY_TO_L_ALL28:G808-E0634	M08_DY_TO_L_ALL28	ALL28	DY	L	G808-E0634	yt	ol	0	f56v	f56v	G808-P0206	f56v.10	10	5	H	A	1	3	EXACT	0.430623770675	17	-0.229088682354	2	0.138040253569	72	0	0	0.210936754778	91	0.209997820564	91	0.152155578144	68	-0.101930329918	4	0.0708850946546	6	-0.0429934725614	1	0.339575341889	0.339575341889	0.353690666465	0.410460436544	0.296581869328
M08_DY_TO_L_ALL28:G808-E1237	M08_DY_TO_L_ALL28	ALL28	DY	L	G808-E1237	yt	eol	1	f85r1	f85r	G808-P0309	f85r1.28	28	2	T	B	2	3	EXACT	-0.203473536685	16	0.0370837656927	3	-0.0542752435666	72	0	0	-0.0485843766529	91	-0.0496768979134	91	-0.0682092471792	68	0.18261444139	4	-0.0405849560948	6	0	0	-0.220665014559	-0.220665014559	-0.234599018171	-0.261249970654	-0.220665014559
M08_DY_TO_L_ALL28:G808-E1440	M08_DY_TO_L_ALL28	ALL28	DY	L	G808-E1440	yt	ol	0	f96r	f96r	G808-P0361	f96r.2	2	1	H	A	1	2	EXACT	0.426510202637	32	-0.11641071396	2	0.135177916615	72	0	0	0.229377261184	106	0.22839594654	106	0.139356156212	68	0.0641382709761	4	-0.106773100552	6	0	0	0.445277405293	0.445277405293	0.449455644889	0.33850430474	0.445277405293
M08_DY_TO_L_ALL28:G808-E0091	M08_DY_TO_L_ALL28	ALL28	DY	L	G808-E0091	yt	ol	0	f9r	f9r	G808-P0030	f9r.4	4	8	H	A	1	3	EXACT	0.295714652692	23	0	0	0.159523452724	72	-0.139829672336	1	0.212153509022	95	0.207755976552	96	0.170897683777	68	-0.0338485408694	4	0.237855407091	6	-0.165725369094	1	0.455238105416	0.31540843308	0.466612336469	0.693093512507	0.289512736322
